seed,dimension,time,lowerBound,upperBound,termination,LMOcalls,localTighteings,globalTightenings,list_active_set_size_cb,list_discarded_set_size_cb
5,8,35.0,-1.4453724131349286,-0.26387566421817876,TIME_LIMIT,29,0,0,8,8
5,8,45.0,-1.4453724131349286,-0.44867840633952877,TIME_LIMIT,42,0,0,13,8
5,8,94.0,-1.4213736931600065,-0.44867840633952877,TIME_LIMIT,69,0,0,9,8
5,8,125.0,-1.4213736931600065,-0.44867840633952877,TIME_LIMIT,87,0,0,16,7
5,8,169.0,-1.4166728635928265,-0.44867840633952877,TIME_LIMIT,110,0,0,13,6
5,8,195.0,-1.4166728635928265,-0.44867840633952877,TIME_LIMIT,129,0,0,16,14
5,8,257.0,-1.3925061255200468,-0.44867840633952877,TIME_LIMIT,158,0,0,7,3
5,8,281.0,-1.3925061255200468,-0.44867840633952877,TIME_LIMIT,171,0,0,9,7
5,8,337.0,-1.3919581304400812,-0.44867840633952877,TIME_LIMIT,202,0,0,14,8
5,8,369.0,-1.3919581304400812,-0.44867840633952877,TIME_LIMIT,220,0,0,16,10
5,8,431.0,-1.3897500443543194,-0.5287123358293535,TIME_LIMIT,249,0,0,7,8
5,8,490.0,-1.3897500443543194,-0.5287123358293535,TIME_LIMIT,267,0,0,18,15
5,8,596.0,-1.3854614667580412,-0.7452939778626152,TIME_LIMIT,305,0,0,8,10
5,8,633.0,-1.3854614667580412,-0.7452939778626152,TIME_LIMIT,327,0,0,13,5
5,8,660.0,-1.3688540394764144,-0.7452939778626152,TIME_LIMIT,342,0,0,10,7
5,8,715.0,-1.3688540394764144,-0.7452939778626152,TIME_LIMIT,360,0,0,15,12
5,8,748.0,-1.3675105371172007,-0.7452939778626152,TIME_LIMIT,387,0,0,6,7
5,8,788.0,-1.3675105371172007,-0.7452939778626152,TIME_LIMIT,407,0,0,4,7
5,8,846.0,-1.3673674007474907,-0.7452939778626152,TIME_LIMIT,432,0,0,13,6
5,8,908.0,-1.3673674007474907,-0.7452939778626152,TIME_LIMIT,453,0,0,14,8
5,8,986.0,-1.364776130814232,-0.7452939778626152,TIME_LIMIT,485,0,0,8,6
5,8,1046.0,-1.364776130814232,-0.7452939778626152,TIME_LIMIT,507,0,0,6,6
5,8,1117.0,-1.3643174026219878,-0.7452939778626152,TIME_LIMIT,534,0,0,17,9
5,8,1146.0,-1.3643174026219878,-0.7452939778626152,TIME_LIMIT,550,0,0,15,17
5,8,1230.0,-1.3624903925464593,-0.7452939778626152,TIME_LIMIT,581,0,0,12,11
5,8,1261.0,-1.3624903925464593,-0.7452939778626152,TIME_LIMIT,600,0,0,14,12
5,8,1324.0,-1.3570714906704864,-0.7452939778626152,TIME_LIMIT,619,0,0,8,4
5,8,1380.0,-1.3570714906704864,-0.7452939778626152,TIME_LIMIT,642,0,0,16,11
5,8,1468.0,-1.356392641058788,-0.7452939778626152,TIME_LIMIT,669,0,0,11,4
5,8,1528.0,-1.356392641058788,-0.7452939778626152,TIME_LIMIT,689,0,0,10,8
5,8,1564.0,-1.346607523176683,-0.7452939778626152,TIME_LIMIT,715,0,0,6,6
5,8,1618.0,-1.346607523176683,-0.7452939778626152,TIME_LIMIT,739,0,0,14,7
5,8,1649.0,-1.3447631045226198,-0.7452939778626152,TIME_LIMIT,761,0,0,11,5
5,8,1685.0,-1.3447631045226198,-0.7452939778626152,TIME_LIMIT,775,0,0,11,12
5,8,1796.0,-1.344701840413789,-0.7452939778626152,TIME_LIMIT,806,0,0,12,10
5,8,1839.0,-1.344701840413789,-0.7452939778626152,TIME_LIMIT,823,0,0,11,10
5,8,1895.0,-1.3445912379749336,-0.7452939778626152,TIME_LIMIT,845,0,0,16,7
5,8,1962.0,-1.3445912379749336,-0.7452939778626152,TIME_LIMIT,868,0,0,15,17
5,8,2029.0,-1.344188469858368,-0.7452939778626152,TIME_LIMIT,897,0,0,12,7
5,8,2081.0,-1.344188469858368,-0.7452939778626152,TIME_LIMIT,922,0,0,5,2
5,8,2184.0,-1.3430345434806255,-0.7452939778626152,TIME_LIMIT,947,0,0,19,11
5,8,2217.0,-1.3430345434806255,-0.7452939778626152,TIME_LIMIT,970,0,0,13,6
5,8,2261.0,-1.3424907054181807,-0.7452939778626152,TIME_LIMIT,988,0,0,9,5
5,8,2306.0,-1.3424907054181807,-0.7452939778626152,TIME_LIMIT,1009,0,0,13,9
5,8,2340.0,-1.3404123137629338,-0.7452939778626152,TIME_LIMIT,1027,0,0,13,9
5,8,2421.0,-1.3404123137629338,-0.7452939778626152,TIME_LIMIT,1048,0,0,15,12
5,8,2465.0,-1.336099056477453,-0.7452939778626152,TIME_LIMIT,1072,0,0,10,5
5,8,2553.0,-1.336099056477453,-0.7452939778626152,TIME_LIMIT,1094,0,0,14,9
5,8,2589.0,-1.3355679191925218,-0.7452939778626152,TIME_LIMIT,1114,0,0,14,7
5,8,2634.0,-1.3355679191925218,-0.7452939778626152,TIME_LIMIT,1135,0,0,16,15
5,8,2693.0,-1.335005503370255,-0.7452939778626152,TIME_LIMIT,1167,0,0,10,8
5,8,2723.0,-1.335005503370255,-0.7452939778626152,TIME_LIMIT,1187,0,0,15,13
5,8,2797.0,-1.3337385993898756,-0.7452939778626152,TIME_LIMIT,1224,0,0,10,8
5,8,2846.0,-1.3337385993898756,-0.7452939778626152,TIME_LIMIT,1247,0,0,13,21
5,8,2971.0,-1.3319004380642316,-0.7452939778626152,TIME_LIMIT,1280,0,0,14,13
5,8,3040.0,-1.3319004380642316,-0.7452939778626152,TIME_LIMIT,1304,0,0,13,15
5,8,3105.0,-1.331669142130761,-0.7452939778626152,TIME_LIMIT,1337,0,0,15,7
5,8,3154.0,-1.331669142130761,-0.7452939778626152,TIME_LIMIT,1360,0,0,18,7
5,8,3246.0,-1.3282399375816765,-0.7452939778626152,TIME_LIMIT,1388,0,0,10,7
5,8,3318.0,-1.3282399375816765,-0.7452939778626152,TIME_LIMIT,1418,0,0,18,12
5,8,3380.0,-1.3276884750468703,-0.7452939778626152,TIME_LIMIT,1443,0,0,19,4
5,8,3438.0,-1.3276884750468703,-0.7452939778626152,TIME_LIMIT,1461,0,0,12,6
5,8,3514.0,-1.326168518666024,-0.7452939778626152,TIME_LIMIT,1493,0,0,4,9
5,8,3544.0,-1.326168518666024,-0.7452939778626152,TIME_LIMIT,1509,0,0,9,9
5,8,3637.0,-1.324066340663352,-0.7452939778626152,TIME_LIMIT,1538,0,0,12,10
5,8,3706.0,-1.324066340663352,-0.7452939778626152,TIME_LIMIT,1563,0,0,12,10
5,8,3764.0,-1.3233509229007094,-0.7452939778626152,TIME_LIMIT,1586,0,0,12,3
5,8,3784.0,-1.3233509229007094,-0.7452939778626152,TIME_LIMIT,1603,0,0,8,15
5,8,3850.0,-1.3220925678985578,-0.7452939778626152,TIME_LIMIT,1628,0,0,16,2
5,8,3901.0,-1.3220925678985578,-0.7452939778626152,TIME_LIMIT,1647,0,0,9,11
5,8,3954.0,-1.3220236289050427,-0.7452939778626152,TIME_LIMIT,1677,0,0,13,8
5,8,4041.0,-1.3220236289050427,-0.7452939778626152,TIME_LIMIT,1701,0,0,7,13
5,8,4081.0,-1.3214858242721577,-0.7452939778626152,TIME_LIMIT,1727,0,0,12,6
5,8,4140.0,-1.3214858242721577,-0.7452939778626152,TIME_LIMIT,1750,0,0,13,2
5,8,4221.0,-1.3212067375181094,-0.7452939778626152,TIME_LIMIT,1771,0,0,13,12
5,8,4257.0,-1.3212067375181094,-0.7452939778626152,TIME_LIMIT,1789,0,0,21,9
5,8,4376.0,-1.3178605150209382,-0.7452939778626152,TIME_LIMIT,1824,0,0,15,11
5,8,4428.0,-1.3178605150209382,-0.7452939778626152,TIME_LIMIT,1847,0,0,14,13
5,8,4487.0,-1.317678813110571,-0.7452939778626152,TIME_LIMIT,1872,0,0,9,5
5,8,4561.0,-1.317678813110571,-0.7452939778626152,TIME_LIMIT,1895,0,0,8,10
5,8,4622.0,-1.3165702472463192,-0.7452939778626152,TIME_LIMIT,1923,0,0,10,8
5,8,4664.0,-1.3165702472463192,-0.7452939778626152,TIME_LIMIT,1942,0,0,11,9
5,8,4733.0,-1.3142679661626189,-0.7452939778626152,TIME_LIMIT,1976,0,0,7,8
5,8,4802.0,-1.3142679661626189,-0.7452939778626152,TIME_LIMIT,1999,0,0,11,9
5,8,4873.0,-1.312236019414987,-0.7452939778626152,TIME_LIMIT,2019,0,0,8,5
5,8,4928.0,-1.312236019414987,-0.7452939778626152,TIME_LIMIT,2039,0,0,9,8
5,8,5007.0,-1.311347440909977,-0.7452939778626152,TIME_LIMIT,2065,0,0,16,5
5,8,5079.0,-1.311347440909977,-0.7452939778626152,TIME_LIMIT,2090,0,0,13,13
5,8,5138.0,-1.311079017771855,-0.7452939778626152,TIME_LIMIT,2115,0,0,12,7
5,8,5220.0,-1.311079017771855,-0.7452939778626152,TIME_LIMIT,2133,0,0,9,6
5,8,5249.0,-1.3110595863829275,-0.7452939778626152,TIME_LIMIT,2156,0,0,3,3
5,8,5321.0,-1.3110595863829275,-0.841999560193912,TIME_LIMIT,2175,0,0,13,9
5,8,5365.0,-1.3105609685262616,-0.841999560193912,TIME_LIMIT,2207,0,0,10,10
5,8,5417.0,-1.3105609685262616,-0.841999560193912,TIME_LIMIT,2223,0,0,9,10
5,8,5464.0,-1.31021963710724,-0.841999560193912,TIME_LIMIT,2251,0,0,8,6
5,8,5498.0,-1.31021963710724,-0.841999560193912,TIME_LIMIT,2268,0,0,9,5
5,8,5537.0,-1.308744945422174,-0.841999560193912,TIME_LIMIT,2295,0,0,8,2
5,8,5631.0,-1.308744945422174,-0.841999560193912,TIME_LIMIT,2321,0,0,9,13
5,8,5672.0,-1.3087185910701984,-0.841999560193912,TIME_LIMIT,2344,0,0,10,4
5,8,5740.0,-1.3087185910701984,-0.841999560193912,TIME_LIMIT,2367,0,0,17,14
5,8,5810.0,-1.307043417574873,-0.841999560193912,TIME_LIMIT,2395,0,0,19,7
5,8,5845.0,-1.307043417574873,-0.841999560193912,TIME_LIMIT,2420,0,0,19,9
5,8,5909.0,-1.3070423910896205,-0.841999560193912,TIME_LIMIT,2441,0,0,8,3
5,8,5979.0,-1.3070423910896205,-0.841999560193912,TIME_LIMIT,2465,0,0,19,11
5,8,6039.0,-1.3059446059138085,-0.841999560193912,TIME_LIMIT,2488,0,0,12,8
5,8,6077.0,-1.3059446059138085,-0.841999560193912,TIME_LIMIT,2503,0,0,14,6
5,8,6151.0,-1.305288407102098,-0.841999560193912,TIME_LIMIT,2538,0,0,16,7
5,8,6207.0,-1.305288407102098,-0.841999560193912,TIME_LIMIT,2560,0,0,12,11
5,8,6273.0,-1.305195545032227,-0.841999560193912,TIME_LIMIT,2583,0,0,11,7
5,8,6294.0,-1.305195545032227,-0.841999560193912,TIME_LIMIT,2609,0,0,12,9
5,8,6354.0,-1.305143473823135,-0.841999560193912,TIME_LIMIT,2631,0,0,8,4
5,8,6414.0,-1.305143473823135,-0.841999560193912,TIME_LIMIT,2655,0,0,19,8
5,8,6464.0,-1.3048832591738118,-0.841999560193912,TIME_LIMIT,2679,0,0,14,12
5,8,6497.0,-1.3048832591738118,-0.841999560193912,TIME_LIMIT,2698,0,0,16,9
5,8,6558.0,-1.3042621727721,-0.841999560193912,TIME_LIMIT,2728,0,0,7,6
5,8,6729.0,-1.3042621727721,-0.841999560193912,TIME_LIMIT,2754,0,0,14,21
5,8,6802.0,-1.3038688350626888,-0.841999560193912,TIME_LIMIT,2785,0,0,13,9
5,8,6833.0,-1.3038688350626888,-0.841999560193912,TIME_LIMIT,2803,0,0,13,9
5,8,7006.0,-1.303594939191206,-0.841999560193912,TIME_LIMIT,2840,0,0,15,14
5,8,7051.0,-1.303594939191206,-0.841999560193912,TIME_LIMIT,2855,0,0,11,12
5,8,7124.0,-1.3035433709370292,-0.841999560193912,TIME_LIMIT,2886,0,0,13,8
5,8,7191.0,-1.3035433709370292,-0.841999560193912,TIME_LIMIT,2911,0,0,8,21
5,8,7252.0,-1.3032722833116528,-0.841999560193912,TIME_LIMIT,2937,0,0,17,9
5,8,7319.0,-1.3032722833116528,-0.841999560193912,TIME_LIMIT,2959,0,0,13,11
5,8,7439.0,-1.3021544345090015,-0.841999560193912,TIME_LIMIT,2993,0,0,12,8
5,8,7505.0,-1.3021544345090015,-0.841999560193912,TIME_LIMIT,3020,0,0,14,12
5,8,7567.0,-1.3009768335444936,-0.841999560193912,TIME_LIMIT,3040,0,0,14,12
5,8,7635.0,-1.3009768335444936,-0.841999560193912,TIME_LIMIT,3063,0,0,17,16
5,8,7751.0,-1.300040559372829,-0.841999560193912,TIME_LIMIT,3097,0,0,13,9
5,8,7812.0,-1.300040559372829,-0.841999560193912,TIME_LIMIT,3118,0,0,20,6
5,8,7904.0,-1.299842171773954,-0.841999560193912,TIME_LIMIT,3149,0,0,14,9
5,8,7942.0,-1.299842171773954,-0.841999560193912,TIME_LIMIT,3165,0,0,16,8
5,8,7991.0,-1.2995554817850503,-0.841999560193912,TIME_LIMIT,3193,0,0,9,9
5,8,8046.0,-1.2995554817850503,-0.841999560193912,TIME_LIMIT,3217,0,0,13,9
5,8,8119.0,-1.2992766365836657,-0.841999560193912,TIME_LIMIT,3251,0,0,15,7
5,8,8195.0,-1.2992766365836657,-0.841999560193912,TIME_LIMIT,3276,0,0,24,12
5,8,8257.0,-1.2988839645989656,-0.841999560193912,TIME_LIMIT,3305,0,0,13,9
5,8,8338.0,-1.2988839645989656,-0.841999560193912,TIME_LIMIT,3330,0,0,10,15
5,8,8399.0,-1.2988798205359995,-0.841999560193912,TIME_LIMIT,3360,0,0,15,8
5,8,8463.0,-1.2988798205359995,-0.841999560193912,TIME_LIMIT,3382,0,0,9,8
5,8,8501.0,-1.297235398787912,-0.841999560193912,TIME_LIMIT,3398,0,0,8,8
5,8,8544.0,-1.297235398787912,-0.841999560193912,TIME_LIMIT,3418,0,0,13,10
5,8,8591.0,-1.2965451984282295,-0.841999560193912,TIME_LIMIT,3444,0,0,9,9
5,8,8656.0,-1.2965451984282295,-0.841999560193912,TIME_LIMIT,3464,0,0,16,5
5,8,8691.0,-1.2962624571458246,-0.841999560193912,TIME_LIMIT,3483,0,0,11,2
5,8,8755.0,-1.2962624571458246,-0.841999560193912,TIME_LIMIT,3507,0,0,20,18
5,8,8854.0,-1.2960843270805513,-0.841999560193912,TIME_LIMIT,3543,0,0,19,8
5,8,8909.0,-1.2960843270805513,-0.841999560193912,TIME_LIMIT,3564,0,0,16,11
5,8,8959.0,-1.2959352413067518,-0.841999560193912,TIME_LIMIT,3587,0,0,8,7
5,8,9027.0,-1.2959352413067518,-0.841999560193912,TIME_LIMIT,3610,0,0,9,13
5,8,9070.0,-1.2957501578533965,-0.841999560193912,TIME_LIMIT,3633,0,0,9,9
5,8,9107.0,-1.2957501578533965,-0.841999560193912,TIME_LIMIT,3653,0,0,5,11
5,8,9178.0,-1.2938790065512038,-0.841999560193912,TIME_LIMIT,3682,0,0,9,10
5,8,9216.0,-1.2938790065512038,-0.841999560193912,TIME_LIMIT,3703,0,0,13,9
5,8,9295.0,-1.293287993811636,-0.841999560193912,TIME_LIMIT,3730,0,0,14,8
5,8,9353.0,-1.293287993811636,-0.841999560193912,TIME_LIMIT,3754,0,0,14,12
5,8,9385.0,-1.2930774349822984,-0.841999560193912,TIME_LIMIT,3773,0,0,11,9
5,8,9425.0,-1.2930774349822984,-0.841999560193912,TIME_LIMIT,3790,0,0,11,9
5,8,9503.0,-1.2918861226966138,-0.841999560193912,TIME_LIMIT,3820,0,0,13,7
5,8,9583.0,-1.2918861226966138,-0.841999560193912,TIME_LIMIT,3842,0,0,11,4
5,8,9621.0,-1.2917343279056357,-0.841999560193912,TIME_LIMIT,3864,0,0,12,7
5,8,9673.0,-1.2917343279056357,-0.841999560193912,TIME_LIMIT,3883,0,0,12,7
5,8,9757.0,-1.2909800689916864,-0.841999560193912,TIME_LIMIT,3912,0,0,7,8
5,8,9834.0,-1.2909800689916864,-0.841999560193912,TIME_LIMIT,3938,0,0,10,12
5,8,9889.0,-1.2907027787113954,-0.841999560193912,TIME_LIMIT,3963,0,0,17,8
5,8,9972.0,-1.2907027787113954,-0.841999560193912,TIME_LIMIT,3987,0,0,9,9
5,8,10063.0,-1.2892747234136557,-0.841999560193912,TIME_LIMIT,4016,0,0,14,8
5,8,10142.0,-1.2892747234136557,-0.841999560193912,TIME_LIMIT,4039,0,0,16,8
5,8,10181.0,-1.2882813388876673,-0.841999560193912,TIME_LIMIT,4059,0,0,6,5
5,8,10227.0,-1.2882813388876673,-0.841999560193912,TIME_LIMIT,4080,0,0,10,13
5,8,10291.0,-1.2877071099310384,-0.841999560193912,TIME_LIMIT,4102,0,0,7,6
5,8,10333.0,-1.2877071099310384,-0.841999560193912,TIME_LIMIT,4127,0,0,14,9
5,8,10373.0,-1.2864933734349324,-0.841999560193912,TIME_LIMIT,4145,0,0,7,11
5,8,10457.0,-1.2864933734349324,-0.841999560193912,TIME_LIMIT,4170,0,0,12,11
5,8,10531.0,-1.2864767919682063,-0.841999560193912,TIME_LIMIT,4195,0,0,13,12
5,8,10569.0,-1.2864767919682063,-0.841999560193912,TIME_LIMIT,4220,0,0,14,7
5,8,10599.0,-1.2860207215006378,-0.841999560193912,TIME_LIMIT,4237,0,0,8,8
5,8,10647.0,-1.2860207215006378,-0.841999560193912,TIME_LIMIT,4257,0,0,9,12
5,8,10704.0,-1.2859227363381394,-0.841999560193912,TIME_LIMIT,4286,0,0,15,4
5,8,10762.0,-1.2859227363381394,-0.841999560193912,TIME_LIMIT,4304,0,0,6,7
5,8,10859.0,-1.2859217517000365,-0.841999560193912,TIME_LIMIT,4326,0,0,14,7
5,8,10900.0,-1.2859217517000365,-0.841999560193912,TIME_LIMIT,4342,0,0,7,8
5,8,11013.0,-1.285767664285035,-0.841999560193912,TIME_LIMIT,4376,0,0,12,7
5,8,11051.0,-1.285767664285035,-0.841999560193912,TIME_LIMIT,4399,0,0,7,6
5,8,11097.0,-1.285669099521797,-0.841999560193912,TIME_LIMIT,4418,0,0,7,3
5,8,11181.0,-1.285669099521797,-0.841999560193912,TIME_LIMIT,4444,0,0,15,13
5,8,11270.0,-1.2854670068726586,-0.841999560193912,TIME_LIMIT,4473,0,0,11,4
5,8,11360.0,-1.2854670068726586,-0.841999560193912,TIME_LIMIT,4503,0,0,11,19
5,8,11398.0,-1.285065729863175,-0.841999560193912,TIME_LIMIT,4525,0,0,14,9
5,8,11466.0,-1.285065729863175,-0.841999560193912,TIME_LIMIT,4549,0,0,18,16
5,8,11543.0,-1.2850503544632694,-0.841999560193912,TIME_LIMIT,4582,0,0,5,7
5,8,11589.0,-1.2850503544632694,-0.841999560193912,TIME_LIMIT,4597,0,0,15,8
5,8,11653.0,-1.2847707631253198,-0.841999560193912,TIME_LIMIT,4623,0,0,8,3
5,8,11718.0,-1.2847707631253198,-0.841999560193912,TIME_LIMIT,4643,0,0,8,12
5,8,11756.0,-1.2847673109017252,-0.841999560193912,TIME_LIMIT,4663,0,0,14,2
5,8,11803.0,-1.2847673109017252,-0.841999560193912,TIME_LIMIT,4685,0,0,10,7
5,8,11871.0,-1.28452483711742,-0.841999560193912,TIME_LIMIT,4709,0,0,10,5
5,8,11960.0,-1.28452483711742,-0.841999560193912,TIME_LIMIT,4729,0,0,5,7
5,8,12000.0,-1.2842718653494871,-0.841999560193912,TIME_LIMIT,4748,0,0,8,2
5,8,12047.0,-1.2842718653494871,-0.841999560193912,TIME_LIMIT,4774,0,0,9,9
5,8,12122.0,-1.2838479531188407,-0.841999560193912,TIME_LIMIT,4795,0,0,12,6
5,8,12274.0,-1.2838479531188407,-0.841999560193912,TIME_LIMIT,4819,0,0,17,19
5,8,12333.0,-1.283654096329005,-0.841999560193912,TIME_LIMIT,4847,0,0,9,3
5,8,12411.0,-1.283654096329005,-0.841999560193912,TIME_LIMIT,4871,0,0,13,7
5,8,12455.0,-1.2834953605501696,-0.841999560193912,TIME_LIMIT,4894,0,0,9,5
5,8,12491.0,-1.2834953605501696,-0.841999560193912,TIME_LIMIT,4912,0,0,13,18
5,8,12572.0,-1.2816369608753333,-0.841999560193912,TIME_LIMIT,4946,0,0,15,11
5,8,12650.0,-1.2816369608753333,-0.841999560193912,TIME_LIMIT,4965,0,0,13,10
5,8,12709.0,-1.2813761423100472,-0.841999560193912,TIME_LIMIT,4998,0,0,9,11
5,8,12757.0,-1.2813761423100472,-0.841999560193912,TIME_LIMIT,5023,0,0,14,9
5,8,12799.0,-1.2813101994447287,-0.841999560193912,TIME_LIMIT,5043,0,0,15,4
5,8,12837.0,-1.2813101994447287,-0.841999560193912,TIME_LIMIT,5065,0,0,12,12
5,8,12916.0,-1.280804172735776,-0.841999560193912,TIME_LIMIT,5094,0,0,16,4
5,8,12984.0,-1.280804172735776,-0.841999560193912,TIME_LIMIT,5121,0,0,20,6
5,8,13019.0,-1.2804744100588992,-0.841999560193912,TIME_LIMIT,5138,0,0,15,5
5,8,13062.0,-1.2804744100588992,-0.841999560193912,TIME_LIMIT,5162,0,0,25,11
5,8,13179.0,-1.2799442636618572,-0.841999560193912,TIME_LIMIT,5196,0,0,8,7
5,8,13249.0,-1.2799442636618572,-0.841999560193912,TIME_LIMIT,5224,0,0,21,18
5,8,13298.0,-1.2793750237427832,-0.841999560193912,TIME_LIMIT,5249,0,0,19,9
5,8,13358.0,-1.2793750237427832,-0.841999560193912,TIME_LIMIT,5270,0,0,14,12
5,8,13470.0,-1.2790789572049355,-0.841999560193912,TIME_LIMIT,5297,0,0,7,0
5,8,13548.0,-1.2790789572049355,-0.841999560193912,TIME_LIMIT,5322,0,0,16,15
5,8,13644.0,-1.2788417809457095,-0.841999560193912,TIME_LIMIT,5357,0,0,14,12
5,8,13750.0,-1.2788417809457095,-0.841999560193912,TIME_LIMIT,5377,0,0,17,15
5,8,13813.0,-1.2785802389299923,-0.841999560193912,TIME_LIMIT,5411,0,0,11,6
5,8,13929.0,-1.2785802389299923,-0.841999560193912,TIME_LIMIT,5438,0,0,22,11
5,8,14022.0,-1.2783596470299379,-0.841999560193912,TIME_LIMIT,5475,0,0,22,7
5,8,14066.0,-1.2783596470299379,-0.841999560193912,TIME_LIMIT,5491,0,0,11,11
5,8,14170.0,-1.2782171229142723,-0.841999560193912,TIME_LIMIT,5525,0,0,11,11
5,8,14244.0,-1.2782171229142723,-0.841999560193912,TIME_LIMIT,5550,0,0,18,9
5,8,14258.0,-1.278088111371124,-0.841999560193912,TIME_LIMIT,5566,0,0,9,6
5,8,14333.0,-1.278088111371124,-0.841999560193912,TIME_LIMIT,5589,0,0,16,6
5,8,14366.0,-1.277702568260141,-0.841999560193912,TIME_LIMIT,5606,0,0,7,4
5,8,14397.0,-1.277702568260141,-0.841999560193912,TIME_LIMIT,5623,0,0,13,6
5,8,14447.0,-1.2776846566642355,-0.841999560193912,TIME_LIMIT,5653,0,0,7,10
5,8,14549.0,-1.2776846566642355,-0.841999560193912,TIME_LIMIT,5681,0,0,19,8
5,8,14641.0,-1.2775235332108537,-0.841999560193912,TIME_LIMIT,5715,0,0,16,11
5,8,14715.0,-1.2775235332108537,-0.841999560193912,TIME_LIMIT,5740,0,0,17,17
5,8,14790.0,-1.2774554730239476,-0.841999560193912,TIME_LIMIT,5775,0,0,9,9
5,8,14824.0,-1.2774554730239476,-0.841999560193912,TIME_LIMIT,5792,0,0,10,9
5,8,14895.0,-1.2773582229705716,-0.841999560193912,TIME_LIMIT,5826,0,0,8,9
5,8,15002.0,-1.2773582229705716,-0.841999560193912,TIME_LIMIT,5848,0,0,11,12
5,8,15035.0,-1.277262934587049,-0.841999560193912,TIME_LIMIT,5871,0,0,19,6
5,8,15097.0,-1.277262934587049,-0.841999560193912,TIME_LIMIT,5895,0,0,11,10
5,8,15208.0,-1.2770460968677544,-0.841999560193912,TIME_LIMIT,5931,0,0,18,10
5,8,15253.0,-1.2770460968677544,-0.841999560193912,TIME_LIMIT,5950,0,0,22,20
5,8,15322.0,-1.2768922439513704,-0.841999560193912,TIME_LIMIT,5985,0,0,14,13
5,8,15431.0,-1.2768922439513704,-0.841999560193912,TIME_LIMIT,5998,0,0,16,9
5,8,15513.0,-1.2764411571284549,-0.841999560193912,TIME_LIMIT,6033,0,0,11,6
5,8,15581.0,-1.2764411571284549,-0.841999560193912,TIME_LIMIT,6059,0,0,19,14
5,8,15684.0,-1.2761688180790658,-0.841999560193912,TIME_LIMIT,6097,0,0,18,13
5,8,15778.0,-1.2761688180790658,-0.841999560193912,TIME_LIMIT,6127,0,0,15,16
5,8,15834.0,-1.2757910443429568,-0.841999560193912,TIME_LIMIT,6148,0,0,6,3
5,8,15943.0,-1.2757910443429568,-0.841999560193912,TIME_LIMIT,6174,0,0,15,14
5,8,16031.0,-1.2757908829994022,-0.841999560193912,TIME_LIMIT,6209,0,0,16,8
5,8,16084.0,-1.2757908829994022,-0.841999560193912,TIME_LIMIT,6233,0,0,10,17
5,8,16256.0,-1.2757761088542854,-0.841999560193912,TIME_LIMIT,6270,0,0,12,17
5,8,16316.0,-1.2757761088542854,-0.841999560193912,TIME_LIMIT,6292,0,0,16,13
5,8,16367.0,-1.2756716689981142,-0.841999560193912,TIME_LIMIT,6324,0,0,9,4
5,8,16436.0,-1.2756716689981142,-0.841999560193912,TIME_LIMIT,6348,0,0,13,17
5,8,16517.0,-1.2753767680056165,-0.841999560193912,TIME_LIMIT,6377,0,0,7,8
5,8,16601.0,-1.2753767680056165,-0.841999560193912,TIME_LIMIT,6403,0,0,19,15
5,8,16665.0,-1.2741790758585212,-0.841999560193912,TIME_LIMIT,6426,0,0,11,11
5,8,16703.0,-1.2741790758585212,-0.841999560193912,TIME_LIMIT,6440,0,0,12,8
5,8,16797.0,-1.2735307287171178,-0.841999560193912,TIME_LIMIT,6469,0,0,9,8
5,8,16862.0,-1.2735307287171178,-0.841999560193912,TIME_LIMIT,6489,0,0,13,7
5,8,16912.0,-1.2728738942329831,-0.841999560193912,TIME_LIMIT,6516,0,0,10,6
5,8,16981.0,-1.2728738942329831,-0.841999560193912,TIME_LIMIT,6537,0,0,8,9
5,8,17009.0,-1.2726287005473547,-0.841999560193912,TIME_LIMIT,6564,0,0,11,4
5,8,17067.0,-1.2726287005473547,-0.841999560193912,TIME_LIMIT,6584,0,0,17,16
5,8,17127.0,-1.272584845670343,-0.841999560193912,TIME_LIMIT,6618,0,0,11,7
5,8,17171.0,-1.272584845670343,-0.841999560193912,TIME_LIMIT,6640,0,0,15,16
5,8,17270.0,-1.2724808484452133,-0.841999560193912,TIME_LIMIT,6671,0,0,8,8
5,8,17320.0,-1.2724808484452133,-0.841999560193912,TIME_LIMIT,6688,0,0,6,8
5,8,17366.0,-1.2723323382295078,-0.841999560193912,TIME_LIMIT,6711,0,0,8,7
5,8,17441.0,-1.2723323382295078,-0.841999560193912,TIME_LIMIT,6738,0,0,14,9
5,8,17495.0,-1.2721414708757446,-0.841999560193912,TIME_LIMIT,6762,0,0,10,8
5,8,17568.0,-1.2721414708757446,-0.841999560193912,TIME_LIMIT,6784,0,0,11,8
5,8,17620.0,-1.27144702736911,-0.841999560193912,TIME_LIMIT,6818,0,0,11,10
5,8,17685.0,-1.27144702736911,-0.841999560193912,TIME_LIMIT,6839,0,0,17,10
5,8,17841.0,-1.2711468565780373,-0.841999560193912,TIME_LIMIT,6875,0,0,8,10
5,8,17900.0,-1.2711468565780373,-0.841999560193912,TIME_LIMIT,6903,0,0,9,14
5,8,17985.0,-1.2711300984706604,-0.841999560193912,TIME_LIMIT,6930,0,0,12,4
5,8,18060.0,-1.2711300984706604,-0.841999560193912,TIME_LIMIT,6956,0,0,19,12
5,8,18112.0,-1.2703993996048688,-0.841999560193912,TIME_LIMIT,6978,0,0,16,10
5,8,18193.0,-1.2703993996048688,-0.841999560193912,TIME_LIMIT,6999,0,0,18,16
5,8,18249.0,-1.2703445632534054,-0.841999560193912,TIME_LIMIT,7030,0,0,7,6
5,8,18273.0,-1.2703445632534054,-0.841999560193912,TIME_LIMIT,7047,0,0,7,6
5,8,18359.0,-1.2703149002708483,-0.841999560193912,TIME_LIMIT,7076,0,0,10,7
5,8,18418.0,-1.2703149002708483,-0.841999560193912,TIME_LIMIT,7096,0,0,16,12
5,8,18495.0,-1.2697785728389428,-0.841999560193912,TIME_LIMIT,7128,0,0,6,10
5,8,18548.0,-1.2697785728389428,-0.841999560193912,TIME_LIMIT,7150,0,0,13,12
5,8,18662.0,-1.2695352578682262,-0.841999560193912,TIME_LIMIT,7172,0,0,3,7
5,8,18710.0,-1.2695352578682262,-0.841999560193912,TIME_LIMIT,7194,0,0,12,8
5,8,18752.0,-1.2690737491395676,-0.841999560193912,TIME_LIMIT,7216,0,0,10,4
5,8,18799.0,-1.2690737491395676,-0.841999560193912,TIME_LIMIT,7238,0,0,12,12
5,8,18870.0,-1.2684050919110246,-0.841999560193912,TIME_LIMIT,7266,0,0,13,10
5,8,18909.0,-1.2684050919110246,-0.841999560193912,TIME_LIMIT,7290,0,0,12,12
5,8,18997.0,-1.267973503976072,-0.841999560193912,TIME_LIMIT,7324,0,0,10,8
5,8,19036.0,-1.267973503976072,-0.841999560193912,TIME_LIMIT,7346,0,0,10,6
5,8,19094.0,-1.2679644012434108,-0.841999560193912,TIME_LIMIT,7366,0,0,10,7
5,8,19159.0,-1.2679644012434108,-0.841999560193912,TIME_LIMIT,7389,0,0,12,19
5,8,19253.0,-1.2678661137137903,-0.841999560193912,TIME_LIMIT,7421,0,0,10,12
5,8,19290.0,-1.2678661137137903,-0.841999560193912,TIME_LIMIT,7439,0,0,9,9
5,8,19327.0,-1.2670462715283217,-0.841999560193912,TIME_LIMIT,7462,0,0,6,8
5,8,19410.0,-1.2670462715283217,-0.841999560193912,TIME_LIMIT,7487,0,0,8,7
5,8,19476.0,-1.2669514316546382,-0.841999560193912,TIME_LIMIT,7506,0,0,7,7
5,8,19529.0,-1.2669514316546382,-0.841999560193912,TIME_LIMIT,7525,0,0,7,5
5,8,19613.0,-1.2663408371915275,-0.841999560193912,TIME_LIMIT,7557,0,0,9,6
5,8,19689.0,-1.2663408371915275,-0.841999560193912,TIME_LIMIT,7583,0,0,9,11
5,8,19775.0,-1.2659527547942773,-0.841999560193912,TIME_LIMIT,7604,0,0,10,9
5,8,19930.0,-1.2659527547942773,-0.841999560193912,TIME_LIMIT,7630,0,0,16,14
5,8,19986.0,-1.2653768259410316,-0.841999560193912,TIME_LIMIT,7649,0,0,14,7
5,8,20054.0,-1.2653768259410316,-0.841999560193912,TIME_LIMIT,7670,0,0,7,13
5,8,20142.0,-1.2652067638582567,-0.841999560193912,TIME_LIMIT,7704,0,0,13,13
5,8,20181.0,-1.2652067638582567,-0.841999560193912,TIME_LIMIT,7722,0,0,7,7
5,8,20267.0,-1.264894770103381,-0.841999560193912,TIME_LIMIT,7755,0,0,12,12
5,8,20325.0,-1.264894770103381,-0.841999560193912,TIME_LIMIT,7774,0,0,9,5
5,8,20397.0,-1.2648058426811672,-0.841999560193912,TIME_LIMIT,7801,0,0,7,2
5,8,20527.0,-1.2648058426811672,-0.841999560193912,TIME_LIMIT,7825,0,0,12,18
5,8,20627.0,-1.2645785104589808,-0.841999560193912,TIME_LIMIT,7857,0,0,13,5
5,8,20695.0,-1.2645785104589808,-0.841999560193912,TIME_LIMIT,7877,0,0,11,14
5,8,20766.0,-1.2644552287901154,-0.841999560193912,TIME_LIMIT,7907,0,0,7,5
5,8,20955.0,-1.2644552287901154,-0.841999560193912,TIME_LIMIT,7936,0,0,19,23
5,8,21064.0,-1.2639060252859802,-0.841999560193912,TIME_LIMIT,7970,0,0,9,12
5,8,21142.0,-1.2639060252859802,-0.841999560193912,TIME_LIMIT,7997,0,0,14,9
5,8,21254.0,-1.2638340165446285,-0.841999560193912,TIME_LIMIT,8021,0,0,20,15
5,8,21331.0,-1.2638340165446285,-0.841999560193912,TIME_LIMIT,8043,0,0,8,6
5,8,21374.0,-1.2637336376752852,-0.841999560193912,TIME_LIMIT,8061,0,0,9,3
5,8,21453.0,-1.2637336376752852,-0.841999560193912,TIME_LIMIT,8080,0,0,14,11
5,8,21577.0,-1.2633558013989865,-0.841999560193912,TIME_LIMIT,8117,0,0,11,13
5,8,21618.0,-1.2633558013989865,-0.841999560193912,TIME_LIMIT,8136,0,0,8,9
5,8,21705.0,-1.2633159938883867,-0.841999560193912,TIME_LIMIT,8165,0,0,11,6
5,8,21761.0,-1.2633159938883867,-0.841999560193912,TIME_LIMIT,8188,0,0,10,12
5,8,21845.0,-1.263283180510228,-0.841999560193912,TIME_LIMIT,8215,0,0,17,4
5,8,21884.0,-1.263283180510228,-0.841999560193912,TIME_LIMIT,8235,0,0,9,13
5,8,21930.0,-1.2628952056465201,-0.841999560193912,TIME_LIMIT,8261,0,0,9,7
5,8,21983.0,-1.2628952056465201,-0.841999560193912,TIME_LIMIT,8284,0,0,18,12
5,8,22024.0,-1.2625680294102772,-0.841999560193912,TIME_LIMIT,8307,0,0,13,6
5,8,22068.0,-1.2625680294102772,-0.841999560193912,TIME_LIMIT,8329,0,0,17,4
5,8,22150.0,-1.2620529187435299,-0.841999560193912,TIME_LIMIT,8358,0,0,13,7
5,8,22194.0,-1.2620529187435299,-0.841999560193912,TIME_LIMIT,8377,0,0,14,5
5,8,22278.0,-1.2619387148362993,-0.841999560193912,TIME_LIMIT,8407,0,0,14,6
5,8,22317.0,-1.2619387148362993,-0.841999560193912,TIME_LIMIT,8429,0,0,13,11
5,8,22384.0,-1.261824344177698,-0.841999560193912,TIME_LIMIT,8454,0,0,10,8
5,8,22477.0,-1.261824344177698,-0.841999560193912,TIME_LIMIT,8478,0,0,9,19
5,8,22645.0,-1.261769505028671,-0.841999560193912,TIME_LIMIT,8521,0,0,19,16
5,8,22695.0,-1.261769505028671,-0.841999560193912,TIME_LIMIT,8545,0,0,22,18
5,8,22811.0,-1.261724479311448,-0.841999560193912,TIME_LIMIT,8575,0,0,18,9
5,8,22891.0,-1.261724479311448,-0.841999560193912,TIME_LIMIT,8597,0,0,10,9
5,8,22930.0,-1.261719248113325,-0.841999560193912,TIME_LIMIT,8620,0,0,9,9
5,8,22977.0,-1.261719248113325,-0.841999560193912,TIME_LIMIT,8645,0,0,13,12
5,8,23014.0,-1.2616973647721648,-0.841999560193912,TIME_LIMIT,8661,0,0,13,6
5,8,23071.0,-1.2616973647721648,-0.841999560193912,TIME_LIMIT,8687,0,0,12,10
5,8,23113.0,-1.2616866885294131,-0.841999560193912,TIME_LIMIT,8710,0,0,9,8
5,8,23186.0,-1.2616866885294131,-0.841999560193912,TIME_LIMIT,8732,0,0,8,9
5,8,23300.0,-1.2608391961281442,-0.841999560193912,TIME_LIMIT,8754,0,0,3,8
5,8,23362.0,-1.2608391961281442,-0.841999560193912,TIME_LIMIT,8773,0,0,14,13
5,8,23432.0,-1.2604367490983666,-0.841999560193912,TIME_LIMIT,8806,0,0,8,9
5,8,23467.0,-1.2604367490983666,-0.841999560193912,TIME_LIMIT,8825,0,0,15,22
5,8,23558.0,-1.2603975816865998,-0.841999560193912,TIME_LIMIT,8860,0,0,13,11
5,8,23646.0,-1.2603975816865998,-0.841999560193912,TIME_LIMIT,8884,0,0,16,16
5,8,23734.0,-1.260226815625758,-0.841999560193912,TIME_LIMIT,8909,0,0,12,10
5,8,23785.0,-1.260226815625758,-0.841999560193912,TIME_LIMIT,8928,0,0,14,6
5,8,23873.0,-1.2599063176549181,-0.841999560193912,TIME_LIMIT,8952,0,0,9,3
5,8,23948.0,-1.2599063176549181,-0.841999560193912,TIME_LIMIT,8967,0,0,5,7
5,8,24096.0,-1.2596598768814606,-0.841999560193912,TIME_LIMIT,8997,0,0,8,5
5,8,24207.0,-1.2596598768814606,-0.841999560193912,TIME_LIMIT,9025,0,0,16,14
5,8,24258.0,-1.2596443363780339,-0.841999560193912,TIME_LIMIT,9055,0,0,10,7
5,8,24312.0,-1.2596443363780339,-0.841999560193912,TIME_LIMIT,9074,0,0,19,16
5,8,24400.0,-1.2589139532531393,-0.841999560193912,TIME_LIMIT,9111,0,0,10,4
5,8,24483.0,-1.2589139532531393,-0.841999560193912,TIME_LIMIT,9137,0,0,4,7
5,8,24545.0,-1.2588070513720782,-0.841999560193912,TIME_LIMIT,9155,0,0,6,4
5,8,24587.0,-1.2588070513720782,-0.841999560193912,TIME_LIMIT,9170,0,0,7,7
5,8,24628.0,-1.2586106911496322,-0.841999560193912,TIME_LIMIT,9198,0,0,14,4
5,8,24742.0,-1.2586106911496322,-0.841999560193912,TIME_LIMIT,9220,0,0,12,9
5,8,24826.0,-1.2585591847822675,-0.841999560193912,TIME_LIMIT,9251,0,0,14,6
5,8,24863.0,-1.2585591847822675,-0.841999560193912,TIME_LIMIT,9269,0,0,7,7
5,8,24950.0,-1.258548234842303,-0.841999560193912,TIME_LIMIT,9301,0,0,10,8
5,8,24994.0,-1.258548234842303,-0.841999560193912,TIME_LIMIT,9323,0,0,6,16
5,8,25048.0,-1.2584050327748248,-0.841999560193912,TIME_LIMIT,9346,0,0,13,5
5,8,25126.0,-1.2584050327748248,-0.841999560193912,TIME_LIMIT,9369,0,0,14,7
5,8,25170.0,-1.2583772261587312,-0.841999560193912,TIME_LIMIT,9389,0,0,8,5
5,8,25232.0,-1.2583772261587312,-0.841999560193912,TIME_LIMIT,9413,0,0,16,16
5,8,25276.0,-1.2580003221807399,-0.841999560193912,TIME_LIMIT,9439,0,0,5,5
5,8,25399.0,-1.2580003221807399,-0.841999560193912,TIME_LIMIT,9466,0,0,9,25
5,8,25604.0,-1.2576849852105736,-0.841999560193912,TIME_LIMIT,9501,0,0,18,15
5,8,25726.0,-1.2576849852105736,-0.841999560193912,TIME_LIMIT,9531,0,0,13,13
5,8,25852.0,-1.2575139513068887,-0.841999560193912,TIME_LIMIT,9563,0,0,13,11
5,8,25931.0,-1.2575139513068887,-0.841999560193912,TIME_LIMIT,9592,0,0,18,7
5,8,25966.0,-1.2573308008439383,-0.841999560193912,TIME_LIMIT,9613,0,0,12,10
5,8,26168.0,-1.2573308008439383,-0.841999560193912,TIME_LIMIT,9638,0,0,19,17
5,8,26246.0,-1.2573000692785656,-0.841999560193912,TIME_LIMIT,9668,0,0,22,10
5,8,26300.0,-1.2573000692785656,-0.841999560193912,TIME_LIMIT,9691,0,0,16,18
5,8,26345.0,-1.2570940888894133,-0.841999560193912,TIME_LIMIT,9715,0,0,14,2
5,8,26415.0,-1.2570940888894133,-0.841999560193912,TIME_LIMIT,9732,0,0,11,8
5,8,26477.0,-1.2567809050282583,-0.841999560193912,TIME_LIMIT,9770,0,0,11,8
5,8,26515.0,-1.2567809050282583,-0.841999560193912,TIME_LIMIT,9788,0,0,15,12
5,8,26624.0,-1.2564670725442402,-0.841999560193912,TIME_LIMIT,9823,0,0,7,9
5,8,26690.0,-1.2564670725442402,-0.841999560193912,TIME_LIMIT,9846,0,0,16,10
5,8,26809.0,-1.2563677914551092,-0.841999560193912,TIME_LIMIT,9878,0,0,2,8
5,8,26862.0,-1.2563677914551092,-0.841999560193912,TIME_LIMIT,9899,0,0,21,16
5,8,26980.0,-1.256226465721333,-0.841999560193912,TIME_LIMIT,9940,0,0,10,13
5,8,27075.0,-1.256226465721333,-0.841999560193912,TIME_LIMIT,9965,0,0,8,18
5,8,27211.0,-1.256190230911044,-0.841999560193912,TIME_LIMIT,10005,0,0,14,8
5,8,27492.0,-1.256190230911044,-0.841999560193912,TIME_LIMIT,10034,0,0,7,17
5,8,27945.0,-1.2559430817917152,-0.841999560193912,TIME_LIMIT,10061,0,0,13,5
5,8,28058.0,-1.2559430817917152,-0.841999560193912,TIME_LIMIT,10087,0,0,16,9
5,8,28112.0,-1.2556040057435944,-0.841999560193912,TIME_LIMIT,10112,0,0,13,8
5,8,28176.0,-1.2556040057435944,-0.841999560193912,TIME_LIMIT,10135,0,0,14,8
5,8,28249.0,-1.2554396601270559,-0.841999560193912,TIME_LIMIT,10160,0,0,6,6
5,8,28280.0,-1.2554396601270559,-0.841999560193912,TIME_LIMIT,10183,0,0,13,11
5,8,28313.0,-1.2553137643681833,-0.841999560193912,TIME_LIMIT,10210,0,0,13,8
5,8,28380.0,-1.2553137643681833,-0.841999560193912,TIME_LIMIT,10231,0,0,11,15
5,8,28444.0,-1.2550946097321374,-0.841999560193912,TIME_LIMIT,10259,0,0,14,8
5,8,28522.0,-1.2550946097321374,-0.841999560193912,TIME_LIMIT,10280,0,0,9,21
5,8,28622.0,-1.2550773854082256,-0.841999560193912,TIME_LIMIT,10314,0,0,9,8
5,8,28665.0,-1.2550773854082256,-0.841999560193912,TIME_LIMIT,10337,0,0,10,11
5,8,28695.0,-1.2547085464881418,-0.841999560193912,TIME_LIMIT,10360,0,0,13,3
5,8,28757.0,-1.2547085464881418,-0.841999560193912,TIME_LIMIT,10381,0,0,6,11
5,8,28830.0,-1.2546231601581672,-0.841999560193912,TIME_LIMIT,10403,0,0,12,1
5,8,28888.0,-1.2546231601581672,-0.841999560193912,TIME_LIMIT,10428,0,0,21,23
5,8,28975.0,-1.2544927414309595,-0.841999560193912,TIME_LIMIT,10467,0,0,17,9
5,8,29079.0,-1.2544927414309595,-0.841999560193912,TIME_LIMIT,10489,0,0,21,15
5,8,29118.0,-1.254282933962056,-0.841999560193912,TIME_LIMIT,10511,0,0,11,2
5,8,29224.0,-1.254282933962056,-0.841999560193912,TIME_LIMIT,10535,0,0,14,21
5,8,29282.0,-1.2542174005689022,-0.841999560193912,TIME_LIMIT,10565,0,0,16,6
5,8,29380.0,-1.2542174005689022,-0.841999560193912,TIME_LIMIT,10591,0,0,7,11
5,8,29428.0,-1.2540347993905143,-0.841999560193912,TIME_LIMIT,10614,0,0,8,6
5,8,29496.0,-1.2540347993905143,-0.841999560193912,TIME_LIMIT,10640,0,0,4,8
5,8,29557.0,-1.253969648513315,-0.841999560193912,TIME_LIMIT,10666,0,0,11,9
5,8,29596.0,-1.253969648513315,-0.841999560193912,TIME_LIMIT,10687,0,0,6,5
5,8,29679.0,-1.2539652594084278,-0.841999560193912,TIME_LIMIT,10710,0,0,4,4
5,8,29733.0,-1.2539652594084278,-0.841999560193912,TIME_LIMIT,10730,0,0,13,5
5,8,29791.0,-1.2537908555778658,-0.841999560193912,TIME_LIMIT,10751,0,0,7,3
5,8,29855.0,-1.2537908555778658,-0.841999560193912,TIME_LIMIT,10772,0,0,15,3
5,8,29948.0,-1.2536605045834877,-0.841999560193912,TIME_LIMIT,10805,0,0,13,7
5,8,29982.0,-1.2536605045834877,-0.841999560193912,TIME_LIMIT,10823,0,0,11,4
5,8,30059.0,-1.2536553683557066,-0.841999560193912,TIME_LIMIT,10841,0,0,8,6
5,8,30102.0,-1.2536553683557066,-0.841999560193912,TIME_LIMIT,10869,0,0,11,9
5,8,30172.0,-1.2534405530881605,-0.841999560193912,TIME_LIMIT,10889,0,0,15,8
5,8,30371.0,-1.2534405530881605,-0.841999560193912,TIME_LIMIT,10915,0,0,11,12
5,8,30472.0,-1.253359065844792,-0.841999560193912,TIME_LIMIT,10948,0,0,7,8
5,8,30559.0,-1.253359065844792,-0.841999560193912,TIME_LIMIT,10975,0,0,16,14
5,8,30631.0,-1.2532813358312231,-0.841999560193912,TIME_LIMIT,11008,0,0,12,12
5,8,30670.0,-1.2532813358312231,-0.841999560193912,TIME_LIMIT,11028,0,0,16,7
5,8,30718.0,-1.2532442125085093,-0.841999560193912,TIME_LIMIT,11048,0,0,13,9
5,8,30768.0,-1.2532442125085093,-0.841999560193912,TIME_LIMIT,11071,0,0,16,13
5,8,30921.0,-1.2531949273477294,-0.841999560193912,TIME_LIMIT,11113,0,0,19,12
5,8,31108.0,-1.2531949273477294,-0.841999560193912,TIME_LIMIT,11135,0,0,14,21
5,8,31258.0,-1.2531723488988535,-0.841999560193912,TIME_LIMIT,11177,0,0,18,11
5,8,31329.0,-1.2531723488988535,-0.841999560193912,TIME_LIMIT,11204,0,0,8,15
5,8,31372.0,-1.25312245085432,-0.841999560193912,TIME_LIMIT,11224,0,0,12,9
5,8,31415.0,-1.25312245085432,-0.841999560193912,TIME_LIMIT,11243,0,0,10,6
5,8,31546.0,-1.2531218753835165,-0.841999560193912,TIME_LIMIT,11286,0,0,16,7
5,8,31612.0,-1.2531218753835165,-0.841999560193912,TIME_LIMIT,11305,0,0,18,10
5,8,31656.0,-1.2530519865345036,-0.841999560193912,TIME_LIMIT,11335,0,0,11,11
5,8,31677.0,-1.2530519865345036,-0.841999560193912,TIME_LIMIT,11356,0,0,6,6
5,8,31719.0,-1.2530236317067784,-0.841999560193912,TIME_LIMIT,11374,0,0,4,4
5,8,31842.0,-1.2530236317067784,-0.841999560193912,TIME_LIMIT,11409,0,0,14,6
5,8,31882.0,-1.2528073980094343,-0.841999560193912,TIME_LIMIT,11427,0,0,18,8
5,8,32016.0,-1.2528073980094343,-0.841999560193912,TIME_LIMIT,11459,0,0,21,18
5,8,32178.0,-1.2521643091233052,-0.841999560193912,TIME_LIMIT,11494,0,0,7,9
5,8,32220.0,-1.2521643091233052,-0.841999560193912,TIME_LIMIT,11514,0,0,9,17
5,8,32293.0,-1.252160510143946,-0.841999560193912,TIME_LIMIT,11545,0,0,9,7
5,8,32379.0,-1.252160510143946,-0.841999560193912,TIME_LIMIT,11565,0,0,11,15
5,8,32446.0,-1.2520831758274913,-0.841999560193912,TIME_LIMIT,11597,0,0,12,4
5,8,32570.0,-1.2520831758274913,-0.841999560193912,TIME_LIMIT,11623,0,0,18,19
5,8,32638.0,-1.252020515311215,-0.841999560193912,TIME_LIMIT,11654,0,0,17,3
5,8,32698.0,-1.252020515311215,-0.841999560193912,TIME_LIMIT,11677,0,0,9,12
5,8,32760.0,-1.251879093961985,-0.841999560193912,TIME_LIMIT,11700,0,0,22,9
5,8,32823.0,-1.251879093961985,-0.841999560193912,TIME_LIMIT,11722,0,0,18,13
5,8,32924.0,-1.251689672489655,-0.841999560193912,TIME_LIMIT,11749,0,0,16,11
5,8,32987.0,-1.251689672489655,-0.841999560193912,TIME_LIMIT,11774,0,0,19,12
5,8,33032.0,-1.2512823076414918,-0.841999560193912,TIME_LIMIT,11801,0,0,6,4
5,8,33069.0,-1.2512823076414918,-0.841999560193912,TIME_LIMIT,11822,0,0,8,4
5,8,33104.0,-1.251192248651911,-0.841999560193912,TIME_LIMIT,11842,0,0,10,5
5,8,33189.0,-1.251192248651911,-0.841999560193912,TIME_LIMIT,11869,0,0,12,10
5,8,33233.0,-1.2511524135087542,-0.841999560193912,TIME_LIMIT,11892,0,0,5,4
5,8,33349.0,-1.2511524135087542,-0.841999560193912,TIME_LIMIT,11918,0,0,6,17
5,8,33464.0,-1.2511226775186217,-0.841999560193912,TIME_LIMIT,11950,0,0,9,12
5,8,33663.0,-1.2511226775186217,-0.841999560193912,TIME_LIMIT,11981,0,0,12,14
5,8,33866.0,-1.2509013337549735,-0.841999560193912,TIME_LIMIT,12005,0,0,11,4
5,8,33992.0,-1.2509013337549735,-0.841999560193912,TIME_LIMIT,12030,0,0,11,16
5,8,34137.0,-1.250780099571918,-0.841999560193912,TIME_LIMIT,12065,0,0,15,14
5,8,34202.0,-1.250780099571918,-0.841999560193912,TIME_LIMIT,12090,0,0,10,11
5,8,34237.0,-1.2503404627085142,-0.841999560193912,TIME_LIMIT,12115,0,0,13,5
5,8,34302.0,-1.2503404627085142,-0.841999560193912,TIME_LIMIT,12139,0,0,8,9
5,8,34322.0,-1.2500946272973052,-0.841999560193912,TIME_LIMIT,12159,0,0,5,4
5,8,34459.0,-1.2500946272973052,-0.841999560193912,TIME_LIMIT,12184,0,0,10,11
5,8,34534.0,-1.2499245432333344,-0.841999560193912,TIME_LIMIT,12210,0,0,9,7
5,8,34610.0,-1.2499245432333344,-0.841999560193912,TIME_LIMIT,12241,0,0,9,12
5,8,34658.0,-1.249865195249931,-0.841999560193912,TIME_LIMIT,12263,0,0,8,5
5,8,34699.0,-1.249865195249931,-0.841999560193912,TIME_LIMIT,12287,0,0,13,14
5,8,34791.0,-1.2496185210795403,-0.841999560193912,TIME_LIMIT,12321,0,0,13,9
5,8,34835.0,-1.2496185210795403,-0.841999560193912,TIME_LIMIT,12341,0,0,8,10
5,8,34876.0,-1.2495058756779713,-0.841999560193912,TIME_LIMIT,12363,0,0,14,4
5,8,34953.0,-1.2495058756779713,-0.841999560193912,TIME_LIMIT,12386,0,0,14,17
5,8,35017.0,-1.2494279689161558,-0.841999560193912,TIME_LIMIT,12408,0,0,14,7
5,8,35062.0,-1.2494279689161558,-0.841999560193912,TIME_LIMIT,12433,0,0,5,6
5,8,35114.0,-1.2493474323011124,-0.841999560193912,TIME_LIMIT,12459,0,0,9,13
5,8,35233.0,-1.2493474323011124,-0.841999560193912,TIME_LIMIT,12481,0,0,12,7
5,8,35369.0,-1.2491135562186613,-0.841999560193912,TIME_LIMIT,12518,0,0,7,12
5,8,35477.0,-1.2491135562186613,-0.841999560193912,TIME_LIMIT,12541,0,0,11,6
5,8,35535.0,-1.248860807329284,-0.841999560193912,TIME_LIMIT,12566,0,0,9,9
5,8,35684.0,-1.248860807329284,-0.841999560193912,TIME_LIMIT,12594,0,0,10,12
5,8,35764.0,-1.2488209652867932,-0.841999560193912,TIME_LIMIT,12619,0,0,8,8
5,8,35836.0,-1.2488209652867932,-0.841999560193912,TIME_LIMIT,12645,0,0,19,9
5,8,35902.0,-1.2487608769958802,-0.841999560193912,TIME_LIMIT,12668,0,0,13,6
5,8,35972.0,-1.2487608769958802,-0.841999560193912,TIME_LIMIT,12686,0,0,14,15
5,8,36024.0,-1.2487118913828021,-0.841999560193912,TIME_LIMIT,12710,0,0,14,4
5,8,36087.0,-1.2487118913828021,-0.841999560193912,TIME_LIMIT,12727,0,0,12,9
5,8,36129.0,-1.2485507966303897,-0.841999560193912,TIME_LIMIT,12749,0,0,2,3
5,8,36191.0,-1.2485507966303897,-0.841999560193912,TIME_LIMIT,12780,0,0,12,2
5,8,36289.0,-1.2481198296762788,-0.841999560193912,TIME_LIMIT,12811,0,0,13,19
5,8,36331.0,-1.2481198296762788,-0.841999560193912,TIME_LIMIT,12830,0,0,9,5
5,8,36346.0,-1.2478352353620383,-0.841999560193912,TIME_LIMIT,12843,0,0,6,1
5,8,36382.0,-1.2478352353620383,-0.841999560193912,TIME_LIMIT,12858,0,0,10,13
5,8,36437.0,-1.24758180047311,-0.841999560193912,TIME_LIMIT,12887,0,0,14,7
5,8,36478.0,-1.24758180047311,-0.841999560193912,TIME_LIMIT,12908,0,0,12,8
5,8,36523.0,-1.247215850267209,-0.841999560193912,TIME_LIMIT,12924,0,0,14,3
5,8,36708.0,-1.247215850267209,-0.841999560193912,TIME_LIMIT,12951,0,0,13,16
5,8,36774.0,-1.2470663503771262,-0.841999560193912,TIME_LIMIT,12979,0,0,16,6
5,8,36847.0,-1.2470663503771262,-0.841999560193912,TIME_LIMIT,13007,0,0,7,15
5,8,36913.0,-1.2468886810431055,-0.841999560193912,TIME_LIMIT,13025,0,0,14,8
5,8,37091.0,-1.2468886810431055,-0.841999560193912,TIME_LIMIT,13050,0,0,17,17
5,8,37125.0,-1.2468652195618988,-0.841999560193912,TIME_LIMIT,13069,0,0,11,5
5,8,37176.0,-1.2468652195618988,-0.841999560193912,TIME_LIMIT,13089,0,0,8,16
5,8,37258.0,-1.2466659496868058,-0.841999560193912,TIME_LIMIT,13123,0,0,7,9
5,8,37353.0,-1.2466659496868058,-0.841999560193912,TIME_LIMIT,13148,0,0,8,9
5,8,37429.0,-1.2463168810544771,-0.841999560193912,TIME_LIMIT,13177,0,0,10,8
5,8,37512.0,-1.2463168810544771,-0.841999560193912,TIME_LIMIT,13204,0,0,17,10
5,8,37553.0,-1.2463001092189092,-0.841999560193912,TIME_LIMIT,13226,0,0,10,6
5,8,37651.0,-1.2463001092189092,-0.841999560193912,TIME_LIMIT,13254,0,0,17,14
5,8,37728.0,-1.245608577730435,-0.841999560193912,TIME_LIMIT,13276,0,0,15,8
5,8,37804.0,-1.245608577730435,-0.841999560193912,TIME_LIMIT,13298,0,0,15,9
5,8,37855.0,-1.2454329445742616,-0.841999560193912,TIME_LIMIT,13320,0,0,12,13
5,8,37905.0,-1.2454329445742616,-0.841999560193912,TIME_LIMIT,13339,0,0,12,17
5,8,37978.0,-1.2449923736550932,-0.841999560193912,TIME_LIMIT,13373,0,0,13,6
5,8,38015.0,-1.2449923736550932,-0.841999560193912,TIME_LIMIT,13389,0,0,11,11
5,8,38059.0,-1.244966402003294,-0.841999560193912,TIME_LIMIT,13417,0,0,8,3
5,8,38081.0,-1.244966402003294,-0.841999560193912,TIME_LIMIT,13433,0,0,8,6
5,8,38126.0,-1.2447899419898418,-0.841999560193912,TIME_LIMIT,13454,0,0,7,3
5,8,38188.0,-1.2447899419898418,-0.841999560193912,TIME_LIMIT,13475,0,0,10,5
5,8,38237.0,-1.244550472394941,-0.841999560193912,TIME_LIMIT,13500,0,0,14,7
5,8,38285.0,-1.244550472394941,-0.841999560193912,TIME_LIMIT,13521,0,0,14,10
5,8,38325.0,-1.2444698112229833,-0.841999560193912,TIME_LIMIT,13543,0,0,12,6
5,8,38371.0,-1.2444698112229833,-0.841999560193912,TIME_LIMIT,13562,0,0,7,6
5,8,38494.0,-1.2443882154272494,-0.841999560193912,TIME_LIMIT,13590,0,0,13,10
5,8,38586.0,-1.2443882154272494,-0.841999560193912,TIME_LIMIT,13619,0,0,16,11
5,8,38657.0,-1.2442263169729997,-0.841999560193912,TIME_LIMIT,13640,0,0,13,9
5,8,38701.0,-1.2442263169729997,-0.841999560193912,TIME_LIMIT,13665,0,0,16,9
5,8,38787.0,-1.2441929866872286,-0.841999560193912,TIME_LIMIT,13685,0,0,9,5
5,8,38830.0,-1.2441929866872286,-0.841999560193912,TIME_LIMIT,13705,0,0,13,10
5,8,38877.0,-1.2441815198554054,-0.841999560193912,TIME_LIMIT,13724,0,0,9,6
5,8,38926.0,-1.2441815198554054,-0.841999560193912,TIME_LIMIT,13742,0,0,6,15
5,8,38958.0,-1.2441519663173166,-0.841999560193912,TIME_LIMIT,13766,0,0,13,3
5,8,39046.0,-1.2441519663173166,-0.841999560193912,TIME_LIMIT,13786,0,0,5,9
5,8,39087.0,-1.244104748722133,-0.841999560193912,TIME_LIMIT,13805,0,0,15,4
5,8,39138.0,-1.244104748722133,-0.841999560193912,TIME_LIMIT,13826,0,0,6,5
5,8,39186.0,-1.244083753154546,-0.841999560193912,TIME_LIMIT,13845,0,0,16,4
5,8,39269.0,-1.244083753154546,-0.841999560193912,TIME_LIMIT,13872,0,0,9,12
5,8,39430.0,-1.2439844054839846,-0.841999560193912,TIME_LIMIT,13901,0,0,14,8
5,8,39505.0,-1.2439844054839846,-0.841999560193912,TIME_LIMIT,13929,0,0,18,14
5,8,39577.0,-1.2437132669229962,-0.841999560193912,TIME_LIMIT,13952,0,0,12,6
5,8,39644.0,-1.2437132669229962,-0.841999560193912,TIME_LIMIT,13976,0,0,14,12
5,8,39737.0,-1.243338639590967,-0.841999560193912,TIME_LIMIT,13998,0,0,11,6
5,8,39786.0,-1.243338639590967,-0.841999560193912,TIME_LIMIT,14024,0,0,9,11
5,8,39903.0,-1.2431719481160408,-0.841999560193912,TIME_LIMIT,14060,0,0,8,13
5,8,39972.0,-1.2431719481160408,-0.841999560193912,TIME_LIMIT,14084,0,0,13,17
5,8,40087.0,-1.2428147050188083,-0.841999560193912,TIME_LIMIT,14108,0,0,14,5
5,8,40211.0,-1.2428147050188083,-0.841999560193912,TIME_LIMIT,14137,0,0,13,12
5,8,40280.0,-1.2427644530561863,-0.841999560193912,TIME_LIMIT,14159,0,0,16,6
5,8,40343.0,-1.2427644530561863,-0.841999560193912,TIME_LIMIT,14185,0,0,7,17
5,8,40438.0,-1.2425197751857164,-0.841999560193912,TIME_LIMIT,14214,0,0,3,8
5,8,40487.0,-1.2425197751857164,-0.841999560193912,TIME_LIMIT,14233,0,0,13,19
5,8,40601.0,-1.2422100964866576,-0.841999560193912,TIME_LIMIT,14269,0,0,12,8
5,8,40697.0,-1.2422100964866576,-0.841999560193912,TIME_LIMIT,14295,0,0,13,17
5,8,40738.0,-1.2417769264679928,-0.841999560193912,TIME_LIMIT,14317,0,0,10,4
5,8,40864.0,-1.2417769264679928,-0.841999560193912,TIME_LIMIT,14341,0,0,13,12
5,8,40905.0,-1.2417715569944863,-0.841999560193912,TIME_LIMIT,14364,0,0,5,4
5,8,40963.0,-1.2417715569944863,-0.841999560193912,TIME_LIMIT,14386,0,0,14,16
5,8,41114.0,-1.2417644978818663,-0.841999560193912,TIME_LIMIT,14420,0,0,21,14
5,8,41160.0,-1.2417644978818663,-0.841999560193912,TIME_LIMIT,14443,0,0,16,8
5,8,41229.0,-1.2414745606194213,-0.841999560193912,TIME_LIMIT,14475,0,0,12,5
5,8,41290.0,-1.2414745606194213,-0.841999560193912,TIME_LIMIT,14498,0,0,12,6
5,8,41387.0,-1.2412280779924787,-0.841999560193912,TIME_LIMIT,14527,0,0,12,6
5,8,41428.0,-1.2412280779924787,-0.841999560193912,TIME_LIMIT,14546,0,0,9,11
5,8,41496.0,-1.2410323554432363,-0.841999560193912,TIME_LIMIT,14576,0,0,10,7
5,8,41640.0,-1.2410323554432363,-0.841999560193912,TIME_LIMIT,14603,0,0,14,17
5,8,41788.0,-1.2408958875485252,-0.841999560193912,TIME_LIMIT,14645,0,0,9,13
5,8,41862.0,-1.2408958875485252,-0.841999560193912,TIME_LIMIT,14667,0,0,8,5
5,8,41936.0,-1.2408221427689983,-0.841999560193912,TIME_LIMIT,14691,0,0,15,7
5,8,42042.0,-1.2408221427689983,-0.841999560193912,TIME_LIMIT,14716,0,0,14,19
5,8,42117.0,-1.2405865304926165,-0.841999560193912,TIME_LIMIT,14745,0,0,16,18
5,8,42213.0,-1.2405865304926165,-0.841999560193912,TIME_LIMIT,14772,0,0,7,12
5,8,42272.0,-1.240384496953842,-0.841999560193912,TIME_LIMIT,14792,0,0,10,2
5,8,42403.0,-1.240384496953842,-0.841999560193912,TIME_LIMIT,14818,0,0,25,19
5,8,42534.0,-1.2402998812913923,-0.841999560193912,TIME_LIMIT,14856,0,0,7,9
5,8,42572.0,-1.2402998812913923,-0.841999560193912,TIME_LIMIT,14878,0,0,11,4
5,8,42607.0,-1.2402123329471062,-0.841999560193912,TIME_LIMIT,14895,0,0,7,2
5,8,42658.0,-1.2402123329471062,-0.841999560193912,TIME_LIMIT,14915,0,0,13,9
5,8,42703.0,-1.2399792736413247,-0.841999560193912,TIME_LIMIT,14933,0,0,7,2
5,8,42752.0,-1.2399792736413247,-0.841999560193912,TIME_LIMIT,14954,0,0,8,5
5,8,42792.0,-1.2398156155811055,-0.841999560193912,TIME_LIMIT,14974,0,0,11,5
5,8,42935.0,-1.2398156155811055,-0.841999560193912,TIME_LIMIT,14998,0,0,16,16
5,8,42997.0,-1.2398144448474842,-0.841999560193912,TIME_LIMIT,15022,0,0,12,8
5,8,43044.0,-1.2398144448474842,-0.841999560193912,TIME_LIMIT,15043,0,0,11,7
5,8,43097.0,-1.2397034498091744,-0.841999560193912,TIME_LIMIT,15065,0,0,11,7
5,8,43189.0,-1.2397034498091744,-0.841999560193912,TIME_LIMIT,15094,0,0,16,4
5,8,43238.0,-1.2396542258342027,-0.841999560193912,TIME_LIMIT,15116,0,0,17,6
5,8,43319.0,-1.2396542258342027,-0.841999560193912,TIME_LIMIT,15138,0,0,8,4
5,8,43360.0,-1.2396360642034274,-0.841999560193912,TIME_LIMIT,15157,0,0,11,4
5,8,43405.0,-1.2396360642034274,-0.841999560193912,TIME_LIMIT,15175,0,0,12,10
5,8,43454.0,-1.2396121710789003,-0.841999560193912,TIME_LIMIT,15196,0,0,10,4
5,8,43514.0,-1.2396121710789003,-0.841999560193912,TIME_LIMIT,15221,0,0,4,12
5,8,43586.0,-1.2395898196570332,-0.841999560193912,TIME_LIMIT,15238,0,0,7,3
5,8,43648.0,-1.2395898196570332,-0.841999560193912,TIME_LIMIT,15265,0,0,16,9
5,8,43722.0,-1.2395651198496531,-0.841999560193912,TIME_LIMIT,15283,0,0,10,9
5,8,43930.0,-1.2395651198496531,-0.841999560193912,TIME_LIMIT,15309,0,0,15,16
5,8,44004.0,-1.2394384149394986,-0.841999560193912,TIME_LIMIT,15331,0,0,10,7
5,8,44074.0,-1.2394384149394986,-0.841999560193912,TIME_LIMIT,15356,0,0,7,5
5,8,44123.0,-1.239421901960391,-0.841999560193912,TIME_LIMIT,15372,0,0,5,6
5,8,44265.0,-1.239421901960391,-0.841999560193912,TIME_LIMIT,15401,0,0,18,14
5,8,44336.0,-1.2392370159179016,-0.841999560193912,TIME_LIMIT,15423,0,0,5,5
5,8,44386.0,-1.2392370159179016,-0.841999560193912,TIME_LIMIT,15439,0,0,10,9
5,8,44505.0,-1.2391929627171565,-0.841999560193912,TIME_LIMIT,15469,0,0,6,5
5,8,44593.0,-1.2391929627171565,-0.841999560193912,TIME_LIMIT,15496,0,0,11,7
5,8,44644.0,-1.2390882637262346,-0.841999560193912,TIME_LIMIT,15521,0,0,8,7
5,8,44729.0,-1.2390882637262346,-0.841999560193912,TIME_LIMIT,15544,0,0,16,22
5,8,44806.0,-1.2388256554367014,-0.841999560193912,TIME_LIMIT,15568,0,0,6,6
5,8,44851.0,-1.2388256554367014,-0.841999560193912,TIME_LIMIT,15587,0,0,14,13
5,8,44945.0,-1.2387587416196348,-0.841999560193912,TIME_LIMIT,15624,0,0,13,17
5,8,45082.0,-1.2387587416196348,-0.841999560193912,TIME_LIMIT,15647,0,0,18,6
5,8,45148.0,-1.2386289917475466,-0.841999560193912,TIME_LIMIT,15674,0,0,7,5
5,8,45262.0,-1.2386289917475466,-0.841999560193912,TIME_LIMIT,15703,0,0,15,20
5,8,45374.0,-1.2385772266421995,-0.841999560193912,TIME_LIMIT,15725,0,0,13,5
5,8,45417.0,-1.2385772266421995,-0.841999560193912,TIME_LIMIT,15745,0,0,16,11
5,8,45461.0,-1.238539123169332,-0.841999560193912,TIME_LIMIT,15767,0,0,11,4
5,8,45547.0,-1.238539123169332,-0.841999560193912,TIME_LIMIT,15790,0,0,22,12
5,8,45682.0,-1.2382961361382239,-0.841999560193912,TIME_LIMIT,15830,0,0,6,7
5,8,45721.0,-1.2382961361382239,-0.841999560193912,TIME_LIMIT,15851,0,0,20,18
5,8,45779.0,-1.2382717100983482,-0.841999560193912,TIME_LIMIT,15886,0,0,10,7
5,8,45820.0,-1.2382717100983482,-0.841999560193912,TIME_LIMIT,15903,0,0,11,10
5,8,45853.0,-1.2382077225973562,-0.841999560193912,TIME_LIMIT,15923,0,0,8,3
5,8,45872.0,-1.2382077225973562,-0.841999560193912,TIME_LIMIT,15942,0,0,14,7
5,8,45938.0,-1.2381904157718464,-0.841999560193912,TIME_LIMIT,15962,0,0,13,10
5,8,45979.0,-1.2381904157718464,-0.841999560193912,TIME_LIMIT,15978,0,0,9,11
5,8,46030.0,-1.23810237909216,-0.841999560193912,TIME_LIMIT,16008,0,0,16,8
5,8,46099.0,-1.23810237909216,-0.841999560193912,TIME_LIMIT,16034,0,0,15,10
5,8,46144.0,-1.2380877314159147,-0.841999560193912,TIME_LIMIT,16056,0,0,6,7
5,8,46204.0,-1.2380877314159147,-0.841999560193912,TIME_LIMIT,16077,0,0,15,17
5,8,46304.0,-1.2378863946885863,-0.841999560193912,TIME_LIMIT,16108,0,0,10,5
5,8,46385.0,-1.2378863946885863,-0.841999560193912,TIME_LIMIT,16131,0,0,16,10
5,8,46446.0,-1.2378122661444435,-0.841999560193912,TIME_LIMIT,16157,0,0,16,11
5,8,46654.0,-1.2378122661444435,-0.841999560193912,TIME_LIMIT,16182,0,0,10,12
5,8,46786.0,-1.2377865521156084,-0.841999560193912,TIME_LIMIT,16223,0,0,10,9
5,8,46877.0,-1.2377865521156084,-0.841999560193912,TIME_LIMIT,16249,0,0,21,15
5,8,46935.0,-1.237597287203223,-0.841999560193912,TIME_LIMIT,16280,0,0,17,7
5,8,47049.0,-1.237597287203223,-0.841999560193912,TIME_LIMIT,16302,0,0,11,19
5,8,47133.0,-1.2374185775477553,-0.841999560193912,TIME_LIMIT,16344,0,0,20,10
5,8,47213.0,-1.2374185775477553,-0.841999560193912,TIME_LIMIT,16368,0,0,19,5
5,8,47246.0,-1.2374145656477284,-0.841999560193912,TIME_LIMIT,16392,0,0,18,2
5,8,47347.0,-1.2374145656477284,-0.841999560193912,TIME_LIMIT,16424,0,0,15,18
5,8,47402.0,-1.2371091959447884,-0.841999560193912,TIME_LIMIT,16447,0,0,13,15
5,8,47531.0,-1.2371091959447884,-0.841999560193912,TIME_LIMIT,16473,0,0,20,19
5,8,47690.0,-1.2369811981241434,-0.841999560193912,TIME_LIMIT,16498,0,0,15,7
5,8,47761.0,-1.2369811981241434,-0.841999560193912,TIME_LIMIT,16522,0,0,11,20
5,8,47828.0,-1.2367058349237712,-0.841999560193912,TIME_LIMIT,16552,0,0,9,6
5,8,47966.0,-1.2367058349237712,-0.841999560193912,TIME_LIMIT,16581,0,0,20,29
5,8,48028.0,-1.2366369417041734,-0.841999560193912,TIME_LIMIT,16615,0,0,10,5
5,8,48117.0,-1.2366369417041734,-0.841999560193912,TIME_LIMIT,16641,0,0,17,15
5,8,48256.0,-1.2365354955239642,-0.841999560193912,TIME_LIMIT,16679,0,0,11,9
5,8,48292.0,-1.2365354955239642,-0.841999560193912,TIME_LIMIT,16698,0,0,15,11
5,8,48409.0,-1.236275576208,-0.841999560193912,TIME_LIMIT,16734,0,0,15,8
5,8,48486.0,-1.236275576208,-0.841999560193912,TIME_LIMIT,16758,0,0,10,6
5,8,48557.0,-1.23616950041689,-0.841999560193912,TIME_LIMIT,16781,0,0,10,4
5,8,48645.0,-1.23616950041689,-0.841999560193912,TIME_LIMIT,16803,0,0,14,5
5,8,48702.0,-1.2360933650963357,-0.841999560193912,TIME_LIMIT,16822,0,0,9,2
5,8,48791.0,-1.2360933650963357,-0.841999560193912,TIME_LIMIT,16845,0,0,11,19
5,8,48930.0,-1.2360391917698297,-0.841999560193912,TIME_LIMIT,16880,0,0,14,11
5,8,49012.0,-1.2360391917698297,-0.841999560193912,TIME_LIMIT,16903,0,0,10,11
5,8,49106.0,-1.2360133261768347,-0.841999560193912,TIME_LIMIT,16930,0,0,16,9
5,8,49201.0,-1.2360133261768347,-0.841999560193912,TIME_LIMIT,16954,0,0,18,12
5,8,49253.0,-1.2359668683061773,-0.841999560193912,TIME_LIMIT,16976,0,0,6,4
5,8,49304.0,-1.2359668683061773,-0.841999560193912,TIME_LIMIT,16995,0,0,16,15
5,8,49341.0,-1.235865269512728,-0.841999560193912,TIME_LIMIT,17010,0,0,10,7
5,8,49449.0,-1.235865269512728,-0.841999560193912,TIME_LIMIT,17037,0,0,15,13
5,8,49600.0,-1.2357309555803115,-0.841999560193912,TIME_LIMIT,17078,0,0,11,13
5,8,49656.0,-1.2357309555803115,-0.841999560193912,TIME_LIMIT,17105,0,0,6,7
5,8,49695.0,-1.2357284068442507,-0.841999560193912,TIME_LIMIT,17124,0,0,7,5
5,8,49743.0,-1.2357284068442507,-0.841999560193912,TIME_LIMIT,17146,0,0,21,7
5,8,49786.0,-1.235675270228056,-0.841999560193912,TIME_LIMIT,17166,0,0,10,4
5,8,49846.0,-1.235675270228056,-0.841999560193912,TIME_LIMIT,17190,0,0,4,5
5,8,49889.0,-1.235603795033677,-0.841999560193912,TIME_LIMIT,17211,0,0,15,7
5,8,50055.0,-1.235603795033677,-0.841999560193912,TIME_LIMIT,17242,0,0,6,19
5,8,50164.0,-1.2354410016931519,-0.841999560193912,TIME_LIMIT,17271,0,0,18,15
5,8,50233.0,-1.2354410016931519,-0.841999560193912,TIME_LIMIT,17293,0,0,18,23
5,8,50330.0,-1.235395861014729,-0.841999560193912,TIME_LIMIT,17326,0,0,11,4
5,8,50537.0,-1.235395861014729,-0.841999560193912,TIME_LIMIT,17356,0,0,22,20
5,8,50666.0,-1.2353655191097037,-0.841999560193912,TIME_LIMIT,17397,0,0,18,9
5,8,50788.0,-1.2353655191097037,-0.841999560193912,TIME_LIMIT,17420,0,0,10,6
5,8,50870.0,-1.23521546318814,-0.841999560193912,TIME_LIMIT,17447,0,0,10,8
5,8,50924.0,-1.23521546318814,-0.841999560193912,TIME_LIMIT,17469,0,0,12,10
5,8,51005.0,-1.2348372964562342,-0.841999560193912,TIME_LIMIT,17503,0,0,9,7
5,8,51119.0,-1.2348372964562342,-0.841999560193912,TIME_LIMIT,17529,0,0,12,6
5,8,51179.0,-1.234828859243529,-0.841999560193912,TIME_LIMIT,17552,0,0,10,6
5,8,51289.0,-1.234828859243529,-0.841999560193912,TIME_LIMIT,17576,0,0,13,7
5,8,51345.0,-1.2347785755771357,-0.841999560193912,TIME_LIMIT,17599,0,0,5,4
5,8,51432.0,-1.2347785755771357,-0.841999560193912,TIME_LIMIT,17624,0,0,15,21
5,8,51512.0,-1.2347686271520086,-0.841999560193912,TIME_LIMIT,17649,0,0,5,8
5,8,51576.0,-1.2347686271520086,-0.841999560193912,TIME_LIMIT,17670,0,0,11,10
5,8,51688.0,-1.2345691802632992,-0.841999560193912,TIME_LIMIT,17703,0,0,16,9
5,8,51796.0,-1.2345691802632992,-0.841999560193912,TIME_LIMIT,17731,0,0,17,24
5,8,51885.0,-1.2344251085386584,-0.841999560193912,TIME_LIMIT,17757,0,0,14,7
5,8,51990.0,-1.2344251085386584,-0.841999560193912,TIME_LIMIT,17782,0,0,23,22
5,8,52092.0,-1.2343180258200033,-0.841999560193912,TIME_LIMIT,17807,0,0,19,8
5,8,52215.0,-1.2343180258200033,-0.841999560193912,TIME_LIMIT,17828,0,0,15,10
5,8,52264.0,-1.2343144468123057,-0.841999560193912,TIME_LIMIT,17855,0,0,14,5
5,8,52403.0,-1.2343144468123057,-0.841999560193912,TIME_LIMIT,17887,0,0,22,15
5,8,52476.0,-1.2342606681476334,-0.841999560193912,TIME_LIMIT,17917,0,0,6,8
5,8,52535.0,-1.2342606681476334,-0.841999560193912,TIME_LIMIT,17941,0,0,15,9
5,8,52584.0,-1.234227111173045,-0.841999560193912,TIME_LIMIT,17962,0,0,6,6
5,8,52791.0,-1.234227111173045,-0.841999560193912,TIME_LIMIT,17990,0,0,12,13
5,8,52864.0,-1.2341768174805539,-0.841999560193912,TIME_LIMIT,18022,0,0,16,11
5,8,52946.0,-1.2341768174805539,-0.841999560193912,TIME_LIMIT,18041,0,0,13,12
5,8,53030.0,-1.2341607437702244,-0.841999560193912,TIME_LIMIT,18069,0,0,12,5
5,8,53120.0,-1.2341607437702244,-0.841999560193912,TIME_LIMIT,18092,0,0,10,9
5,8,53201.0,-1.234141397308688,-0.841999560193912,TIME_LIMIT,18125,0,0,10,8
5,8,53401.0,-1.234141397308688,-0.841999560193912,TIME_LIMIT,18145,0,0,12,8
5,8,53524.0,-1.234121026695214,-0.841999560193912,TIME_LIMIT,18178,0,0,16,9
5,8,53613.0,-1.234121026695214,-0.841999560193912,TIME_LIMIT,18198,0,0,19,9
5,8,53688.0,-1.234060611268307,-0.841999560193912,TIME_LIMIT,18229,0,0,10,7
5,8,53751.0,-1.234060611268307,-0.841999560193912,TIME_LIMIT,18247,0,0,19,14
5,8,53795.0,-1.233759270103641,-0.841999560193912,TIME_LIMIT,18270,0,0,11,4
5,8,53841.0,-1.233759270103641,-0.841999560193912,TIME_LIMIT,18290,0,0,12,10
5,8,53895.0,-1.2337436259400527,-0.841999560193912,TIME_LIMIT,18315,0,0,7,2
5,8,53984.0,-1.2337436259400527,-0.841999560193912,TIME_LIMIT,18335,0,0,17,13
5,8,54069.0,-1.2337183090276254,-0.841999560193912,TIME_LIMIT,18365,0,0,12,12
5,8,54271.0,-1.2337183090276254,-0.841999560193912,TIME_LIMIT,18391,0,0,18,18
5,8,54346.0,-1.2335538291458576,-0.841999560193912,TIME_LIMIT,18417,0,0,16,19
5,8,54383.0,-1.2335538291458576,-0.841999560193912,TIME_LIMIT,18434,0,0,13,8
5,8,54467.0,-1.2335410701192058,-0.841999560193912,TIME_LIMIT,18463,0,0,9,7
5,8,54562.0,-1.2335410701192058,-0.841999560193912,TIME_LIMIT,18482,0,0,18,11
5,8,54621.0,-1.2333895529492782,-0.841999560193912,TIME_LIMIT,18510,0,0,8,9
5,8,54659.0,-1.2333895529492782,-0.841999560193912,TIME_LIMIT,18527,0,0,5,10
5,8,54711.0,-1.2331932092984936,-0.841999560193912,TIME_LIMIT,18556,0,0,5,5
5,8,54759.0,-1.2331932092984936,-0.841999560193912,TIME_LIMIT,18576,0,0,7,13
5,8,54921.0,-1.2331538207374197,-0.841999560193912,TIME_LIMIT,18610,0,0,12,8
5,8,54985.0,-1.2331538207374197,-0.841999560193912,TIME_LIMIT,18633,0,0,15,12
5,8,55059.0,-1.233110506704343,-0.841999560193912,TIME_LIMIT,18656,0,0,13,4
5,8,55135.0,-1.233110506704343,-0.841999560193912,TIME_LIMIT,18681,0,0,11,14
5,8,55171.0,-1.2330352184954705,-0.841999560193912,TIME_LIMIT,18698,0,0,10,5
5,8,55214.0,-1.2330352184954705,-0.841999560193912,TIME_LIMIT,18720,0,0,10,12
5,8,55301.0,-1.2329305327898448,-0.841999560193912,TIME_LIMIT,18737,0,0,4,6
5,8,55408.0,-1.2329305327898448,-0.841999560193912,TIME_LIMIT,18765,0,0,14,8
5,8,55485.0,-1.2328233036761496,-0.841999560193912,TIME_LIMIT,18785,0,0,7,9
5,8,55567.0,-1.2328233036761496,-0.841999560193912,TIME_LIMIT,18813,0,0,13,11
5,8,55662.0,-1.2327966910300583,-0.841999560193912,TIME_LIMIT,18839,0,0,12,17
5,8,55741.0,-1.2327966910300583,-0.841999560193912,TIME_LIMIT,18867,0,0,12,8
5,8,55797.0,-1.23266637974648,-0.841999560193912,TIME_LIMIT,18889,0,0,13,8
5,8,55852.0,-1.23266637974648,-0.841999560193912,TIME_LIMIT,18918,0,0,9,10
5,8,55976.0,-1.2325660360646202,-0.841999560193912,TIME_LIMIT,18943,0,0,14,11
5,8,56039.0,-1.2325660360646202,-0.841999560193912,TIME_LIMIT,18963,0,0,11,19
5,8,56134.0,-1.232539961685856,-0.841999560193912,TIME_LIMIT,18993,0,0,8,8
5,8,56243.0,-1.232539961685856,-0.841999560193912,TIME_LIMIT,19014,0,0,7,9
5,8,56300.0,-1.2323931017689247,-0.841999560193912,TIME_LIMIT,19043,0,0,10,6
5,8,56432.0,-1.2323931017689247,-0.841999560193912,TIME_LIMIT,19067,0,0,15,12
5,8,56504.0,-1.2322613495223915,-0.841999560193912,TIME_LIMIT,19095,0,0,10,14
5,8,56593.0,-1.2322613495223915,-0.841999560193912,TIME_LIMIT,19122,0,0,18,22
5,8,56638.0,-1.2322367900525129,-0.841999560193912,TIME_LIMIT,19145,0,0,11,12
5,8,56706.0,-1.2322367900525129,-0.841999560193912,TIME_LIMIT,19170,0,0,10,8
5,8,56791.0,-1.2322095569148555,-0.841999560193912,TIME_LIMIT,19194,0,0,11,5
5,8,56975.0,-1.2322095569148555,-0.841999560193912,TIME_LIMIT,19219,0,0,18,18
5,8,57065.0,-1.2321506959600235,-0.841999560193912,TIME_LIMIT,19241,0,0,15,20
5,8,57114.0,-1.2321506959600235,-0.841999560193912,TIME_LIMIT,19263,0,0,15,20
5,8,57253.0,-1.2321427205568003,-0.841999560193912,TIME_LIMIT,19305,0,0,16,11
5,8,57331.0,-1.2321427205568003,-0.841999560193912,TIME_LIMIT,19330,0,0,12,5
5,8,57351.0,-1.2320857421836322,-0.841999560193912,TIME_LIMIT,19347,0,0,11,0
5,8,57417.0,-1.2320857421836322,-0.841999560193912,TIME_LIMIT,19369,0,0,19,21
5,8,57531.0,-1.2320669122838634,-0.841999560193912,TIME_LIMIT,19404,0,0,10,5
5,8,57582.0,-1.2320669122838634,-0.841999560193912,TIME_LIMIT,19430,0,0,7,11
5,8,57619.0,-1.2320382082514285,-0.841999560193912,TIME_LIMIT,19451,0,0,8,5
5,8,57740.0,-1.2320382082514285,-0.841999560193912,TIME_LIMIT,19478,0,0,16,16
5,8,57791.0,-1.2319278503966757,-0.841999560193912,TIME_LIMIT,19501,0,0,6,8
5,8,57845.0,-1.2319278503966757,-0.841999560193912,TIME_LIMIT,19521,0,0,7,6
5,8,57942.0,-1.231911124653647,-0.841999560193912,TIME_LIMIT,19556,0,0,9,8
5,8,58000.0,-1.231911124653647,-0.841999560193912,TIME_LIMIT,19581,0,0,14,7
5,8,58188.0,-1.2318238641116495,-0.841999560193912,TIME_LIMIT,19605,0,0,11,7
5,8,58226.0,-1.2318238641116495,-0.841999560193912,TIME_LIMIT,19622,0,0,9,2
5,8,58322.0,-1.231817153506077,-0.841999560193912,TIME_LIMIT,19654,0,0,13,10
5,8,58448.0,-1.231817153506077,-0.841999560193912,TIME_LIMIT,19677,0,0,11,8
5,8,58495.0,-1.2317953898931309,-0.841999560193912,TIME_LIMIT,19702,0,0,8,3
5,8,58573.0,-1.2317953898931309,-0.841999560193912,TIME_LIMIT,19728,0,0,13,11
5,8,58641.0,-1.2317499699077357,-0.841999560193912,TIME_LIMIT,19755,0,0,13,8
5,8,58769.0,-1.2317499699077357,-0.841999560193912,TIME_LIMIT,19784,0,0,16,9
5,8,58826.0,-1.2317471520742886,-0.841999560193912,TIME_LIMIT,19805,0,0,13,5
5,8,58874.0,-1.2317471520742886,-0.841999560193912,TIME_LIMIT,19824,0,0,10,8
5,8,58938.0,-1.2316374291979872,-0.841999560193912,TIME_LIMIT,19844,0,0,12,2
5,8,58967.0,-1.2316374291979872,-0.841999560193912,TIME_LIMIT,19868,0,0,13,6
5,8,59054.0,-1.231536102162609,-0.841999560193912,TIME_LIMIT,19893,0,0,15,9
5,8,59125.0,-1.231536102162609,-0.841999560193912,TIME_LIMIT,19917,0,0,13,10
5,8,59180.0,-1.2313761195266413,-0.841999560193912,TIME_LIMIT,19938,0,0,9,1
5,8,59243.0,-1.2313761195266413,-0.841999560193912,TIME_LIMIT,19961,0,0,6,18
5,8,59416.0,-1.2313344338079564,-0.841999560193912,TIME_LIMIT,19991,0,0,11,11
5,8,59489.0,-1.2313344338079564,-0.841999560193912,TIME_LIMIT,20010,0,0,11,8
5,8,59552.0,-1.2313086897907315,-0.841999560193912,TIME_LIMIT,20043,0,0,14,5
5,8,59635.0,-1.2313086897907315,-0.841999560193912,TIME_LIMIT,20064,0,0,14,8
5,8,59790.0,-1.2311212077882654,-0.841999560193912,TIME_LIMIT,20098,0,0,5,8
5,8,59913.0,-1.2311212077882654,-0.841999560193912,TIME_LIMIT,20124,0,0,19,18
5,8,59954.0,-1.231091402109299,-0.841999560193912,TIME_LIMIT,20145,0,0,5,10
5,8,60115.0,-1.231091402109299,-0.841999560193912,TIME_LIMIT,20178,0,0,10,10
5,8,60202.0,-1.2310275825803205,-0.841999560193912,TIME_LIMIT,20197,0,0,16,3
5,8,60320.0,-1.2310275825803205,-0.841999560193912,TIME_LIMIT,20224,0,0,9,8
5,8,60383.0,-1.2310128719227749,-0.841999560193912,TIME_LIMIT,20245,0,0,10,13
5,8,60456.0,-1.2310128719227749,-0.841999560193912,TIME_LIMIT,20267,0,0,15,15
5,8,60540.0,-1.2308087061021655,-0.841999560193912,TIME_LIMIT,20304,0,0,14,15
5,8,60689.0,-1.2308087061021655,-0.841999560193912,TIME_LIMIT,20330,0,0,20,13
5,8,60812.0,-1.2307923338814493,-0.841999560193912,TIME_LIMIT,20358,0,0,11,2
5,8,60873.0,-1.2307923338814493,-0.841999560193912,TIME_LIMIT,20387,0,0,18,16
5,8,60959.0,-1.230756568358416,-0.841999560193912,TIME_LIMIT,20413,0,0,13,5
5,8,61036.0,-1.230756568358416,-0.841999560193912,TIME_LIMIT,20440,0,0,17,9
5,8,61146.0,-1.2306595025281513,-0.841999560193912,TIME_LIMIT,20461,0,0,10,11
5,8,61227.0,-1.2306595025281513,-0.841999560193912,TIME_LIMIT,20483,0,0,10,12
5,8,61310.0,-1.2305124312146782,-0.841999560193912,TIME_LIMIT,20516,0,0,10,7
5,8,61408.0,-1.2305124312146782,-0.841999560193912,TIME_LIMIT,20541,0,0,7,2
5,8,61450.0,-1.2304527917873382,-0.841999560193912,TIME_LIMIT,20556,0,0,11,4
5,8,61473.0,-1.2304527917873382,-0.841999560193912,TIME_LIMIT,20577,0,0,15,21
5,8,61684.0,-1.23042665118881,-0.841999560193912,TIME_LIMIT,20607,0,0,7,6
5,8,61748.0,-1.23042665118881,-0.841999560193912,TIME_LIMIT,20632,0,0,9,22
5,8,61835.0,-1.2302437629873566,-0.841999560193912,TIME_LIMIT,20663,0,0,19,10
5,8,61975.0,-1.2302437629873566,-0.841999560193912,TIME_LIMIT,20691,0,0,5,15
5,8,62047.0,-1.2302399595349736,-0.841999560193912,TIME_LIMIT,20715,0,0,11,4
5,8,62138.0,-1.2302399595349736,-0.841999560193912,TIME_LIMIT,20741,0,0,11,17
5,8,62201.0,-1.2301951345418003,-0.841999560193912,TIME_LIMIT,20769,0,0,19,4
5,8,62261.0,-1.2301951345418003,-0.841999560193912,TIME_LIMIT,20791,0,0,11,11
5,8,62291.0,-1.2300034099387267,-0.841999560193912,TIME_LIMIT,20805,0,0,6,4
5,8,62333.0,-1.2300034099387267,-0.841999560193912,TIME_LIMIT,20825,0,0,10,9
5,8,62384.0,-1.2299625735585897,-0.841999560193912,TIME_LIMIT,20846,0,0,12,7
5,8,62581.0,-1.2299625735585897,-0.841999560193912,TIME_LIMIT,20879,0,0,20,22
5,8,62665.0,-1.2299272309989737,-0.841999560193912,TIME_LIMIT,20907,0,0,6,5
5,8,62716.0,-1.2299272309989737,-0.841999560193912,TIME_LIMIT,20930,0,0,15,4
5,8,62924.0,-1.229871642722146,-0.841999560193912,TIME_LIMIT,20968,0,0,14,10
5,8,62985.0,-1.229871642722146,-0.841999560193912,TIME_LIMIT,20992,0,0,19,12
5,8,63083.0,-1.2296976533829156,-0.841999560193912,TIME_LIMIT,21021,0,0,9,7
5,8,63110.0,-1.2296976533829156,-0.841999560193912,TIME_LIMIT,21040,0,0,4,6
5,8,63126.0,-1.2295102752544282,-0.841999560193912,TIME_LIMIT,21052,0,0,3,4
5,8,63142.0,-1.2295102752544282,-0.841999560193912,TIME_LIMIT,21071,0,0,11,3
5,8,63176.0,-1.229458680751498,-0.841999560193912,TIME_LIMIT,21087,0,0,4,3
5,8,63352.0,-1.229458680751498,-0.841999560193912,TIME_LIMIT,21116,0,0,16,16
5,8,63374.0,-1.229403917956544,-0.841999560193912,TIME_LIMIT,21133,0,0,11,7
5,8,63450.0,-1.229403917956544,-0.841999560193912,TIME_LIMIT,21160,0,0,13,13
5,8,63522.0,-1.2292390963865338,-0.841999560193912,TIME_LIMIT,21189,0,0,14,8
5,8,63588.0,-1.2292390963865338,-0.841999560193912,TIME_LIMIT,21207,0,0,5,8
5,8,63638.0,-1.2291817384112957,-0.841999560193912,TIME_LIMIT,21221,0,0,11,9
5,8,63737.0,-1.2291817384112957,-0.841999560193912,TIME_LIMIT,21245,0,0,13,9
5,8,63779.0,-1.2291588506997473,-0.841999560193912,TIME_LIMIT,21265,0,0,7,8
5,8,63839.0,-1.2291588506997473,-0.841999560193912,TIME_LIMIT,21286,0,0,12,9
5,8,63918.0,-1.2290583620336395,-0.841999560193912,TIME_LIMIT,21322,0,0,12,6
5,8,64009.0,-1.2290583620336395,-0.841999560193912,TIME_LIMIT,21344,0,0,7,18
5,8,64077.0,-1.229051241877856,-0.841999560193912,TIME_LIMIT,21379,0,0,13,9
5,8,64119.0,-1.229051241877856,-0.841999560193912,TIME_LIMIT,21398,0,0,11,5
5,8,64196.0,-1.228881754217508,-0.841999560193912,TIME_LIMIT,21427,0,0,10,4
5,8,64267.0,-1.228881754217508,-0.841999560193912,TIME_LIMIT,21451,0,0,11,15
5,8,64356.0,-1.22854826631864,-0.841999560193912,TIME_LIMIT,21487,0,0,17,8
5,8,64441.0,-1.22854826631864,-0.841999560193912,TIME_LIMIT,21509,0,0,13,6
5,8,64531.0,-1.2285335128953467,-0.841999560193912,TIME_LIMIT,21540,0,0,11,7
5,8,64574.0,-1.2285335128953467,-0.841999560193912,TIME_LIMIT,21556,0,0,8,6
5,8,64594.0,-1.228298526342189,-0.841999560193912,TIME_LIMIT,21576,0,0,8,6
5,8,64677.0,-1.228298526342189,-0.841999560193912,TIME_LIMIT,21595,0,0,7,10
5,8,64759.0,-1.2282543859159714,-0.841999560193912,TIME_LIMIT,21619,0,0,11,3
5,8,64814.0,-1.2282543859159714,-0.841999560193912,TIME_LIMIT,21636,0,0,15,6
5,8,64881.0,-1.2280865691261307,-0.841999560193912,TIME_LIMIT,21661,0,0,11,8
5,8,65000.0,-1.2280865691261307,-0.841999560193912,TIME_LIMIT,21692,0,0,20,17
5,8,65145.0,-1.227867441863098,-0.841999560193912,TIME_LIMIT,21716,0,0,13,9
5,8,65212.0,-1.227867441863098,-0.841999560193912,TIME_LIMIT,21742,0,0,8,6
5,8,65264.0,-1.227855521075367,-0.841999560193912,TIME_LIMIT,21763,0,0,9,3
5,8,65313.0,-1.227855521075367,-0.841999560193912,TIME_LIMIT,21778,0,0,16,16
5,8,65416.0,-1.2275753962957061,-0.841999560193912,TIME_LIMIT,21810,0,0,4,9
5,8,65465.0,-1.2275753962957061,-0.841999560193912,TIME_LIMIT,21837,0,0,12,12
5,8,65524.0,-1.2275742492468928,-0.841999560193912,TIME_LIMIT,21865,0,0,14,6
5,8,65568.0,-1.2275742492468928,-0.841999560193912,TIME_LIMIT,21883,0,0,15,8
5,8,65625.0,-1.2275311447330657,-0.841999560193912,TIME_LIMIT,21913,0,0,6,8
5,8,65720.0,-1.2275311447330657,-0.841999560193912,TIME_LIMIT,21936,0,0,14,5
5,8,65800.0,-1.2273234914130775,-0.841999560193912,TIME_LIMIT,21963,0,0,10,0
5,8,65851.0,-1.2273234914130775,-0.841999560193912,TIME_LIMIT,21990,0,0,20,7
5,8,65901.0,-1.2271637237063688,-0.841999560193912,TIME_LIMIT,22007,0,0,10,7
5,8,66000.0,-1.2271637237063688,-0.841999560193912,TIME_LIMIT,22033,0,0,18,11
5,8,66095.0,-1.2271488217073319,-0.841999560193912,TIME_LIMIT,22059,0,0,18,11
5,8,66167.0,-1.2271488217073319,-0.841999560193912,TIME_LIMIT,22086,0,0,14,13
5,8,66236.0,-1.2270920504848015,-0.841999560193912,TIME_LIMIT,22106,0,0,9,1
5,8,66295.0,-1.2270920504848015,-0.841999560193912,TIME_LIMIT,22132,0,0,15,6
5,8,66354.0,-1.2270739722338744,-0.841999560193912,TIME_LIMIT,22154,0,0,14,9
5,8,66438.0,-1.2270739722338744,-0.841999560193912,TIME_LIMIT,22175,0,0,10,8
5,8,66537.0,-1.2269887264820998,-0.841999560193912,TIME_LIMIT,22198,0,0,15,3
5,8,66592.0,-1.2269887264820998,-0.841999560193912,TIME_LIMIT,22223,0,0,16,32
5,8,66683.0,-1.2269826743516923,-0.841999560193912,TIME_LIMIT,22259,0,0,19,5
5,8,66775.0,-1.2269826743516923,-0.841999560193912,TIME_LIMIT,22285,0,0,15,15
5,8,66826.0,-1.2268072133463337,-0.841999560193912,TIME_LIMIT,22308,0,0,6,6
5,8,67000.0,-1.2268072133463337,-0.841999560193912,TIME_LIMIT,22336,0,0,18,12
5,8,67131.0,-1.226545889628136,-0.841999560193912,TIME_LIMIT,22363,0,0,9,8
5,8,67219.0,-1.226545889628136,-0.841999560193912,TIME_LIMIT,22387,0,0,13,13
5,8,67252.0,-1.2265308193758762,-0.841999560193912,TIME_LIMIT,22403,0,0,9,5
5,8,67284.0,-1.2265308193758762,-0.841999560193912,TIME_LIMIT,22426,0,0,20,11
5,8,67347.0,-1.226481693997761,-0.841999560193912,TIME_LIMIT,22446,0,0,8,3
5,8,67399.0,-1.226481693997761,-0.841999560193912,TIME_LIMIT,22468,0,0,8,9
5,8,67444.0,-1.226375768435089,-0.841999560193912,TIME_LIMIT,22497,0,0,12,6
5,8,67511.0,-1.226375768435089,-0.841999560193912,TIME_LIMIT,22520,0,0,14,8
5,8,67547.0,-1.2259659798148301,-0.841999560193912,TIME_LIMIT,22539,0,0,8,5
5,8,67621.0,-1.2259659798148301,-0.841999560193912,TIME_LIMIT,22566,0,0,11,19
5,8,67668.0,-1.225918929733548,-0.841999560193912,TIME_LIMIT,22586,0,0,9,5
5,8,67745.0,-1.225918929733548,-0.841999560193912,TIME_LIMIT,22604,0,0,10,13
5,8,67784.0,-1.2259176036612716,-0.841999560193912,TIME_LIMIT,22625,0,0,6,4
5,8,67882.0,-1.2259176036612716,-0.841999560193912,TIME_LIMIT,22648,0,0,18,13
5,8,67987.0,-1.2258692885847384,-0.841999560193912,TIME_LIMIT,22684,0,0,9,8
5,8,68028.0,-1.2258692885847384,-0.841999560193912,TIME_LIMIT,22704,0,0,14,11
5,8,68087.0,-1.225854014077513,-0.841999560193912,TIME_LIMIT,22734,0,0,9,9
5,8,68135.0,-1.225854014077513,-0.841999560193912,TIME_LIMIT,22755,0,0,15,9
5,8,68229.0,-1.225823777953718,-0.841999560193912,TIME_LIMIT,22790,0,0,16,10
5,8,68263.0,-1.225823777953718,-0.841999560193912,TIME_LIMIT,22807,0,0,18,13
5,8,68308.0,-1.2257992570872356,-0.841999560193912,TIME_LIMIT,22827,0,0,7,12
5,8,68491.0,-1.2257992570872356,-0.841999560193912,TIME_LIMIT,22859,0,0,13,24
5,8,68619.0,-1.2257646216825784,-0.841999560193912,TIME_LIMIT,22897,0,0,9,10
5,8,68725.0,-1.2257646216825784,-0.841999560193912,TIME_LIMIT,22920,0,0,19,8
5,8,68885.0,-1.2257522407020167,-0.841999560193912,TIME_LIMIT,22953,0,0,9,5
5,8,68993.0,-1.2257522407020167,-0.841999560193912,TIME_LIMIT,22979,0,0,15,15
5,8,69046.0,-1.2256436781157534,-0.841999560193912,TIME_LIMIT,23002,0,0,10,8
5,8,69092.0,-1.2256436781157534,-0.841999560193912,TIME_LIMIT,23020,0,0,10,15
5,8,69145.0,-1.225446981569192,-0.841999560193912,TIME_LIMIT,23046,0,0,10,9
5,8,69246.0,-1.225446981569192,-0.841999560193912,TIME_LIMIT,23074,0,0,8,15
5,8,69329.0,-1.2249191407678026,-0.841999560193912,TIME_LIMIT,23097,0,0,11,5
5,8,69443.0,-1.2249191407678026,-0.841999560193912,TIME_LIMIT,23123,0,0,12,6
5,8,69510.0,-1.2248730602262803,-0.841999560193912,TIME_LIMIT,23145,0,0,13,2
5,8,69609.0,-1.2248730602262803,-0.841999560193912,TIME_LIMIT,23172,0,0,18,12
5,8,69711.0,-1.2248687619545249,-0.841999560193912,TIME_LIMIT,23195,0,0,16,11
5,8,69833.0,-1.2248687619545249,-0.841999560193912,TIME_LIMIT,23218,0,0,11,12
5,8,69906.0,-1.2248380883172525,-0.841999560193912,TIME_LIMIT,23249,0,0,8,8
5,8,69994.0,-1.2248380883172525,-0.841999560193912,TIME_LIMIT,23277,0,0,16,11
5,8,70088.0,-1.224762834013662,-0.841999560193912,TIME_LIMIT,23296,0,0,7,9
5,8,70175.0,-1.224762834013662,-0.841999560193912,TIME_LIMIT,23325,0,0,7,11
5,8,70268.0,-1.2246733424493177,-0.841999560193912,TIME_LIMIT,23351,0,0,20,8
5,8,70357.0,-1.2246733424493177,-0.841999560193912,TIME_LIMIT,23379,0,0,17,7
5,8,70412.0,-1.2242319924663891,-0.841999560193912,TIME_LIMIT,23402,0,0,17,6
5,8,70473.0,-1.2242319924663891,-0.841999560193912,TIME_LIMIT,23428,0,0,15,8
5,8,70500.0,-1.224176829814274,-0.841999560193912,TIME_LIMIT,23442,0,0,9,6
5,8,70562.0,-1.224176829814274,-0.841999560193912,TIME_LIMIT,23465,0,0,14,12
5,8,70636.0,-1.2239409271483128,-0.841999560193912,TIME_LIMIT,23499,0,0,3,7
5,8,70670.0,-1.2239409271483128,-0.841999560193912,TIME_LIMIT,23524,0,0,13,16
5,8,70758.0,-1.2239063102385246,-0.841999560193912,TIME_LIMIT,23549,0,0,9,7
5,8,70790.0,-1.2239063102385246,-0.841999560193912,TIME_LIMIT,23563,0,0,6,11
5,8,70895.0,-1.2237939996599059,-0.841999560193912,TIME_LIMIT,23595,0,0,12,3
5,8,71106.0,-1.2237939996599059,-0.841999560193912,TIME_LIMIT,23629,0,0,15,14
5,8,71210.0,-1.2236899556477263,-0.841999560193912,TIME_LIMIT,23656,0,0,22,5
5,8,71276.0,-1.2236899556477263,-0.841999560193912,TIME_LIMIT,23681,0,0,13,17
5,8,71336.0,-1.2236419230158766,-0.841999560193912,TIME_LIMIT,23710,0,0,12,6
5,8,71493.0,-1.2236419230158766,-0.841999560193912,TIME_LIMIT,23740,0,0,30,10
5,8,71593.0,-1.2236133811246244,-0.841999560193912,TIME_LIMIT,23769,0,0,15,13
5,8,71698.0,-1.2236133811246244,-0.841999560193912,TIME_LIMIT,23793,0,0,15,16
5,8,71794.0,-1.2235815252383642,-0.841999560193912,TIME_LIMIT,23820,0,0,8,6
5,8,71857.0,-1.2235815252383642,-0.841999560193912,TIME_LIMIT,23842,0,0,10,8
5,8,71978.0,-1.2234017700903663,-0.841999560193912,TIME_LIMIT,23874,0,0,7,9
5,8,72029.0,-1.2234017700903663,-0.841999560193912,TIME_LIMIT,23900,0,0,15,6
5,8,72088.0,-1.22313590325728,-0.841999560193912,TIME_LIMIT,23922,0,0,16,9
5,8,72178.0,-1.22313590325728,-0.841999560193912,TIME_LIMIT,23954,0,0,9,16
5,8,72282.0,-1.2231351567044955,-0.841999560193912,TIME_LIMIT,23981,0,0,14,17
5,8,72327.0,-1.2231351567044955,-0.841999560193912,TIME_LIMIT,23999,0,0,12,9
5,8,72373.0,-1.2230473186820823,-0.841999560193912,TIME_LIMIT,24026,0,0,8,6
5,8,72412.0,-1.2230473186820823,-0.841999560193912,TIME_LIMIT,24044,0,0,11,7
5,8,72480.0,-1.2229744350536909,-0.841999560193912,TIME_LIMIT,24072,0,0,2,9
5,8,72556.0,-1.2229744350536909,-0.841999560193912,TIME_LIMIT,24096,0,0,18,9
5,8,72616.0,-1.2229575732400506,-0.841999560193912,TIME_LIMIT,24123,0,0,16,8
5,8,72772.0,-1.2229575732400506,-0.841999560193912,TIME_LIMIT,24152,0,0,14,15
5,8,72920.0,-1.222894045775661,-0.841999560193912,TIME_LIMIT,24178,0,0,18,8
5,8,72956.0,-1.222894045775661,-0.841999560193912,TIME_LIMIT,24195,0,0,8,8
5,8,73017.0,-1.2228650899397202,-0.841999560193912,TIME_LIMIT,24227,0,0,11,6
5,8,73069.0,-1.2228650899397202,-0.841999560193912,TIME_LIMIT,24247,0,0,10,12
5,8,73171.0,-1.2227658657214397,-0.841999560193912,TIME_LIMIT,24281,0,0,7,6
5,8,73254.0,-1.2227658657214397,-0.841999560193912,TIME_LIMIT,24306,0,0,9,12
5,8,73341.0,-1.2225818773884745,-0.841999560193912,TIME_LIMIT,24340,0,0,6,7
5,8,73422.0,-1.2225818773884745,-0.841999560193912,TIME_LIMIT,24369,0,0,16,13
5,8,73504.0,-1.2225770245413177,-0.841999560193912,TIME_LIMIT,24395,0,0,22,10
5,8,73591.0,-1.2225770245413177,-0.841999560193912,TIME_LIMIT,24416,0,0,11,13
5,8,73631.0,-1.2221205828506214,-0.841999560193912,TIME_LIMIT,24436,0,0,10,2
5,8,73729.0,-1.2221205828506214,-0.841999560193912,TIME_LIMIT,24464,0,0,16,13
5,8,73822.0,-1.2218264415550284,-0.841999560193912,TIME_LIMIT,24499,0,0,13,9
5,8,73915.0,-1.2218264415550284,-0.841999560193912,TIME_LIMIT,24522,0,0,11,12
5,8,73964.0,-1.221775063955777,-0.841999560193912,TIME_LIMIT,24544,0,0,17,11
5,8,74148.0,-1.221775063955777,-0.841999560193912,TIME_LIMIT,24572,0,0,12,11
5,8,74213.0,-1.2217081433721046,-0.841999560193912,TIME_LIMIT,24602,0,0,5,4
5,8,74347.0,-1.2217081433721046,-0.841999560193912,TIME_LIMIT,24626,0,0,16,20
5,8,74413.0,-1.2216954887653628,-0.841999560193912,TIME_LIMIT,24651,0,0,8,11
5,8,74461.0,-1.2216954887653628,-0.841999560193912,TIME_LIMIT,24672,0,0,13,12
5,8,74540.0,-1.2215003488497695,-0.841999560193912,TIME_LIMIT,24694,0,0,6,6
5,8,74644.0,-1.2215003488497695,-0.841999560193912,TIME_LIMIT,24723,0,0,9,18
5,8,74746.0,-1.2214990209268997,-0.841999560193912,TIME_LIMIT,24757,0,0,11,10
5,8,74876.0,-1.2214990209268997,-0.841999560193912,TIME_LIMIT,24790,0,0,22,16
5,8,74978.0,-1.221496049682044,-0.841999560193912,TIME_LIMIT,24819,0,0,18,8
5,8,75181.0,-1.221496049682044,-0.841999560193912,TIME_LIMIT,24843,0,0,20,21
5,8,75288.0,-1.221492504977254,-0.841999560193912,TIME_LIMIT,24880,0,0,18,13
5,8,75335.0,-1.221492504977254,-0.841999560193912,TIME_LIMIT,24905,0,0,14,11
5,8,75376.0,-1.2212227589494775,-0.841999560193912,TIME_LIMIT,24924,0,0,11,5
5,8,75578.0,-1.2212227589494775,-0.841999560193912,TIME_LIMIT,24952,0,0,21,19
5,8,75709.0,-1.2211992352750216,-0.841999560193912,TIME_LIMIT,24981,0,0,20,16
5,8,75761.0,-1.2211992352750216,-0.841999560193912,TIME_LIMIT,25005,0,0,16,15
5,8,75809.0,-1.2211181937264066,-0.841999560193912,TIME_LIMIT,25032,0,0,15,2
5,8,75881.0,-1.2211181937264066,-0.841999560193912,TIME_LIMIT,25056,0,0,12,11
5,8,75990.0,-1.2210963255084146,-0.841999560193912,TIME_LIMIT,25080,0,0,19,12
5,8,76048.0,-1.2210963255084146,-0.841999560193912,TIME_LIMIT,25104,0,0,11,19
5,8,76243.0,-1.2208631058878685,-0.841999560193912,TIME_LIMIT,25146,0,0,17,12
5,8,76357.0,-1.2208631058878685,-0.841999560193912,TIME_LIMIT,25170,0,0,18,18
5,8,76479.0,-1.220719532559448,-0.841999560193912,TIME_LIMIT,25202,0,0,11,7
5,8,76559.0,-1.220719532559448,-0.841999560193912,TIME_LIMIT,25225,0,0,10,11
5,8,76606.0,-1.2206953482047274,-0.841999560193912,TIME_LIMIT,25250,0,0,12,2
5,8,76701.0,-1.2206953482047274,-0.841999560193912,TIME_LIMIT,25281,0,0,9,17
5,8,76764.0,-1.2206135013504038,-0.841999560193912,TIME_LIMIT,25306,0,0,11,10
5,8,76815.0,-1.2206135013504038,-0.841999560193912,TIME_LIMIT,25332,0,0,17,15
5,8,76886.0,-1.2206111244173976,-0.841999560193912,TIME_LIMIT,25355,0,0,6,3
5,8,77009.0,-1.2206111244173976,-0.841999560193912,TIME_LIMIT,25386,0,0,20,16
5,8,77095.0,-1.220604501953231,-0.841999560193912,TIME_LIMIT,25416,0,0,13,11
5,8,77157.0,-1.220604501953231,-0.841999560193912,TIME_LIMIT,25436,0,0,13,9
5,8,77255.0,-1.2206042326165836,-0.841999560193912,TIME_LIMIT,25471,0,0,6,8
5,8,77297.0,-1.2206042326165836,-0.841999560193912,TIME_LIMIT,25487,0,0,6,4
5,8,77330.0,-1.2205585359222684,-0.841999560193912,TIME_LIMIT,25504,0,0,6,2
5,8,77398.0,-1.2205585359222684,-0.841999560193912,TIME_LIMIT,25526,0,0,10,14
5,8,77443.0,-1.2205339784377485,-0.841999560193912,TIME_LIMIT,25552,0,0,10,4
5,8,77522.0,-1.2205339784377485,-0.841999560193912,TIME_LIMIT,25574,0,0,13,7
5,8,77550.0,-1.22052625895143,-0.841999560193912,TIME_LIMIT,25588,0,0,11,2
5,8,77753.0,-1.22052625895143,-0.841999560193912,TIME_LIMIT,25618,0,0,12,22
5,8,77833.0,-1.2203006181158012,-0.841999560193912,TIME_LIMIT,25639,0,0,13,11
5,8,77890.0,-1.2203006181158012,-0.841999560193912,TIME_LIMIT,25660,0,0,17,14
5,8,78023.0,-1.2202600874495166,-0.841999560193912,TIME_LIMIT,25695,0,0,10,12
5,8,78063.0,-1.2202600874495166,-0.841999560193912,TIME_LIMIT,25709,0,0,9,5
5,8,78118.0,-1.2202177194297443,-0.841999560193912,TIME_LIMIT,25737,0,0,13,10
5,8,78196.0,-1.2202177194297443,-0.841999560193912,TIME_LIMIT,25764,0,0,17,21
5,8,78294.0,-1.2200912870176843,-0.841999560193912,TIME_LIMIT,25799,0,0,14,11
5,8,78375.0,-1.2200912870176843,-0.841999560193912,TIME_LIMIT,25819,0,0,11,17
5,8,78422.0,-1.2200684277130482,-0.841999560193912,TIME_LIMIT,25847,0,0,10,10
5,8,78534.0,-1.2200684277130482,-0.841999560193912,TIME_LIMIT,25878,0,0,11,8
5,8,78635.0,-1.2199995802299297,-0.841999560193912,TIME_LIMIT,25903,0,0,14,17
5,8,78754.0,-1.2199995802299297,-0.841999560193912,TIME_LIMIT,25933,0,0,11,7
5,8,78841.0,-1.219914659554274,-0.841999560193912,TIME_LIMIT,25952,0,0,7,8
5,8,78907.0,-1.219914659554274,-0.841999560193912,TIME_LIMIT,25979,0,0,13,10
5,8,78988.0,-1.2198999248089732,-0.841999560193912,TIME_LIMIT,25999,0,0,9,7
5,8,79041.0,-1.2198999248089732,-0.841999560193912,TIME_LIMIT,26018,0,0,13,13
5,8,79079.0,-1.2197882119018606,-0.841999560193912,TIME_LIMIT,26039,0,0,9,2
5,8,79138.0,-1.2197882119018606,-0.841999560193912,TIME_LIMIT,26064,0,0,19,12
5,8,79182.0,-1.219730054511601,-0.841999560193912,TIME_LIMIT,26086,0,0,12,3
5,8,79207.0,-1.219730054511601,-0.841999560193912,TIME_LIMIT,26103,0,0,7,16
5,8,79252.0,-1.219728632197979,-0.841999560193912,TIME_LIMIT,26128,0,0,3,5
5,8,79358.0,-1.219728632197979,-0.841999560193912,TIME_LIMIT,26152,0,0,13,10
5,8,79433.0,-1.2196533420235243,-0.841999560193912,TIME_LIMIT,26171,0,0,10,2
5,8,79576.0,-1.2196533420235243,-0.841999560193912,TIME_LIMIT,26198,0,0,10,8
5,8,79636.0,-1.219472082610869,-0.841999560193912,TIME_LIMIT,26224,0,0,12,5
5,8,79688.0,-1.219472082610869,-0.841999560193912,TIME_LIMIT,26245,0,0,13,8
5,8,79740.0,-1.2194180734534428,-0.841999560193912,TIME_LIMIT,26266,0,0,9,6
5,8,79800.0,-1.2194180734534428,-0.841999560193912,TIME_LIMIT,26288,0,0,11,7
5,8,79875.0,-1.2193870058670289,-0.841999560193912,TIME_LIMIT,26319,0,0,15,7
5,8,79982.0,-1.2193870058670289,-0.841999560193912,TIME_LIMIT,26341,0,0,16,9
5,8,80069.0,-1.2192507730757682,-0.841999560193912,TIME_LIMIT,26364,0,0,10,7
5,8,80147.0,-1.2192507730757682,-0.841999560193912,TIME_LIMIT,26387,0,0,4,16
5,8,80220.0,-1.2192345610590385,-0.841999560193912,TIME_LIMIT,26407,0,0,11,5
5,8,80240.0,-1.2192345610590385,-0.841999560193912,TIME_LIMIT,26424,0,0,9,6
5,8,80284.0,-1.2192288279376464,-0.841999560193912,TIME_LIMIT,26439,0,0,8,4
5,8,80344.0,-1.2192288279376464,-0.841999560193912,TIME_LIMIT,26459,0,0,9,7
5,8,80387.0,-1.2191160783286565,-0.841999560193912,TIME_LIMIT,26481,0,0,10,4
5,8,80470.0,-1.2191160783286565,-0.841999560193912,TIME_LIMIT,26507,0,0,10,8
5,8,80522.0,-1.2190453718985923,-0.841999560193912,TIME_LIMIT,26522,0,0,7,4
5,8,80554.0,-1.2190453718985923,-0.841999560193912,TIME_LIMIT,26546,0,0,16,12
5,8,80602.0,-1.2189844535490115,-0.841999560193912,TIME_LIMIT,26568,0,0,9,6
5,8,80701.0,-1.2189844535490115,-0.841999560193912,TIME_LIMIT,26596,0,0,22,14
5,8,80778.0,-1.2189523842026904,-0.841999560193912,TIME_LIMIT,26615,0,0,14,5
5,8,80806.0,-1.2189523842026904,-0.841999560193912,TIME_LIMIT,26634,0,0,10,21
5,8,80980.0,-1.2188892484147318,-0.841999560193912,TIME_LIMIT,26677,0,0,16,8
5,8,81179.0,-1.2188892484147318,-0.841999560193912,TIME_LIMIT,26706,0,0,21,12
5,8,81300.0,-1.2188758760175091,-0.841999560193912,TIME_LIMIT,26733,0,0,13,10
5,8,81360.0,-1.2188758760175091,-0.841999560193912,TIME_LIMIT,26750,0,0,7,18
5,8,81472.0,-1.2188328631783414,-0.841999560193912,TIME_LIMIT,26784,0,0,13,7
5,8,81570.0,-1.2188328631783414,-0.841999560193912,TIME_LIMIT,26810,0,0,21,8
5,8,81651.0,-1.2184943236518622,-0.841999560193912,TIME_LIMIT,26833,0,0,19,6
5,8,81720.0,-1.2184943236518622,-0.841999560193912,TIME_LIMIT,26858,0,0,16,13
5,8,81826.0,-1.2184334208518899,-0.841999560193912,TIME_LIMIT,26884,0,0,16,2
5,8,81877.0,-1.2184334208518899,-0.841999560193912,TIME_LIMIT,26905,0,0,15,12
5,8,81977.0,-1.2184043230427926,-0.841999560193912,TIME_LIMIT,26928,0,0,12,7
5,8,82084.0,-1.2184043230427926,-0.841999560193912,TIME_LIMIT,26952,0,0,14,24
5,8,82255.0,-1.2183911776195935,-0.841999560193912,TIME_LIMIT,26990,0,0,18,16
5,8,82407.0,-1.2183911776195935,-0.841999560193912,TIME_LIMIT,27010,0,0,14,22
5,8,82552.0,-1.2183721771121596,-0.841999560193912,TIME_LIMIT,27047,0,0,6,10
5,8,82617.0,-1.2183721771121596,-0.841999560193912,TIME_LIMIT,27075,0,0,11,3
5,8,82669.0,-1.218338922198771,-0.841999560193912,TIME_LIMIT,27095,0,0,13,12
5,8,82769.0,-1.218338922198771,-0.841999560193912,TIME_LIMIT,27116,0,0,14,11
5,8,82873.0,-1.2183222878171192,-0.841999560193912,TIME_LIMIT,27150,0,0,11,12
5,8,82953.0,-1.2183222878171192,-0.841999560193912,TIME_LIMIT,27170,0,0,15,9
5,8,83007.0,-1.2182183057627307,-0.841999560193912,TIME_LIMIT,27200,0,0,8,7
5,8,83063.0,-1.2182183057627307,-0.841999560193912,TIME_LIMIT,27218,0,0,6,14
5,8,83126.0,-1.2182135838343788,-0.841999560193912,TIME_LIMIT,27250,0,0,13,5
5,8,83169.0,-1.2182135838343788,-0.841999560193912,TIME_LIMIT,27270,0,0,14,10
5,8,83223.0,-1.2181172064702486,-0.841999560193912,TIME_LIMIT,27300,0,0,8,6
5,8,83326.0,-1.2181172064702486,-0.841999560193912,TIME_LIMIT,27323,0,0,8,14
5,8,83379.0,-1.218107317153922,-0.841999560193912,TIME_LIMIT,27353,0,0,11,8
5,8,83438.0,-1.218107317153922,-0.841999560193912,TIME_LIMIT,27374,0,0,5,6
5,8,83514.0,-1.2179686581914149,-0.841999560193912,TIME_LIMIT,27392,0,0,12,6
5,8,83582.0,-1.2179686581914149,-0.841999560193912,TIME_LIMIT,27414,0,0,6,12
5,8,83669.0,-1.217917627793597,-0.841999560193912,TIME_LIMIT,27437,0,0,7,3
5,8,83765.0,-1.217917627793597,-0.841999560193912,TIME_LIMIT,27455,0,0,6,6
5,8,83831.0,-1.2177152190818965,-0.841999560193912,TIME_LIMIT,27476,0,0,12,2
5,8,83995.0,-1.2177152190818965,-0.841999560193912,TIME_LIMIT,27499,0,0,16,22
5,8,84117.0,-1.2176835207385148,-0.841999560193912,TIME_LIMIT,27542,0,0,10,11
5,8,84170.0,-1.2176835207385148,-0.841999560193912,TIME_LIMIT,27562,0,0,5,6
5,8,84190.0,-1.217613982834132,-0.841999560193912,TIME_LIMIT,27583,0,0,11,2
5,8,84231.0,-1.217613982834132,-0.841999560193912,TIME_LIMIT,27604,0,0,9,5
5,8,84254.0,-1.217463586511315,-0.841999560193912,TIME_LIMIT,27618,0,0,6,7
5,8,84344.0,-1.217463586511315,-0.841999560193912,TIME_LIMIT,27637,0,0,15,19
5,8,84397.0,-1.2173888106933082,-0.841999560193912,TIME_LIMIT,27667,0,0,3,4
5,8,84448.0,-1.2173888106933082,-0.841999560193912,TIME_LIMIT,27692,0,0,14,22
5,8,84552.0,-1.2173834674783304,-0.841999560193912,TIME_LIMIT,27728,0,0,6,8
5,8,84641.0,-1.2173834674783304,-0.841999560193912,TIME_LIMIT,27753,0,0,19,7
5,8,84683.0,-1.2172874404722538,-0.841999560193912,TIME_LIMIT,27772,0,0,13,4
5,8,84750.0,-1.2172874404722538,-0.841999560193912,TIME_LIMIT,27795,0,0,12,6
5,8,84941.0,-1.217261688676204,-0.841999560193912,TIME_LIMIT,27835,0,0,11,9
5,8,84989.0,-1.217261688676204,-0.841999560193912,TIME_LIMIT,27856,0,0,7,11
5,8,85054.0,-1.2172069825659633,-0.841999560193912,TIME_LIMIT,27883,0,0,10,5
5,8,85095.0,-1.2172069825659633,-0.841999560193912,TIME_LIMIT,27896,0,0,9,9
5,8,85193.0,-1.2171890733513846,-0.841999560193912,TIME_LIMIT,27928,0,0,7,5
5,8,85282.0,-1.2171890733513846,-0.841999560193912,TIME_LIMIT,27948,0,0,12,6
5,8,85387.0,-1.2170701817948244,-0.841999560193912,TIME_LIMIT,27975,0,0,10,3
5,8,85426.0,-1.2170701817948244,-0.841999560193912,TIME_LIMIT,27998,0,0,11,7
5,8,85458.0,-1.2169242788768837,-0.841999560193912,TIME_LIMIT,28015,0,0,12,7
5,8,85511.0,-1.2169242788768837,-0.841999560193912,TIME_LIMIT,28037,0,0,19,6
5,8,85605.0,-1.2168571191113366,-0.841999560193912,TIME_LIMIT,28056,0,0,13,10
5,8,85814.0,-1.2168571191113366,-0.841999560193912,TIME_LIMIT,28083,0,0,27,18
5,8,85915.0,-1.2168091015607634,-0.841999560193912,TIME_LIMIT,28116,0,0,5,8
5,8,85969.0,-1.2168091015607634,-0.841999560193912,TIME_LIMIT,28137,0,0,10,4
5,8,86039.0,-1.21675827026345,-0.841999560193912,TIME_LIMIT,28156,0,0,13,5
5,8,86149.0,-1.21675827026345,-0.841999560193912,TIME_LIMIT,28173,0,0,13,15
5,8,86344.0,-1.21675301173009,-0.841999560193912,TIME_LIMIT,28204,0,0,17,8
5,8,86409.0,-1.21675301173009,-0.841999560193912,TIME_LIMIT,28228,0,0,13,14
5,8,86533.0,-1.2167085129501798,-0.841999560193912,TIME_LIMIT,28266,0,0,9,5
5,8,86566.0,-1.2167085129501798,-0.841999560193912,TIME_LIMIT,28289,0,0,14,3
5,8,86650.0,-1.2166270060763704,-0.841999560193912,TIME_LIMIT,28316,0,0,16,6
5,8,86753.0,-1.2166270060763704,-0.841999560193912,TIME_LIMIT,28344,0,0,12,8
5,8,86795.0,-1.216496828175358,-0.841999560193912,TIME_LIMIT,28363,0,0,10,7
5,8,86849.0,-1.216496828175358,-0.841999560193912,TIME_LIMIT,28380,0,0,10,15
5,8,86943.0,-1.2164167383593911,-0.841999560193912,TIME_LIMIT,28413,0,0,11,7
5,8,87071.0,-1.2164167383593911,-0.841999560193912,TIME_LIMIT,28437,0,0,19,21
5,8,87247.0,-1.2164083218069226,-0.841999560193912,TIME_LIMIT,28478,0,0,17,20
5,8,87318.0,-1.2164083218069226,-0.841999560193912,TIME_LIMIT,28497,0,0,15,14
5,8,87449.0,-1.2163170552493399,-0.841999560193912,TIME_LIMIT,28527,0,0,4,7
5,8,87615.0,-1.2163170552493399,-0.841999560193912,TIME_LIMIT,28564,0,0,16,18
5,8,87683.0,-1.216239339675718,-0.841999560193912,TIME_LIMIT,28594,0,0,12,7
5,8,87798.0,-1.216239339675718,-0.841999560193912,TIME_LIMIT,28620,0,0,8,16
5,8,87866.0,-1.2160264638957248,-0.841999560193912,TIME_LIMIT,28650,0,0,8,11
5,8,87970.0,-1.2160264638957248,-0.841999560193912,TIME_LIMIT,28675,0,0,20,17
5,8,88107.0,-1.2158316123202875,-0.841999560193912,TIME_LIMIT,28703,0,0,11,12
5,8,88268.0,-1.2158316123202875,-0.841999560193912,TIME_LIMIT,28734,0,0,11,17
5,8,88400.0,-1.2157668435645974,-0.841999560193912,TIME_LIMIT,28762,0,0,19,9
5,8,88458.0,-1.2157668435645974,-0.841999560193912,TIME_LIMIT,28785,0,0,17,14
5,8,88517.0,-1.215722230664444,-0.841999560193912,TIME_LIMIT,28804,0,0,5,5
5,8,88600.0,-1.215722230664444,-0.841999560193912,TIME_LIMIT,28826,0,0,16,17
5,8,88658.0,-1.2156710464755867,-0.841999560193912,TIME_LIMIT,28853,0,0,14,5
5,8,88703.0,-1.2156710464755867,-0.841999560193912,TIME_LIMIT,28875,0,0,16,14
5,8,88777.0,-1.2156440968523015,-0.841999560193912,TIME_LIMIT,28901,0,0,6,7
5,8,88928.0,-1.2156440968523015,-0.841999560193912,TIME_LIMIT,28931,0,0,13,15
5,8,89054.0,-1.2156074569359365,-0.841999560193912,TIME_LIMIT,28960,0,0,10,20
5,8,89157.0,-1.2156074569359365,-0.841999560193912,TIME_LIMIT,28989,0,0,15,20
5,8,89226.0,-1.2156048646898951,-0.841999560193912,TIME_LIMIT,29021,0,0,11,10
5,8,89361.0,-1.2156048646898951,-0.841999560193912,TIME_LIMIT,29049,0,0,10,11
5,8,89431.0,-1.215578666998201,-0.841999560193912,TIME_LIMIT,29069,0,0,16,8
5,8,89488.0,-1.215578666998201,-0.841999560193912,TIME_LIMIT,29091,0,0,12,11
5,8,89569.0,-1.2155288157275863,-0.841999560193912,TIME_LIMIT,29113,0,0,9,9
5,8,89595.0,-1.2155288157275863,-0.841999560193912,TIME_LIMIT,29128,0,0,10,16
5,8,89644.0,-1.2154686274084983,-0.841999560193912,TIME_LIMIT,29148,0,0,11,0
5,8,89699.0,-1.2154686274084983,-0.841999560193912,TIME_LIMIT,29167,0,0,12,6
5,8,89725.0,-1.2154310393963974,-0.841999560193912,TIME_LIMIT,29182,0,0,11,7
5,8,89851.0,-1.2154310393963974,-0.841999560193912,TIME_LIMIT,29211,0,0,12,20
5,8,90003.0,-1.215327996231228,-0.841999560193912,TIME_LIMIT,29240,0,0,6,7
5,8,90176.0,-1.215327996231228,-0.841999560193912,TIME_LIMIT,29272,0,0,14,13
5,8,90268.0,-1.2152351538392956,-0.841999560193912,TIME_LIMIT,29295,0,0,11,8
5,8,90420.0,-1.2152351538392956,-0.841999560193912,TIME_LIMIT,29323,0,0,12,15
5,8,90465.0,-1.2151255269958976,-0.841999560193912,TIME_LIMIT,29348,0,0,15,2
5,8,90527.0,-1.2151255269958976,-0.841999560193912,TIME_LIMIT,29371,0,0,12,7
5,8,90573.0,-1.2150795790468178,-0.841999560193912,TIME_LIMIT,29390,0,0,11,5
5,8,90614.0,-1.2150795790468178,-0.841999560193912,TIME_LIMIT,29412,0,0,5,11
5,8,90723.0,-1.215038353527298,-0.841999560193912,TIME_LIMIT,29429,0,0,14,12
5,8,90749.0,-1.215038353527298,-0.841999560193912,TIME_LIMIT,29448,0,0,12,11
5,8,90895.0,-1.2150187504421828,-0.841999560193912,TIME_LIMIT,29476,0,0,6,5
5,8,90960.0,-1.2150187504421828,-0.841999560193912,TIME_LIMIT,29502,0,0,13,12
5,8,91062.0,-1.2149926980093932,-0.841999560193912,TIME_LIMIT,29534,0,0,8,10
5,8,91262.0,-1.2149926980093932,-0.841999560193912,TIME_LIMIT,29559,0,0,22,27
5,8,91345.0,-1.2148701999798734,-0.841999560193912,TIME_LIMIT,29598,0,0,11,10
5,8,91418.0,-1.2148701999798734,-0.841999560193912,TIME_LIMIT,29620,0,0,16,20
5,8,91507.0,-1.21481504740549,-0.841999560193912,TIME_LIMIT,29645,0,0,14,22
5,8,91601.0,-1.21481504740549,-0.841999560193912,TIME_LIMIT,29673,0,0,6,10
5,8,91653.0,-1.2147425642378105,-0.841999560193912,TIME_LIMIT,29689,0,0,14,7
5,8,91673.0,-1.2147425642378105,-0.841999560193912,TIME_LIMIT,29704,0,0,13,14
5,8,91711.0,-1.2147006650328191,-0.841999560193912,TIME_LIMIT,29721,0,0,9,4
5,8,91874.0,-1.2147006650328191,-0.841999560193912,TIME_LIMIT,29748,0,0,19,23
5,8,91947.0,-1.2146918233701591,-0.841999560193912,TIME_LIMIT,29784,0,0,14,8
5,8,92159.0,-1.2146918233701591,-0.841999560193912,TIME_LIMIT,29815,0,0,21,23
5,8,92331.0,-1.2143983907028917,-0.841999560193912,TIME_LIMIT,29846,0,0,21,6
5,8,92376.0,-1.2143983907028917,-0.841999560193912,TIME_LIMIT,29863,0,0,7,8
5,8,92394.0,-1.214368187770761,-0.841999560193912,TIME_LIMIT,29884,0,0,11,1
5,8,92465.0,-1.214368187770761,-0.841999560193912,TIME_LIMIT,29904,0,0,17,7
5,8,92523.0,-1.2142876045466984,-0.841999560193912,TIME_LIMIT,29923,0,0,7,1
5,8,92687.0,-1.2142876045466984,-0.841999560193912,TIME_LIMIT,29947,0,0,20,12
5,8,92750.0,-1.2142831592809948,-0.841999560193912,TIME_LIMIT,29979,0,0,13,5
5,8,92880.0,-1.2142831592809948,-0.841999560193912,TIME_LIMIT,30003,0,0,10,17
5,8,92965.0,-1.2142415065531107,-0.841999560193912,TIME_LIMIT,30039,0,0,11,5
5,8,93123.0,-1.2142415065531107,-0.841999560193912,TIME_LIMIT,30066,0,0,11,16
5,8,93231.0,-1.2141743082251772,-0.841999560193912,TIME_LIMIT,30089,0,0,12,10
5,8,93372.0,-1.2141743082251772,-0.841999560193912,TIME_LIMIT,30117,0,0,22,15
5,8,93617.0,-1.214141436748702,-0.841999560193912,TIME_LIMIT,30157,0,0,16,13
5,8,93753.0,-1.214141436748702,-0.841999560193912,TIME_LIMIT,30186,0,0,20,14
5,8,93814.0,-1.214139971248618,-0.841999560193912,TIME_LIMIT,30210,0,0,10,7
5,8,93918.0,-1.214139971248618,-0.841999560193912,TIME_LIMIT,30235,0,0,5,13
5,8,93998.0,-1.2140097327663542,-0.841999560193912,TIME_LIMIT,30260,0,0,19,10
5,8,94056.0,-1.2140097327663542,-0.841999560193912,TIME_LIMIT,30280,0,0,10,16
5,8,94129.0,-1.2139754561767933,-0.841999560193912,TIME_LIMIT,30312,0,0,13,7
5,8,94240.0,-1.2139754561767933,-0.841999560193912,TIME_LIMIT,30336,0,0,12,20
5,8,94348.0,-1.2139415401253726,-0.841999560193912,TIME_LIMIT,30378,0,0,14,10
5,8,94442.0,-1.2139415401253726,-0.841999560193912,TIME_LIMIT,30404,0,0,13,5
5,8,94493.0,-1.2137940036251575,-0.841999560193912,TIME_LIMIT,30424,0,0,17,7
5,8,94621.0,-1.2137940036251575,-0.841999560193912,TIME_LIMIT,30457,0,0,19,15
5,8,94717.0,-1.2137322181529437,-0.841999560193912,TIME_LIMIT,30484,0,0,10,7
5,8,94762.0,-1.2137322181529437,-0.841999560193912,TIME_LIMIT,30504,0,0,11,11
5,8,94818.0,-1.2137189761661784,-0.841999560193912,TIME_LIMIT,30520,0,0,9,6
5,8,94952.0,-1.2137189761661784,-0.841999560193912,TIME_LIMIT,30545,0,0,12,20
5,8,95001.0,-1.2135649462059235,-0.841999560193912,TIME_LIMIT,30569,0,0,7,8
5,8,95152.0,-1.2135649462059235,-0.841999560193912,TIME_LIMIT,30591,0,0,8,15
5,8,95237.0,-1.2134394721120518,-0.841999560193912,TIME_LIMIT,30621,0,0,16,6
5,8,95294.0,-1.2134394721120518,-0.841999560193912,TIME_LIMIT,30645,0,0,8,11
5,8,95375.0,-1.2134091544624588,-0.841999560193912,TIME_LIMIT,30673,0,0,4,5
5,8,95447.0,-1.2134091544624588,-0.841999560193912,TIME_LIMIT,30699,0,0,14,5
5,8,95531.0,-1.213384809479913,-0.841999560193912,TIME_LIMIT,30722,0,0,19,9
5,8,95628.0,-1.213384809479913,-0.841999560193912,TIME_LIMIT,30745,0,0,9,12
5,8,95742.0,-1.213373405193448,-0.841999560193912,TIME_LIMIT,30771,0,0,9,5
5,8,95890.0,-1.213373405193448,-0.841999560193912,TIME_LIMIT,30792,0,0,8,14
5,8,95993.0,-1.2133642933036781,-0.841999560193912,TIME_LIMIT,30819,0,0,15,14
5,8,96081.0,-1.2133642933036781,-0.841999560193912,TIME_LIMIT,30839,0,0,10,2
5,8,96107.0,-1.2133006566040132,-0.841999560193912,TIME_LIMIT,30857,0,0,5,7
5,8,96149.0,-1.2133006566040132,-0.841999560193912,TIME_LIMIT,30871,0,0,16,16
5,8,96236.0,-1.2132998302655238,-0.841999560193912,TIME_LIMIT,30906,0,0,9,6
5,8,96306.0,-1.2132998302655238,-0.841999560193912,TIME_LIMIT,30928,0,0,15,14
5,8,96362.0,-1.213249488559736,-0.841999560193912,TIME_LIMIT,30954,0,0,5,5
5,8,96449.0,-1.213249488559736,-0.841999560193912,TIME_LIMIT,30973,0,0,5,9
5,8,96476.0,-1.2131821182493288,-0.841999560193912,TIME_LIMIT,30998,0,0,10,2
5,8,96614.0,-1.2131821182493288,-0.841999560193912,TIME_LIMIT,31024,0,0,9,13
5,8,96716.0,-1.213145026371537,-0.841999560193912,TIME_LIMIT,31062,0,0,17,10
5,8,96837.0,-1.213145026371537,-0.841999560193912,TIME_LIMIT,31085,0,0,11,7
5,8,96893.0,-1.212998001265546,-0.841999560193912,TIME_LIMIT,31107,0,0,19,6
5,8,97077.0,-1.212998001265546,-0.841999560193912,TIME_LIMIT,31130,0,0,22,31
5,8,97178.0,-1.2129086713790025,-0.841999560193912,TIME_LIMIT,31167,0,0,16,11
5,8,97300.0,-1.2129086713790025,-0.841999560193912,TIME_LIMIT,31189,0,0,12,15
5,8,97500.0,-1.212669740689735,-0.841999560193912,TIME_LIMIT,31229,0,0,13,7
5,8,97544.0,-1.212669740689735,-0.841999560193912,TIME_LIMIT,31248,0,0,13,4
5,8,97567.0,-1.212551286474436,-0.841999560193912,TIME_LIMIT,31267,0,0,10,1
5,8,97689.0,-1.212551286474436,-0.841999560193912,TIME_LIMIT,31298,0,0,14,15
5,8,97762.0,-1.212538698388896,-0.841999560193912,TIME_LIMIT,31325,0,0,16,13
5,8,97821.0,-1.212538698388896,-0.841999560193912,TIME_LIMIT,31352,0,0,5,10
5,8,97869.0,-1.2124186940832886,-0.841999560193912,TIME_LIMIT,31372,0,0,9,10
5,8,97966.0,-1.2124186940832886,-0.841999560193912,TIME_LIMIT,31397,0,0,19,16
5,8,98154.0,-1.2123790909196925,-0.841999560193912,TIME_LIMIT,31440,0,0,20,14
5,8,98227.0,-1.2123790909196925,-0.841999560193912,TIME_LIMIT,31462,0,0,9,10
5,8,98282.0,-1.2123325136289473,-0.841999560193912,TIME_LIMIT,31485,0,0,3,5
5,8,98389.0,-1.2123325136289473,-0.841999560193912,TIME_LIMIT,31513,0,0,13,14
5,8,98466.0,-1.2123217326013873,-0.841999560193912,TIME_LIMIT,31536,0,0,11,9
5,8,98610.0,-1.2123217326013873,-0.841999560193912,TIME_LIMIT,31567,0,0,14,23
5,8,98696.0,-1.2123094025772794,-0.841999560193912,TIME_LIMIT,31592,0,0,12,4
5,8,98862.0,-1.2123094025772794,-0.841999560193912,TIME_LIMIT,31620,0,0,19,26
5,8,99023.0,-1.2122245173117785,-0.841999560193912,TIME_LIMIT,31651,0,0,16,10
5,8,99086.0,-1.2122245173117785,-0.841999560193912,TIME_LIMIT,31670,0,0,17,14
5,8,99160.0,-1.2121784342752675,-0.841999560193912,TIME_LIMIT,31700,0,0,9,6
5,8,99196.0,-1.2121784342752675,-0.841999560193912,TIME_LIMIT,31717,0,0,15,15
5,8,99284.0,-1.212161292519107,-0.841999560193912,TIME_LIMIT,31747,0,0,10,11
5,8,99349.0,-1.212161292519107,-0.841999560193912,TIME_LIMIT,31772,0,0,9,8
5,8,99437.0,-1.2121234391559406,-0.841999560193912,TIME_LIMIT,31796,0,0,6,3
5,8,99499.0,-1.2121234391559406,-0.841999560193912,TIME_LIMIT,31817,0,0,11,10
5,8,99543.0,-1.2119296594126978,-0.841999560193912,TIME_LIMIT,31835,0,0,12,5
5,8,99731.0,-1.2119296594126978,-0.841999560193912,TIME_LIMIT,31857,0,0,13,9
5,8,99813.0,-1.2119200489015094,-0.841999560193912,TIME_LIMIT,31890,0,0,10,9
5,8,99985.0,-1.2119200489015094,-0.841999560193912,TIME_LIMIT,31924,0,0,19,31
5,8,100136.0,-1.2119174944605393,-0.841999560193912,TIME_LIMIT,31961,0,0,8,11
5,8,100196.0,-1.2119174944605393,-0.841999560193912,TIME_LIMIT,31985,0,0,15,9
5,8,100256.0,-1.2118915253837146,-0.841999560193912,TIME_LIMIT,32011,0,0,12,12
5,8,100365.0,-1.2118915253837146,-0.841999560193912,TIME_LIMIT,32039,0,0,15,16
5,8,100419.0,-1.2118783485845812,-0.841999560193912,TIME_LIMIT,32063,0,0,10,11
5,8,100509.0,-1.2118783485845812,-0.841999560193912,TIME_LIMIT,32087,0,0,8,11
5,8,100696.0,-1.2118439602701796,-0.841999560193912,TIME_LIMIT,32118,0,0,9,4
5,8,100725.0,-1.2118439602701796,-0.841999560193912,TIME_LIMIT,32139,0,0,14,9
5,8,100781.0,-1.2118069878920614,-0.841999560193912,TIME_LIMIT,32166,0,0,6,5
5,8,100859.0,-1.2118069878920614,-0.841999560193912,TIME_LIMIT,32190,0,0,1,5
5,8,100915.0,-1.2118012355479917,-0.841999560193912,TIME_LIMIT,32216,0,0,11,8
5,8,100990.0,-1.2118012355479917,-0.841999560193912,TIME_LIMIT,32237,0,0,8,19
5,8,101078.0,-1.2117574799516984,-0.841999560193912,TIME_LIMIT,32271,0,0,7,5
5,8,101259.0,-1.2117574799516984,-0.841999560193912,TIME_LIMIT,32304,0,0,20,18
5,8,101401.0,-1.2117561340230343,-0.841999560193912,TIME_LIMIT,32332,0,0,11,7
5,8,101462.0,-1.2117561340230343,-0.841999560193912,TIME_LIMIT,32351,0,0,10,19
5,8,101540.0,-1.2116733689846588,-0.841999560193912,TIME_LIMIT,32382,0,0,13,6
5,8,101641.0,-1.2116733689846588,-0.841999560193912,TIME_LIMIT,32409,0,0,15,26
5,8,101711.0,-1.2116401982299303,-0.841999560193912,TIME_LIMIT,32435,0,0,13,14
5,8,101866.0,-1.2116401982299303,-0.841999560193912,TIME_LIMIT,32463,0,0,17,14
5,8,102029.0,-1.211535982005011,-0.841999560193912,TIME_LIMIT,32499,0,0,14,16
5,8,102187.0,-1.211535982005011,-0.841999560193912,TIME_LIMIT,32524,0,0,17,9
5,8,102276.0,-1.2114865215741308,-0.841999560193912,TIME_LIMIT,32546,0,0,13,11
5,8,102387.0,-1.2114865215741308,-0.841999560193912,TIME_LIMIT,32571,0,0,12,17
5,8,102475.0,-1.2113927402593123,-0.841999560193912,TIME_LIMIT,32608,0,0,8,11
5,8,102532.0,-1.2113927402593123,-0.841999560193912,TIME_LIMIT,32628,0,0,8,11
5,8,102584.0,-1.211392391362965,-0.841999560193912,TIME_LIMIT,32647,0,0,12,9
5,8,102794.0,-1.211392391362965,-0.841999560193912,TIME_LIMIT,32672,0,0,17,21
5,8,102906.0,-1.2113670486785226,-0.841999560193912,TIME_LIMIT,32702,0,0,14,14
5,8,103109.0,-1.2113670486785226,-0.841999560193912,TIME_LIMIT,32732,0,0,9,17
5,8,103261.0,-1.2113527386750096,-0.841999560193912,TIME_LIMIT,32755,0,0,6,3
5,8,103339.0,-1.2113527386750096,-0.841999560193912,TIME_LIMIT,32777,0,0,9,10
5,8,103445.0,-1.2113347980269469,-0.841999560193912,TIME_LIMIT,32805,0,0,6,6
5,8,103565.0,-1.2113347980269469,-0.841999560193912,TIME_LIMIT,32832,0,0,13,11
5,8,103774.0,-1.2112246149463706,-0.841999560193912,TIME_LIMIT,32869,0,0,12,11
5,8,103821.0,-1.2112246149463706,-0.841999560193912,TIME_LIMIT,32892,0,0,9,7
5,8,103875.0,-1.2111689534081087,-0.841999560193912,TIME_LIMIT,32911,0,0,12,5
5,8,103946.0,-1.2111689534081087,-0.841999560193912,TIME_LIMIT,32936,0,0,15,7
5,8,104034.0,-1.2110737775922775,-0.841999560193912,TIME_LIMIT,32955,0,0,12,4
5,8,104134.0,-1.2110737775922775,-0.841999560193912,TIME_LIMIT,32981,0,0,13,15
5,8,104215.0,-1.2110358928575113,-0.841999560193912,TIME_LIMIT,33012,0,0,7,7
5,8,104289.0,-1.2110358928575113,-0.841999560193912,TIME_LIMIT,33034,0,0,19,15
5,8,104467.0,-1.2109869834974387,-0.841999560193912,TIME_LIMIT,33066,0,0,18,9
5,8,104617.0,-1.2109869834974387,-0.841999560193912,TIME_LIMIT,33098,0,0,24,7
5,8,104768.0,-1.210750927832238,-0.841999560193912,TIME_LIMIT,33121,0,0,17,18
5,8,104828.0,-1.210750927832238,-0.841999560193912,TIME_LIMIT,33146,0,0,6,7
5,8,104853.0,-1.210746227683912,-0.841999560193912,TIME_LIMIT,33168,0,0,10,10
5,8,104973.0,-1.210746227683912,-0.841999560193912,TIME_LIMIT,33197,0,0,6,8
5,8,105043.0,-1.2107133198858713,-0.841999560193912,TIME_LIMIT,33221,0,0,7,5
5,8,105135.0,-1.2107133198858713,-0.841999560193912,TIME_LIMIT,33238,0,0,11,19
5,8,105251.0,-1.2107001924893812,-0.841999560193912,TIME_LIMIT,33270,0,0,10,6
5,8,105463.0,-1.2107001924893812,-0.841999560193912,TIME_LIMIT,33294,0,0,12,12
5,8,105532.0,-1.2106977235571148,-0.8619484131774695,TIME_LIMIT,33319,0,0,4,6
5,8,105625.0,-1.2106977235571148,-0.8619484131774695,TIME_LIMIT,33338,0,0,16,16
5,8,105733.0,-1.2106618906064972,-0.8619484131774695,TIME_LIMIT,33369,0,0,10,6
5,8,105856.0,-1.2106618906064972,-0.8619484131774695,TIME_LIMIT,33400,0,0,14,13
5,8,105944.0,-1.2104949323613807,-0.8619484131774695,TIME_LIMIT,33423,0,0,11,9
5,8,106049.0,-1.2104949323613807,-0.8619484131774695,TIME_LIMIT,33445,0,0,16,12
5,8,106173.0,-1.2104285446039487,-0.8619484131774695,TIME_LIMIT,33483,0,0,7,8
5,8,106247.0,-1.2104285446039487,-0.8619484131774695,TIME_LIMIT,33507,0,0,14,10
5,8,106405.0,-1.2103754274811458,-0.8619484131774695,TIME_LIMIT,33533,0,0,14,10
5,8,106511.0,-1.2103754274811458,-0.8619484131774695,TIME_LIMIT,33556,0,0,11,10
5,8,106581.0,-1.2103398881731506,-0.8619484131774695,TIME_LIMIT,33574,0,0,12,7
5,8,106636.0,-1.2103398881731506,-0.8619484131774695,TIME_LIMIT,33594,0,0,9,12
5,8,106705.0,-1.2102817818324172,-0.8619484131774695,TIME_LIMIT,33626,0,0,10,7
5,8,106746.0,-1.2102817818324172,-0.8619484131774695,TIME_LIMIT,33638,0,0,15,12
5,8,106802.0,-1.2102194225058704,-0.8619484131774695,TIME_LIMIT,33665,0,0,8,7
5,8,106848.0,-1.2102194225058704,-0.8619484131774695,TIME_LIMIT,33687,0,0,17,14
5,8,106954.0,-1.2102129135039097,-0.8619484131774695,TIME_LIMIT,33720,0,0,14,6
5,8,107025.0,-1.2102129135039097,-0.8619484131774695,TIME_LIMIT,33743,0,0,12,6
5,8,107080.0,-1.210141463195415,-0.8619484131774695,TIME_LIMIT,33766,0,0,11,14
5,8,107140.0,-1.210141463195415,-0.8619484131774695,TIME_LIMIT,33787,0,0,9,4
5,8,107195.0,-1.2101378123818618,-0.8619484131774695,TIME_LIMIT,33807,0,0,6,1
5,8,107254.0,-1.2101378123818618,-0.8619484131774695,TIME_LIMIT,33832,0,0,11,7
5,8,107360.0,-1.2100456081954492,-0.8619484131774695,TIME_LIMIT,33851,0,0,10,9
5,8,107462.0,-1.2100456081954492,-0.8619484131774695,TIME_LIMIT,33875,0,0,10,12
5,8,107610.0,-1.209995535727268,-0.8619484131774695,TIME_LIMIT,33905,0,0,6,9
5,8,107728.0,-1.209995535727268,-0.8619484131774695,TIME_LIMIT,33926,0,0,11,12
5,8,107872.0,-1.2099359109459955,-0.8619484131774695,TIME_LIMIT,33961,0,0,10,8
5,8,107942.0,-1.2099359109459955,-0.8619484131774695,TIME_LIMIT,33985,0,0,6,10
5,8,108034.0,-1.2099179190968552,-0.8619484131774695,TIME_LIMIT,34014,0,0,16,2
5,8,108079.0,-1.2099179190968552,-0.8619484131774695,TIME_LIMIT,34035,0,0,12,16
5,8,108213.0,-1.2099135507834375,-0.8619484131774695,TIME_LIMIT,34074,0,0,9,11
5,8,108311.0,-1.2099135507834375,-0.8619484131774695,TIME_LIMIT,34102,0,0,9,8
5,8,108476.0,-1.2097236729378207,-0.8619484131774695,TIME_LIMIT,34138,0,0,17,10
5,8,108558.0,-1.2097236729378207,-0.8619484131774695,TIME_LIMIT,34158,0,0,6,12
5,8,108582.0,-1.2096611573054572,-0.8619484131774695,TIME_LIMIT,34184,0,0,15,12
5,8,108674.0,-1.2096611573054572,-0.8619484131774695,TIME_LIMIT,34211,0,0,19,17
5,8,108737.0,-1.2096239841692593,-0.8619484131774695,TIME_LIMIT,34239,0,0,9,3
5,8,108812.0,-1.2096239841692593,-0.8619484131774695,TIME_LIMIT,34266,0,0,11,14
5,8,108893.0,-1.2095456282844743,-0.8619484131774695,TIME_LIMIT,34297,0,0,6,10
5,8,108996.0,-1.2095456282844743,-0.8619484131774695,TIME_LIMIT,34325,0,0,11,12
5,8,109092.0,-1.209533044909013,-0.8619484131774695,TIME_LIMIT,34349,0,0,12,15
5,8,109221.0,-1.209533044909013,-0.8619484131774695,TIME_LIMIT,34371,0,0,11,17
5,8,109320.0,-1.2095312075664977,-0.8619484131774695,TIME_LIMIT,34403,0,0,9,4
5,8,109413.0,-1.2095312075664977,-0.8619484131774695,TIME_LIMIT,34427,0,0,12,11
5,8,109488.0,-1.2094570123683885,-0.8619484131774695,TIME_LIMIT,34462,0,0,16,10
5,8,109571.0,-1.2094570123683885,-0.8619484131774695,TIME_LIMIT,34480,0,0,15,13
5,8,109657.0,-1.2094325736053468,-0.8619484131774695,TIME_LIMIT,34509,0,0,11,9
5,8,109828.0,-1.2094325736053468,-0.8619484131774695,TIME_LIMIT,34538,0,0,20,10
5,8,109930.0,-1.2093903049852823,-0.8619484131774695,TIME_LIMIT,34559,0,0,12,3
5,8,109988.0,-1.2093903049852823,-0.8619484131774695,TIME_LIMIT,34578,0,0,13,15
5,8,110039.0,-1.209367249716796,-0.8619484131774695,TIME_LIMIT,34605,0,0,4,5
5,8,110134.0,-1.209367249716796,-0.8619484131774695,TIME_LIMIT,34632,0,0,11,10
5,8,110242.0,-1.2091721808393374,-0.8619484131774695,TIME_LIMIT,34657,0,0,13,8
5,8,110275.0,-1.2091721808393374,-0.8619484131774695,TIME_LIMIT,34671,0,0,8,1
5,8,110283.0,-1.2091272276503575,-0.8619484131774695,TIME_LIMIT,34684,0,0,4,3
5,8,110357.0,-1.2091272276503575,-0.8619484131774695,TIME_LIMIT,34709,0,0,6,18
5,8,110460.0,-1.2091211548772431,-0.8619484131774695,TIME_LIMIT,34739,0,0,10,8
5,8,110535.0,-1.2091211548772431,-0.8619484131774695,TIME_LIMIT,34755,0,0,18,14
5,8,110608.0,-1.209105791615798,-0.8619484131774695,TIME_LIMIT,34791,0,0,13,5
5,8,110660.0,-1.209105791615798,-0.8619484131774695,TIME_LIMIT,34812,0,0,9,4
5,8,110727.0,-1.2090392305820215,-0.8619484131774695,TIME_LIMIT,34832,0,0,9,8
5,8,110817.0,-1.2090392305820215,-0.8619484131774695,TIME_LIMIT,34858,0,0,15,6
5,8,110875.0,-1.209018626885351,-0.8619484131774695,TIME_LIMIT,34879,0,0,8,7
5,8,110921.0,-1.209018626885351,-0.8619484131774695,TIME_LIMIT,34904,0,0,7,10
5,8,111044.0,-1.2089529792283713,-0.8619484131774695,TIME_LIMIT,34942,0,0,11,12
5,8,111116.0,-1.2089529792283713,-0.8619484131774695,TIME_LIMIT,34966,0,0,7,12
5,8,111179.0,-1.2089480724302397,-0.8619484131774695,TIME_LIMIT,34991,0,0,7,6
5,8,111229.0,-1.2089480724302397,-0.8619484131774695,TIME_LIMIT,35013,0,0,10,7
5,8,111256.0,-1.2088531789222434,-0.8619484131774695,TIME_LIMIT,35034,0,0,10,7
5,8,111298.0,-1.2088531789222434,-0.8619484131774695,TIME_LIMIT,35050,0,0,8,4
5,8,111347.0,-1.2087718365090065,-0.8619484131774695,TIME_LIMIT,35071,0,0,10,3
5,8,111469.0,-1.2087718365090065,-0.8619484131774695,TIME_LIMIT,35099,0,0,7,7
5,8,111527.0,-1.2087600661736553,-0.8619484131774695,TIME_LIMIT,35119,0,0,11,8
5,8,111689.0,-1.2087600661736553,-0.8619484131774695,TIME_LIMIT,35149,0,0,5,13
5,8,111835.0,-1.2087345361483472,-0.8619484131774695,TIME_LIMIT,35189,0,0,15,13
5,8,111885.0,-1.2087345361483472,-0.8619484131774695,TIME_LIMIT,35209,0,0,7,8
5,8,111906.0,-1.2087252690050907,-0.8619484131774695,TIME_LIMIT,35223,0,0,8,3
5,8,112009.0,-1.2087252690050907,-0.8619484131774695,TIME_LIMIT,35248,0,0,15,27
5,8,112113.0,-1.208600601242306,-0.8619484131774695,TIME_LIMIT,35282,0,0,8,12
5,8,112220.0,-1.208600601242306,-0.8619484131774695,TIME_LIMIT,35310,0,0,10,12
5,8,112327.0,-1.2085653347515382,-0.8619484131774695,TIME_LIMIT,35331,0,0,8,5
5,8,112421.0,-1.2085653347515382,-0.8619484131774695,TIME_LIMIT,35360,0,0,11,15
5,8,112471.0,-1.2085406583200888,-0.8619484131774695,TIME_LIMIT,35378,0,0,9,3
5,8,112531.0,-1.2085406583200888,-0.8619484131774695,TIME_LIMIT,35402,0,0,16,14
5,8,112702.0,-1.2084676944889485,-0.8619484131774695,TIME_LIMIT,35440,0,0,8,5
5,8,112840.0,-1.2084676944889485,-0.8619484131774695,TIME_LIMIT,35468,0,0,8,6
5,8,112948.0,-1.2084441457766222,-0.8619484131774695,TIME_LIMIT,35497,0,0,17,3
5,8,113118.0,-1.2084441457766222,-0.8619484131774695,TIME_LIMIT,35526,0,0,14,12
5,8,113205.0,-1.2084344505722961,-0.8619484131774695,TIME_LIMIT,35557,0,0,11,8
5,8,113283.0,-1.2084344505722961,-0.8619484131774695,TIME_LIMIT,35576,0,0,12,17
5,8,113347.0,-1.2084148441574674,-0.8619484131774695,TIME_LIMIT,35607,0,0,13,11
5,8,113409.0,-1.2084148441574674,-0.8619484131774695,TIME_LIMIT,35628,0,0,8,11
5,8,113504.0,-1.2083949904025697,-0.8619484131774695,TIME_LIMIT,35656,0,0,7,5
5,8,113577.0,-1.2083949904025697,-0.8619484131774695,TIME_LIMIT,35677,0,0,14,15
5,8,113625.0,-1.2083449885645987,-0.8619484131774695,TIME_LIMIT,35704,0,0,10,6
5,8,113675.0,-1.2083449885645987,-0.8619484131774695,TIME_LIMIT,35725,0,0,17,9
5,8,113734.0,-1.2081889209554124,-0.8619484131774695,TIME_LIMIT,35749,0,0,9,4
5,8,113843.0,-1.2081889209554124,-0.8619484131774695,TIME_LIMIT,35777,0,0,16,22
5,8,113913.0,-1.2081005167269034,-0.8619484131774695,TIME_LIMIT,35808,0,0,3,4
5,8,113971.0,-1.2081005167269034,-0.8619484131774695,TIME_LIMIT,35829,0,0,15,11
5,8,114002.0,-1.208095952772758,-0.8619484131774695,TIME_LIMIT,35854,0,0,5,3
5,8,114098.0,-1.208095952772758,-0.8619484131774695,TIME_LIMIT,35877,0,0,16,14
5,8,114250.0,-1.208089771752775,-0.8619484131774695,TIME_LIMIT,35902,0,0,14,3
5,8,114271.0,-1.208089771752775,-0.8619484131774695,TIME_LIMIT,35920,0,0,12,10
5,8,114355.0,-1.208088341288409,-0.8619484131774695,TIME_LIMIT,35938,0,0,10,3
5,8,114453.0,-1.208088341288409,-0.8619484131774695,TIME_LIMIT,35963,0,0,12,11
5,8,114486.0,-1.2078761515978231,-0.8619484131774695,TIME_LIMIT,35985,0,0,13,4
5,8,114590.0,-1.2078761515978231,-0.8619484131774695,TIME_LIMIT,36009,0,0,16,17
5,8,114736.0,-1.2078754584123046,-0.8619484131774695,TIME_LIMIT,36047,0,0,10,10
5,8,114763.0,-1.2078754584123046,-0.8619484131774695,TIME_LIMIT,36062,0,0,8,15
5,8,114869.0,-1.2078245979583324,-0.8619484131774695,TIME_LIMIT,36091,0,0,10,9
5,8,114901.0,-1.2078245979583324,-0.8619484131774695,TIME_LIMIT,36107,0,0,13,11
5,8,114923.0,-1.2078219684193958,-0.8619484131774695,TIME_LIMIT,36130,0,0,9,6
5,8,115011.0,-1.2078219684193958,-0.8619484131774695,TIME_LIMIT,36155,0,0,15,11
5,8,115037.0,-1.2078166550377034,-0.8619484131774695,TIME_LIMIT,36175,0,0,12,2
5,8,115090.0,-1.2078166550377034,-0.8619484131774695,TIME_LIMIT,36198,0,0,16,5
5,8,115137.0,-1.207800427302471,-0.8619484131774695,TIME_LIMIT,36215,0,0,9,4
5,8,115242.0,-1.207800427302471,-0.8619484131774695,TIME_LIMIT,36236,0,0,16,11
5,8,115342.0,-1.2077843459670807,-0.8619484131774695,TIME_LIMIT,36264,0,0,12,7
5,8,115393.0,-1.2077843459670807,-0.8619484131774695,TIME_LIMIT,36287,0,0,10,8
5,8,115447.0,-1.2077292845706267,-0.8619484131774695,TIME_LIMIT,36308,0,0,2,5
5,8,115514.0,-1.2077292845706267,-0.8619484131774695,TIME_LIMIT,36332,0,0,13,7
5,8,115563.0,-1.2076702641582122,-0.8619484131774695,TIME_LIMIT,36356,0,0,14,2
5,8,115656.0,-1.2076702641582122,-0.8619484131774695,TIME_LIMIT,36384,0,0,12,7
5,8,115743.0,-1.207653888286431,-0.8619484131774695,TIME_LIMIT,36405,0,0,9,10
5,8,115811.0,-1.207653888286431,-0.8619484131774695,TIME_LIMIT,36427,0,0,15,13
5,8,115921.0,-1.2075901837718204,-0.8619484131774695,TIME_LIMIT,36458,0,0,12,12
5,8,115986.0,-1.2075901837718204,-0.8619484131774695,TIME_LIMIT,36480,0,0,15,9
5,8,116036.0,-1.207587496812222,-0.8619484131774695,TIME_LIMIT,36503,0,0,6,5
5,8,116116.0,-1.207587496812222,-0.8619484131774695,TIME_LIMIT,36527,0,0,13,14
5,8,116238.0,-1.2075081541115424,-0.8619484131774695,TIME_LIMIT,36557,0,0,10,7
5,8,116309.0,-1.2075081541115424,-0.8619484131774695,TIME_LIMIT,36582,0,0,16,9
5,8,116358.0,-1.207452095923984,-0.8619484131774695,TIME_LIMIT,36602,0,0,10,3
5,8,116401.0,-1.207452095923984,-0.8619484131774695,TIME_LIMIT,36623,0,0,11,8
5,8,116467.0,-1.2073521045471436,-0.8619484131774695,TIME_LIMIT,36641,0,0,10,5
5,8,116513.0,-1.2073521045471436,-0.8619484131774695,TIME_LIMIT,36665,0,0,15,6
5,8,116568.0,-1.2073353134559972,-0.8619484131774695,TIME_LIMIT,36685,0,0,7,6
5,8,116662.0,-1.2073353134559972,-0.8619484131774695,TIME_LIMIT,36709,0,0,9,10
5,8,116700.0,-1.2072810137774173,-0.8619484131774695,TIME_LIMIT,36723,0,0,7,3
5,8,116812.0,-1.2072810137774173,-0.8619484131774695,TIME_LIMIT,36746,0,0,14,15
5,8,116835.0,-1.20720949151913,-0.8619484131774695,TIME_LIMIT,36765,0,0,14,5
5,8,116893.0,-1.20720949151913,-0.8619484131774695,TIME_LIMIT,36791,0,0,11,10
5,8,117027.0,-1.2071955517298907,-0.8619484131774695,TIME_LIMIT,36814,0,0,10,2
5,8,117267.0,-1.2071955517298907,-0.8619484131774695,TIME_LIMIT,36847,0,0,14,19
5,8,117404.0,-1.2071951918921144,-0.8619484131774695,TIME_LIMIT,36876,0,0,21,9
5,8,117664.0,-1.2071951918921144,-0.8619484131774695,TIME_LIMIT,36909,0,0,22,16
5,8,117726.0,-1.2071581538848466,-0.8619484131774695,TIME_LIMIT,36929,0,0,17,10
5,8,117818.0,-1.2071581538848466,-0.8619484131774695,TIME_LIMIT,36946,0,0,10,5
5,8,117920.0,-1.2071211489689473,-0.8619484131774695,TIME_LIMIT,36969,0,0,7,2
5,8,118076.0,-1.2071211489689473,-0.8619484131774695,TIME_LIMIT,36999,0,0,18,12
5,8,118143.0,-1.2070978317518393,-0.8619484131774695,TIME_LIMIT,37017,0,0,9,10
5,8,118199.0,-1.2070978317518393,-0.8619484131774695,TIME_LIMIT,37039,0,0,10,4
5,8,118252.0,-1.2070929602265015,-0.8619484131774695,TIME_LIMIT,37061,0,0,9,2
5,8,118316.0,-1.2070929602265015,-0.8619484131774695,TIME_LIMIT,37083,0,0,21,12
5,8,118355.0,-1.2070243200054511,-0.8619484131774695,TIME_LIMIT,37106,0,0,8,4
5,8,118469.0,-1.2070243200054511,-0.8619484131774695,TIME_LIMIT,37129,0,0,15,14
5,8,118634.0,-1.2069562563285428,-0.8619484131774695,TIME_LIMIT,37160,0,0,15,12
5,8,118750.0,-1.2069562563285428,-0.8619484131774695,TIME_LIMIT,37181,0,0,14,6
5,8,118855.0,-1.2068858053611504,-0.8619484131774695,TIME_LIMIT,37208,0,0,12,8
5,8,118936.0,-1.2068858053611504,-0.8619484131774695,TIME_LIMIT,37232,0,0,10,11
5,8,119013.0,-1.2068261656835941,-0.8619484131774695,TIME_LIMIT,37256,0,0,11,5
5,8,119062.0,-1.2068261656835941,-0.8619484131774695,TIME_LIMIT,37278,0,0,15,5
5,8,119160.0,-1.2068209471235194,-0.8619484131774695,TIME_LIMIT,37307,0,0,8,3
5,8,119267.0,-1.2068209471235194,-0.8619484131774695,TIME_LIMIT,37335,0,0,11,8
5,8,119363.0,-1.2068137326795254,-0.8619484131774695,TIME_LIMIT,37353,0,0,7,3
5,8,119418.0,-1.2068137326795254,-0.8619484131774695,TIME_LIMIT,37374,0,0,11,8
5,8,119479.0,-1.2065804438992436,-0.8619484131774695,TIME_LIMIT,37403,0,0,5,8
5,8,119538.0,-1.2065804438992436,-0.8619484131774695,TIME_LIMIT,37423,0,0,8,16
5,8,119735.0,-1.2065101873409965,-0.8619484131774695,TIME_LIMIT,37464,0,0,9,9
5,8,119926.0,-1.2065101873409965,-0.8619484131774695,TIME_LIMIT,37497,0,0,19,11
5,8,120067.0,-1.2064331583438295,-0.8619484131774695,TIME_LIMIT,37527,0,0,16,14
5,8,120160.0,-1.2064331583438295,-0.8619484131774695,TIME_LIMIT,37551,0,0,20,26
5,8,120252.0,-1.2063697563386688,-0.8619484131774695,TIME_LIMIT,37591,0,0,17,7
5,8,120307.0,-1.2063697563386688,-0.8619484131774695,TIME_LIMIT,37610,0,0,13,11
5,8,120368.0,-1.2062492346097078,-0.8619484131774695,TIME_LIMIT,37642,0,0,7,5
5,8,120450.0,-1.2062492346097078,-0.8619484131774695,TIME_LIMIT,37665,0,0,15,11
5,8,120564.0,-1.2061525925353773,-0.8619484131774695,TIME_LIMIT,37704,0,0,12,5
5,8,120674.0,-1.2061525925353773,-0.8619484131774695,TIME_LIMIT,37731,0,0,9,11
5,8,120720.0,-1.2061250621582646,-0.8619484131774695,TIME_LIMIT,37753,0,0,9,7
5,8,120793.0,-1.2061250621582646,-0.8619484131774695,TIME_LIMIT,37772,0,0,17,11
5,8,120994.0,-1.2061083281327845,-0.8619484131774695,TIME_LIMIT,37810,0,0,9,11
5,8,121029.0,-1.2061083281327845,-0.8619484131774695,TIME_LIMIT,37823,0,0,16,12
5,8,121063.0,-1.20607375682922,-0.8619484131774695,TIME_LIMIT,37848,0,0,5,4
5,8,121201.0,-1.20607375682922,-0.8619484131774695,TIME_LIMIT,37873,0,0,13,12
5,8,121287.0,-1.2060722821270145,-0.8619484131774695,TIME_LIMIT,37904,0,0,12,9
5,8,121316.0,-1.2060722821270145,-0.8619484131774695,TIME_LIMIT,37923,0,0,17,20
5,8,121416.0,-1.205966074862184,-0.8619484131774695,TIME_LIMIT,37953,0,0,9,8
5,8,121590.0,-1.205966074862184,-0.8619484131774695,TIME_LIMIT,37976,0,0,12,10
5,8,121665.0,-1.2059179494964118,-0.8619484131774695,TIME_LIMIT,38005,0,0,12,10
5,8,121725.0,-1.2059179494964118,-0.8619484131774695,TIME_LIMIT,38027,0,0,8,11
5,8,121857.0,-1.2059141750867453,-0.8619484131774695,TIME_LIMIT,38068,0,0,12,9
5,8,121946.0,-1.2059141750867453,-0.8619484131774695,TIME_LIMIT,38091,0,0,4,5
5,8,121989.0,-1.2058838007620014,-0.8619484131774695,TIME_LIMIT,38109,0,0,7,5
5,8,122103.0,-1.2058838007620014,-0.8619484131774695,TIME_LIMIT,38139,0,0,16,18
5,8,122207.0,-1.2058450644875403,-0.8619484131774695,TIME_LIMIT,38164,0,0,18,16
5,8,122293.0,-1.2058450644875403,-0.8619484131774695,TIME_LIMIT,38186,0,0,13,10
5,8,122397.0,-1.2058349364128111,-0.8619484131774695,TIME_LIMIT,38214,0,0,11,6
5,8,122513.0,-1.2058349364128111,-0.8619484131774695,TIME_LIMIT,38238,0,0,10,12
5,8,122558.0,-1.205802966383709,-0.8619484131774695,TIME_LIMIT,38256,0,0,9,4
5,8,122608.0,-1.205802966383709,-0.8619484131774695,TIME_LIMIT,38276,0,0,21,16
5,8,122677.0,-1.2057924611169657,-0.8619484131774695,TIME_LIMIT,38311,0,0,8,18
5,8,122741.0,-1.2057924611169657,-0.8619484131774695,TIME_LIMIT,38335,0,0,10,19
5,8,122824.0,-1.205757010589555,-0.8619484131774695,TIME_LIMIT,38368,0,0,9,7
5,8,122934.0,-1.205757010589555,-0.8619484131774695,TIME_LIMIT,38392,0,0,14,18
5,8,123013.0,-1.2057090082753534,-0.8619484131774695,TIME_LIMIT,38427,0,0,11,12
5,8,123119.0,-1.2057090082753534,-0.8619484131774695,TIME_LIMIT,38453,0,0,16,12
5,8,123192.0,-1.2056952837133523,-0.8619484131774695,TIME_LIMIT,38473,0,0,13,10
5,8,123318.0,-1.2056952837133523,-0.8619484131774695,TIME_LIMIT,38497,0,0,14,18
5,8,123402.0,-1.2056731543492631,-0.8619484131774695,TIME_LIMIT,38521,0,0,10,4
5,8,123466.0,-1.2056731543492631,-0.8619484131774695,TIME_LIMIT,38543,0,0,16,9
5,8,123510.0,-1.2056544024835867,-0.8619484131774695,TIME_LIMIT,38561,0,0,9,4
5,8,123591.0,-1.2056544024835867,-0.8619484131774695,TIME_LIMIT,38582,0,0,13,13
5,8,123658.0,-1.2056218606850253,-0.8619484131774695,TIME_LIMIT,38616,0,0,7,10
5,8,123701.0,-1.2056218606850253,-0.8619484131774695,TIME_LIMIT,38635,0,0,12,9
5,8,123751.0,-1.2056217666342262,-0.8619484131774695,TIME_LIMIT,38660,0,0,6,6
5,8,123835.0,-1.2056217666342262,-0.8619484131774695,TIME_LIMIT,38690,0,0,7,18
5,8,123923.0,-1.2056147181322014,-0.8619484131774695,TIME_LIMIT,38710,0,0,12,10
5,8,124021.0,-1.2056147181322014,-0.8619484131774695,TIME_LIMIT,38736,0,0,14,9
5,8,124073.0,-1.2055506867470454,-0.8619484131774695,TIME_LIMIT,38761,0,0,18,6
5,8,124136.0,-1.2055506867470454,-0.8619484131774695,TIME_LIMIT,38790,0,0,13,15
5,8,124181.0,-1.205539212052649,-0.8619484131774695,TIME_LIMIT,38814,0,0,8,5
5,8,124376.0,-1.205539212052649,-0.8619484131774695,TIME_LIMIT,38841,0,0,17,13
5,8,124453.0,-1.2055372045581563,-0.8619484131774695,TIME_LIMIT,38866,0,0,11,2
5,8,124540.0,-1.2055372045581563,-0.8619484131774695,TIME_LIMIT,38889,0,0,8,5
5,8,124609.0,-1.2055349002294222,-0.8619484131774695,TIME_LIMIT,38914,0,0,8,3
5,8,124648.0,-1.2055349002294222,-0.8619484131774695,TIME_LIMIT,38927,0,0,15,17
5,8,124726.0,-1.2055100224442217,-0.8619484131774695,TIME_LIMIT,38957,0,0,10,11
5,8,124864.0,-1.2055100224442217,-0.8619484131774695,TIME_LIMIT,38983,0,0,20,20
5,8,124936.0,-1.2054842485618098,-0.8619484131774695,TIME_LIMIT,39017,0,0,15,9
5,8,125008.0,-1.2054842485618098,-0.8619484131774695,TIME_LIMIT,39039,0,0,10,10
5,8,125150.0,-1.2054666141774353,-0.8619484131774695,TIME_LIMIT,39071,0,0,7,6
5,8,125205.0,-1.2054666141774353,-0.8619484131774695,TIME_LIMIT,39092,0,0,17,6
5,8,125278.0,-1.2054421976484324,-0.8619484131774695,TIME_LIMIT,39115,0,0,11,4
5,8,125363.0,-1.2054421976484324,-0.8619484131774695,TIME_LIMIT,39136,0,0,10,13
5,8,125454.0,-1.2053645393622308,-0.8619484131774695,TIME_LIMIT,39160,0,0,19,6
5,8,125572.0,-1.2053645393622308,-0.8619484131774695,TIME_LIMIT,39187,0,0,14,11
5,8,125742.0,-1.2053399065355905,-0.8619484131774695,TIME_LIMIT,39207,0,0,21,11
5,8,125804.0,-1.2053399065355905,-0.8619484131774695,TIME_LIMIT,39231,0,0,13,11
5,8,125973.0,-1.2052280164855946,-0.8619484131774695,TIME_LIMIT,39256,0,0,19,6
5,8,126179.0,-1.2052280164855946,-0.8619484131774695,TIME_LIMIT,39281,0,0,15,17
5,8,126421.0,-1.2051857555423533,-0.8619484131774695,TIME_LIMIT,39313,0,0,16,7
5,8,126523.0,-1.2051857555423533,-0.8619484131774695,TIME_LIMIT,39339,0,0,13,12
5,8,126578.0,-1.2051607547362704,-0.8619484131774695,TIME_LIMIT,39360,0,0,12,8
5,8,126675.0,-1.2051607547362704,-0.8619484131774695,TIME_LIMIT,39386,0,0,6,5
5,8,126725.0,-1.2051241632150704,-0.8619484131774695,TIME_LIMIT,39407,0,0,7,3
5,8,126871.0,-1.2051241632150704,-0.8619484131774695,TIME_LIMIT,39433,0,0,19,17
5,8,126964.0,-1.20506319247784,-0.8619484131774695,TIME_LIMIT,39459,0,0,14,6
5,8,127026.0,-1.20506319247784,-0.8619484131774695,TIME_LIMIT,39476,0,0,16,10
5,8,127117.0,-1.2050485086281795,-0.8619484131774695,TIME_LIMIT,39508,0,0,11,9
5,8,127181.0,-1.2050485086281795,-0.8619484131774695,TIME_LIMIT,39531,0,0,9,9
5,8,127230.0,-1.2049581998403456,-0.8619484131774695,TIME_LIMIT,39545,0,0,6,3
5,8,127302.0,-1.2049581998403456,-0.8619484131774695,TIME_LIMIT,39566,0,0,9,12
5,8,127408.0,-1.2049299221324241,-0.8619484131774695,TIME_LIMIT,39590,0,0,10,2
5,8,127542.0,-1.2049299221324241,-0.8619484131774695,TIME_LIMIT,39616,0,0,13,5
5,8,127614.0,-1.2048784479813195,-0.8619484131774695,TIME_LIMIT,39638,0,0,13,4
5,8,127718.0,-1.2048784479813195,-0.8619484131774695,TIME_LIMIT,39656,0,0,14,22
5,8,127774.0,-1.2048622921859922,-0.8619484131774695,TIME_LIMIT,39690,0,0,15,7
5,8,127906.0,-1.2048622921859922,-0.8619484131774695,TIME_LIMIT,39717,0,0,11,9
5,8,128027.0,-1.2046829884625412,-0.8619484131774695,TIME_LIMIT,39743,0,0,11,3
5,8,128074.0,-1.2046829884625412,-0.8619484131774695,TIME_LIMIT,39761,0,0,10,8
5,8,128107.0,-1.2046238493622883,-0.8619484131774695,TIME_LIMIT,39773,0,0,9,4
5,8,128169.0,-1.2046238493622883,-0.8619484131774695,TIME_LIMIT,39793,0,0,6,7
5,8,128225.0,-1.2046088299618647,-0.8619484131774695,TIME_LIMIT,39812,0,0,11,16
5,8,128291.0,-1.2046088299618647,-0.8619484131774695,TIME_LIMIT,39833,0,0,4,7
5,8,128335.0,-1.204572736917436,-0.8619484131774695,TIME_LIMIT,39852,0,0,12,5
5,8,128439.0,-1.204572736917436,-0.8619484131774695,TIME_LIMIT,39880,0,0,13,13
5,8,128555.0,-1.2045606683660937,-0.8619484131774695,TIME_LIMIT,39908,0,0,20,9
5,8,128674.0,-1.2045606683660937,-0.8619484131774695,TIME_LIMIT,39937,0,0,17,16
5,8,128719.0,-1.204493177927253,-0.8619484131774695,TIME_LIMIT,39960,0,0,14,6
5,8,128802.0,-1.204493177927253,-0.8619484131774695,TIME_LIMIT,39979,0,0,9,21
5,8,128876.0,-1.2043518262704977,-0.8619484131774695,TIME_LIMIT,40008,0,0,12,12
5,8,128924.0,-1.2043518262704977,-0.8619484131774695,TIME_LIMIT,40029,0,0,12,5
5,8,129005.0,-1.204273955833989,-0.8619484131774695,TIME_LIMIT,40049,0,0,13,4
5,8,129095.0,-1.204273955833989,-0.8619484131774695,TIME_LIMIT,40071,0,0,17,21
5,8,129150.0,-1.2042398065941866,-0.8619484131774695,TIME_LIMIT,40094,0,0,12,6
5,8,129215.0,-1.2042398065941866,-0.8619484131774695,TIME_LIMIT,40117,0,0,15,16
5,8,129289.0,-1.2041998571635286,-0.8619484131774695,TIME_LIMIT,40153,0,0,10,11
5,8,129321.0,-1.2041998571635286,-0.8619484131774695,TIME_LIMIT,40166,0,0,11,11
5,8,129402.0,-1.204121667173912,-0.8619484131774695,TIME_LIMIT,40193,0,0,2,5
5,8,129510.0,-1.204121667173912,-0.8619484131774695,TIME_LIMIT,40221,0,0,11,12
5,8,129573.0,-1.2040482648751523,-0.8619484131774695,TIME_LIMIT,40241,0,0,9,9
5,8,129621.0,-1.2040482648751523,-0.8619484131774695,TIME_LIMIT,40261,0,0,14,8
5,8,129656.0,-1.2040034495541858,-0.8619484131774695,TIME_LIMIT,40275,0,0,11,5
5,8,129717.0,-1.2040034495541858,-0.8619484131774695,TIME_LIMIT,40299,0,0,15,10
5,8,129766.0,-1.2039717003278574,-0.8619484131774695,TIME_LIMIT,40321,0,0,9,5
5,8,129836.0,-1.2039717003278574,-0.8619484131774695,TIME_LIMIT,40345,0,0,14,16
5,8,129879.0,-1.203838260022504,-0.8619484131774695,TIME_LIMIT,40371,0,0,8,7
5,8,129959.0,-1.203838260022504,-0.8619484131774695,TIME_LIMIT,40399,0,0,16,8
5,8,130057.0,-1.2038191506428602,-0.8619484131774695,TIME_LIMIT,40415,0,0,6,7
5,8,130108.0,-1.2038191506428602,-0.8619484131774695,TIME_LIMIT,40435,0,0,11,12
5,8,130144.0,-1.2036715297115006,-0.8619484131774695,TIME_LIMIT,40454,0,0,11,3
5,8,130254.0,-1.2036715297115006,-0.8619484131774695,TIME_LIMIT,40479,0,0,12,9
5,8,130364.0,-1.203590077353742,-0.8619484131774695,TIME_LIMIT,40510,0,0,10,7
5,8,130436.0,-1.203590077353742,-0.8619484131774695,TIME_LIMIT,40533,0,0,9,7
5,8,130549.0,-1.203567924243791,-0.8619484131774695,TIME_LIMIT,40559,0,0,4,7
5,8,130631.0,-1.203567924243791,-0.8619484131774695,TIME_LIMIT,40580,0,0,14,9
5,8,130782.0,-1.2035245177900793,-0.8619484131774695,TIME_LIMIT,40612,0,0,14,6
5,8,130826.0,-1.2035245177900793,-0.8619484131774695,TIME_LIMIT,40634,0,0,16,9
5,8,130898.0,-1.2034583787219457,-0.8619484131774695,TIME_LIMIT,40660,0,0,14,5
5,8,130983.0,-1.2034583787219457,-0.8619484131774695,TIME_LIMIT,40684,0,0,9,8
5,8,131062.0,-1.2034022183677735,-0.8619484131774695,TIME_LIMIT,40717,0,0,16,6
5,8,131122.0,-1.2034022183677735,-0.8619484131774695,TIME_LIMIT,40740,0,0,15,16
5,8,131171.0,-1.2033748876825763,-0.8619484131774695,TIME_LIMIT,40759,0,0,11,5
5,8,131283.0,-1.2033748876825763,-0.8619484131774695,TIME_LIMIT,40786,0,0,11,12
5,8,131449.0,-1.2033674284003195,-0.8619484131774695,TIME_LIMIT,40814,0,0,16,18
5,8,131584.0,-1.2033674284003195,-0.8619484131774695,TIME_LIMIT,40840,0,0,12,7
5,8,131609.0,-1.2033248183543437,-0.8619484131774695,TIME_LIMIT,40862,0,0,10,5
5,8,131666.0,-1.2033248183543437,-0.8619484131774695,TIME_LIMIT,40885,0,0,12,4
5,8,131719.0,-1.2032927182956228,-0.8619484131774695,TIME_LIMIT,40906,0,0,10,4
5,8,131759.0,-1.2032927182956228,-0.8619484131774695,TIME_LIMIT,40925,0,0,12,5
5,8,131817.0,-1.20327412061811,-0.8619484131774695,TIME_LIMIT,40945,0,0,9,7
5,8,131968.0,-1.20327412061811,-0.8619484131774695,TIME_LIMIT,40976,0,0,24,13
5,8,132126.0,-1.203257732320573,-0.8619484131774695,TIME_LIMIT,41008,0,0,13,16
5,8,132352.0,-1.203257732320573,-0.8619484131774695,TIME_LIMIT,41035,0,0,24,29
5,8,132459.0,-1.2031790350363758,-0.8619484131774695,TIME_LIMIT,41072,0,0,10,11
5,8,132535.0,-1.2031790350363758,-0.8619484131774695,TIME_LIMIT,41098,0,0,11,7
5,8,132635.0,-1.203010029656117,-0.8619484131774695,TIME_LIMIT,41132,0,0,6,11
5,8,132690.0,-1.203010029656117,-0.8619484131774695,TIME_LIMIT,41151,0,0,11,12
5,8,132744.0,-1.2029949524626677,-0.8619484131774695,TIME_LIMIT,41181,0,0,8,8
5,8,132891.0,-1.2029949524626677,-0.8619484131774695,TIME_LIMIT,41212,0,0,14,9
5,8,133045.0,-1.2029762574543845,-0.8619484131774695,TIME_LIMIT,41239,0,0,8,7
5,8,133096.0,-1.2029762574543845,-0.8619484131774695,TIME_LIMIT,41260,0,0,16,12
5,8,133221.0,-1.2029178457399237,-0.8619484131774695,TIME_LIMIT,41286,0,0,10,7
5,8,133344.0,-1.2029178457399237,-0.8619484131774695,TIME_LIMIT,41310,0,0,9,5
5,8,133394.0,-1.2028779283226714,-0.8619484131774695,TIME_LIMIT,41329,0,0,13,6
5,8,133563.0,-1.2028779283226714,-0.8619484131774695,TIME_LIMIT,41360,0,0,18,15
5,8,133667.0,-1.2028654111320944,-0.8619484131774695,TIME_LIMIT,41388,0,0,14,5
5,8,133847.0,-1.2028654111320944,-0.8619484131774695,TIME_LIMIT,41412,0,0,15,12
5,8,133959.0,-1.2027437023904015,-0.8619484131774695,TIME_LIMIT,41435,0,0,11,5
5,8,134027.0,-1.2027437023904015,-0.8619484131774695,TIME_LIMIT,41461,0,0,12,2
5,8,134069.0,-1.2027360038753463,-0.8619484131774695,TIME_LIMIT,41480,0,0,6,2
5,8,134142.0,-1.2027360038753463,-0.8619484131774695,TIME_LIMIT,41498,0,0,10,5
5,8,134278.0,-1.2026504839494185,-0.8619484131774695,TIME_LIMIT,41534,0,0,16,10
5,8,134314.0,-1.2026504839494185,-0.8619484131774695,TIME_LIMIT,41548,0,0,13,10
5,8,134375.0,-1.2026291261462811,-0.8619484131774695,TIME_LIMIT,41576,0,0,12,8
5,8,134441.0,-1.2026291261462811,-0.8619484131774695,TIME_LIMIT,41603,0,0,12,10
5,8,134497.0,-1.2026009780779359,-0.8619484131774695,TIME_LIMIT,41625,0,0,7,4
5,8,134559.0,-1.2026009780779359,-0.8619484131774695,TIME_LIMIT,41651,0,0,10,9
5,8,134626.0,-1.2025730933455754,-0.8619484131774695,TIME_LIMIT,41680,0,0,10,6
5,8,134676.0,-1.2025730933455754,-0.8619484131774695,TIME_LIMIT,41701,0,0,17,11
5,8,134827.0,-1.2024857073339945,-0.8619484131774695,TIME_LIMIT,41725,0,0,15,10
5,8,134952.0,-1.2024857073339945,-0.8619484131774695,TIME_LIMIT,41749,0,0,8,6
5,8,135066.0,-1.2024717667193525,-0.8619484131774695,TIME_LIMIT,41777,0,0,15,8
5,8,135270.0,-1.2024717667193525,-0.8619484131774695,TIME_LIMIT,41806,0,0,20,24
5,8,135381.0,-1.202450304735228,-0.8619484131774695,TIME_LIMIT,41835,0,0,20,4
5,8,135470.0,-1.202450304735228,-0.8619484131774695,TIME_LIMIT,41861,0,0,11,14
5,8,135539.0,-1.2024124489878678,-0.8619484131774695,TIME_LIMIT,41888,0,0,16,10
5,8,135595.0,-1.2024124489878678,-0.8619484131774695,TIME_LIMIT,41907,0,0,9,13
5,8,135715.0,-1.2023803022376662,-0.8619484131774695,TIME_LIMIT,41945,0,0,15,9
5,8,135807.0,-1.2023803022376662,-0.8619484131774695,TIME_LIMIT,41971,0,0,19,15
5,8,135854.0,-1.2023361151634355,-0.8619484131774695,TIME_LIMIT,41992,0,0,13,4
5,8,135987.0,-1.2023361151634355,-0.8619484131774695,TIME_LIMIT,42023,0,0,13,20
5,8,136045.0,-1.202321276273286,-0.8619484131774695,TIME_LIMIT,42044,0,0,5,6
5,8,136109.0,-1.202321276273286,-0.8619484131774695,TIME_LIMIT,42067,0,0,13,10
5,8,136220.0,-1.2023196339574138,-0.8619484131774695,TIME_LIMIT,42100,0,0,12,9
5,8,136260.0,-1.2023196339574138,-0.8619484131774695,TIME_LIMIT,42117,0,0,19,14
5,8,136376.0,-1.2022267454377784,-0.8619484131774695,TIME_LIMIT,42154,0,0,11,14
5,8,136434.0,-1.2022267454377784,-0.8619484131774695,TIME_LIMIT,42178,0,0,17,20
5,8,136547.0,-1.2021550906429561,-0.8619484131774695,TIME_LIMIT,42218,0,0,18,14
5,8,136741.0,-1.2021550906429561,-0.8619484131774695,TIME_LIMIT,42239,0,0,18,9
5,8,136929.0,-1.2020732126573346,-0.8619484131774695,TIME_LIMIT,42267,0,0,19,10
5,8,136993.0,-1.2020732126573346,-0.8619484131774695,TIME_LIMIT,42290,0,0,15,16
5,8,137144.0,-1.2020569904654856,-0.8619484131774695,TIME_LIMIT,42326,0,0,15,8
5,8,137235.0,-1.2020569904654856,-0.8619484131774695,TIME_LIMIT,42354,0,0,9,13
5,8,137316.0,-1.2018527542194275,-0.8619484131774695,TIME_LIMIT,42380,0,0,17,9
5,8,137489.0,-1.2018527542194275,-0.8619484131774695,TIME_LIMIT,42407,0,0,13,13
5,8,137688.0,-1.2018167829595499,-0.8619484131774695,TIME_LIMIT,42441,0,0,10,8
5,8,137763.0,-1.2018167829595499,-0.8619484131774695,TIME_LIMIT,42466,0,0,11,10
5,8,137847.0,-1.2016752038209753,-0.8619484131774695,TIME_LIMIT,42491,0,0,9,11
5,8,137918.0,-1.2016752038209753,-0.8619484131774695,TIME_LIMIT,42516,0,0,16,24
5,8,138031.0,-1.2016114057734613,-0.8619484131774695,TIME_LIMIT,42542,0,0,17,5
5,8,138095.0,-1.2016114057734613,-0.8619484131774695,TIME_LIMIT,42563,0,0,8,7
5,8,138155.0,-1.2016041950558496,-0.8619484131774695,TIME_LIMIT,42581,0,0,8,5
5,8,138243.0,-1.2016041950558496,-0.8619484131774695,TIME_LIMIT,42604,0,0,11,14
5,8,138314.0,-1.201592886889005,-0.8619484131774695,TIME_LIMIT,42626,0,0,10,13
5,8,138381.0,-1.201592886889005,-0.8619484131774695,TIME_LIMIT,42648,0,0,8,2
5,8,138430.0,-1.201547178559773,-0.8619484131774695,TIME_LIMIT,42665,0,0,11,7
5,8,138491.0,-1.201547178559773,-0.8619484131774695,TIME_LIMIT,42683,0,0,13,8
5,8,138673.0,-1.2015429492984446,-0.8619484131774695,TIME_LIMIT,42720,0,0,13,5
5,8,138758.0,-1.2015429492984446,-0.8619484131774695,TIME_LIMIT,42743,0,0,12,15
5,8,138893.0,-1.2015247003049787,-0.8619484131774695,TIME_LIMIT,42779,0,0,9,7
5,8,138962.0,-1.2015247003049787,-0.8619484131774695,TIME_LIMIT,42811,0,0,14,12
5,8,139009.0,-1.2015075094539387,-0.8619484131774695,TIME_LIMIT,42827,0,0,12,6
5,8,139093.0,-1.2015075094539387,-0.8619484131774695,TIME_LIMIT,42854,0,0,7,14
5,8,139199.0,-1.2014818964039995,-0.8619484131774695,TIME_LIMIT,42876,0,0,3,11
5,8,139269.0,-1.2014818964039995,-0.8619484131774695,TIME_LIMIT,42898,0,0,16,19
5,8,139395.0,-1.201476707662575,-0.8619484131774695,TIME_LIMIT,42938,0,0,15,8
5,8,139453.0,-1.201476707662575,-0.8619484131774695,TIME_LIMIT,42962,0,0,11,16
5,8,139498.0,-1.2014631783034742,-0.8619484131774695,TIME_LIMIT,42983,0,0,13,7
5,8,139567.0,-1.2014631783034742,-0.8619484131774695,TIME_LIMIT,43014,0,0,12,11
5,8,139666.0,-1.2014628896213002,-0.8619484131774695,TIME_LIMIT,43039,0,0,10,5
5,8,139764.0,-1.2014628896213002,-0.8619484131774695,TIME_LIMIT,43067,0,0,13,9
5,8,139882.0,-1.2014593119030752,-0.8619484131774695,TIME_LIMIT,43092,0,0,14,7
5,8,139983.0,-1.2014593119030752,-0.8619484131774695,TIME_LIMIT,43112,0,0,4,6
5,8,140007.0,-1.2014061764160453,-0.8619484131774695,TIME_LIMIT,43133,0,0,7,3
5,8,140066.0,-1.2014061764160453,-0.8619484131774695,TIME_LIMIT,43154,0,0,13,11
5,8,140187.0,-1.201364784903292,-0.8619484131774695,TIME_LIMIT,43191,0,0,13,7
5,8,140279.0,-1.201364784903292,-0.8619484131774695,TIME_LIMIT,43221,0,0,15,18
5,8,140453.0,-1.2013186679741692,-0.8619484131774695,TIME_LIMIT,43260,0,0,15,14
5,8,140504.0,-1.2013186679741692,-0.8619484131774695,TIME_LIMIT,43280,0,0,13,9
5,8,140640.0,-1.201290611385944,-0.8619484131774695,TIME_LIMIT,43319,0,0,13,9
5,8,140733.0,-1.201290611385944,-0.8619484131774695,TIME_LIMIT,43339,0,0,12,9
5,8,140755.0,-1.2012651900367501,-0.8619484131774695,TIME_LIMIT,43357,0,0,13,7
5,8,140897.0,-1.2012651900367501,-0.8619484131774695,TIME_LIMIT,43383,0,0,16,18
5,8,141082.0,-1.2011901914974887,-0.8619484131774695,TIME_LIMIT,43419,0,0,19,10
5,8,141164.0,-1.2011901914974887,-0.8619484131774695,TIME_LIMIT,43446,0,0,18,8
5,8,141266.0,-1.2011865556109764,-0.8619484131774695,TIME_LIMIT,43466,0,0,4,8
5,8,141319.0,-1.2011865556109764,-0.8619484131774695,TIME_LIMIT,43489,0,0,6,8
5,8,141391.0,-1.2011740964924396,-0.8619484131774695,TIME_LIMIT,43514,0,0,8,9
5,8,141485.0,-1.2011740964924396,-0.8619484131774695,TIME_LIMIT,43536,0,0,24,25
5,8,141558.0,-1.2011301837784738,-0.8619484131774695,TIME_LIMIT,43571,0,0,14,9
5,8,141609.0,-1.2011301837784738,-0.8619484131774695,TIME_LIMIT,43598,0,0,15,14
5,8,141667.0,-1.201057664466443,-0.8619484131774695,TIME_LIMIT,43619,0,0,9,9
5,8,141863.0,-1.201057664466443,-0.8619484131774695,TIME_LIMIT,43651,0,0,22,23
5,8,141939.0,-1.2009615428924647,-0.8619484131774695,TIME_LIMIT,43675,0,0,18,8
5,8,142041.0,-1.2009615428924647,-0.8619484131774695,TIME_LIMIT,43701,0,0,18,17
5,8,142198.0,-1.2009398923040124,-0.8619484131774695,TIME_LIMIT,43732,0,0,16,6
5,8,142254.0,-1.2009398923040124,-0.8619484131774695,TIME_LIMIT,43753,0,0,17,14
5,8,142337.0,-1.2009071294258522,-0.8619484131774695,TIME_LIMIT,43779,0,0,10,6
5,8,142432.0,-1.2009071294258522,-0.8619484131774695,TIME_LIMIT,43803,0,0,11,5
5,8,142544.0,-1.2008815774936528,-0.8619484131774695,TIME_LIMIT,43828,0,0,12,8
5,8,142668.0,-1.2008815774936528,-0.8619484131774695,TIME_LIMIT,43853,0,0,13,8
5,8,142747.0,-1.2008694468115428,-0.8619484131774695,TIME_LIMIT,43875,0,0,5,3
5,8,142904.0,-1.2008694468115428,-0.8619484131774695,TIME_LIMIT,43902,0,0,13,15
5,8,143117.0,-1.200737527373259,-0.8619484131774695,TIME_LIMIT,43944,0,0,16,7
5,8,143179.0,-1.200737527373259,-0.8619484131774695,TIME_LIMIT,43963,0,0,13,14
5,8,143274.0,-1.2007169956788657,-0.8619484131774695,TIME_LIMIT,44003,0,0,19,11
5,8,143403.0,-1.2007169956788657,-0.8619484131774695,TIME_LIMIT,44032,0,0,10,8
5,8,143486.0,-1.2006961067038369,-0.8619484131774695,TIME_LIMIT,44054,0,0,10,6
5,8,143534.0,-1.2006961067038369,-0.8619484131774695,TIME_LIMIT,44072,0,0,5,6
5,8,143600.0,-1.2005845058640856,-0.8619484131774695,TIME_LIMIT,44098,0,0,12,4
5,8,143663.0,-1.2005845058640856,-0.8619484131774695,TIME_LIMIT,44121,0,0,18,10
5,8,143707.0,-1.2005385834029227,-0.8619484131774695,TIME_LIMIT,44141,0,0,10,6
5,8,143824.0,-1.2005385834029227,-0.8619484131774695,TIME_LIMIT,44163,0,0,12,5
5,8,143924.0,-1.2004479472857412,-0.8619484131774695,TIME_LIMIT,44184,0,0,10,4
5,8,143989.0,-1.2004479472857412,-0.8619484131774695,TIME_LIMIT,44203,0,0,12,20
5,8,144164.0,-1.2003751982591928,-0.8619484131774695,TIME_LIMIT,44244,0,0,12,4
5,8,144226.0,-1.2003751982591928,-0.8619484131774695,TIME_LIMIT,44269,0,0,6,9
5,8,144284.0,-1.200365266803901,-0.8619484131774695,TIME_LIMIT,44290,0,0,12,3
5,8,144498.0,-1.200365266803901,-0.8619484131774695,TIME_LIMIT,44316,0,0,15,14
5,8,144687.0,-1.2003248712615355,-0.8619484131774695,TIME_LIMIT,44357,0,0,20,15
5,8,144758.0,-1.2003248712615355,-0.8619484131774695,TIME_LIMIT,44380,0,0,16,7
5,8,144814.0,-1.200282689649615,-0.8619484131774695,TIME_LIMIT,44407,0,0,17,11
5,8,144850.0,-1.200282689649615,-0.8619484131774695,TIME_LIMIT,44424,0,0,10,14
5,8,144904.0,-1.2002093804929943,-0.8619484131774695,TIME_LIMIT,44451,0,0,6,4
5,8,144964.0,-1.2002093804929943,-0.8619484131774695,TIME_LIMIT,44471,0,0,7,8
5,8,145034.0,-1.2000523209018925,-0.8619484131774695,TIME_LIMIT,44493,0,0,11,2
5,8,145156.0,-1.2000523209018925,-0.8619484131774695,TIME_LIMIT,44519,0,0,9,17
5,8,145202.0,-1.2000406133293195,-0.8619484131774695,TIME_LIMIT,44539,0,0,7,8
5,8,145227.0,-1.2000406133293195,-0.8619484131774695,TIME_LIMIT,44555,0,0,14,10
5,8,145276.0,-1.2000119189465728,-0.8619484131774695,TIME_LIMIT,44580,0,0,9,6
5,8,145348.0,-1.2000119189465728,-0.8619484131774695,TIME_LIMIT,44603,0,0,17,11
5,8,145388.0,-1.2000106315500956,-0.8619484131774695,TIME_LIMIT,44622,0,0,10,8
5,8,145442.0,-1.2000106315500956,-0.8619484131774695,TIME_LIMIT,44642,0,0,15,17
5,8,145519.0,-1.1999686776365985,-0.8619484131774695,TIME_LIMIT,44675,0,0,16,11
5,8,145568.0,-1.1999686776365985,-0.8619484131774695,TIME_LIMIT,44698,0,0,11,6
5,8,145671.0,-1.1999478889259336,-0.8619484131774695,TIME_LIMIT,44724,0,0,5,8
5,8,145751.0,-1.1999478889259336,-0.8619484131774695,TIME_LIMIT,44745,0,0,8,7
5,8,145810.0,-1.1998974044234243,-0.8619484131774695,TIME_LIMIT,44764,0,0,11,8
5,8,145924.0,-1.1998974044234243,-0.8619484131774695,TIME_LIMIT,44796,0,0,13,11
5,8,145984.0,-1.1998733795158523,-0.8619484131774695,TIME_LIMIT,44822,0,0,7,7
5,8,146096.0,-1.1998733795158523,-0.8619484131774695,TIME_LIMIT,44847,0,0,21,21
5,8,146190.0,-1.1997858408061346,-0.8619484131774695,TIME_LIMIT,44881,0,0,19,12
5,8,146213.0,-1.1997858408061346,-0.8619484131774695,TIME_LIMIT,44899,0,0,7,5
5,8,146306.0,-1.1997538260737295,-0.8619484131774695,TIME_LIMIT,44920,0,0,10,12
5,8,146438.0,-1.1997538260737295,-0.8619484131774695,TIME_LIMIT,44953,0,0,11,8
5,8,146642.0,-1.1997377554668802,-0.8619484131774695,TIME_LIMIT,44989,0,0,10,4
5,8,146764.0,-1.1997377554668802,-0.8619484131774695,TIME_LIMIT,45016,0,0,14,15
5,8,146908.0,-1.1997332943038603,-0.8619484131774695,TIME_LIMIT,45051,0,0,18,8
5,8,146995.0,-1.1997332943038603,-0.8619484131774695,TIME_LIMIT,45076,0,0,15,17
5,8,147153.0,-1.1996750053935468,-0.8619484131774695,TIME_LIMIT,45109,0,0,15,7
5,8,147183.0,-1.1996750053935468,-0.8619484131774695,TIME_LIMIT,45130,0,0,14,16
5,8,147319.0,-1.1996354363480224,-0.8619484131774695,TIME_LIMIT,45155,0,0,17,10
5,8,147401.0,-1.1996354363480224,-0.8619484131774695,TIME_LIMIT,45181,0,0,18,16
5,8,147486.0,-1.199624060405907,-0.8619484131774695,TIME_LIMIT,45210,0,0,14,9
5,8,147602.0,-1.199624060405907,-0.8619484131774695,TIME_LIMIT,45239,0,0,17,7
5,8,147683.0,-1.1996203030504615,-0.8619484131774695,TIME_LIMIT,45263,0,0,10,6
5,8,147751.0,-1.1996203030504615,-0.8619484131774695,TIME_LIMIT,45285,0,0,7,12
5,8,147904.0,-1.1996159691651398,-0.8619484131774695,TIME_LIMIT,45325,0,0,13,7
5,8,148057.0,-1.1996159691651398,-0.8619484131774695,TIME_LIMIT,45355,0,0,21,20
5,8,148252.0,-1.199554317954824,-0.8619484131774695,TIME_LIMIT,45378,0,0,12,5
5,8,148368.0,-1.199554317954824,-0.8619484131774695,TIME_LIMIT,45403,0,0,21,16
5,8,148565.0,-1.199523477251034,-0.8619484131774695,TIME_LIMIT,45433,0,0,9,7
5,8,148621.0,-1.199523477251034,-0.8619484131774695,TIME_LIMIT,45458,0,0,18,10
5,8,148727.0,-1.1994629051225068,-0.8619484131774695,TIME_LIMIT,45483,0,0,9,5
5,8,148899.0,-1.1994629051225068,-0.8619484131774695,TIME_LIMIT,45510,0,0,15,13
5,8,148961.0,-1.1993931286696304,-0.8619484131774695,TIME_LIMIT,45528,0,0,9,6
5,8,149012.0,-1.1993931286696304,-0.8619484131774695,TIME_LIMIT,45548,0,0,10,21
5,8,149112.0,-1.1993797865961988,-0.8619484131774695,TIME_LIMIT,45577,0,0,5,6
5,8,149191.0,-1.1993797865961988,-0.8619484131774695,TIME_LIMIT,45607,0,0,14,8
5,8,149292.0,-1.1992839815706802,-0.8619484131774695,TIME_LIMIT,45629,0,0,11,9
5,8,149442.0,-1.1992839815706802,-0.8619484131774695,TIME_LIMIT,45654,0,0,10,9
5,8,149504.0,-1.1992835117578633,-0.8619484131774695,TIME_LIMIT,45674,0,0,9,7
5,8,149568.0,-1.1992835117578633,-0.8619484131774695,TIME_LIMIT,45697,0,0,12,7
5,8,149590.0,-1.1992514971572255,-0.8619484131774695,TIME_LIMIT,45714,0,0,10,5
5,8,149696.0,-1.1992514971572255,-0.8619484131774695,TIME_LIMIT,45740,0,0,22,11
5,8,149903.0,-1.1990642753352556,-0.8619484131774695,TIME_LIMIT,45774,0,0,16,7
5,8,150069.0,-1.1990642753352556,-0.8619484131774695,TIME_LIMIT,45803,0,0,20,16
5,8,150194.0,-1.199052262859589,-0.8619484131774695,TIME_LIMIT,45831,0,0,14,11
5,8,150272.0,-1.199052262859589,-0.8619484131774695,TIME_LIMIT,45856,0,0,11,8
5,8,150326.0,-1.199018866422612,-0.8619484131774695,TIME_LIMIT,45876,0,0,8,1
5,8,150456.0,-1.199018866422612,-0.8619484131774695,TIME_LIMIT,45899,0,0,7,8
5,8,150625.0,-1.1989951174489424,-0.8619484131774695,TIME_LIMIT,45939,0,0,8,8
5,8,150693.0,-1.1989951174489424,-0.8619484131774695,TIME_LIMIT,45964,0,0,17,15
5,8,150812.0,-1.1989544985211906,-0.8619484131774695,TIME_LIMIT,45987,0,0,14,13
5,8,150855.0,-1.1989544985211906,-0.8619484131774695,TIME_LIMIT,46005,0,0,10,11
5,8,150955.0,-1.1989395794738806,-0.8619484131774695,TIME_LIMIT,46036,0,0,15,6
5,8,151025.0,-1.1989395794738806,-0.8619484131774695,TIME_LIMIT,46057,0,0,6,10
5,8,151127.0,-1.198926090808055,-0.8619484131774695,TIME_LIMIT,46086,0,0,19,9
5,8,151158.0,-1.198926090808055,-0.8619484131774695,TIME_LIMIT,46112,0,0,6,9
5,8,151259.0,-1.1987736404275757,-0.8619484131774695,TIME_LIMIT,46135,0,0,8,7
5,8,151371.0,-1.1987736404275757,-0.8619484131774695,TIME_LIMIT,46163,0,0,6,9
5,8,151395.0,-1.1987715973179542,-0.8619484131774695,TIME_LIMIT,46184,0,0,11,2
5,8,151485.0,-1.1987715973179542,-0.8619484131774695,TIME_LIMIT,46205,0,0,15,7
5,8,151513.0,-1.1987177434327194,-0.8619484131774695,TIME_LIMIT,46226,0,0,7,5
5,8,151697.0,-1.1987177434327194,-0.8619484131774695,TIME_LIMIT,46254,0,0,11,16
5,8,151802.0,-1.1986964127623443,-0.8619484131774695,TIME_LIMIT,46277,0,0,17,13
5,8,151950.0,-1.1986964127623443,-0.8619484131774695,TIME_LIMIT,46299,0,0,17,9
5,8,152069.0,-1.198681396920791,-0.8619484131774695,TIME_LIMIT,46335,0,0,13,10
5,8,152112.0,-1.198681396920791,-0.8619484131774695,TIME_LIMIT,46356,0,0,12,15
5,8,152177.0,-1.1986700361075406,-0.8619484131774695,TIME_LIMIT,46390,0,0,12,8
5,8,152201.0,-1.1986700361075406,-0.8619484131774695,TIME_LIMIT,46412,0,0,15,18
5,8,152286.0,-1.1986191589579644,-0.8619484131774695,TIME_LIMIT,46443,0,0,8,10
5,8,152349.0,-1.1986191589579644,-0.8619484131774695,TIME_LIMIT,46463,0,0,21,25
5,8,152492.0,-1.198520787135815,-0.8619484131774695,TIME_LIMIT,46496,0,0,10,14
5,8,152603.0,-1.198520787135815,-0.8619484131774695,TIME_LIMIT,46517,0,0,8,10
5,8,152707.0,-1.1984962675584956,-0.8619484131774695,TIME_LIMIT,46542,0,0,11,7
5,8,152818.0,-1.1984962675584956,-0.8619484131774695,TIME_LIMIT,46562,0,0,7,10
5,8,152988.0,-1.1984551047201681,-0.8619484131774695,TIME_LIMIT,46592,0,0,19,8
5,8,153139.0,-1.1984551047201681,-0.8619484131774695,TIME_LIMIT,46620,0,0,16,16
5,8,153216.0,-1.1983680004795865,-0.8619484131774695,TIME_LIMIT,46647,0,0,16,8
5,8,153374.0,-1.1983680004795865,-0.8619484131774695,TIME_LIMIT,46676,0,0,13,19
5,8,153443.0,-1.1982611701787422,-0.8619484131774695,TIME_LIMIT,46698,0,0,14,13
5,8,153554.0,-1.1982611701787422,-0.8619484131774695,TIME_LIMIT,46722,0,0,15,10
5,8,153620.0,-1.1979375504362284,-0.8619484131774695,TIME_LIMIT,46745,0,0,18,12
5,8,153827.0,-1.1979375504362284,-0.8619484131774695,TIME_LIMIT,46774,0,0,10,21
5,8,154045.0,-1.1979072814331835,-0.8619484131774695,TIME_LIMIT,46812,0,0,9,20
5,8,154132.0,-1.1979072814331835,-0.8619484131774695,TIME_LIMIT,46841,0,0,22,14
5,8,154239.0,-1.1978862065681823,-0.8619484131774695,TIME_LIMIT,46875,0,0,9,15
5,8,154305.0,-1.1978862065681823,-0.8619484131774695,TIME_LIMIT,46896,0,0,8,4
5,8,154359.0,-1.197825553497307,-0.8619484131774695,TIME_LIMIT,46919,0,0,13,9
5,8,154413.0,-1.197825553497307,-0.8619484131774695,TIME_LIMIT,46932,0,0,9,2
5,8,154446.0,-1.1978080971931857,-0.8619484131774695,TIME_LIMIT,46954,0,0,5,3
5,8,154567.0,-1.1978080971931857,-0.8619484131774695,TIME_LIMIT,46976,0,0,8,7
5,8,154700.0,-1.1976918935585124,-0.8619484131774695,TIME_LIMIT,46999,0,0,13,9
5,8,154768.0,-1.1976918935585124,-0.8619484131774695,TIME_LIMIT,47019,0,0,18,14
5,8,154972.0,-1.1975643542262957,-0.8619484131774695,TIME_LIMIT,47058,0,0,14,9
5,8,155089.0,-1.1975643542262957,-0.8619484131774695,TIME_LIMIT,47088,0,0,8,15
5,8,155211.0,-1.1975128405436117,-0.8619484131774695,TIME_LIMIT,47118,0,0,7,11
5,8,155257.0,-1.1975128405436117,-0.8619484131774695,TIME_LIMIT,47138,0,0,12,11
5,8,155421.0,-1.1975085976115913,-0.8619484131774695,TIME_LIMIT,47180,0,0,18,15
5,8,155520.0,-1.1975085976115913,-0.8619484131774695,TIME_LIMIT,47204,0,0,12,12
5,8,155583.0,-1.1975045467818002,-0.8619484131774695,TIME_LIMIT,47225,0,0,12,5
5,8,155667.0,-1.1975045467818002,-0.8619484131774695,TIME_LIMIT,47246,0,0,15,18
5,8,155769.0,-1.1974921846164643,-0.8619484131774695,TIME_LIMIT,47280,0,0,16,9
5,8,155969.0,-1.1974921846164643,-0.8619484131774695,TIME_LIMIT,47313,0,0,18,12
5,8,156064.0,-1.1974759475354135,-0.8619484131774695,TIME_LIMIT,47338,0,0,13,5
5,8,156177.0,-1.1974759475354135,-0.8619484131774695,TIME_LIMIT,47366,0,0,19,20
5,8,156228.0,-1.1974174063007044,-0.8619484131774695,TIME_LIMIT,47390,0,0,13,7
5,8,156370.0,-1.1974174063007044,-0.8619484131774695,TIME_LIMIT,47418,0,0,17,3
5,8,156436.0,-1.197345656181038,-0.8619484131774695,TIME_LIMIT,47437,0,0,11,10
5,8,156521.0,-1.197345656181038,-0.8619484131774695,TIME_LIMIT,47454,0,0,14,8
5,8,156647.0,-1.1972913070405895,-0.8619484131774695,TIME_LIMIT,47486,0,0,13,10
5,8,156677.0,-1.1972913070405895,-0.8619484131774695,TIME_LIMIT,47506,0,0,10,11
5,8,156717.0,-1.1972768327342733,-0.8619484131774695,TIME_LIMIT,47525,0,0,2,7
5,8,156793.0,-1.1972768327342733,-0.8619484131774695,TIME_LIMIT,47544,0,0,7,4
5,8,156851.0,-1.1972685696254948,-0.8619484131774695,TIME_LIMIT,47564,0,0,14,5
5,8,156914.0,-1.1972685696254948,-0.8619484131774695,TIME_LIMIT,47589,0,0,9,8
5,8,156967.0,-1.1972656519021818,-0.8619484131774695,TIME_LIMIT,47610,0,0,14,3
5,8,157022.0,-1.1972656519021818,-0.8619484131774695,TIME_LIMIT,47632,0,0,10,13
5,8,157118.0,-1.197193970206453,-0.8619484131774695,TIME_LIMIT,47666,0,0,18,12
5,8,157208.0,-1.197193970206453,-0.8619484131774695,TIME_LIMIT,47685,0,0,10,17
5,8,157333.0,-1.1971303460055802,-0.8619484131774695,TIME_LIMIT,47720,0,0,14,7
5,8,157359.0,-1.1971303460055802,-0.8619484131774695,TIME_LIMIT,47738,0,0,12,9
5,8,157417.0,-1.1971041669784859,-0.8619484131774695,TIME_LIMIT,47763,0,0,12,3
5,8,157495.0,-1.1971041669784859,-0.8619484131774695,TIME_LIMIT,47784,0,0,11,6
5,8,157554.0,-1.197101693378148,-0.8619484131774695,TIME_LIMIT,47806,0,0,14,9
5,8,157719.0,-1.197101693378148,-0.8619484131774695,TIME_LIMIT,47838,0,0,8,12
5,8,157781.0,-1.1969387225522194,-0.8619484131774695,TIME_LIMIT,47861,0,0,13,2
5,8,157901.0,-1.1969387225522194,-0.8619484131774695,TIME_LIMIT,47889,0,0,22,38
5,8,158008.0,-1.1969184477135335,-0.8619484131774695,TIME_LIMIT,47926,0,0,12,7
5,8,158140.0,-1.1969184477135335,-0.8619484131774695,TIME_LIMIT,47954,0,0,13,26
5,8,158193.0,-1.1968986653905596,-0.8619484131774695,TIME_LIMIT,47982,0,0,11,12
5,8,158300.0,-1.1968986653905596,-0.8619484131774695,TIME_LIMIT,48008,0,0,14,13
5,8,158418.0,-1.1968806415083844,-0.8619484131774695,TIME_LIMIT,48029,0,0,8,2
5,8,158531.0,-1.1968806415083844,-0.8619484131774695,TIME_LIMIT,48055,0,0,19,16
5,8,158569.0,-1.1968339050907233,-0.8619484131774695,TIME_LIMIT,48078,0,0,5,10
5,8,158656.0,-1.1968339050907233,-0.8619484131774695,TIME_LIMIT,48109,0,0,18,8
5,8,158727.0,-1.196828770043947,-0.8619484131774695,TIME_LIMIT,48131,0,0,19,14
5,8,158793.0,-1.196828770043947,-0.8619484131774695,TIME_LIMIT,48150,0,0,13,6
5,8,158849.0,-1.1967575404829935,-0.8619484131774695,TIME_LIMIT,48172,0,0,11,6
5,8,158954.0,-1.1967575404829935,-0.8619484131774695,TIME_LIMIT,48198,0,0,8,21
5,8,159159.0,-1.1967316457128883,-0.8619484131774695,TIME_LIMIT,48227,0,0,19,15
5,8,159250.0,-1.1967316457128883,-0.8619484131774695,TIME_LIMIT,48251,0,0,11,6
5,8,159330.0,-1.196662331241954,-0.8619484131774695,TIME_LIMIT,48273,0,0,9,2
5,8,159458.0,-1.196662331241954,-0.8619484131774695,TIME_LIMIT,48300,0,0,9,7
5,8,159535.0,-1.196570911700055,-0.8619484131774695,TIME_LIMIT,48322,0,0,6,5
5,8,159691.0,-1.196570911700055,-0.8619484131774695,TIME_LIMIT,48351,0,0,17,14
5,8,159775.0,-1.1965552396824815,-0.8619484131774695,TIME_LIMIT,48377,0,0,14,8
5,8,159849.0,-1.1965552396824815,-0.8619484131774695,TIME_LIMIT,48398,0,0,13,5
5,8,159933.0,-1.1965502969657704,-0.8619484131774695,TIME_LIMIT,48423,0,0,12,4
5,8,160070.0,-1.1965502969657704,-0.8619484131774695,TIME_LIMIT,48441,0,0,12,22
5,8,160153.0,-1.1965210406542635,-0.8619484131774695,TIME_LIMIT,48462,0,0,14,8
5,8,160319.0,-1.1965210406542635,-0.8619484131774695,TIME_LIMIT,48485,0,0,20,16
5,8,160392.0,-1.196486737256324,-0.8619484131774695,TIME_LIMIT,48518,0,0,7,5
5,8,160544.0,-1.196486737256324,-0.8619484131774695,TIME_LIMIT,48549,0,0,14,16
5,8,160601.0,-1.1964665469937388,-0.8619484131774695,TIME_LIMIT,48572,0,0,13,12
5,8,160647.0,-1.1964665469937388,-0.8619484131774695,TIME_LIMIT,48594,0,0,18,12
5,8,160719.0,-1.1964644570704526,-0.8619484131774695,TIME_LIMIT,48615,0,0,9,8
5,8,160743.0,-1.1964644570704526,-0.8619484131774695,TIME_LIMIT,48632,0,0,14,11
5,8,160855.0,-1.1964013001389637,-0.8619484131774695,TIME_LIMIT,48659,0,0,10,7
5,8,160948.0,-1.1964013001389637,-0.8619484131774695,TIME_LIMIT,48684,0,0,17,19
5,8,161010.0,-1.196366287049044,-0.8619484131774695,TIME_LIMIT,48712,0,0,12,5
5,8,161070.0,-1.196366287049044,-0.8619484131774695,TIME_LIMIT,48731,0,0,11,7
5,8,161120.0,-1.196358851625084,-0.8619484131774695,TIME_LIMIT,48754,0,0,10,8
5,8,161170.0,-1.196358851625084,-0.8619484131774695,TIME_LIMIT,48775,0,0,12,3
5,8,161199.0,-1.1963325971421512,-0.8619484131774695,TIME_LIMIT,48795,0,0,5,3
5,8,161262.0,-1.1963325971421512,-0.8619484131774695,TIME_LIMIT,48817,0,0,15,13
5,8,161361.0,-1.1963095151317933,-0.8619484131774695,TIME_LIMIT,48853,0,0,9,11
5,8,161414.0,-1.1963095151317933,-0.8619484131774695,TIME_LIMIT,48870,0,0,10,11
5,8,161463.0,-1.1962506353239757,-0.8619484131774695,TIME_LIMIT,48893,0,0,7,7
5,8,161497.0,-1.1962506353239757,-0.8619484131774695,TIME_LIMIT,48908,0,0,12,9
5,8,161597.0,-1.1962181185804666,-0.8619484131774695,TIME_LIMIT,48934,0,0,6,9
5,8,161668.0,-1.1962181185804666,-0.8619484131774695,TIME_LIMIT,48959,0,0,4,17
5,8,161748.0,-1.1962132918486759,-0.8619484131774695,TIME_LIMIT,48982,0,0,12,7
5,8,161786.0,-1.1962132918486759,-0.8619484131774695,TIME_LIMIT,49005,0,0,9,7
5,8,161824.0,-1.1961930588735472,-0.8619484131774695,TIME_LIMIT,49020,0,0,8,4
5,8,161895.0,-1.1961930588735472,-0.8619484131774695,TIME_LIMIT,49037,0,0,9,21
5,8,162004.0,-1.1961319821290803,-0.8619484131774695,TIME_LIMIT,49074,0,0,6,9
5,8,162121.0,-1.1961319821290803,-0.8619484131774695,TIME_LIMIT,49103,0,0,21,21
5,8,162204.0,-1.1960571445816515,-0.8619484131774695,TIME_LIMIT,49138,0,0,10,12
5,8,162361.0,-1.1960571445816515,-0.8619484131774695,TIME_LIMIT,49164,0,0,16,14
5,8,162420.0,-1.195957909323095,-0.8619484131774695,TIME_LIMIT,49182,0,0,6,5
5,8,162485.0,-1.195957909323095,-0.8619484131774695,TIME_LIMIT,49201,0,0,20,6
5,8,162599.0,-1.195936881876241,-0.8619484131774695,TIME_LIMIT,49236,0,0,6,10
5,8,162639.0,-1.195936881876241,-0.8619484131774695,TIME_LIMIT,49255,0,0,9,8
5,8,162683.0,-1.1959343299326128,-0.8619484131774695,TIME_LIMIT,49282,0,0,2,8
5,8,162794.0,-1.1959343299326128,-0.8619484131774695,TIME_LIMIT,49306,0,0,16,9
5,8,162903.0,-1.195912016086947,-0.8619484131774695,TIME_LIMIT,49326,0,0,14,3
5,8,163051.0,-1.195912016086947,-0.8619484131774695,TIME_LIMIT,49352,0,0,12,13
5,8,163231.0,-1.195891717388425,-0.8619484131774695,TIME_LIMIT,49387,0,0,14,10
5,8,163270.0,-1.195891717388425,-0.8619484131774695,TIME_LIMIT,49400,0,0,5,4
5,8,163282.0,-1.1958582189283842,-0.8619484131774695,TIME_LIMIT,49410,0,0,4,4
5,8,163308.0,-1.1958582189283842,-0.8619484131774695,TIME_LIMIT,49427,0,0,5,4
5,8,163351.0,-1.195839593446196,-0.8619484131774695,TIME_LIMIT,49444,0,0,7,10
5,8,163552.0,-1.195839593446196,-0.8619484131774695,TIME_LIMIT,49467,0,0,16,18
5,8,163807.0,-1.1958132488740476,-0.8619484131774695,TIME_LIMIT,49511,0,0,12,17
5,8,163882.0,-1.1958132488740476,-0.8619484131774695,TIME_LIMIT,49537,0,0,10,9
5,8,163994.0,-1.19567592024152,-0.8619484131774695,TIME_LIMIT,49557,0,0,14,3
5,8,164156.0,-1.19567592024152,-0.8619484131774695,TIME_LIMIT,49585,0,0,13,16
5,8,164224.0,-1.1956537200745578,-0.8619484131774695,TIME_LIMIT,49604,0,0,14,5
5,8,164438.0,-1.1956537200745578,-0.8619484131774695,TIME_LIMIT,49630,0,0,10,13
5,8,164542.0,-1.1956262898758812,-0.8619484131774695,TIME_LIMIT,49666,0,0,11,11
5,8,164588.0,-1.1956262898758812,-0.8619484131774695,TIME_LIMIT,49690,0,0,16,7
5,8,164672.0,-1.1955496604298625,-0.8619484131774695,TIME_LIMIT,49714,0,0,13,6
5,8,164815.0,-1.1955496604298625,-0.8619484131774695,TIME_LIMIT,49740,0,0,21,15
5,8,165028.0,-1.1955482458918238,-0.8619484131774695,TIME_LIMIT,49781,0,0,22,11
5,8,165096.0,-1.1955482458918238,-0.8619484131774695,TIME_LIMIT,49807,0,0,22,23
5,8,165273.0,-1.195510099320205,-0.8619484131774695,TIME_LIMIT,49851,0,0,15,9
5,8,165883.0,-1.195510099320205,-0.8619484131774695,TIME_LIMIT,49874,0,0,14,24
5,8,165998.0,-1.1954875101175388,-0.8619484131774695,TIME_LIMIT,49909,0,0,24,4
5,8,166042.0,-1.1954875101175388,-0.8619484131774695,TIME_LIMIT,49927,0,0,8,5
5,8,166089.0,-1.1954263776322365,-0.8619484131774695,TIME_LIMIT,49952,0,0,5,7
5,8,166142.0,-1.1954263776322365,-0.8619484131774695,TIME_LIMIT,49972,0,0,21,25
5,8,166242.0,-1.1954248906184461,-0.8619484131774695,TIME_LIMIT,50010,0,0,14,11
5,8,166292.0,-1.1954248906184461,-0.8619484131774695,TIME_LIMIT,50030,0,0,9,16
5,8,166398.0,-1.1953931030510518,-0.8619484131774695,TIME_LIMIT,50060,0,0,8,10
5,8,166507.0,-1.1953931030510518,-0.8619484131774695,TIME_LIMIT,50091,0,0,9,14
5,8,166552.0,-1.1953445936553646,-0.8619484131774695,TIME_LIMIT,50116,0,0,10,5
5,8,166614.0,-1.1953445936553646,-0.8619484131774695,TIME_LIMIT,50133,0,0,18,12
5,8,166704.0,-1.1952905808193128,-0.8619484131774695,TIME_LIMIT,50162,0,0,12,8
5,8,166784.0,-1.1952905808193128,-0.8619484131774695,TIME_LIMIT,50181,0,0,9,17
5,8,166873.0,-1.1952774646133693,-0.8619484131774695,TIME_LIMIT,50214,0,0,9,9
5,8,166972.0,-1.1952774646133693,-0.8619484131774695,TIME_LIMIT,50233,0,0,8,8
5,8,167033.0,-1.1952381197131514,-0.8619484131774695,TIME_LIMIT,50259,0,0,10,5
5,8,167162.0,-1.1952381197131514,-0.8619484131774695,TIME_LIMIT,50286,0,0,14,6
5,8,167229.0,-1.1951531225768655,-0.8619484131774695,TIME_LIMIT,50309,0,0,12,10
5,8,167339.0,-1.1951531225768655,-0.8619484131774695,TIME_LIMIT,50334,0,0,17,13
5,8,167502.0,-1.1950853431786537,-0.8619484131774695,TIME_LIMIT,50370,0,0,13,10
5,8,167577.0,-1.1950853431786537,-0.8619484131774695,TIME_LIMIT,50393,0,0,7,11
5,8,167636.0,-1.1949381646839905,-0.8619484131774695,TIME_LIMIT,50412,0,0,11,6
5,8,167776.0,-1.1949381646839905,-0.8619484131774695,TIME_LIMIT,50434,0,0,9,19
5,8,167903.0,-1.1948047738148644,-0.8619484131774695,TIME_LIMIT,50475,0,0,14,7
5,8,167952.0,-1.1948047738148644,-0.8619484131774695,TIME_LIMIT,50495,0,0,14,10
5,8,168055.0,-1.1947514839651667,-0.8619484131774695,TIME_LIMIT,50524,0,0,6,9
5,8,168148.0,-1.1947514839651667,-0.8619484131774695,TIME_LIMIT,50547,0,0,14,9
5,8,168191.0,-1.1947039104978723,-0.8619484131774695,TIME_LIMIT,50570,0,0,13,2
5,8,168295.0,-1.1947039104978723,-0.8619484131774695,TIME_LIMIT,50598,0,0,19,15
5,8,168382.0,-1.1946474702985588,-0.8619484131774695,TIME_LIMIT,50629,0,0,13,7
5,8,168502.0,-1.1946474702985588,-0.8619484131774695,TIME_LIMIT,50654,0,0,8,11
5,8,168634.0,-1.1945905847720515,-0.8619484131774695,TIME_LIMIT,50689,0,0,9,11
5,8,168741.0,-1.1945905847720515,-0.8619484131774695,TIME_LIMIT,50714,0,0,11,18
5,8,168816.0,-1.1945598538118918,-0.8619484131774695,TIME_LIMIT,50750,0,0,10,13
5,8,168869.0,-1.1945598538118918,-0.8619484131774695,TIME_LIMIT,50765,0,0,6,6
5,8,168931.0,-1.194547978578629,-0.8619484131774695,TIME_LIMIT,50796,0,0,12,10
5,8,169035.0,-1.194547978578629,-0.8619484131774695,TIME_LIMIT,50823,0,0,13,15
5,8,169178.0,-1.194460298355461,-0.8619484131774695,TIME_LIMIT,50862,0,0,9,9
5,8,169217.0,-1.194460298355461,-0.8619484131774695,TIME_LIMIT,50881,0,0,11,8
5,8,169245.0,-1.1944531335257558,-0.8619484131774695,TIME_LIMIT,50901,0,0,10,6
5,8,169348.0,-1.1944531335257558,-0.8619484131774695,TIME_LIMIT,50926,0,0,10,11
5,8,169460.0,-1.1940987881424,-0.8619484131774695,TIME_LIMIT,50962,0,0,9,6
5,8,169533.0,-1.1940987881424,-0.8619484131774695,TIME_LIMIT,50981,0,0,14,13
5,8,169603.0,-1.1940419486233593,-0.8619484131774695,TIME_LIMIT,51003,0,0,14,5
5,8,169659.0,-1.1940419486233593,-0.8619484131774695,TIME_LIMIT,51026,0,0,10,5
5,8,169770.0,-1.194006753009778,-0.8619484131774695,TIME_LIMIT,51049,0,0,14,7
5,8,169812.0,-1.194006753009778,-0.8619484131774695,TIME_LIMIT,51067,0,0,10,9
5,8,169883.0,-1.1939539794644571,-0.8619484131774695,TIME_LIMIT,51086,0,0,13,3
5,8,169899.0,-1.1939539794644571,-0.8619484131774695,TIME_LIMIT,51099,0,0,7,10
5,8,169969.0,-1.1939303247136412,-0.8619484131774695,TIME_LIMIT,51127,0,0,10,8
5,8,170022.0,-1.1939303247136412,-0.8619484131774695,TIME_LIMIT,51151,0,0,13,7
5,8,170081.0,-1.1939175687497279,-0.8619484131774695,TIME_LIMIT,51177,0,0,6,6
5,8,170235.0,-1.1939175687497279,-0.8619484131774695,TIME_LIMIT,51197,0,0,14,18
5,8,170315.0,-1.1938834856232508,-0.8619484131774695,TIME_LIMIT,51227,0,0,6,8
5,8,170392.0,-1.1938834856232508,-0.8619484131774695,TIME_LIMIT,51246,0,0,17,12
5,8,170482.0,-1.193876044644602,-0.8619484131774695,TIME_LIMIT,51276,0,0,10,7
5,8,170520.0,-1.193876044644602,-0.8619484131774695,TIME_LIMIT,51292,0,0,12,14
5,8,170582.0,-1.1938504840486568,-0.8619484131774695,TIME_LIMIT,51325,0,0,8,7
5,8,170801.0,-1.1938504840486568,-0.8619484131774695,TIME_LIMIT,51356,0,0,17,16
5,8,170919.0,-1.1938391371416044,-0.8619484131774695,TIME_LIMIT,51382,0,0,19,6
5,8,170998.0,-1.1938391371416044,-0.8619484131774695,TIME_LIMIT,51406,0,0,15,16
5,8,171038.0,-1.1938040089454052,-0.8619484131774695,TIME_LIMIT,51427,0,0,4,5
5,8,171074.0,-1.1938040089454052,-0.8619484131774695,TIME_LIMIT,51448,0,0,6,15
5,8,171158.0,-1.1937953201832174,-0.8619484131774695,TIME_LIMIT,51477,0,0,9,3
5,8,171298.0,-1.1937953201832174,-0.8619484131774695,TIME_LIMIT,51502,0,0,12,28
5,8,171512.0,-1.1937231053418538,-0.8619484131774695,TIME_LIMIT,51539,0,0,19,11
5,8,171576.0,-1.1937231053418538,-0.8619484131774695,TIME_LIMIT,51565,0,0,18,16
5,8,171641.0,-1.1937121417740684,-0.8619484131774695,TIME_LIMIT,51590,0,0,11,4
5,8,171758.0,-1.1937121417740684,-0.8619484131774695,TIME_LIMIT,51616,0,0,17,17
5,8,171830.0,-1.1936714840806866,-0.8619484131774695,TIME_LIMIT,51646,0,0,7,10
5,8,171978.0,-1.1936714840806866,-0.8619484131774695,TIME_LIMIT,51675,0,0,20,11
5,8,172195.0,-1.1935147310661223,-0.8619484131774695,TIME_LIMIT,51697,0,0,13,7
5,8,172292.0,-1.1935147310661223,-0.8619484131774695,TIME_LIMIT,51718,0,0,15,18
5,8,172414.0,-1.1933549976092575,-0.8619484131774695,TIME_LIMIT,51756,0,0,12,12
5,8,172475.0,-1.1933549976092575,-0.8619484131774695,TIME_LIMIT,51782,0,0,6,9
5,8,172554.0,-1.1933462965472237,-0.8619484131774695,TIME_LIMIT,51803,0,0,8,3
5,8,172752.0,-1.1933462965472237,-0.8619484131774695,TIME_LIMIT,51834,0,0,20,9
5,8,172824.0,-1.1933392144955495,-0.8619484131774695,TIME_LIMIT,51858,0,0,13,12
5,8,172925.0,-1.1933392144955495,-0.8619484131774695,TIME_LIMIT,51881,0,0,15,11
5,8,173035.0,-1.1933228946959678,-0.8619484131774695,TIME_LIMIT,51902,0,0,7,7
5,8,173198.0,-1.1933228946959678,-0.8619484131774695,TIME_LIMIT,51931,0,0,23,32
5,8,173431.0,-1.1933027193472856,-0.8619484131774695,TIME_LIMIT,51966,0,0,11,11
5,8,173541.0,-1.1933027193472856,-0.8619484131774695,TIME_LIMIT,51992,0,0,16,6
5,8,173563.0,-1.1932531979329353,-0.8619484131774695,TIME_LIMIT,52015,0,0,6,10
5,8,173635.0,-1.1932531979329353,-0.8619484131774695,TIME_LIMIT,52036,0,0,18,16
5,8,173784.0,-1.193238718397807,-0.8619484131774695,TIME_LIMIT,52082,0,0,20,15
5,8,173811.0,-1.193238718397807,-0.8619484131774695,TIME_LIMIT,52099,0,0,9,10
5,8,173851.0,-1.1930840394719866,-0.8619484131774695,TIME_LIMIT,52107,0,0,8,5
5,8,173987.0,-1.1930840394719866,-0.8619484131774695,TIME_LIMIT,52134,0,0,7,13
5,8,174085.0,-1.1930507169333455,-0.8619484131774695,TIME_LIMIT,52170,0,0,14,12
5,8,174210.0,-1.1930507169333455,-0.8619484131774695,TIME_LIMIT,52200,0,0,21,18
5,8,174372.0,-1.192921503622597,-0.8619484131774695,TIME_LIMIT,52236,0,0,18,15
5,8,174419.0,-1.192921503622597,-0.8619484131774695,TIME_LIMIT,52250,0,0,11,9
5,8,174488.0,-1.1929155459132443,-0.8619484131774695,TIME_LIMIT,52271,0,0,15,2
5,8,174587.0,-1.1929155459132443,-0.8619484131774695,TIME_LIMIT,52297,0,0,19,13
5,8,174815.0,-1.192846368972605,-0.8619484131774695,TIME_LIMIT,52326,0,0,9,7
5,8,174909.0,-1.192846368972605,-0.8619484131774695,TIME_LIMIT,52345,0,0,6,5
5,8,174968.0,-1.1927567991758963,-0.8619484131774695,TIME_LIMIT,52360,0,0,9,2
5,8,175118.0,-1.1927567991758963,-0.8619484131774695,TIME_LIMIT,52381,0,0,10,19
5,8,175294.0,-1.1926939349997512,-0.8619484131774695,TIME_LIMIT,52424,0,0,17,10
5,8,175434.0,-1.1926939349997512,-0.8619484131774695,TIME_LIMIT,52452,0,0,14,12
5,8,175522.0,-1.1926833753703374,-0.8619484131774695,TIME_LIMIT,52478,0,0,17,11
5,8,175589.0,-1.1926833753703374,-0.8619484131774695,TIME_LIMIT,52506,0,0,8,10
5,8,175691.0,-1.1926787553408005,-0.8619484131774695,TIME_LIMIT,52527,0,0,10,9
5,8,175773.0,-1.1926787553408005,-0.8619484131774695,TIME_LIMIT,52544,0,0,6,10
5,8,175842.0,-1.1926529322373343,-0.8619484131774695,TIME_LIMIT,52572,0,0,12,5
5,8,175897.0,-1.1926529322373343,-0.8619484131774695,TIME_LIMIT,52593,0,0,9,22
5,8,175987.0,-1.1925986897845156,-0.8619484131774695,TIME_LIMIT,52624,0,0,11,7
5,8,176054.0,-1.1925986897845156,-0.8619484131774695,TIME_LIMIT,52649,0,0,17,15
5,8,176146.0,-1.1925649922900428,-0.8619484131774695,TIME_LIMIT,52677,0,0,18,6
5,8,176276.0,-1.1925649922900428,-0.8619484131774695,TIME_LIMIT,52707,0,0,14,16
5,8,176392.0,-1.1925573715373312,-0.8619484131774695,TIME_LIMIT,52742,0,0,13,17
5,8,176450.0,-1.1925573715373312,-0.8619484131774695,TIME_LIMIT,52761,0,0,20,8
5,8,176556.0,-1.1924435113447525,-0.8619484131774695,TIME_LIMIT,52800,0,0,17,7
5,8,176764.0,-1.1924435113447525,-0.8619484131774695,TIME_LIMIT,52822,0,0,7,4
5,8,176799.0,-1.192438502979959,-0.8619484131774695,TIME_LIMIT,52838,0,0,9,5
5,8,176895.0,-1.192438502979959,-0.8619484131774695,TIME_LIMIT,52864,0,0,11,15
5,8,176986.0,-1.1924211810287049,-0.8619484131774695,TIME_LIMIT,52884,0,0,5,7
5,8,177015.0,-1.1924211810287049,-0.8619484131774695,TIME_LIMIT,52904,0,0,10,5
5,8,177052.0,-1.1923866319263747,-0.8619484131774695,TIME_LIMIT,52921,0,0,4,4
5,8,177111.0,-1.1923866319263747,-0.8619484131774695,TIME_LIMIT,52941,0,0,14,8
5,8,177137.0,-1.1923813788040367,-0.8619484131774695,TIME_LIMIT,52961,0,0,6,3
5,8,177180.0,-1.1923813788040367,-0.8619484131774695,TIME_LIMIT,52979,0,0,18,11
5,8,177348.0,-1.1923238353873598,-0.8619484131774695,TIME_LIMIT,53009,0,0,9,3
5,8,177419.0,-1.1923238353873598,-0.8619484131774695,TIME_LIMIT,53033,0,0,10,13
5,8,177469.0,-1.1922275177519945,-0.8619484131774695,TIME_LIMIT,53049,0,0,8,7
5,8,177561.0,-1.1922275177519945,-0.8619484131774695,TIME_LIMIT,53077,0,0,14,13
5,8,177612.0,-1.1922155659675027,-0.8619484131774695,TIME_LIMIT,53102,0,0,12,4
5,8,177759.0,-1.1922155659675027,-0.8619484131774695,TIME_LIMIT,53126,0,0,17,6
5,8,177840.0,-1.1921769262281834,-0.8619484131774695,TIME_LIMIT,53150,0,0,10,5
5,8,177955.0,-1.1921769262281834,-0.8619484131774695,TIME_LIMIT,53180,0,0,21,19
5,8,178046.0,-1.1920383645924963,-0.8619484131774695,TIME_LIMIT,53208,0,0,17,6
5,8,178110.0,-1.1920383645924963,-0.8619484131774695,TIME_LIMIT,53226,0,0,14,9
5,8,178197.0,-1.192010280179591,-0.8619484131774695,TIME_LIMIT,53264,0,0,15,5
5,8,178285.0,-1.192010280179591,-0.8619484131774695,TIME_LIMIT,53286,0,0,14,15
5,8,178412.0,-1.1919241503733211,-0.8619484131774695,TIME_LIMIT,53316,0,0,11,5
5,8,178462.0,-1.1919241503733211,-0.8619484131774695,TIME_LIMIT,53336,0,0,13,3
5,8,178512.0,-1.1918146548376987,-0.8619484131774695,TIME_LIMIT,53355,0,0,10,2
5,8,178602.0,-1.1918146548376987,-0.8619484131774695,TIME_LIMIT,53378,0,0,14,14
5,8,178705.0,-1.191735748580301,-0.8619484131774695,TIME_LIMIT,53420,0,0,8,11
5,8,178880.0,-1.191735748580301,-0.8619484131774695,TIME_LIMIT,53447,0,0,18,12
5,8,178945.0,-1.1917330724122581,-0.8619484131774695,TIME_LIMIT,53469,0,0,13,9
5,8,179008.0,-1.1917330724122581,-0.8619484131774695,TIME_LIMIT,53489,0,0,10,6
5,8,179122.0,-1.1916552556905873,-0.8619484131774695,TIME_LIMIT,53526,0,0,13,18
5,8,179186.0,-1.1916552556905873,-0.8619484131774695,TIME_LIMIT,53547,0,0,17,21
5,8,179338.0,-1.1915519572802082,-0.8619484131774695,TIME_LIMIT,53587,0,0,13,12
5,8,179520.0,-1.1915519572802082,-0.8619484131774695,TIME_LIMIT,53615,0,0,16,13
5,8,179667.0,-1.1915479289540285,-0.8619484131774695,TIME_LIMIT,53641,0,0,5,2
5,8,179804.0,-1.1915479289540285,-0.8619484131774695,TIME_LIMIT,53665,0,0,16,9
5,8,179891.0,-1.1915282983663817,-0.8619484131774695,TIME_LIMIT,53698,0,0,12,6
5,8,179972.0,-1.1915282983663817,-0.8619484131774695,TIME_LIMIT,53720,0,0,16,11
5,8,180052.0,-1.1914578918322372,-0.8619484131774695,TIME_LIMIT,53746,0,0,16,4
5,8,180110.0,-1.1914578918322372,-0.8619484131774695,TIME_LIMIT,53764,0,0,11,10
5,8,180220.0,-1.191449054227625,-0.8619484131774695,TIME_LIMIT,53800,0,0,11,7
5,8,180257.0,-1.191449054227625,-0.8619484131774695,TIME_LIMIT,53817,0,0,12,8
5,8,180317.0,-1.1913325220244035,-0.8619484131774695,TIME_LIMIT,53841,0,0,6,5
5,8,180513.0,-1.1913325220244035,-0.8619484131774695,TIME_LIMIT,53873,0,0,19,8
5,8,180640.0,-1.1913317853285283,-0.8619484131774695,TIME_LIMIT,53902,0,0,20,11
5,8,180671.0,-1.1913317853285283,-0.8619484131774695,TIME_LIMIT,53917,0,0,17,12
5,8,180700.0,-1.1913066575712712,-0.8619484131774695,TIME_LIMIT,53944,0,0,7,7
5,8,180761.0,-1.1913066575712712,-0.8619484131774695,TIME_LIMIT,53966,0,0,16,15
5,8,180899.0,-1.191277660454368,-0.8619484131774695,TIME_LIMIT,54002,0,0,15,15
5,8,181126.0,-1.191277660454368,-0.8619484131774695,TIME_LIMIT,54028,0,0,16,21
5,8,181234.0,-1.1912335400172083,-0.8619484131774695,TIME_LIMIT,54061,0,0,9,12
5,8,181291.0,-1.1912335400172083,-0.8619484131774695,TIME_LIMIT,54078,0,0,13,7
5,8,181378.0,-1.191227051946762,-0.8619484131774695,TIME_LIMIT,54112,0,0,9,8
5,8,181505.0,-1.191227051946762,-0.8619484131774695,TIME_LIMIT,54137,0,0,11,14
5,8,181654.0,-1.1911668356025014,-0.8619484131774695,TIME_LIMIT,54178,0,0,14,14
5,8,181735.0,-1.1911668356025014,-0.8619484131774695,TIME_LIMIT,54203,0,0,9,7
5,8,181791.0,-1.1911576734825606,-0.8619484131774695,TIME_LIMIT,54231,0,0,6,5
5,8,181918.0,-1.1911576734825606,-0.8619484131774695,TIME_LIMIT,54258,0,0,20,19
5,8,182070.0,-1.191136072406067,-0.8619484131774695,TIME_LIMIT,54292,0,0,15,8
5,8,182132.0,-1.191136072406067,-0.8619484131774695,TIME_LIMIT,54302,0,0,11,9
5,8,182270.0,-1.1910967857820185,-0.8619484131774695,TIME_LIMIT,54336,0,0,18,4
5,8,182325.0,-1.1910967857820185,-0.8619484131774695,TIME_LIMIT,54361,0,0,16,20
5,8,182413.0,-1.1910186435446593,-0.8619484131774695,TIME_LIMIT,54384,0,0,15,18
5,8,182554.0,-1.1910186435446593,-0.8619484131774695,TIME_LIMIT,54416,0,0,24,21
5,8,182759.0,-1.1910086611762893,-0.8619484131774695,TIME_LIMIT,54442,0,0,12,8
5,8,182871.0,-1.1910086611762893,-0.8619484131774695,TIME_LIMIT,54468,0,0,15,11
5,8,182902.0,-1.1909406667624622,-0.8619484131774695,TIME_LIMIT,54487,0,0,7,3
5,8,182968.0,-1.1909406667624622,-0.8619484131774695,TIME_LIMIT,54510,0,0,13,11
5,8,183026.0,-1.1909209655383346,-0.8619484131774695,TIME_LIMIT,54540,0,0,9,4
5,8,183132.0,-1.1909209655383346,-0.8619484131774695,TIME_LIMIT,54565,0,0,20,22
5,8,183235.0,-1.190903661933878,-0.8619484131774695,TIME_LIMIT,54600,0,0,9,10
5,8,183289.0,-1.190903661933878,-0.8619484131774695,TIME_LIMIT,54619,0,0,7,14
5,8,183358.0,-1.1908723416434357,-0.8619484131774695,TIME_LIMIT,54654,0,0,13,9
5,8,183422.0,-1.1908723416434357,-0.8619484131774695,TIME_LIMIT,54675,0,0,13,17
5,8,183472.0,-1.19085994086417,-0.8619484131774695,TIME_LIMIT,54700,0,0,13,3
5,8,183603.0,-1.19085994086417,-0.8619484131774695,TIME_LIMIT,54724,0,0,15,18
5,8,183691.0,-1.1908487305290585,-0.8619484131774695,TIME_LIMIT,54762,0,0,17,7
5,8,183722.0,-1.1908487305290585,-0.8619484131774695,TIME_LIMIT,54780,0,0,10,13
5,8,183781.0,-1.190835858375864,-0.8619484131774695,TIME_LIMIT,54809,0,0,9,4
5,8,183815.0,-1.190835858375864,-0.8619484131774695,TIME_LIMIT,54825,0,0,13,5
5,8,183847.0,-1.1908000723604053,-0.8619484131774695,TIME_LIMIT,54844,0,0,7,5
5,8,183960.0,-1.1908000723604053,-0.8619484131774695,TIME_LIMIT,54871,0,0,8,18
5,8,184084.0,-1.1907920062977753,-0.8619484131774695,TIME_LIMIT,54896,0,0,17,17
5,8,184164.0,-1.1907920062977753,-0.8619484131774695,TIME_LIMIT,54922,0,0,15,11
5,8,184198.0,-1.1907857511840347,-0.8619484131774695,TIME_LIMIT,54941,0,0,9,3
5,8,184310.0,-1.1907857511840347,-0.8619484131774695,TIME_LIMIT,54968,0,0,24,22
5,8,184557.0,-1.1907151063536618,-0.8619484131774695,TIME_LIMIT,54999,0,0,7,6
5,8,184671.0,-1.1907151063536618,-0.8619484131774695,TIME_LIMIT,55027,0,0,18,10
5,8,184875.0,-1.1907056238583271,-0.8619484131774695,TIME_LIMIT,55057,0,0,11,10
5,8,184912.0,-1.1907056238583271,-0.8619484131774695,TIME_LIMIT,55072,0,0,13,12
5,8,184948.0,-1.1906559559306882,-0.8619484131774695,TIME_LIMIT,55100,0,0,9,3
5,8,185136.0,-1.1906559559306882,-0.8619484131774695,TIME_LIMIT,55130,0,0,19,10
5,8,185215.0,-1.1906425901983173,-0.8619484131774695,TIME_LIMIT,55150,0,0,11,6
5,8,185298.0,-1.1906425901983173,-0.8619484131774695,TIME_LIMIT,55179,0,0,13,10
5,8,185367.0,-1.190552069921197,-0.8619484131774695,TIME_LIMIT,55208,0,0,12,7
5,8,185559.0,-1.190552069921197,-0.8619484131774695,TIME_LIMIT,55239,0,0,21,12
5,8,185645.0,-1.1904956546447738,-0.8619484131774695,TIME_LIMIT,55273,0,0,7,12
5,8,185709.0,-1.1904956546447738,-0.8619484131774695,TIME_LIMIT,55293,0,0,11,14
5,8,185805.0,-1.1904947193953714,-0.8619484131774695,TIME_LIMIT,55315,0,0,14,8
5,8,185860.0,-1.1904947193953714,-0.8619484131774695,TIME_LIMIT,55336,0,0,9,13
5,8,185948.0,-1.1904481038565957,-0.8619484131774695,TIME_LIMIT,55363,0,0,16,14
5,8,186160.0,-1.1904481038565957,-0.8619484131774695,TIME_LIMIT,55400,0,0,23,11
5,8,186324.0,-1.1903897047829188,-0.8619484131774695,TIME_LIMIT,55423,0,0,13,9
5,8,186412.0,-1.1903897047829188,-0.8619484131774695,TIME_LIMIT,55447,0,0,6,18
5,8,186479.0,-1.1903564944553415,-0.8619484131774695,TIME_LIMIT,55472,0,0,15,11
5,8,186570.0,-1.1903564944553415,-0.8619484131774695,TIME_LIMIT,55502,0,0,5,13
5,8,186644.0,-1.1903335603974505,-0.8619484131774695,TIME_LIMIT,55523,0,0,12,2
5,8,186707.0,-1.1903335603974505,-0.8619484131774695,TIME_LIMIT,55545,0,0,13,13
5,8,186764.0,-1.190317560225195,-0.8619484131774695,TIME_LIMIT,55566,0,0,7,4
5,8,186968.0,-1.190317560225195,-0.8619484131774695,TIME_LIMIT,55599,0,0,17,20
5,8,187077.0,-1.190259757302757,-0.8619484131774695,TIME_LIMIT,55626,0,0,12,6
5,8,187139.0,-1.190259757302757,-0.8619484131774695,TIME_LIMIT,55650,0,0,11,10
5,8,187203.0,-1.190259120183626,-0.8619484131774695,TIME_LIMIT,55678,0,0,11,4
5,8,187400.0,-1.190259120183626,-0.8619484131774695,TIME_LIMIT,55708,0,0,16,7
5,8,187474.0,-1.1902238350082421,-0.8619484131774695,TIME_LIMIT,55730,0,0,6,1
5,8,187603.0,-1.1902238350082421,-0.8619484131774695,TIME_LIMIT,55762,0,0,17,13
5,8,187665.0,-1.1901945346003024,-0.8619484131774695,TIME_LIMIT,55791,0,0,13,4
5,8,187725.0,-1.1901945346003024,-0.8619484131774695,TIME_LIMIT,55812,0,0,14,16
5,8,187827.0,-1.1901630094147,-0.8619484131774695,TIME_LIMIT,55847,0,0,9,10
5,8,187959.0,-1.1901630094147,-0.8619484131774695,TIME_LIMIT,55873,0,0,18,12
5,8,188020.0,-1.1901554009344766,-0.8619484131774695,TIME_LIMIT,55903,0,0,7,10
5,8,188149.0,-1.1901554009344766,-0.8619484131774695,TIME_LIMIT,55929,0,0,15,6
5,8,188230.0,-1.1901436381247228,-0.8619484131774695,TIME_LIMIT,55960,0,0,15,6
5,8,188378.0,-1.1901436381247228,-0.8619484131774695,TIME_LIMIT,55992,0,0,20,11
5,8,188419.0,-1.190119167969223,-0.8619484131774695,TIME_LIMIT,56020,0,0,11,6
5,8,188628.0,-1.190119167969223,-0.8619484131774695,TIME_LIMIT,56046,0,0,10,12
5,8,188787.0,-1.1901160747799646,-0.8619484131774695,TIME_LIMIT,56072,0,0,16,13
5,8,188895.0,-1.1901160747799646,-0.8619484131774695,TIME_LIMIT,56088,0,0,13,18
5,8,189001.0,-1.190111262022626,-0.8619484131774695,TIME_LIMIT,56117,0,0,5,5
5,8,189063.0,-1.190111262022626,-0.8619484131774695,TIME_LIMIT,56143,0,0,13,11
5,8,189122.0,-1.190105374604695,-0.8619484131774695,TIME_LIMIT,56164,0,0,16,7
5,8,189242.0,-1.190105374604695,-0.8619484131774695,TIME_LIMIT,56192,0,0,16,21
5,8,189364.0,-1.1901022303807616,-0.8619484131774695,TIME_LIMIT,56222,0,0,16,11
5,8,189494.0,-1.1901022303807616,-0.8619484131774695,TIME_LIMIT,56249,0,0,14,13
5,8,189646.0,-1.1901019041717784,-0.8619484131774695,TIME_LIMIT,56290,0,0,20,11
5,8,189756.0,-1.1901019041717784,-0.8619484131774695,TIME_LIMIT,56311,0,0,21,18
5,8,189829.0,-1.1900799663630313,-0.8619484131774695,TIME_LIMIT,56343,0,0,14,10
5,8,189898.0,-1.1900799663630313,-0.8619484131774695,TIME_LIMIT,56367,0,0,11,12
5,8,189942.0,-1.1900690859141494,-0.8619484131774695,TIME_LIMIT,56390,0,0,15,4
5,8,190006.0,-1.1900690859141494,-0.8619484131774695,TIME_LIMIT,56410,0,0,16,7
5,8,190083.0,-1.1900074637972609,-0.8619484131774695,TIME_LIMIT,56435,0,0,2,6
5,8,190238.0,-1.1900074637972609,-0.8619484131774695,TIME_LIMIT,56467,0,0,18,10
5,8,190319.0,-1.189973876814368,-0.8619484131774695,TIME_LIMIT,56496,0,0,9,8
5,8,190360.0,-1.189973876814368,-0.8619484131774695,TIME_LIMIT,56515,0,0,11,6
5,8,190376.0,-1.1899641725338959,-0.8619484131774695,TIME_LIMIT,56531,0,0,9,3
5,8,190417.0,-1.1899641725338959,-0.8619484131774695,TIME_LIMIT,56547,0,0,7,5
5,8,190479.0,-1.1899439626994122,-0.8619484131774695,TIME_LIMIT,56572,0,0,3,4
5,8,190575.0,-1.1899439626994122,-0.8619484131774695,TIME_LIMIT,56600,0,0,17,17
5,8,190719.0,-1.1898933101331373,-0.8619484131774695,TIME_LIMIT,56624,0,0,12,6
5,8,190795.0,-1.1898933101331373,-0.8619484131774695,TIME_LIMIT,56649,0,0,17,11
5,8,190863.0,-1.1898647403360665,-0.8619484131774695,TIME_LIMIT,56674,0,0,16,11
5,8,190904.0,-1.1898647403360665,-0.8619484131774695,TIME_LIMIT,56693,0,0,12,13
5,8,190959.0,-1.1898422015821153,-0.8619484131774695,TIME_LIMIT,56711,0,0,12,8
5,8,190990.0,-1.1898422015821153,-0.8619484131774695,TIME_LIMIT,56726,0,0,10,17
5,8,191029.0,-1.1897853512278025,-0.8619484131774695,TIME_LIMIT,56744,0,0,6,3
5,8,191147.0,-1.1897853512278025,-0.8619484131774695,TIME_LIMIT,56773,0,0,23,8
5,8,191213.0,-1.1897665061841978,-0.8619484131774695,TIME_LIMIT,56804,0,0,14,10
5,8,191319.0,-1.1897665061841978,-0.8619484131774695,TIME_LIMIT,56834,0,0,6,9
5,8,191391.0,-1.1897479758209792,-0.8619484131774695,TIME_LIMIT,56863,0,0,10,11
5,8,191592.0,-1.1897479758209792,-0.8619484131774695,TIME_LIMIT,56894,0,0,19,23
5,8,191702.0,-1.1897445470240051,-0.8619484131774695,TIME_LIMIT,56927,0,0,9,6
5,8,191754.0,-1.1897445470240051,-0.8619484131774695,TIME_LIMIT,56948,0,0,14,3
5,8,191804.0,-1.1897378650290715,-0.8619484131774695,TIME_LIMIT,56967,0,0,10,3
5,8,191947.0,-1.1897378650290715,-0.8619484131774695,TIME_LIMIT,56996,0,0,18,22
5,8,192125.0,-1.1896277552866854,-0.8619484131774695,TIME_LIMIT,57033,0,0,19,12
5,8,192178.0,-1.1896277552866854,-0.8619484131774695,TIME_LIMIT,57053,0,0,21,6
5,8,192246.0,-1.1896154795020881,-0.8619484131774695,TIME_LIMIT,57082,0,0,13,4
5,8,192315.0,-1.1896154795020881,-0.8619484131774695,TIME_LIMIT,57107,0,0,15,8
5,8,192403.0,-1.1896037918570568,-0.8619484131774695,TIME_LIMIT,57130,0,0,11,4
5,8,192473.0,-1.1896037918570568,-0.8619484131774695,TIME_LIMIT,57156,0,0,10,8
5,8,192616.0,-1.1895986743674856,-0.8619484131774695,TIME_LIMIT,57181,0,0,12,12
5,8,192759.0,-1.1895986743674856,-0.8619484131774695,TIME_LIMIT,57203,0,0,16,13
5,8,192931.0,-1.1895287431289971,-0.8619484131774695,TIME_LIMIT,57241,0,0,16,12
5,8,192990.0,-1.1895287431289971,-0.8619484131774695,TIME_LIMIT,57264,0,0,11,8
5,8,193021.0,-1.1895109410569793,-0.8619484131774695,TIME_LIMIT,57293,0,0,9,9
5,8,193115.0,-1.1895109410569793,-0.8619484131774695,TIME_LIMIT,57323,0,0,12,11
5,8,193196.0,-1.1894981215706801,-0.8619484131774695,TIME_LIMIT,57345,0,0,7,5
5,8,193296.0,-1.1894981215706801,-0.8619484131774695,TIME_LIMIT,57369,0,0,6,8
5,8,193388.0,-1.1894632836939003,-0.8619484131774695,TIME_LIMIT,57391,0,0,9,7
5,8,193453.0,-1.1894632836939003,-0.8619484131774695,TIME_LIMIT,57415,0,0,16,9
5,8,193536.0,-1.189415933420369,-0.8619484131774695,TIME_LIMIT,57439,0,0,13,6
5,8,193618.0,-1.189415933420369,-0.8619484131774695,TIME_LIMIT,57468,0,0,16,12
5,8,193771.0,-1.1894130095184596,-0.8619484131774695,TIME_LIMIT,57495,0,0,14,10
5,8,193837.0,-1.1894130095184596,-0.8619484131774695,TIME_LIMIT,57519,0,0,14,10
5,8,193893.0,-1.1894068062575824,-0.8619484131774695,TIME_LIMIT,57543,0,0,13,1
5,8,194057.0,-1.1894068062575824,-0.8619484131774695,TIME_LIMIT,57573,0,0,15,24
5,8,194118.0,-1.1893756315370652,-0.8619484131774695,TIME_LIMIT,57604,0,0,9,11
5,8,194211.0,-1.1893756315370652,-0.8619484131774695,TIME_LIMIT,57628,0,0,8,8
5,8,194403.0,-1.189363254152896,-0.8619484131774695,TIME_LIMIT,57656,0,0,15,4
5,8,194622.0,-1.189363254152896,-0.8619484131774695,TIME_LIMIT,57683,0,0,25,19
5,8,194782.0,-1.1892981581738207,-0.8619484131774695,TIME_LIMIT,57715,0,0,18,10
5,8,194944.0,-1.1892981581738207,-0.8619484131774695,TIME_LIMIT,57738,0,0,17,31
5,8,195034.0,-1.189287801002702,-0.8619484131774695,TIME_LIMIT,57767,0,0,12,5
5,8,195071.0,-1.189287801002702,-0.8619484131774695,TIME_LIMIT,57793,0,0,14,11
5,8,195133.0,-1.1892555325334841,-0.8619484131774695,TIME_LIMIT,57819,0,0,15,10
5,8,195242.0,-1.1892555325334841,-0.8619484131774695,TIME_LIMIT,57846,0,0,17,17
5,8,195349.0,-1.189222129069845,-0.8619484131774695,TIME_LIMIT,57868,0,0,14,11
5,8,195549.0,-1.189222129069845,-0.8619484131774695,TIME_LIMIT,57894,0,0,15,16
5,8,195774.0,-1.1891726888955272,-0.8619484131774695,TIME_LIMIT,57921,0,0,10,9
5,8,195846.0,-1.1891726888955272,-0.8619484131774695,TIME_LIMIT,57942,0,0,7,8
5,8,195875.0,-1.1891207761309905,-0.8619484131774695,TIME_LIMIT,57961,0,0,12,0
5,8,195953.0,-1.1891207761309905,-0.8619484131774695,TIME_LIMIT,57991,0,0,10,11
5,8,196156.0,-1.1890819677051434,-0.8619484131774695,TIME_LIMIT,58019,0,0,15,18
5,8,196203.0,-1.1890819677051434,-0.8619484131774695,TIME_LIMIT,58039,0,0,4,5
5,8,196265.0,-1.1890007868884138,-0.8619484131774695,TIME_LIMIT,58063,0,0,4,8
5,8,196428.0,-1.1890007868884138,-0.8619484131774695,TIME_LIMIT,58093,0,0,22,14
5,8,196541.0,-1.1888808309967571,-0.8619484131774695,TIME_LIMIT,58121,0,0,9,9
5,8,196639.0,-1.1888808309967571,-0.8619484131774695,TIME_LIMIT,58144,0,0,10,8
5,8,196809.0,-1.1888683434773455,-0.8619484131774695,TIME_LIMIT,58172,0,0,16,12
5,8,196886.0,-1.1888683434773455,-0.8619484131774695,TIME_LIMIT,58198,0,0,13,7
5,8,197037.0,-1.1888310289899315,-0.8619484131774695,TIME_LIMIT,58229,0,0,6,12
5,8,197124.0,-1.1888310289899315,-0.8619484131774695,TIME_LIMIT,58259,0,0,13,13
5,8,197248.0,-1.1888167215396732,-0.8619484131774695,TIME_LIMIT,58281,0,0,11,5
5,8,197338.0,-1.1888167215396732,-0.8619484131774695,TIME_LIMIT,58303,0,0,11,13
5,8,197536.0,-1.1887254733113748,-0.8619484131774695,TIME_LIMIT,58336,0,0,14,9
5,8,197561.0,-1.1887254733113748,-0.8619484131774695,TIME_LIMIT,58351,0,0,15,8
5,8,197649.0,-1.1887227883422387,-0.8619484131774695,TIME_LIMIT,58379,0,0,10,9
5,8,197770.0,-1.1887227883422387,-0.8619484131774695,TIME_LIMIT,58409,0,0,21,30
5,8,197911.0,-1.1886883319409591,-0.8619484131774695,TIME_LIMIT,58437,0,0,18,10
5,8,198011.0,-1.1886883319409591,-0.8619484131774695,TIME_LIMIT,58466,0,0,20,7
5,8,198069.0,-1.1886805102776823,-0.8619484131774695,TIME_LIMIT,58493,0,0,11,6
5,8,198189.0,-1.1886805102776823,-0.8619484131774695,TIME_LIMIT,58515,0,0,19,8
5,8,198261.0,-1.1885762004152756,-0.8619484131774695,TIME_LIMIT,58542,0,0,15,8
5,8,198314.0,-1.1885762004152756,-0.8619484131774695,TIME_LIMIT,58560,0,0,8,9
5,8,198362.0,-1.1885725885454446,-0.8619484131774695,TIME_LIMIT,58576,0,0,9,8
5,8,198388.0,-1.1885725885454446,-0.8619484131774695,TIME_LIMIT,58595,0,0,14,6
5,8,198445.0,-1.1884622362138055,-0.8619484131774695,TIME_LIMIT,58621,0,0,11,3
5,8,198544.0,-1.1884622362138055,-0.8619484131774695,TIME_LIMIT,58650,0,0,13,15
5,8,198654.0,-1.1884289670384736,-0.8619484131774695,TIME_LIMIT,58674,0,0,15,8
5,8,198729.0,-1.1884289670384736,-0.8619484131774695,TIME_LIMIT,58696,0,0,19,20
5,8,198848.0,-1.1884223535964373,-0.8619484131774695,TIME_LIMIT,58727,0,0,8,3
5,8,198898.0,-1.1884223535964373,-0.8619484131774695,TIME_LIMIT,58746,0,0,13,15
5,8,198968.0,-1.1884165610439477,-0.8619484131774695,TIME_LIMIT,58772,0,0,8,7
5,8,199020.0,-1.1884165610439477,-0.8619484131774695,TIME_LIMIT,58791,0,0,7,16
5,8,199087.0,-1.1883871479296249,-0.8619484131774695,TIME_LIMIT,58813,0,0,4,4
5,8,199194.0,-1.1883871479296249,-0.8619484131774695,TIME_LIMIT,58838,0,0,17,14
5,8,199382.0,-1.1883848712015677,-0.8619484131774695,TIME_LIMIT,58865,0,0,8,4
5,8,199468.0,-1.1883848712015677,-0.8619484131774695,TIME_LIMIT,58887,0,0,11,7
5,8,199488.0,-1.1883818301815516,-0.8619484131774695,TIME_LIMIT,58905,0,0,9,0
5,8,199658.0,-1.1883818301815516,-0.8619484131774695,TIME_LIMIT,58929,0,0,11,10
5,8,199753.0,-1.1883815250763183,-0.8619484131774695,TIME_LIMIT,58955,0,0,10,11
5,8,199809.0,-1.1883815250763183,-0.8619484131774695,TIME_LIMIT,58975,0,0,15,13
5,8,199932.0,-1.1883224246203195,-0.8619484131774695,TIME_LIMIT,59005,0,0,11,11
5,8,200004.0,-1.1883224246203195,-0.8619484131774695,TIME_LIMIT,59024,0,0,15,6
5,8,200046.0,-1.1883061049821637,-0.8619484131774695,TIME_LIMIT,59044,0,0,8,3
5,8,200102.0,-1.1883061049821637,-0.8619484131774695,TIME_LIMIT,59064,0,0,10,12
5,8,200226.0,-1.188294102529094,-0.8619484131774695,TIME_LIMIT,59083,0,0,7,5
5,8,200299.0,-1.188294102529094,-0.8619484131774695,TIME_LIMIT,59101,0,0,16,22
5,8,200435.0,-1.1882769322601174,-0.8619484131774695,TIME_LIMIT,59131,0,0,11,6
5,8,200517.0,-1.1882769322601174,-0.8619484131774695,TIME_LIMIT,59161,0,0,14,13
5,8,200625.0,-1.1882694893606744,-0.8619484131774695,TIME_LIMIT,59197,0,0,12,9
5,8,200693.0,-1.1882694893606744,-0.8619484131774695,TIME_LIMIT,59220,0,0,8,15
5,8,200810.0,-1.1882384749290782,-0.8619484131774695,TIME_LIMIT,59255,0,0,9,8
5,8,200989.0,-1.1882384749290782,-0.8619484131774695,TIME_LIMIT,59281,0,0,19,31
5,8,201107.0,-1.1882229561150783,-0.8619484131774695,TIME_LIMIT,59317,0,0,16,8
5,8,201213.0,-1.1882229561150783,-0.8619484131774695,TIME_LIMIT,59348,0,0,13,9
5,8,201270.0,-1.1882030064342306,-0.8619484131774695,TIME_LIMIT,59367,0,0,6,11
5,8,201331.0,-1.1882030064342306,-0.8619484131774695,TIME_LIMIT,59389,0,0,7,10
5,8,201354.0,-1.188192117523846,-0.8619484131774695,TIME_LIMIT,59405,0,0,5,2
5,8,201450.0,-1.188192117523846,-0.8619484131774695,TIME_LIMIT,59429,0,0,7,12
5,8,201513.0,-1.1880987786982282,-0.8619484131774695,TIME_LIMIT,59454,0,0,14,8
5,8,201616.0,-1.1880987786982282,-0.8619484131774695,TIME_LIMIT,59477,0,0,14,8
5,8,201713.0,-1.1880143609712146,-0.8619484131774695,TIME_LIMIT,59497,0,0,10,9
5,8,201792.0,-1.1880143609712146,-0.8619484131774695,TIME_LIMIT,59519,0,0,11,9
5,8,201899.0,-1.1880123925221004,-0.8619484131774695,TIME_LIMIT,59547,0,0,10,9
5,8,202001.0,-1.1880123925221004,-0.8619484131774695,TIME_LIMIT,59573,0,0,12,9
5,8,202054.0,-1.1879824179447624,-0.8619484131774695,TIME_LIMIT,59588,0,0,11,11
5,8,202171.0,-1.1879824179447624,-0.8619484131774695,TIME_LIMIT,59614,0,0,14,18
5,8,202270.0,-1.1879621315441218,-0.8619484131774695,TIME_LIMIT,59640,0,0,8,6
5,8,202356.0,-1.1879621315441218,-0.8619484131774695,TIME_LIMIT,59659,0,0,9,20
5,8,202418.0,-1.1879001144983594,-0.8619484131774695,TIME_LIMIT,59694,0,0,7,8
5,8,202515.0,-1.1879001144983594,-0.8619484131774695,TIME_LIMIT,59719,0,0,15,10
5,8,202594.0,-1.1878694960707585,-0.8619484131774695,TIME_LIMIT,59746,0,0,20,8
5,8,202692.0,-1.1878694960707585,-0.8619484131774695,TIME_LIMIT,59778,0,0,18,14
5,8,202808.0,-1.1878041582830714,-0.8619484131774695,TIME_LIMIT,59805,0,0,9,6
5,8,202930.0,-1.1878041582830714,-0.8619484131774695,TIME_LIMIT,59829,0,0,12,10
5,8,202983.0,-1.1877585695478712,-0.8619484131774695,TIME_LIMIT,59851,0,0,12,4
5,8,203069.0,-1.1877585695478712,-0.8619484131774695,TIME_LIMIT,59874,0,0,12,11
5,8,203128.0,-1.1877444106514168,-0.8619484131774695,TIME_LIMIT,59890,0,0,4,6
5,8,203191.0,-1.1877444106514168,-0.8619484131774695,TIME_LIMIT,59920,0,0,18,13
5,8,203369.0,-1.1877294657982203,-0.8619484131774695,TIME_LIMIT,59944,0,0,16,14
5,8,203587.0,-1.1877294657982203,-0.8619484131774695,TIME_LIMIT,59976,0,0,13,24
5,8,203713.0,-1.1877196622036983,-0.8619484131774695,TIME_LIMIT,60009,0,0,20,16
5,8,203822.0,-1.1877196622036983,-0.8619484131774695,TIME_LIMIT,60036,0,0,13,10
5,8,203895.0,-1.1876722492581187,-0.8619484131774695,TIME_LIMIT,60055,0,0,6,6
5,8,203957.0,-1.1876722492581187,-0.8619484131774695,TIME_LIMIT,60077,0,0,17,4
5,8,203999.0,-1.1876626926560627,-0.8619484131774695,TIME_LIMIT,60094,0,0,10,2
5,8,204135.0,-1.1876626926560627,-0.8619484131774695,TIME_LIMIT,60119,0,0,12,16
5,8,204376.0,-1.187629158266841,-0.8619484131774695,TIME_LIMIT,60156,0,0,10,18
5,8,204575.0,-1.187629158266841,-0.8619484131774695,TIME_LIMIT,60176,0,0,16,20
5,8,204807.0,-1.18760570958434,-0.8619484131774695,TIME_LIMIT,60214,0,0,17,16
5,8,204964.0,-1.18760570958434,-0.8619484131774695,TIME_LIMIT,60243,0,0,17,11
5,8,204999.0,-1.1875651134276468,-0.8619484131774695,TIME_LIMIT,60260,0,0,10,11
5,8,205092.0,-1.1875651134276468,-0.8619484131774695,TIME_LIMIT,60286,0,0,10,16
5,8,205237.0,-1.1875650981594406,-0.8619484131774695,TIME_LIMIT,60320,0,0,7,5
5,8,205397.0,-1.1875650981594406,-0.8619484131774695,TIME_LIMIT,60342,0,0,15,18
5,8,205624.0,-1.1875487769061193,-0.8619484131774695,TIME_LIMIT,60378,0,0,13,11
5,8,205732.0,-1.1875487769061193,-0.8619484131774695,TIME_LIMIT,60407,0,0,19,8
5,8,205876.0,-1.1875379279778158,-0.8619484131774695,TIME_LIMIT,60438,0,0,16,4
5,8,205929.0,-1.1875379279778158,-0.8619484131774695,TIME_LIMIT,60458,0,0,11,8
5,8,205991.0,-1.1873955947121868,-0.8619484131774695,TIME_LIMIT,60480,0,0,8,4
5,8,206110.0,-1.1873955947121868,-0.8619484131774695,TIME_LIMIT,60503,0,0,14,4
5,8,206209.0,-1.187372292628387,-0.8619484131774695,TIME_LIMIT,60536,0,0,7,4
5,8,206432.0,-1.187372292628387,-0.8619484131774695,TIME_LIMIT,60561,0,0,8,21
5,8,206631.0,-1.187357415229133,-0.8619484131774695,TIME_LIMIT,60597,0,0,14,8
5,8,206714.0,-1.187357415229133,-0.8619484131774695,TIME_LIMIT,60616,0,0,14,23
5,8,206782.0,-1.1873260298741597,-0.8619484131774695,TIME_LIMIT,60645,0,0,14,5
5,8,206805.0,-1.1873260298741597,-0.8619484131774695,TIME_LIMIT,60664,0,0,9,7
5,8,206867.0,-1.1873042855113325,-0.8619484131774695,TIME_LIMIT,60686,0,0,7,10
5,8,206909.0,-1.1873042855113325,-0.8619484131774695,TIME_LIMIT,60701,0,0,9,13
5,8,206975.0,-1.1872905775555396,-0.8619484131774695,TIME_LIMIT,60731,0,0,9,7
5,8,207092.0,-1.1872905775555396,-0.8619484131774695,TIME_LIMIT,60762,0,0,20,13
5,8,207149.0,-1.1872814587777345,-0.8619484131774695,TIME_LIMIT,60782,0,0,12,2
5,8,207267.0,-1.1872814587777345,-0.8619484131774695,TIME_LIMIT,60808,0,0,9,10
5,8,207334.0,-1.1872792059660897,-0.8619484131774695,TIME_LIMIT,60830,0,0,10,5
5,8,207392.0,-1.1872792059660897,-0.8619484131774695,TIME_LIMIT,60849,0,0,14,18
5,8,207486.0,-1.1871408612245697,-0.8619484131774695,TIME_LIMIT,60879,0,0,8,10
5,8,207542.0,-1.1871408612245697,-0.8619484131774695,TIME_LIMIT,60895,0,0,6,14
5,8,207590.0,-1.1871316285482698,-0.8619484131774695,TIME_LIMIT,60921,0,0,10,6
5,8,207636.0,-1.1871316285482698,-0.8619484131774695,TIME_LIMIT,60941,0,0,10,5
5,8,207652.0,-1.187095802602369,-0.8619484131774695,TIME_LIMIT,60957,0,0,8,3
5,8,207701.0,-1.187095802602369,-0.8619484131774695,TIME_LIMIT,60980,0,0,11,6
5,8,207770.0,-1.18708615838576,-0.8619484131774695,TIME_LIMIT,61002,0,0,10,6
5,8,207828.0,-1.18708615838576,-0.8619484131774695,TIME_LIMIT,61023,0,0,23,20
5,8,207917.0,-1.1870605338248157,-0.8619484131774695,TIME_LIMIT,61059,0,0,7,9
5,8,208015.0,-1.1870605338248157,-0.8619484131774695,TIME_LIMIT,61076,0,0,6,4
5,8,208048.0,-1.1870603829580715,-0.8619484131774695,TIME_LIMIT,61091,0,0,5,1
5,8,208158.0,-1.1870603829580715,-0.8619484131774695,TIME_LIMIT,61116,0,0,13,25
5,8,208253.0,-1.1870472362299496,-0.8619484131774695,TIME_LIMIT,61151,0,0,12,10
5,8,208353.0,-1.1870472362299496,-0.8619484131774695,TIME_LIMIT,61171,0,0,9,2
5,8,208425.0,-1.1870316637859784,-0.8619484131774695,TIME_LIMIT,61202,0,0,3,8
5,8,208487.0,-1.1870316637859784,-0.8619484131774695,TIME_LIMIT,61225,0,0,11,9
5,8,208601.0,-1.1870132138385712,-0.8619484131774695,TIME_LIMIT,61262,0,0,10,11
5,8,208713.0,-1.1870132138385712,-0.8619484131774695,TIME_LIMIT,61294,0,0,25,14
5,8,208922.0,-1.186993036493922,-0.8619484131774695,TIME_LIMIT,61330,0,0,11,7
5,8,209028.0,-1.186993036493922,-0.8619484131774695,TIME_LIMIT,61351,0,0,11,12
5,8,209101.0,-1.186980005174057,-0.8619484131774695,TIME_LIMIT,61371,0,0,9,8
5,8,209215.0,-1.186980005174057,-0.8619484131774695,TIME_LIMIT,61396,0,0,16,7
5,8,209291.0,-1.1869262740019526,-0.8619484131774695,TIME_LIMIT,61416,0,0,13,6
5,8,209349.0,-1.1869262740019526,-0.8619484131774695,TIME_LIMIT,61432,0,0,7,3
5,8,209400.0,-1.1869167910676504,-0.8619484131774695,TIME_LIMIT,61455,0,0,4,3
5,8,209519.0,-1.1869167910676504,-0.8619484131774695,TIME_LIMIT,61480,0,0,17,13
5,8,209593.0,-1.1869042635666451,-0.8619484131774695,TIME_LIMIT,61501,0,0,13,7
5,8,209745.0,-1.1869042635666451,-0.8619484131774695,TIME_LIMIT,61526,0,0,19,19
5,8,209906.0,-1.1868663452081984,-0.8619484131774695,TIME_LIMIT,61550,0,0,15,11
5,8,210113.0,-1.1868663452081984,-0.8619484131774695,TIME_LIMIT,61578,0,0,7,11
5,8,210321.0,-1.1868533695183225,-0.8619484131774695,TIME_LIMIT,61613,0,0,15,6
5,8,210385.0,-1.1868533695183225,-0.8619484131774695,TIME_LIMIT,61636,0,0,15,15
5,8,210448.0,-1.1868427713219227,-0.8619484131774695,TIME_LIMIT,61664,0,0,2,6
5,8,210567.0,-1.1868427713219227,-0.8619484131774695,TIME_LIMIT,61688,0,0,16,23
5,8,210740.0,-1.1868315578167243,-0.8619484131774695,TIME_LIMIT,61724,0,0,15,17
5,8,210823.0,-1.1868315578167243,-0.8619484131774695,TIME_LIMIT,61748,0,0,14,8
5,8,210861.0,-1.1868208067536141,-0.8619484131774695,TIME_LIMIT,61763,0,0,13,5
5,8,210968.0,-1.1868208067536141,-0.8619484131774695,TIME_LIMIT,61787,0,0,12,21
5,8,211046.0,-1.1866728864378753,-0.8619484131774695,TIME_LIMIT,61809,0,0,18,9
5,8,211121.0,-1.1866728864378753,-0.8619484131774695,TIME_LIMIT,61834,0,0,2,12
5,8,211175.0,-1.1866108209313713,-0.8619484131774695,TIME_LIMIT,61853,0,0,9,3
5,8,211227.0,-1.1866108209313713,-0.8619484131774695,TIME_LIMIT,61876,0,0,11,7
5,8,211312.0,-1.186601948316521,-0.8619484131774695,TIME_LIMIT,61895,0,0,13,5
5,8,211405.0,-1.186601948316521,-0.8619484131774695,TIME_LIMIT,61916,0,0,3,2
5,8,211432.0,-1.1865756850061482,-0.8619484131774695,TIME_LIMIT,61941,0,0,14,6
5,8,211494.0,-1.1865756850061482,-0.8619484131774695,TIME_LIMIT,61960,0,0,6,12
5,8,211537.0,-1.1865597883305543,-0.8619484131774695,TIME_LIMIT,61973,0,0,6,6
5,8,211557.0,-1.1865597883305543,-0.8619484131774695,TIME_LIMIT,61995,0,0,18,10
5,8,211627.0,-1.186553892931141,-0.8619484131774695,TIME_LIMIT,62022,0,0,11,9
5,8,211771.0,-1.186553892931141,-0.8619484131774695,TIME_LIMIT,62053,0,0,20,7
5,8,211819.0,-1.1865507076870538,-0.8619484131774695,TIME_LIMIT,62070,0,0,16,5
5,8,211947.0,-1.1865507076870538,-0.8619484131774695,TIME_LIMIT,62101,0,0,12,20
5,8,212005.0,-1.1864649219502106,-0.8619484131774695,TIME_LIMIT,62130,0,0,20,5
5,8,212031.0,-1.1864649219502106,-0.8619484131774695,TIME_LIMIT,62149,0,0,17,11
5,8,212093.0,-1.186455285416833,-0.8619484131774695,TIME_LIMIT,62179,0,0,10,6
5,8,212156.0,-1.186455285416833,-0.8619484131774695,TIME_LIMIT,62198,0,0,6,8
5,8,212221.0,-1.1864274130577013,-0.8619484131774695,TIME_LIMIT,62223,0,0,9,11
5,8,212407.0,-1.1864274130577013,-0.8619484131774695,TIME_LIMIT,62245,0,0,17,17
5,8,212462.0,-1.1863738182727543,-0.8619484131774695,TIME_LIMIT,62265,0,0,9,4
5,8,212591.0,-1.1863738182727543,-0.8619484131774695,TIME_LIMIT,62288,0,0,20,14
5,8,212698.0,-1.1863722406246078,-0.8619484131774695,TIME_LIMIT,62324,0,0,11,12
5,8,212792.0,-1.1863722406246078,-0.8619484131774695,TIME_LIMIT,62351,0,0,16,15
5,8,212873.0,-1.1862770662097262,-0.8619484131774695,TIME_LIMIT,62383,0,0,5,11
5,8,212950.0,-1.1862770662097262,-0.8619484131774695,TIME_LIMIT,62408,0,0,8,12
5,8,213144.0,-1.1862601272736397,-0.8619484131774695,TIME_LIMIT,62444,0,0,10,12
5,8,213240.0,-1.1862601272736397,-0.8619484131774695,TIME_LIMIT,62467,0,0,14,5
5,8,213281.0,-1.1862069645714575,-0.8619484131774695,TIME_LIMIT,62484,0,0,10,9
5,8,213431.0,-1.1862069645714575,-0.8619484131774695,TIME_LIMIT,62506,0,0,9,9
5,8,213587.0,-1.186177838675314,-0.8619484131774695,TIME_LIMIT,62536,0,0,11,8
5,8,213701.0,-1.186177838675314,-0.8619484131774695,TIME_LIMIT,62559,0,0,21,19
5,8,213834.0,-1.1861692908868815,-0.8619484131774695,TIME_LIMIT,62586,0,0,15,13
5,8,214003.0,-1.1861692908868815,-0.8619484131774695,TIME_LIMIT,62613,0,0,14,12
5,8,214146.0,-1.1861688417378535,-0.8619484131774695,TIME_LIMIT,62643,0,0,14,11
5,8,214272.0,-1.1861688417378535,-0.8619484131774695,TIME_LIMIT,62668,0,0,19,8
5,8,214343.0,-1.1861448983707974,-0.8619484131774695,TIME_LIMIT,62692,0,0,8,4
5,8,214404.0,-1.1861448983707974,-0.8619484131774695,TIME_LIMIT,62716,0,0,10,14
5,8,214534.0,-1.1861413723656964,-0.8619484131774695,TIME_LIMIT,62742,0,0,15,15
5,8,214586.0,-1.1861413723656964,-0.8619484131774695,TIME_LIMIT,62759,0,0,12,12
5,8,214642.0,-1.186085647288372,-0.8619484131774695,TIME_LIMIT,62781,0,0,7,2
5,8,214745.0,-1.186085647288372,-0.8619484131774695,TIME_LIMIT,62804,0,0,13,24
5,8,214817.0,-1.1860663458139644,-0.8619484131774695,TIME_LIMIT,62830,0,0,13,12
5,8,214875.0,-1.1860663458139644,-0.8619484131774695,TIME_LIMIT,62846,0,0,11,8
5,8,214985.0,-1.1859993996125175,-0.8619484131774695,TIME_LIMIT,62885,0,0,13,6
5,8,215111.0,-1.1859993996125175,-0.8619484131774695,TIME_LIMIT,62911,0,0,18,16
5,8,215170.0,-1.185994124545585,-0.8619484131774695,TIME_LIMIT,62930,0,0,11,7
5,8,215256.0,-1.185994124545585,-0.8619484131774695,TIME_LIMIT,62957,0,0,20,11
5,8,215354.0,-1.185977345091392,-0.8619484131774695,TIME_LIMIT,62986,0,0,12,7
5,8,215433.0,-1.185977345091392,-0.8619484131774695,TIME_LIMIT,63008,0,0,8,5
5,8,215557.0,-1.1859663691935032,-0.8619484131774695,TIME_LIMIT,63038,0,0,7,10
5,8,215702.0,-1.1859663691935032,-0.8619484131774695,TIME_LIMIT,63068,0,0,10,12
5,8,215825.0,-1.1859646201767446,-0.8619484131774695,TIME_LIMIT,63093,0,0,16,16
5,8,215945.0,-1.1859646201767446,-0.8619484131774695,TIME_LIMIT,63117,0,0,17,20
5,8,216017.0,-1.1859554025440537,-0.8619484131774695,TIME_LIMIT,63149,0,0,18,3
5,8,216107.0,-1.1859554025440537,-0.8619484131774695,TIME_LIMIT,63176,0,0,14,14
5,8,216181.0,-1.1858021361282363,-0.8619484131774695,TIME_LIMIT,63193,0,0,6,6
5,8,216275.0,-1.1858021361282363,-0.8619484131774695,TIME_LIMIT,63220,0,0,8,11
5,8,216385.0,-1.1858001260608515,-0.8619484131774695,TIME_LIMIT,63246,0,0,14,11
5,8,216456.0,-1.1858001260608515,-0.8619484131774695,TIME_LIMIT,63268,0,0,12,13
5,8,216514.0,-1.1857875853994342,-0.8619484131774695,TIME_LIMIT,63289,0,0,8,3
5,8,216528.0,-1.1857875853994342,-0.8619484131774695,TIME_LIMIT,63303,0,0,14,7
5,8,216544.0,-1.1857855211535504,-0.8619484131774695,TIME_LIMIT,63323,0,0,6,2
5,8,216664.0,-1.1857855211535504,-0.8619484131774695,TIME_LIMIT,63349,0,0,18,10
5,8,216741.0,-1.1857769235274,-0.8619484131774695,TIME_LIMIT,63369,0,0,7,4
5,8,216856.0,-1.1857769235274,-0.8619484131774695,TIME_LIMIT,63392,0,0,18,9
5,8,216893.0,-1.1857521508790452,-0.8619484131774695,TIME_LIMIT,63410,0,0,5,3
5,8,216972.0,-1.1857521508790452,-0.8619484131774695,TIME_LIMIT,63437,0,0,24,18
5,8,217106.0,-1.1857350887435623,-0.8619484131774695,TIME_LIMIT,63466,0,0,11,7
5,8,217142.0,-1.1857350887435623,-0.8619484131774695,TIME_LIMIT,63479,0,0,7,2
5,8,217161.0,-1.185720753478148,-0.8619484131774695,TIME_LIMIT,63496,0,0,8,0
5,8,217210.0,-1.185720753478148,-0.8619484131774695,TIME_LIMIT,63518,0,0,11,14
5,8,217302.0,-1.1857136577295795,-0.8619484131774695,TIME_LIMIT,63542,0,0,9,6
5,8,217410.0,-1.1857136577295795,-0.8619484131774695,TIME_LIMIT,63569,0,0,11,20
5,8,217481.0,-1.185701069737583,-0.8619484131774695,TIME_LIMIT,63591,0,0,13,3
5,8,217655.0,-1.185701069737583,-0.8619484131774695,TIME_LIMIT,63615,0,0,9,20
5,8,217792.0,-1.185664543787153,-0.8619484131774695,TIME_LIMIT,63655,0,0,9,9
5,8,217945.0,-1.185664543787153,-0.8619484131774695,TIME_LIMIT,63695,0,0,16,4
5,8,218069.0,-1.1856267606772763,-0.8619484131774695,TIME_LIMIT,63713,0,0,10,11
5,8,218193.0,-1.1856267606772763,-0.8619484131774695,TIME_LIMIT,63738,0,0,16,28
5,8,218318.0,-1.185620066078657,-0.8619484131774695,TIME_LIMIT,63774,0,0,10,10
5,8,218417.0,-1.185620066078657,-0.8619484131774695,TIME_LIMIT,63799,0,0,14,24
5,8,218556.0,-1.185615646746238,-0.8619484131774695,TIME_LIMIT,63827,0,0,16,12
5,8,218664.0,-1.185615646746238,-0.8619484131774695,TIME_LIMIT,63853,0,0,18,9
5,8,218732.0,-1.185557874780013,-0.8619484131774695,TIME_LIMIT,63871,0,0,9,6
5,8,218769.0,-1.185557874780013,-0.8619484131774695,TIME_LIMIT,63886,0,0,8,8
5,8,218787.0,-1.1855086891952955,-0.8619484131774695,TIME_LIMIT,63907,0,0,9,4
5,8,218866.0,-1.1855086891952955,-0.8619484131774695,TIME_LIMIT,63934,0,0,14,10
5,8,218955.0,-1.185446611169762,-0.8619484131774695,TIME_LIMIT,63959,0,0,13,6
5,8,219083.0,-1.185446611169762,-0.8619484131774695,TIME_LIMIT,63985,0,0,11,6
5,8,219192.0,-1.1854406453521737,-0.8619484131774695,TIME_LIMIT,64008,0,0,16,8
5,8,219271.0,-1.1854406453521737,-0.8619484131774695,TIME_LIMIT,64030,0,0,9,15
5,8,219386.0,-1.1854281612546491,-0.8619484131774695,TIME_LIMIT,64058,0,0,12,5
5,8,219466.0,-1.1854281612546491,-0.8619484131774695,TIME_LIMIT,64086,0,0,12,14
5,8,219515.0,-1.1853869375305939,-0.8619484131774695,TIME_LIMIT,64110,0,0,13,3
5,8,219631.0,-1.1853869375305939,-0.8619484131774695,TIME_LIMIT,64136,0,0,20,31
5,8,219710.0,-1.1853446490466966,-0.8619484131774695,TIME_LIMIT,64169,0,0,10,9
5,8,219819.0,-1.1853446490466966,-0.8619484131774695,TIME_LIMIT,64193,0,0,14,11
5,8,219903.0,-1.185330700548972,-0.8619484131774695,TIME_LIMIT,64229,0,0,13,6
5,8,220073.0,-1.185330700548972,-0.8619484131774695,TIME_LIMIT,64250,0,0,12,12
5,8,220152.0,-1.1852634966335327,-0.8619484131774695,TIME_LIMIT,64283,0,0,6,4
5,8,220239.0,-1.1852634966335327,-0.8619484131774695,TIME_LIMIT,64309,0,0,9,10
5,8,220328.0,-1.1852522492041946,-0.8619484131774695,TIME_LIMIT,64331,0,0,15,4
5,8,220387.0,-1.1852522492041946,-0.8619484131774695,TIME_LIMIT,64351,0,0,13,15
5,8,220433.0,-1.1852391571908276,-0.8619484131774695,TIME_LIMIT,64374,0,0,10,4
5,8,220497.0,-1.1852391571908276,-0.8619484131774695,TIME_LIMIT,64399,0,0,16,15
5,8,220525.0,-1.1852211509785326,-0.8619484131774695,TIME_LIMIT,64417,0,0,12,7
5,8,220622.0,-1.1852211509785326,-0.8619484131774695,TIME_LIMIT,64440,0,0,10,8
5,8,220684.0,-1.1851851437146539,-0.8619484131774695,TIME_LIMIT,64459,0,0,5,4
5,8,220818.0,-1.1851851437146539,-0.8619484131774695,TIME_LIMIT,64487,0,0,10,17
5,8,220929.0,-1.1850502809170658,-0.8619484131774695,TIME_LIMIT,64520,0,0,11,8
5,8,221061.0,-1.1850502809170658,-0.8619484131774695,TIME_LIMIT,64543,0,0,19,18
5,8,221266.0,-1.1850380263451672,-0.8619484131774695,TIME_LIMIT,64584,0,0,16,8
5,8,221346.0,-1.1850380263451672,-0.8619484131774695,TIME_LIMIT,64606,0,0,9,21
5,8,221489.0,-1.1849719819140798,-0.8619484131774695,TIME_LIMIT,64647,0,0,19,11
5,8,221653.0,-1.1849719819140798,-0.8619484131774695,TIME_LIMIT,64675,0,0,5,8
5,8,221763.0,-1.1849594805559183,-0.8619484131774695,TIME_LIMIT,64698,0,0,8,10
5,8,221830.0,-1.1849594805559183,-0.8619484131774695,TIME_LIMIT,64714,0,0,8,10
5,8,221885.0,-1.184927084804446,-0.8619484131774695,TIME_LIMIT,64744,0,0,10,5
5,8,221951.0,-1.184927084804446,-0.8619484131774695,TIME_LIMIT,64768,0,0,12,15
5,8,222058.0,-1.1848852848093443,-0.8619484131774695,TIME_LIMIT,64807,0,0,16,10
5,8,222147.0,-1.1848852848093443,-0.8619484131774695,TIME_LIMIT,64832,0,0,16,18
5,8,222262.0,-1.1848817495621935,-0.8619484131774695,TIME_LIMIT,64855,0,0,18,13
5,8,222335.0,-1.1848817495621935,-0.8619484131774695,TIME_LIMIT,64878,0,0,6,16
5,8,222427.0,-1.1848741786033108,-0.8619484131774695,TIME_LIMIT,64904,0,0,8,14
5,8,222541.0,-1.1848741786033108,-0.8619484131774695,TIME_LIMIT,64930,0,0,15,6
5,8,222639.0,-1.1848664130289592,-0.8619484131774695,TIME_LIMIT,64954,0,0,11,2
5,8,222730.0,-1.1848664130289592,-0.8619484131774695,TIME_LIMIT,64978,0,0,14,7
5,8,222783.0,-1.1847866016366282,-0.8619484131774695,TIME_LIMIT,64999,0,0,16,9
5,8,222869.0,-1.1847866016366282,-0.8619484131774695,TIME_LIMIT,65022,0,0,7,4
5,8,222942.0,-1.1847009159846287,-0.8619484131774695,TIME_LIMIT,65044,0,0,14,9
5,8,223011.0,-1.1847009159846287,-0.8619484131774695,TIME_LIMIT,65066,0,0,13,6
5,8,223072.0,-1.1846941376179148,-0.8619484131774695,TIME_LIMIT,65084,0,0,13,7
5,8,223133.0,-1.1846941376179148,-0.8619484131774695,TIME_LIMIT,65112,0,0,12,7
5,8,223182.0,-1.184693157652292,-0.8619484131774695,TIME_LIMIT,65128,0,0,3,10
5,8,223196.0,-1.184693157652292,-0.8619484131774695,TIME_LIMIT,65142,0,0,7,8
5,8,223241.0,-1.1846254589560525,-0.8619484131774695,TIME_LIMIT,65158,0,0,6,9
5,8,223328.0,-1.1846254589560525,-0.8619484131774695,TIME_LIMIT,65181,0,0,16,14
5,8,223527.0,-1.1845544260414644,-0.8619484131774695,TIME_LIMIT,65225,0,0,9,17
5,8,223590.0,-1.1845544260414644,-0.8619484131774695,TIME_LIMIT,65245,0,0,16,8
5,8,223655.0,-1.1845493844165214,-0.8619484131774695,TIME_LIMIT,65271,0,0,6,2
5,8,223778.0,-1.1845493844165214,-0.8619484131774695,TIME_LIMIT,65301,0,0,15,14
5,8,223929.0,-1.1844788268107502,-0.8619484131774695,TIME_LIMIT,65333,0,0,8,10
5,8,223989.0,-1.1844788268107502,-0.8619484131774695,TIME_LIMIT,65350,0,0,10,10
5,8,224054.0,-1.1844537770431942,-0.8619484131774695,TIME_LIMIT,65373,0,0,12,5
5,8,224121.0,-1.1844537770431942,-0.8619484131774695,TIME_LIMIT,65396,0,0,11,5
5,8,224185.0,-1.1844347495671241,-0.8619484131774695,TIME_LIMIT,65423,0,0,13,10
5,8,224286.0,-1.1844347495671241,-0.8619484131774695,TIME_LIMIT,65444,0,0,9,17
5,8,224406.0,-1.1844337524943034,-0.8619484131774695,TIME_LIMIT,65477,0,0,8,7
5,8,224479.0,-1.1844337524943034,-0.8619484131774695,TIME_LIMIT,65495,0,0,18,16
5,8,224603.0,-1.184283715879212,-0.8619484131774695,TIME_LIMIT,65532,0,0,9,7
5,8,224690.0,-1.184283715879212,-0.8619484131774695,TIME_LIMIT,65560,0,0,16,21
5,8,224846.0,-1.1842802780075405,-0.8619484131774695,TIME_LIMIT,65599,0,0,11,8
5,8,224897.0,-1.1842802780075405,-0.8619484131774695,TIME_LIMIT,65621,0,0,12,5
5,8,224917.0,-1.1842624058027866,-0.8619484131774695,TIME_LIMIT,65633,0,0,6,5
5,8,224988.0,-1.1842624058027866,-0.8619484131774695,TIME_LIMIT,65655,0,0,14,14
5,8,225040.0,-1.1842587581368675,-0.8619484131774695,TIME_LIMIT,65675,0,0,12,7
5,8,225130.0,-1.1842587581368675,-0.8619484131774695,TIME_LIMIT,65703,0,0,16,13
5,8,225266.0,-1.1842428227021515,-0.8619484131774695,TIME_LIMIT,65731,0,0,14,14
5,8,225382.0,-1.1842428227021515,-0.8619484131774695,TIME_LIMIT,65764,0,0,20,12
5,8,225506.0,-1.1842220416395166,-0.8619484131774695,TIME_LIMIT,65789,0,0,11,9
5,8,225721.0,-1.1842220416395166,-0.8619484131774695,TIME_LIMIT,65823,0,0,22,37
5,8,225812.0,-1.1842178457904458,-0.8619484131774695,TIME_LIMIT,65853,0,0,7,12
5,8,225821.0,-1.1842178457904458,-0.8619484131774695,TIME_LIMIT,65862,0,0,7,4
5,8,225850.0,-1.1841776700018276,-0.8619484131774695,TIME_LIMIT,65878,0,0,5,0
5,8,225922.0,-1.1841776700018276,-0.8619484131774695,TIME_LIMIT,65907,0,0,9,11
5,8,225949.0,-1.1841596126141563,-0.8619484131774695,TIME_LIMIT,65929,0,0,10,5
5,8,226055.0,-1.1841596126141563,-0.8619484131774695,TIME_LIMIT,65956,0,0,8,16
5,8,226114.0,-1.1841285527926493,-0.8619484131774695,TIME_LIMIT,65980,0,0,13,15
5,8,226229.0,-1.1841285527926493,-0.8619484131774695,TIME_LIMIT,66005,0,0,15,13
5,8,226310.0,-1.1840787644999018,-0.8619484131774695,TIME_LIMIT,66029,0,0,12,3
5,8,226379.0,-1.1840787644999018,-0.8619484131774695,TIME_LIMIT,66048,0,0,10,5
5,8,226433.0,-1.1840334856692187,-0.8619484131774695,TIME_LIMIT,66069,0,0,10,1
5,8,226487.0,-1.1840334856692187,-0.8619484131774695,TIME_LIMIT,66088,0,0,10,6
5,8,226535.0,-1.1839309505465467,-0.8619484131774695,TIME_LIMIT,66111,0,0,7,5
5,8,226575.0,-1.1839309505465467,-0.8619484131774695,TIME_LIMIT,66126,0,0,19,7
5,8,226626.0,-1.1839269796344982,-0.8619484131774695,TIME_LIMIT,66156,0,0,15,3
5,8,226691.0,-1.1839269796344982,-0.8619484131774695,TIME_LIMIT,66180,0,0,7,4
5,8,226750.0,-1.1839215106523568,-0.8619484131774695,TIME_LIMIT,66197,0,0,6,6
5,8,226854.0,-1.1839215106523568,-0.8619484131774695,TIME_LIMIT,66221,0,0,15,4
5,8,226988.0,-1.1838385424744893,-0.8619484131774695,TIME_LIMIT,66243,0,0,10,4
5,8,227066.0,-1.1838385424744893,-0.8619484131774695,TIME_LIMIT,66263,0,0,5,8
5,8,227239.0,-1.1838377594642515,-0.8619484131774695,TIME_LIMIT,66294,0,0,12,9
5,8,227350.0,-1.1838377594642515,-0.8619484131774695,TIME_LIMIT,66319,0,0,12,5
5,8,227418.0,-1.1837804231919211,-0.8619484131774695,TIME_LIMIT,66341,0,0,6,3
5,8,227506.0,-1.1837804231919211,-0.8619484131774695,TIME_LIMIT,66365,0,0,15,9
5,8,227526.0,-1.1837730226315166,-0.8619484131774695,TIME_LIMIT,66379,0,0,11,4
5,8,227682.0,-1.1837730226315166,-0.8619484131774695,TIME_LIMIT,66407,0,0,8,15
5,8,227857.0,-1.1837461851151456,-0.8619484131774695,TIME_LIMIT,66438,0,0,13,7
5,8,227916.0,-1.1837461851151456,-0.8619484131774695,TIME_LIMIT,66457,0,0,12,9
5,8,227967.0,-1.1837230278245041,-0.8619484131774695,TIME_LIMIT,66473,0,0,9,5
5,8,228017.0,-1.1837230278245041,-0.8619484131774695,TIME_LIMIT,66492,0,0,12,11
5,8,228042.0,-1.183722807868709,-0.8619484131774695,TIME_LIMIT,66510,0,0,11,5
5,8,228097.0,-1.183722807868709,-0.8619484131774695,TIME_LIMIT,66534,0,0,13,10
5,8,228172.0,-1.183722052984967,-0.8619484131774695,TIME_LIMIT,66569,0,0,10,8
5,8,228242.0,-1.183722052984967,-0.8619484131774695,TIME_LIMIT,66596,0,0,11,12
5,8,228305.0,-1.183701025767542,-0.8619484131774695,TIME_LIMIT,66617,0,0,6,4
5,8,228374.0,-1.183701025767542,-0.8619484131774695,TIME_LIMIT,66638,0,0,14,5
5,8,228437.0,-1.1836581539293916,-0.8619484131774695,TIME_LIMIT,66664,0,0,12,7
5,8,228644.0,-1.1836581539293916,-0.8619484131774695,TIME_LIMIT,66693,0,0,21,11
5,8,228763.0,-1.1836430062857597,-0.8619484131774695,TIME_LIMIT,66715,0,0,14,12
5,8,228985.0,-1.1836430062857597,-0.8619484131774695,TIME_LIMIT,66740,0,0,12,19
5,8,229080.0,-1.1836310175219018,-0.8619484131774695,TIME_LIMIT,66764,0,0,11,8
5,8,229142.0,-1.1836310175219018,-0.8619484131774695,TIME_LIMIT,66784,0,0,15,10
5,8,229161.0,-1.18359975840141,-0.8619484131774695,TIME_LIMIT,66802,0,0,6,3
5,8,229286.0,-1.18359975840141,-0.8619484131774695,TIME_LIMIT,66829,0,0,15,13
5,8,229362.0,-1.1835903000756038,-0.8619484131774695,TIME_LIMIT,66853,0,0,10,3
5,8,229493.0,-1.1835903000756038,-0.8619484131774695,TIME_LIMIT,66884,0,0,14,16
5,8,229577.0,-1.1834688765445485,-0.8619484131774695,TIME_LIMIT,66909,0,0,13,8
5,8,229640.0,-1.1834688765445485,-0.8619484131774695,TIME_LIMIT,66931,0,0,19,12
5,8,229797.0,-1.183451870081032,-0.8619484131774695,TIME_LIMIT,66974,0,0,13,10
5,8,229854.0,-1.183451870081032,-0.8619484131774695,TIME_LIMIT,66991,0,0,11,11
5,8,229977.0,-1.1834037880942596,-0.8619484131774695,TIME_LIMIT,67027,0,0,11,13
5,8,230033.0,-1.1834037880942596,-0.8619484131774695,TIME_LIMIT,67049,0,0,16,9
5,8,230156.0,-1.1833916546110288,-0.8619484131774695,TIME_LIMIT,67075,0,0,16,5
5,8,230214.0,-1.1833916546110288,-0.8619484131774695,TIME_LIMIT,67099,0,0,10,14
5,8,230289.0,-1.1832697474872214,-0.8619484131774695,TIME_LIMIT,67127,0,0,11,3
5,8,230417.0,-1.1832697474872214,-0.8619484131774695,TIME_LIMIT,67156,0,0,15,16
5,8,230486.0,-1.1832682851657297,-0.8619484131774695,TIME_LIMIT,67177,0,0,9,11
5,8,230570.0,-1.1832682851657297,-0.8619484131774695,TIME_LIMIT,67203,0,0,15,9
5,8,230629.0,-1.1832608480896707,-0.8619484131774695,TIME_LIMIT,67228,0,0,15,7
5,8,230834.0,-1.1832608480896707,-0.8619484131774695,TIME_LIMIT,67248,0,0,9,16
5,8,231004.0,-1.183221781952341,-0.8619484131774695,TIME_LIMIT,67274,0,0,13,6
5,8,231146.0,-1.183221781952341,-0.8619484131774695,TIME_LIMIT,67299,0,0,5,12
5,8,231225.0,-1.1832061458405692,-0.8619484131774695,TIME_LIMIT,67326,0,0,11,5
5,8,231399.0,-1.1832061458405692,-0.8619484131774695,TIME_LIMIT,67360,0,0,12,9
5,8,231460.0,-1.1831711054246106,-0.8619484131774695,TIME_LIMIT,67389,0,0,18,8
5,8,231549.0,-1.1831711054246106,-0.8619484131774695,TIME_LIMIT,67417,0,0,14,7
5,8,231609.0,-1.183130373688424,-0.8619484131774695,TIME_LIMIT,67441,0,0,5,9
5,8,231677.0,-1.183130373688424,-0.8619484131774695,TIME_LIMIT,67460,0,0,11,10
5,8,231734.0,-1.183095791830014,-0.8619484131774695,TIME_LIMIT,67483,0,0,11,4
5,8,231873.0,-1.183095791830014,-0.8619484131774695,TIME_LIMIT,67502,0,0,8,9
5,8,231934.0,-1.1830665778178282,-0.8619484131774695,TIME_LIMIT,67532,0,0,9,7
5,8,232001.0,-1.1830665778178282,-0.8619484131774695,TIME_LIMIT,67546,0,0,9,13
5,8,232140.0,-1.1830312120380442,-0.8619484131774695,TIME_LIMIT,67584,0,0,9,8
5,8,232252.0,-1.1830312120380442,-0.8619484131774695,TIME_LIMIT,67609,0,0,9,13
5,8,232373.0,-1.1829959644292514,-0.8619484131774695,TIME_LIMIT,67634,0,0,7,6
5,8,232463.0,-1.1829959644292514,-0.8619484131774695,TIME_LIMIT,67658,0,0,12,13
5,8,232537.0,-1.1829844030544485,-0.8619484131774695,TIME_LIMIT,67689,0,0,11,8
5,8,232643.0,-1.1829844030544485,-0.8619484131774695,TIME_LIMIT,67707,0,0,18,30
5,8,232856.0,-1.1829683304805954,-0.8619484131774695,TIME_LIMIT,67746,0,0,8,17
5,8,233053.0,-1.1829683304805954,-0.8619484131774695,TIME_LIMIT,67777,0,0,23,7
5,8,233291.0,-1.182964207955306,-0.8619484131774695,TIME_LIMIT,67817,0,0,8,13
5,8,233365.0,-1.182964207955306,-0.8619484131774695,TIME_LIMIT,67842,0,0,15,9
5,8,233431.0,-1.1829609083176382,-0.8619484131774695,TIME_LIMIT,67863,0,0,16,4
5,8,233483.0,-1.1829609083176382,-0.8619484131774695,TIME_LIMIT,67882,0,0,10,6
5,8,233610.0,-1.1829490517860395,-0.8619484131774695,TIME_LIMIT,67908,0,0,8,14
5,8,233858.0,-1.1829490517860395,-0.8619484131774695,TIME_LIMIT,67931,0,0,18,16
5,8,234055.0,-1.1829440028639253,-0.8619484131774695,TIME_LIMIT,67968,0,0,12,8
5,8,234113.0,-1.1829440028639253,-0.8619484131774695,TIME_LIMIT,67990,0,0,15,13
5,8,234170.0,-1.182889674589411,-0.8619484131774695,TIME_LIMIT,68011,0,0,12,9
5,8,234330.0,-1.182889674589411,-0.8619484131774695,TIME_LIMIT,68039,0,0,18,6
5,8,234434.0,-1.1828819387188023,-0.8619484131774695,TIME_LIMIT,68059,0,0,9,5
5,8,234506.0,-1.1828819387188023,-0.8619484131774695,TIME_LIMIT,68085,0,0,9,11
5,8,234584.0,-1.182814985085913,-0.8619484131774695,TIME_LIMIT,68111,0,0,12,3
5,8,234626.0,-1.182814985085913,-0.8619484131774695,TIME_LIMIT,68128,0,0,12,9
5,8,234675.0,-1.1828066654622267,-0.8619484131774695,TIME_LIMIT,68156,0,0,6,5
5,8,234770.0,-1.1828066654622267,-0.8619484131774695,TIME_LIMIT,68182,0,0,14,12
5,8,234883.0,-1.1828046419344314,-0.8619484131774695,TIME_LIMIT,68215,0,0,6,10
5,8,234941.0,-1.1828046419344314,-0.8619484131774695,TIME_LIMIT,68237,0,0,13,13
5,8,235002.0,-1.1827996298340726,-0.8619484131774695,TIME_LIMIT,68257,0,0,11,4
5,8,235111.0,-1.1827996298340726,-0.8619484131774695,TIME_LIMIT,68284,0,0,20,13
5,8,235183.0,-1.182788864811457,-0.8619484131774695,TIME_LIMIT,68311,0,0,10,10
5,8,235389.0,-1.182788864811457,-0.8619484131774695,TIME_LIMIT,68343,0,0,19,30
5,8,235498.0,-1.1826593612964242,-0.8619484131774695,TIME_LIMIT,68371,0,0,23,17
5,8,235642.0,-1.1826593612964242,-0.8619484131774695,TIME_LIMIT,68396,0,0,12,7
5,8,235712.0,-1.1826545561779718,-0.8619484131774695,TIME_LIMIT,68414,0,0,12,4
5,8,235773.0,-1.1826545561779718,-0.8619484131774695,TIME_LIMIT,68435,0,0,13,16
5,8,235888.0,-1.1826470785361423,-0.8619484131774695,TIME_LIMIT,68472,0,0,17,12
5,8,235954.0,-1.1826470785361423,-0.8619484131774695,TIME_LIMIT,68493,0,0,17,6
5,8,235996.0,-1.1826194003893316,-0.8619484131774695,TIME_LIMIT,68511,0,0,8,5
5,8,236205.0,-1.1826194003893316,-0.8619484131774695,TIME_LIMIT,68536,0,0,18,17
5,8,236279.0,-1.182608909544864,-0.8619484131774695,TIME_LIMIT,68570,0,0,5,6
5,8,236470.0,-1.182608909544864,-0.8619484131774695,TIME_LIMIT,68599,0,0,15,29
5,8,236568.0,-1.1826057406440815,-0.8619484131774695,TIME_LIMIT,68625,0,0,18,4
5,8,236699.0,-1.1826057406440815,-0.8619484131774695,TIME_LIMIT,68649,0,0,16,22
5,8,236786.0,-1.1826030823739386,-0.8619484131774695,TIME_LIMIT,68681,0,0,4,8
5,8,236852.0,-1.1826030823739386,-0.8619484131774695,TIME_LIMIT,68702,0,0,9,13
5,8,236894.0,-1.1825608689930291,-0.8619484131774695,TIME_LIMIT,68724,0,0,6,4
5,8,237115.0,-1.1825608689930291,-0.8619484131774695,TIME_LIMIT,68748,0,0,14,14
5,8,237375.0,-1.182522956628026,-0.8619484131774695,TIME_LIMIT,68785,0,0,19,9
5,8,237432.0,-1.182522956628026,-0.8619484131774695,TIME_LIMIT,68804,0,0,14,14
5,8,237509.0,-1.1825205457592876,-0.8619484131774695,TIME_LIMIT,68834,0,0,10,7
5,8,237604.0,-1.1825205457592876,-0.8619484131774695,TIME_LIMIT,68867,0,0,9,24
5,8,237695.0,-1.1825198115610671,-0.8619484131774695,TIME_LIMIT,68902,0,0,5,13
5,8,237762.0,-1.1825198115610671,-0.8619484131774695,TIME_LIMIT,68924,0,0,8,27
5,8,237879.0,-1.1825170959120317,-0.8619484131774695,TIME_LIMIT,68958,0,0,7,6
5,8,237946.0,-1.1825170959120317,-0.8619484131774695,TIME_LIMIT,68979,0,0,9,9
5,8,238055.0,-1.1825090553948576,-0.8619484131774695,TIME_LIMIT,69008,0,0,5,3
5,8,238120.0,-1.1825090553948576,-0.8619484131774695,TIME_LIMIT,69031,0,0,11,18
5,8,238186.0,-1.1825060877151534,-0.8619484131774695,TIME_LIMIT,69052,0,0,11,5
5,8,238270.0,-1.1825060877151534,-0.8619484131774695,TIME_LIMIT,69077,0,0,17,11
5,8,238347.0,-1.1825007578103646,-0.8619484131774695,TIME_LIMIT,69104,0,0,11,5
5,8,238492.0,-1.1825007578103646,-0.8619484131774695,TIME_LIMIT,69130,0,0,15,9
5,8,238616.0,-1.1824665330681485,-0.8619484131774695,TIME_LIMIT,69158,0,0,17,14
5,8,238652.0,-1.1824665330681485,-0.8619484131774695,TIME_LIMIT,69181,0,0,18,6
5,8,238761.0,-1.1824523055372127,-0.8619484131774695,TIME_LIMIT,69209,0,0,15,10
5,8,238902.0,-1.1824523055372127,-0.8619484131774695,TIME_LIMIT,69236,0,0,18,16
5,8,239003.0,-1.1824117479428409,-0.8619484131774695,TIME_LIMIT,69263,0,0,16,1
5,8,239105.0,-1.1824117479428409,-0.8619484131774695,TIME_LIMIT,69290,0,0,10,8
5,8,239227.0,-1.1823778802249707,-0.8619484131774695,TIME_LIMIT,69320,0,0,19,8
5,8,239316.0,-1.1823778802249707,-0.8619484131774695,TIME_LIMIT,69344,0,0,12,12
5,8,239414.0,-1.1823533843119884,-0.8619484131774695,TIME_LIMIT,69369,0,0,5,5
5,8,239598.0,-1.1823533843119884,-0.8619484131774695,TIME_LIMIT,69395,0,0,17,19
5,8,239677.0,-1.182334953903561,-0.8619484131774695,TIME_LIMIT,69421,0,0,11,10
5,8,239741.0,-1.182334953903561,-0.8619484131774695,TIME_LIMIT,69445,0,0,11,9
5,8,239824.0,-1.182218014253586,-0.8619484131774695,TIME_LIMIT,69471,0,0,9,5
5,8,239872.0,-1.182218014253586,-0.8619484131774695,TIME_LIMIT,69489,0,0,11,6
5,8,239922.0,-1.1822142780736464,-0.8619484131774695,TIME_LIMIT,69509,0,0,12,5
5,8,240016.0,-1.1822142780736464,-0.8619484131774695,TIME_LIMIT,69531,0,0,4,8
5,8,240076.0,-1.182207377232031,-0.8619484131774695,TIME_LIMIT,69554,0,0,7,8
5,8,240123.0,-1.182207377232031,-0.8619484131774695,TIME_LIMIT,69576,0,0,5,6
5,8,240144.0,-1.1821454952033914,-0.8619484131774695,TIME_LIMIT,69589,0,0,6,3
5,8,240291.0,-1.1821454952033914,-0.8619484131774695,TIME_LIMIT,69617,0,0,12,11
5,8,240375.0,-1.1821314138093428,-0.8619484131774695,TIME_LIMIT,69639,0,0,10,8
5,8,240468.0,-1.1821314138093428,-0.8619484131774695,TIME_LIMIT,69665,0,0,17,2
5,8,240524.0,-1.1820813471986746,-0.8619484131774695,TIME_LIMIT,69688,0,0,11,4
5,8,240587.0,-1.1820813471986746,-0.8619484131774695,TIME_LIMIT,69707,0,0,4,9
5,8,240647.0,-1.1820762179268167,-0.8619484131774695,TIME_LIMIT,69725,0,0,6,5
5,8,240742.0,-1.1820762179268167,-0.8619484131774695,TIME_LIMIT,69754,0,0,13,7
5,8,240810.0,-1.1820066052080884,-0.8619484131774695,TIME_LIMIT,69779,0,0,15,9
5,8,240890.0,-1.1820066052080884,-0.8619484131774695,TIME_LIMIT,69806,0,0,14,8
5,8,240948.0,-1.1819752561590589,-0.8619484131774695,TIME_LIMIT,69824,0,0,4,5
5,8,241049.0,-1.1819752561590589,-0.8619484131774695,TIME_LIMIT,69853,0,0,5,14
5,8,241094.0,-1.1819391416265883,-0.8619484131774695,TIME_LIMIT,69872,0,0,10,7
5,8,241233.0,-1.1819391416265883,-0.8619484131774695,TIME_LIMIT,69896,0,0,11,16
5,8,241303.0,-1.18192733557422,-0.8619484131774695,TIME_LIMIT,69919,0,0,14,8
5,8,241400.0,-1.18192733557422,-0.8619484131774695,TIME_LIMIT,69949,0,0,24,18
5,8,241477.0,-1.1819091825859687,-0.8619484131774695,TIME_LIMIT,69985,0,0,19,12
5,8,241679.0,-1.1819091825859687,-0.8619484131774695,TIME_LIMIT,70010,0,0,18,11
5,8,241846.0,-1.18189099571691,-0.8619484131774695,TIME_LIMIT,70047,0,0,18,12
5,8,242041.0,-1.18189099571691,-0.8619484131774695,TIME_LIMIT,70075,0,0,14,13
5,8,242142.0,-1.1817919754754382,-0.8619484131774695,TIME_LIMIT,70104,0,0,11,3
5,8,242239.0,-1.1817919754754382,-0.8619484131774695,TIME_LIMIT,70134,0,0,15,7
5,8,242392.0,-1.1817908479308727,-0.8619484131774695,TIME_LIMIT,70161,0,0,11,9
5,8,242509.0,-1.1817908479308727,-0.8619484131774695,TIME_LIMIT,70189,0,0,14,19
5,8,242716.0,-1.181741495770379,-0.8619484131774695,TIME_LIMIT,70225,0,0,13,7
5,8,242821.0,-1.181741495770379,-0.8619484131774695,TIME_LIMIT,70251,0,0,12,16
5,8,242886.0,-1.181721956373989,-0.8619484131774695,TIME_LIMIT,70281,0,0,14,8
5,8,242992.0,-1.181721956373989,-0.8619484131774695,TIME_LIMIT,70306,0,0,16,14
5,8,243045.0,-1.1817046543036351,-0.8619484131774695,TIME_LIMIT,70324,0,0,11,3
5,8,243140.0,-1.1817046543036351,-0.8619484131774695,TIME_LIMIT,70346,0,0,8,14
5,8,243215.0,-1.181687567075979,-0.8619484131774695,TIME_LIMIT,70374,0,0,8,9
5,8,243326.0,-1.181687567075979,-0.8619484131774695,TIME_LIMIT,70402,0,0,15,17
5,8,243403.0,-1.1816799037972776,-0.8619484131774695,TIME_LIMIT,70425,0,0,2,7
5,8,243567.0,-1.1816799037972776,-0.8619484131774695,TIME_LIMIT,70458,0,0,12,16
5,8,243628.0,-1.181678551397138,-0.8619484131774695,TIME_LIMIT,70480,0,0,12,9
5,8,243747.0,-1.181678551397138,-0.8619484131774695,TIME_LIMIT,70506,0,0,5,17
5,8,243878.0,-1.1816483365162687,-0.8619484131774695,TIME_LIMIT,70539,0,0,10,7
5,8,243981.0,-1.1816483365162687,-0.8619484131774695,TIME_LIMIT,70566,0,0,13,3
5,8,244062.0,-1.1816022822757317,-0.8619484131774695,TIME_LIMIT,70586,0,0,8,9
5,8,244167.0,-1.1816022822757317,-0.8619484131774695,TIME_LIMIT,70610,0,0,6,11
5,8,244292.0,-1.18157965790007,-0.8619484131774695,TIME_LIMIT,70646,0,0,10,13
5,8,244504.0,-1.18157965790007,-0.8619484131774695,TIME_LIMIT,70663,0,0,16,19
5,8,244682.0,-1.1815705606894202,-0.8619484131774695,TIME_LIMIT,70694,0,0,8,7
5,8,244755.0,-1.1815705606894202,-0.8619484131774695,TIME_LIMIT,70715,0,0,12,18
5,8,244860.0,-1.1815003393702246,-0.8619484131774695,TIME_LIMIT,70744,0,0,12,5
5,8,244917.0,-1.1815003393702246,-0.8619484131774695,TIME_LIMIT,70767,0,0,14,7
5,8,244972.0,-1.181471453316387,-0.8619484131774695,TIME_LIMIT,70787,0,0,11,6
5,8,245171.0,-1.181471453316387,-0.8619484131774695,TIME_LIMIT,70815,0,0,12,14
5,8,245256.0,-1.1813974464726842,-0.8619484131774695,TIME_LIMIT,70847,0,0,11,10
5,8,245326.0,-1.1813974464726842,-0.8619484131774695,TIME_LIMIT,70868,0,0,10,15
5,8,245422.0,-1.1813723400337375,-0.8619484131774695,TIME_LIMIT,70903,0,0,15,11
5,8,245473.0,-1.1813723400337375,-0.8619484131774695,TIME_LIMIT,70925,0,0,12,4
5,8,245537.0,-1.1813641754314843,-0.8619484131774695,TIME_LIMIT,70944,0,0,9,5
5,8,245674.0,-1.1813641754314843,-0.8619484131774695,TIME_LIMIT,70970,0,0,16,10
5,8,245770.0,-1.1813477603935616,-0.8619484131774695,TIME_LIMIT,70991,0,0,9,4
5,8,245859.0,-1.1813477603935616,-0.8619484131774695,TIME_LIMIT,71013,0,0,9,9
5,8,245871.0,-1.181323577209738,-0.8619484131774695,TIME_LIMIT,71025,0,0,2,4
5,8,245974.0,-1.181323577209738,-0.8619484131774695,TIME_LIMIT,71049,0,0,22,17
5,8,246161.0,-1.1813187331012853,-0.8619484131774695,TIME_LIMIT,71086,0,0,13,13
5,8,246324.0,-1.1813187331012853,-0.8619484131774695,TIME_LIMIT,71108,0,0,10,14
5,8,246448.0,-1.1813180359787554,-0.8619484131774695,TIME_LIMIT,71139,0,0,13,4
5,8,246510.0,-1.1813180359787554,-0.8619484131774695,TIME_LIMIT,71161,0,0,14,2
5,8,246604.0,-1.1813066095851452,-0.8619484131774695,TIME_LIMIT,71183,0,0,19,5
5,8,246711.0,-1.1813066095851452,-0.8619484131774695,TIME_LIMIT,71206,0,0,18,17
5,8,246764.0,-1.181266462460255,-0.8619484131774695,TIME_LIMIT,71230,0,0,18,5
5,8,246826.0,-1.181266462460255,-0.8619484131774695,TIME_LIMIT,71248,0,0,8,11
5,8,246871.0,-1.1812370369762724,-0.8619484131774695,TIME_LIMIT,71271,0,0,8,2
5,8,246994.0,-1.1812370369762724,-0.8619484131774695,TIME_LIMIT,71297,0,0,11,14
5,8,247124.0,-1.1811929449077905,-0.8619484131774695,TIME_LIMIT,71325,0,0,13,16
5,8,247216.0,-1.1811929449077905,-0.8619484131774695,TIME_LIMIT,71347,0,0,11,3
5,8,247247.0,-1.1811828741940986,-0.8619484131774695,TIME_LIMIT,71361,0,0,11,3
5,8,247314.0,-1.1811828741940986,-0.8619484131774695,TIME_LIMIT,71381,0,0,16,15
5,8,247434.0,-1.1811718681887315,-0.8619484131774695,TIME_LIMIT,71402,0,0,12,5
5,8,247492.0,-1.1811718681887315,-0.8619484131774695,TIME_LIMIT,71422,0,0,8,7
5,8,247547.0,-1.181148009201102,-0.8619484131774695,TIME_LIMIT,71444,0,0,8,3
5,8,247593.0,-1.181148009201102,-0.8619484131774695,TIME_LIMIT,71464,0,0,12,21
5,8,247677.0,-1.181139905275942,-0.8619484131774695,TIME_LIMIT,71497,0,0,8,11
5,8,247746.0,-1.181139905275942,-0.8619484131774695,TIME_LIMIT,71521,0,0,18,24
5,8,247870.0,-1.1811385741789278,-0.8619484131774695,TIME_LIMIT,71556,0,0,10,9
5,8,248022.0,-1.1811385741789278,-0.8619484131774695,TIME_LIMIT,71583,0,0,19,10
5,8,248102.0,-1.181046011130182,-0.8619484131774695,TIME_LIMIT,71603,0,0,8,4
5,8,248191.0,-1.181046011130182,-0.8619484131774695,TIME_LIMIT,71629,0,0,12,11
5,8,248263.0,-1.1810205267670388,-0.8619484131774695,TIME_LIMIT,71649,0,0,10,7
5,8,248323.0,-1.1810205267670388,-0.8619484131774695,TIME_LIMIT,71666,0,0,5,7
5,8,248354.0,-1.1810166924298777,-0.8619484131774695,TIME_LIMIT,71687,0,0,7,5
5,8,248557.0,-1.1810166924298777,-0.8619484131774695,TIME_LIMIT,71711,0,0,13,8
5,8,248616.0,-1.1810162965610895,-0.8619484131774695,TIME_LIMIT,71733,0,0,13,3
5,8,248727.0,-1.1810162965610895,-0.8619484131774695,TIME_LIMIT,71754,0,0,21,29
5,8,248846.0,-1.1810042791203461,-0.8619484131774695,TIME_LIMIT,71794,0,0,14,14
5,8,248987.0,-1.1810042791203461,-0.8619484131774695,TIME_LIMIT,71820,0,0,9,11
5,8,249116.0,-1.1809556924151348,-0.8619484131774695,TIME_LIMIT,71844,0,0,11,10
5,8,249352.0,-1.1809556924151348,-0.8619484131774695,TIME_LIMIT,71877,0,0,22,23
5,8,249583.0,-1.1809476795707379,-0.8619484131774695,TIME_LIMIT,71904,0,0,16,13
5,8,249593.0,-1.1809476795707379,-0.8619484131774695,TIME_LIMIT,71912,0,0,8,6
5,8,249633.0,-1.1809194712801612,-0.8619484131774695,TIME_LIMIT,71930,0,0,6,3
5,8,249694.0,-1.1809194712801612,-0.8619484131774695,TIME_LIMIT,71951,0,0,9,8
5,8,249838.0,-1.1809180371401928,-0.8619484131774695,TIME_LIMIT,71985,0,0,10,6
5,8,249899.0,-1.1809180371401928,-0.8619484131774695,TIME_LIMIT,72004,0,0,12,10
5,8,249944.0,-1.1809060063423347,-0.8619484131774695,TIME_LIMIT,72021,0,0,4,3
5,8,249999.0,-1.1809060063423347,-0.8619484131774695,TIME_LIMIT,72048,0,0,7,9
5,8,250024.0,-1.1808644888575137,-0.8619484131774695,TIME_LIMIT,72072,0,0,15,4
5,8,250089.0,-1.1808644888575137,-0.8619484131774695,TIME_LIMIT,72094,0,0,10,8
5,8,250155.0,-1.1808466639590292,-0.8619484131774695,TIME_LIMIT,72112,0,0,9,5
5,8,250257.0,-1.1808466639590292,-0.8619484131774695,TIME_LIMIT,72137,0,0,11,9
5,8,250325.0,-1.1808443643607742,-0.8619484131774695,TIME_LIMIT,72157,0,0,9,7
5,8,250491.0,-1.1808443643607742,-0.8619484131774695,TIME_LIMIT,72183,0,0,10,9
5,8,250544.0,-1.1808419630703264,-0.8619484131774695,TIME_LIMIT,72212,0,0,7,5
5,8,250748.0,-1.1808419630703264,-0.8619484131774695,TIME_LIMIT,72243,0,0,19,22
5,8,250951.0,-1.1808328559294559,-0.8619484131774695,TIME_LIMIT,72269,0,0,21,17
5,8,251010.0,-1.1808328559294559,-0.8619484131774695,TIME_LIMIT,72291,0,0,11,7
5,8,251047.0,-1.1807943249336803,-0.8619484131774695,TIME_LIMIT,72309,0,0,8,10
5,8,251139.0,-1.1807943249336803,-0.8619484131774695,TIME_LIMIT,72335,0,0,8,21
5,8,251217.0,-1.1807640959157018,-0.8619484131774695,TIME_LIMIT,72360,0,0,7,6
5,8,251339.0,-1.1807640959157018,-0.8619484131774695,TIME_LIMIT,72391,0,0,9,11
5,8,251483.0,-1.1807491627711195,-0.8619484131774695,TIME_LIMIT,72417,0,0,7,9
5,8,251686.0,-1.1807491627711195,-0.8619484131774695,TIME_LIMIT,72448,0,0,14,13
5,8,251853.0,-1.180708150075307,-0.8619484131774695,TIME_LIMIT,72475,0,0,21,22
5,8,251953.0,-1.180708150075307,-0.8619484131774695,TIME_LIMIT,72497,0,0,6,18
5,8,252019.0,-1.1806870469284403,-0.8619484131774695,TIME_LIMIT,72525,0,0,7,4
5,8,252104.0,-1.1806870469284403,-0.8619484131774695,TIME_LIMIT,72546,0,0,8,17
5,8,252159.0,-1.1806295530398523,-0.8619484131774695,TIME_LIMIT,72572,0,0,6,8
5,8,252306.0,-1.1806295530398523,-0.8619484131774695,TIME_LIMIT,72602,0,0,13,18
5,8,252509.0,-1.1805987904164086,-0.8619484131774695,TIME_LIMIT,72640,0,0,20,17
5,8,252599.0,-1.1805987904164086,-0.8619484131774695,TIME_LIMIT,72668,0,0,19,10
5,8,252695.0,-1.1805894781327977,-0.8619484131774695,TIME_LIMIT,72692,0,0,5,4
5,8,252746.0,-1.1805894781327977,-0.8619484131774695,TIME_LIMIT,72715,0,0,14,22
5,8,252863.0,-1.1805521277415294,-0.8619484131774695,TIME_LIMIT,72747,0,0,13,14
5,8,252888.0,-1.1805521277415294,-0.8619484131774695,TIME_LIMIT,72767,0,0,8,9
5,8,252992.0,-1.1805406476305202,-0.8619484131774695,TIME_LIMIT,72799,0,0,12,8
5,8,253123.0,-1.1805406476305202,-0.8619484131774695,TIME_LIMIT,72814,0,0,10,17
5,8,253188.0,-1.18050098558322,-0.8619484131774695,TIME_LIMIT,72834,0,0,10,5
5,8,253261.0,-1.18050098558322,-0.8619484131774695,TIME_LIMIT,72853,0,0,11,10
5,8,253378.0,-1.180471211529747,-0.8619484131774695,TIME_LIMIT,72873,0,0,12,12
5,8,253445.0,-1.180471211529747,-0.8619484131774695,TIME_LIMIT,72897,0,0,14,23
5,8,253571.0,-1.1804275225432406,-0.8619484131774695,TIME_LIMIT,72937,0,0,10,12
5,8,253670.0,-1.1804275225432406,-0.8619484131774695,TIME_LIMIT,72957,0,0,6,10
5,8,253786.0,-1.180418918632098,-0.8619484131774695,TIME_LIMIT,72981,0,0,11,5
5,8,253839.0,-1.180418918632098,-0.8619484131774695,TIME_LIMIT,73005,0,0,14,6
5,8,253897.0,-1.1803417478309557,-0.8619484131774695,TIME_LIMIT,73030,0,0,5,6
5,8,253972.0,-1.1803417478309557,-0.8619484131774695,TIME_LIMIT,73061,0,0,17,23
5,8,254107.0,-1.1803400754451152,-0.8619484131774695,TIME_LIMIT,73100,0,0,8,11
5,8,254253.0,-1.1803400754451152,-0.8619484131774695,TIME_LIMIT,73126,0,0,18,12
5,8,254454.0,-1.1803173187187517,-0.8619484131774695,TIME_LIMIT,73165,0,0,13,10
5,8,254531.0,-1.1803173187187517,-0.8619484131774695,TIME_LIMIT,73188,0,0,13,7
5,8,254577.0,-1.1802811059297915,-0.8619484131774695,TIME_LIMIT,73206,0,0,7,2
5,8,254680.0,-1.1802811059297915,-0.8619484131774695,TIME_LIMIT,73233,0,0,11,9
5,8,254711.0,-1.180209839803962,-0.8619484131774695,TIME_LIMIT,73256,0,0,3,2
5,8,254831.0,-1.180209839803962,-0.8619484131774695,TIME_LIMIT,73281,0,0,11,13
5,8,254919.0,-1.1802016027277378,-0.8619484131774695,TIME_LIMIT,73305,0,0,16,4
5,8,254961.0,-1.1802016027277378,-0.8619484131774695,TIME_LIMIT,73319,0,0,15,21
5,8,255072.0,-1.1801735093402272,-0.8619484131774695,TIME_LIMIT,73354,0,0,8,10
5,8,255156.0,-1.1801735093402272,-0.8619484131774695,TIME_LIMIT,73379,0,0,13,12
5,8,255225.0,-1.180172595401233,-0.8619484131774695,TIME_LIMIT,73410,0,0,4,12
5,8,255333.0,-1.180172595401233,-0.8619484131774695,TIME_LIMIT,73434,0,0,11,21
5,8,255458.0,-1.180171236986808,-0.8619484131774695,TIME_LIMIT,73469,0,0,7,9
5,8,255478.0,-1.180171236986808,-0.8619484131774695,TIME_LIMIT,73487,0,0,16,10
5,8,255589.0,-1.180134879071162,-0.8619484131774695,TIME_LIMIT,73518,0,0,11,11
5,8,255660.0,-1.180134879071162,-0.8619484131774695,TIME_LIMIT,73535,0,0,9,10
5,8,255772.0,-1.180127833031855,-0.8619484131774695,TIME_LIMIT,73572,0,0,13,9
5,8,255856.0,-1.180127833031855,-0.8619484131774695,TIME_LIMIT,73598,0,0,6,12
5,8,255961.0,-1.1800978414702539,-0.8619484131774695,TIME_LIMIT,73623,0,0,7,9
5,8,256111.0,-1.1800978414702539,-0.8619484131774695,TIME_LIMIT,73648,0,0,21,18
5,8,256319.0,-1.180088903302711,-0.8619484131774695,TIME_LIMIT,73686,0,0,17,7
5,8,256381.0,-1.180088903302711,-0.8619484131774695,TIME_LIMIT,73714,0,0,16,9
5,8,256480.0,-1.1800657197848767,-0.8619484131774695,TIME_LIMIT,73739,0,0,14,7
5,8,256578.0,-1.1800657197848767,-0.8619484131774695,TIME_LIMIT,73761,0,0,9,13
5,8,256658.0,-1.1800626904020977,-0.8619484131774695,TIME_LIMIT,73785,0,0,12,19
5,8,256754.0,-1.1800626904020977,-0.8619484131774695,TIME_LIMIT,73806,0,0,15,17
5,8,256827.0,-1.1800567429085724,-0.8619484131774695,TIME_LIMIT,73840,0,0,12,6
5,8,256847.0,-1.1800567429085724,-0.8619484131774695,TIME_LIMIT,73853,0,0,6,13
5,8,256979.0,-1.179988483231174,-0.8619484131774695,TIME_LIMIT,73878,0,0,8,8
5,8,257026.0,-1.179988483231174,-0.8619484131774695,TIME_LIMIT,73892,0,0,12,7
5,8,257044.0,-1.179934174138607,-0.8619484131774695,TIME_LIMIT,73907,0,0,7,3
5,8,257250.0,-1.179934174138607,-0.8619484131774695,TIME_LIMIT,73932,0,0,20,15
5,8,257405.0,-1.1799195666537985,-0.8619484131774695,TIME_LIMIT,73972,0,0,16,24
5,8,257594.0,-1.1799195666537985,-0.8619484131774695,TIME_LIMIT,73997,0,0,15,22
5,8,257657.0,-1.1799150326057326,-0.8619484131774695,TIME_LIMIT,74020,0,0,7,9
5,8,257695.0,-1.1799150326057326,-0.8619484131774695,TIME_LIMIT,74039,0,0,11,10
5,8,257792.0,-1.1798591744622553,-0.8619484131774695,TIME_LIMIT,74064,0,0,6,7
5,8,257872.0,-1.1798591744622553,-0.8619484131774695,TIME_LIMIT,74085,0,0,7,8
5,8,257935.0,-1.1798434381151972,-0.8619484131774695,TIME_LIMIT,74110,0,0,10,3
5,8,258057.0,-1.1798434381151972,-0.8619484131774695,TIME_LIMIT,74137,0,0,14,9
5,8,258124.0,-1.179808229502731,-0.8619484131774695,TIME_LIMIT,74158,0,0,12,7
5,8,258277.0,-1.179808229502731,-0.8619484131774695,TIME_LIMIT,74191,0,0,18,13
5,8,258358.0,-1.1797752206204766,-0.8619484131774695,TIME_LIMIT,74215,0,0,9,6
5,8,258409.0,-1.1797752206204766,-0.8619484131774695,TIME_LIMIT,74237,0,0,14,16
5,8,258523.0,-1.1797751397108849,-0.8619484131774695,TIME_LIMIT,74264,0,0,6,11
5,8,258590.0,-1.1797751397108849,-0.8619484131774695,TIME_LIMIT,74288,0,0,17,14
5,8,258734.0,-1.1797380218185407,-0.8619484131774695,TIME_LIMIT,74313,0,0,11,2
5,8,258818.0,-1.1797380218185407,-0.8619484131774695,TIME_LIMIT,74339,0,0,10,25
5,8,258911.0,-1.1797283213312293,-0.8619484131774695,TIME_LIMIT,74365,0,0,18,11
5,8,258963.0,-1.1797283213312293,-0.8619484131774695,TIME_LIMIT,74384,0,0,12,8
5,8,259044.0,-1.1797044858017076,-0.8619484131774695,TIME_LIMIT,74412,0,0,9,5
5,8,259211.0,-1.1797044858017076,-0.8619484131774695,TIME_LIMIT,74445,0,0,16,18
5,8,259425.0,-1.1796643509594475,-0.8619484131774695,TIME_LIMIT,74478,0,0,10,10
5,8,259474.0,-1.1796643509594475,-0.8619484131774695,TIME_LIMIT,74501,0,0,13,7
5,8,259601.0,-1.1796596443918121,-0.8619484131774695,TIME_LIMIT,74526,0,0,14,11
5,8,259720.0,-1.1796596443918121,-0.8619484131774695,TIME_LIMIT,74549,0,0,14,12
5,8,259843.0,-1.1796356100889047,-0.8619484131774695,TIME_LIMIT,74588,0,0,13,10
5,8,259946.0,-1.1796356100889047,-0.8619484131774695,TIME_LIMIT,74606,0,0,13,11
5,8,260027.0,-1.179610403724673,-0.8619484131774695,TIME_LIMIT,74629,0,0,9,5
5,8,260192.0,-1.179610403724673,-0.8619484131774695,TIME_LIMIT,74656,0,0,16,14
5,8,260275.0,-1.1795973867319816,-0.8619484131774695,TIME_LIMIT,74679,0,0,11,10
5,8,260468.0,-1.1795973867319816,-0.8619484131774695,TIME_LIMIT,74717,0,0,18,17
5,8,260573.0,-1.179589724637911,-0.8619484131774695,TIME_LIMIT,74739,0,0,10,1
5,8,260596.0,-1.179589724637911,-0.8619484131774695,TIME_LIMIT,74759,0,0,15,9
5,8,260700.0,-1.179584002011642,-0.8619484131774695,TIME_LIMIT,74792,0,0,12,13
5,8,260784.0,-1.179584002011642,-0.8619484131774695,TIME_LIMIT,74821,0,0,17,19
5,8,260850.0,-1.1795029360236668,-0.8619484131774695,TIME_LIMIT,74843,0,0,13,14
5,8,260900.0,-1.1795029360236668,-0.8619484131774695,TIME_LIMIT,74857,0,0,8,9
5,8,260956.0,-1.179494122409192,-0.8619484131774695,TIME_LIMIT,74888,0,0,11,5
5,8,261081.0,-1.179494122409192,-0.8619484131774695,TIME_LIMIT,74914,0,0,15,17
5,8,261236.0,-1.1794814047655884,-0.8619484131774695,TIME_LIMIT,74940,0,0,8,16
5,8,261312.0,-1.1794814047655884,-0.8619484131774695,TIME_LIMIT,74964,0,0,17,22
5,8,261446.0,-1.1794796398211522,-0.8619484131774695,TIME_LIMIT,74998,0,0,11,12
5,8,261649.0,-1.1794796398211522,-0.8619484131774695,TIME_LIMIT,75027,0,0,7,11
5,8,261782.0,-1.1794730594670164,-0.8619484131774695,TIME_LIMIT,75054,0,0,19,9
5,8,261903.0,-1.1794730594670164,-0.8619484131774695,TIME_LIMIT,75081,0,0,19,14
5,8,262070.0,-1.1794631579836348,-0.8619484131774695,TIME_LIMIT,75112,0,0,19,9
5,8,262199.0,-1.1794631579836348,-0.8619484131774695,TIME_LIMIT,75137,0,0,12,14
5,8,262326.0,-1.1793824189123352,-0.8619484131774695,TIME_LIMIT,75169,0,0,16,11
5,8,262425.0,-1.1793824189123352,-0.8619484131774695,TIME_LIMIT,75192,0,0,17,4
5,8,262476.0,-1.1793732675248572,-0.8619484131774695,TIME_LIMIT,75211,0,0,11,3
5,8,262542.0,-1.1793732675248572,-0.8619484131774695,TIME_LIMIT,75234,0,0,14,7
5,8,262672.0,-1.1793674637223979,-0.8619484131774695,TIME_LIMIT,75261,0,0,12,8
5,8,262770.0,-1.1793674637223979,-0.8619484131774695,TIME_LIMIT,75278,0,0,11,11
5,8,262801.0,-1.1793079659869128,-0.8619484131774695,TIME_LIMIT,75299,0,0,7,5
5,8,262863.0,-1.1793079659869128,-0.8619484131774695,TIME_LIMIT,75323,0,0,11,9
5,8,262960.0,-1.1793043048378373,-0.8619484131774695,TIME_LIMIT,75351,0,0,14,5
5,8,263047.0,-1.1793043048378373,-0.8619484131774695,TIME_LIMIT,75378,0,0,16,14
5,8,263220.0,-1.1793032451788739,-0.8619484131774695,TIME_LIMIT,75419,0,0,13,19
5,8,263316.0,-1.1793032451788739,-0.8619484131774695,TIME_LIMIT,75449,0,0,21,15
5,8,263503.0,-1.1793018417775505,-0.8619484131774695,TIME_LIMIT,75480,0,0,9,3
5,8,263657.0,-1.1793018417775505,-0.8619484131774695,TIME_LIMIT,75508,0,0,12,8
5,8,263731.0,-1.179283940075184,-0.8619484131774695,TIME_LIMIT,75530,0,0,12,4
5,8,263882.0,-1.179283940075184,-0.8619484131774695,TIME_LIMIT,75551,0,0,11,11
5,8,263975.0,-1.1792800603259574,-0.8619484131774695,TIME_LIMIT,75578,0,0,11,9
5,8,264094.0,-1.1792800603259574,-0.8619484131774695,TIME_LIMIT,75604,0,0,8,18
5,8,264161.0,-1.1792059794788017,-0.8619484131774695,TIME_LIMIT,75631,0,0,12,5
5,8,264217.0,-1.1792059794788017,-0.8619484131774695,TIME_LIMIT,75652,0,0,11,12
5,8,264289.0,-1.179187620057796,-0.8619484131774695,TIME_LIMIT,75680,0,0,7,5
5,8,264366.0,-1.179187620057796,-0.8619484131774695,TIME_LIMIT,75701,0,0,11,16
5,8,264442.0,-1.1791783461123193,-0.8619484131774695,TIME_LIMIT,75726,0,0,14,6
5,8,264568.0,-1.1791783461123193,-0.8619484131774695,TIME_LIMIT,75749,0,0,13,11
5,8,264689.0,-1.1791261618243725,-0.8619484131774695,TIME_LIMIT,75785,0,0,10,10
5,8,264775.0,-1.1791261618243725,-0.8619484131774695,TIME_LIMIT,75805,0,0,19,18
5,8,264852.0,-1.1791249184155645,-0.8619484131774695,TIME_LIMIT,75833,0,0,9,6
5,8,265055.0,-1.1791249184155645,-0.8619484131774695,TIME_LIMIT,75854,0,0,20,8
5,8,265134.0,-1.1790238450657304,-0.8619484131774695,TIME_LIMIT,75889,0,0,8,8
5,8,265195.0,-1.1790238450657304,-0.8619484131774695,TIME_LIMIT,75910,0,0,13,3
5,8,265251.0,-1.179004373621501,-0.8619484131774695,TIME_LIMIT,75926,0,0,6,3
5,8,265308.0,-1.179004373621501,-0.8619484131774695,TIME_LIMIT,75944,0,0,14,15
5,8,265379.0,-1.1789857538640476,-0.8619484131774695,TIME_LIMIT,75975,0,0,15,11
5,8,265515.0,-1.1789857538640476,-0.8619484131774695,TIME_LIMIT,75996,0,0,14,18
5,8,265552.0,-1.1789853456822807,-0.8619484131774695,TIME_LIMIT,76018,0,0,12,1
5,8,265683.0,-1.1789853456822807,-0.8619484131774695,TIME_LIMIT,76047,0,0,13,10
5,8,265794.0,-1.1789000343670797,-0.8619484131774695,TIME_LIMIT,76073,0,0,15,12
5,8,265982.0,-1.1789000343670797,-0.8619484131774695,TIME_LIMIT,76103,0,0,22,22
5,8,266171.0,-1.1788974186276835,-0.8619484131774695,TIME_LIMIT,76126,0,0,10,7
5,8,266411.0,-1.1788974186276835,-0.8619484131774695,TIME_LIMIT,76158,0,0,15,12
5,8,266569.0,-1.1788882440175914,-0.8619484131774695,TIME_LIMIT,76188,0,0,15,15
5,8,266647.0,-1.1788882440175914,-0.8619484131774695,TIME_LIMIT,76207,0,0,11,12
5,8,266726.0,-1.1788410606641964,-0.8619484131774695,TIME_LIMIT,76240,0,0,10,5
5,8,266763.0,-1.1788410606641964,-0.8619484131774695,TIME_LIMIT,76256,0,0,4,5
5,8,266801.0,-1.1788307281367723,-0.8619484131774695,TIME_LIMIT,76278,0,0,6,6
5,8,266892.0,-1.1788307281367723,-0.8619484131774695,TIME_LIMIT,76307,0,0,16,8
5,8,266950.0,-1.1788005599646052,-0.8619484131774695,TIME_LIMIT,76329,0,0,9,3
5,8,266992.0,-1.1788005599646052,-0.8619484131774695,TIME_LIMIT,76357,0,0,6,7
5,8,267101.0,-1.1787977669363312,-0.8619484131774695,TIME_LIMIT,76383,0,0,11,13
5,8,267182.0,-1.1787977669363312,-0.8619484131774695,TIME_LIMIT,76408,0,0,9,11
5,8,267235.0,-1.178777633009907,-0.8619484131774695,TIME_LIMIT,76430,0,0,17,4
5,8,267284.0,-1.178777633009907,-0.8619484131774695,TIME_LIMIT,76453,0,0,13,11
5,8,267313.0,-1.1787491081579609,-0.8619484131774695,TIME_LIMIT,76477,0,0,9,8
5,8,267379.0,-1.1787491081579609,-0.8619484131774695,TIME_LIMIT,76500,0,0,14,6
5,8,267427.0,-1.1787389248349138,-0.8619484131774695,TIME_LIMIT,76515,0,0,10,11
5,8,267483.0,-1.1787389248349138,-0.8619484131774695,TIME_LIMIT,76534,0,0,11,7
5,8,267569.0,-1.1787257134960778,-0.8619484131774695,TIME_LIMIT,76563,0,0,11,6
5,8,267606.0,-1.1787257134960778,-0.8619484131774695,TIME_LIMIT,76583,0,0,9,8
5,8,267633.0,-1.178684745478895,-0.8619484131774695,TIME_LIMIT,76604,0,0,10,3
5,8,267742.0,-1.178684745478895,-0.8619484131774695,TIME_LIMIT,76622,0,0,8,7
5,8,267858.0,-1.1786638419079,-0.8619484131774695,TIME_LIMIT,76648,0,0,17,3
5,8,267886.0,-1.1786638419079,-0.8619484131774695,TIME_LIMIT,76665,0,0,7,4
5,8,267924.0,-1.1786600097153284,-0.8619484131774695,TIME_LIMIT,76689,0,0,9,4
5,8,268068.0,-1.1786600097153284,-0.8619484131774695,TIME_LIMIT,76711,0,0,12,6
5,8,268230.0,-1.1786573471643362,-0.8619484131774695,TIME_LIMIT,76736,0,0,11,5
5,8,268292.0,-1.1786573471643362,-0.8619484131774695,TIME_LIMIT,76759,0,0,7,11
5,8,268333.0,-1.178617083136468,-0.8619484131774695,TIME_LIMIT,76776,0,0,10,8
5,8,268525.0,-1.178617083136468,-0.8619484131774695,TIME_LIMIT,76807,0,0,22,18
5,8,268677.0,-1.1785803784579034,-0.8619484131774695,TIME_LIMIT,76836,0,0,17,6
5,8,268754.0,-1.1785803784579034,-0.8619484131774695,TIME_LIMIT,76863,0,0,15,3
5,8,268888.0,-1.1785726834005232,-0.8619484131774695,TIME_LIMIT,76888,0,0,15,8
5,8,268948.0,-1.1785726834005232,-0.8619484131774695,TIME_LIMIT,76910,0,0,10,9
5,8,269138.0,-1.1785585840668882,-0.8619484131774695,TIME_LIMIT,76935,0,0,18,5
5,8,269183.0,-1.1785585840668882,-0.8619484131774695,TIME_LIMIT,76955,0,0,14,9
5,8,269251.0,-1.178550739839075,-0.8619484131774695,TIME_LIMIT,76985,0,0,6,13
5,8,269325.0,-1.178550739839075,-0.8619484131774695,TIME_LIMIT,77008,0,0,12,22
5,8,269455.0,-1.1785407574394111,-0.8619484131774695,TIME_LIMIT,77037,0,0,10,12
5,8,269517.0,-1.1785407574394111,-0.8619484131774695,TIME_LIMIT,77058,0,0,10,9
5,8,269589.0,-1.1785277492533603,-0.8619484131774695,TIME_LIMIT,77092,0,0,8,5
5,8,269814.0,-1.1785277492533603,-0.8619484131774695,TIME_LIMIT,77122,0,0,12,25
5,8,269978.0,-1.1785166086783698,-0.8619484131774695,TIME_LIMIT,77157,0,0,14,20
5,8,270117.0,-1.1785166086783698,-0.8619484131774695,TIME_LIMIT,77179,0,0,11,7
5,8,270171.0,-1.1785031243053843,-0.8619484131774695,TIME_LIMIT,77201,0,0,12,10
5,8,270323.0,-1.1785031243053843,-0.8619484131774695,TIME_LIMIT,77231,0,0,20,21
5,8,270574.0,-1.1784145254648228,-0.8619484131774695,TIME_LIMIT,77257,0,0,19,13
5,8,270764.0,-1.1784145254648228,-0.8619484131774695,TIME_LIMIT,77280,0,0,20,19
5,8,270937.0,-1.1783743835651006,-0.8619484131774695,TIME_LIMIT,77315,0,0,16,5
5,8,271087.0,-1.1783743835651006,-0.8619484131774695,TIME_LIMIT,77345,0,0,16,17
5,8,271187.0,-1.1783337502865157,-0.8619484131774695,TIME_LIMIT,77371,0,0,14,5
5,8,271268.0,-1.1783337502865157,-0.8619484131774695,TIME_LIMIT,77391,0,0,8,12
5,8,271336.0,-1.1782943438782556,-0.8619484131774695,TIME_LIMIT,77419,0,0,10,7
5,8,271457.0,-1.1782943438782556,-0.8619484131774695,TIME_LIMIT,77441,0,0,18,20
5,8,271590.0,-1.1782811008506306,-0.8619484131774695,TIME_LIMIT,77471,0,0,15,11
5,8,271796.0,-1.1782811008506306,-0.8619484131774695,TIME_LIMIT,77498,0,0,21,24
5,8,271911.0,-1.178270058124995,-0.8619484131774695,TIME_LIMIT,77525,0,0,11,9
5,8,272032.0,-1.178270058124995,-0.8619484131774695,TIME_LIMIT,77548,0,0,13,32
5,8,272173.0,-1.178217598154877,-0.8619484131774695,TIME_LIMIT,77586,0,0,16,10
5,8,272284.0,-1.178217598154877,-0.8619484131774695,TIME_LIMIT,77611,0,0,13,16
5,8,272430.0,-1.1782073699677975,-0.8619484131774695,TIME_LIMIT,77640,0,0,13,15
5,8,272549.0,-1.1782073699677975,-0.8619484131774695,TIME_LIMIT,77675,0,0,17,14
5,8,272666.0,-1.178179554030695,-0.8619484131774695,TIME_LIMIT,77700,0,0,15,11
5,8,272777.0,-1.178179554030695,-0.8619484131774695,TIME_LIMIT,77726,0,0,8,17
5,8,272844.0,-1.1781735872974513,-0.8619484131774695,TIME_LIMIT,77750,0,0,8,6
5,8,272916.0,-1.1781735872974513,-0.8619484131774695,TIME_LIMIT,77777,0,0,12,9
5,8,272981.0,-1.1781572124432729,-0.8619484131774695,TIME_LIMIT,77796,0,0,10,10
5,8,273113.0,-1.1781572124432729,-0.8619484131774695,TIME_LIMIT,77829,0,0,8,12
5,8,273218.0,-1.1781407829422705,-0.8619484131774695,TIME_LIMIT,77859,0,0,20,15
5,8,273277.0,-1.1781407829422705,-0.8619484131774695,TIME_LIMIT,77886,0,0,26,13
5,8,273478.0,-1.1780994948737735,-0.8619484131774695,TIME_LIMIT,77926,0,0,16,16
5,8,273617.0,-1.1780994948737735,-0.8619484131774695,TIME_LIMIT,77947,0,0,14,6
5,8,273839.0,-1.178086679481356,-0.8619484131774695,TIME_LIMIT,77977,0,0,10,4
5,8,273908.0,-1.178086679481356,-0.8619484131774695,TIME_LIMIT,77998,0,0,8,15
5,8,274015.0,-1.1780531873950877,-0.8619484131774695,TIME_LIMIT,78019,0,0,14,5
5,8,274102.0,-1.1780531873950877,-0.8619484131774695,TIME_LIMIT,78047,0,0,14,11
5,8,274159.0,-1.1780236988750947,-0.8619484131774695,TIME_LIMIT,78066,0,0,12,8
5,8,274328.0,-1.1780236988750947,-0.8619484131774695,TIME_LIMIT,78104,0,0,23,19
5,8,274439.0,-1.1779849647386282,-0.8619484131774695,TIME_LIMIT,78137,0,0,15,10
5,8,274545.0,-1.1779849647386282,-0.8619484131774695,TIME_LIMIT,78162,0,0,10,17
5,8,274794.0,-1.177979903038926,-0.8619484131774695,TIME_LIMIT,78202,0,0,14,11
5,8,274905.0,-1.177979903038926,-0.8619484131774695,TIME_LIMIT,78226,0,0,15,14
5,8,274964.0,-1.1779767596398205,-0.8619484131774695,TIME_LIMIT,78246,0,0,14,6
5,8,275081.0,-1.1779767596398205,-0.8619484131774695,TIME_LIMIT,78272,0,0,11,12
5,8,275145.0,-1.177972669506978,-0.8619484131774695,TIME_LIMIT,78296,0,0,15,9
5,8,275244.0,-1.177972669506978,-0.8619484131774695,TIME_LIMIT,78316,0,0,13,7
5,8,275263.0,-1.1779517329215268,-0.8619484131774695,TIME_LIMIT,78332,0,0,9,3
5,8,275381.0,-1.1779517329215268,-0.8619484131774695,TIME_LIMIT,78358,0,0,21,24
5,8,275514.0,-1.1779508884837255,-0.8619484131774695,TIME_LIMIT,78396,0,0,12,8
5,8,275553.0,-1.1779508884837255,-0.8619484131774695,TIME_LIMIT,78414,0,0,7,5
5,8,275613.0,-1.177947223741181,-0.8619484131774695,TIME_LIMIT,78436,0,0,8,9
5,8,275762.0,-1.177947223741181,-0.8619484131774695,TIME_LIMIT,78463,0,0,15,14
5,8,275811.0,-1.1778575021889377,-0.8619484131774695,TIME_LIMIT,78486,0,0,13,4
5,8,275997.0,-1.1778575021889377,-0.8619484131774695,TIME_LIMIT,78509,0,0,18,19
5,8,276198.0,-1.1778438990156643,-0.8619484131774695,TIME_LIMIT,78542,0,0,9,3
5,8,276331.0,-1.1778438990156643,-0.8619484131774695,TIME_LIMIT,78574,0,0,24,12
5,8,276442.0,-1.1778398341370926,-0.8619484131774695,TIME_LIMIT,78596,0,0,12,10
5,8,276506.0,-1.1778398341370926,-0.8619484131774695,TIME_LIMIT,78615,0,0,8,11
5,8,276569.0,-1.177812667022477,-0.8619484131774695,TIME_LIMIT,78646,0,0,7,8
5,8,276617.0,-1.177812667022477,-0.8619484131774695,TIME_LIMIT,78662,0,0,10,11
5,8,276697.0,-1.1777416419203608,-0.8619484131774695,TIME_LIMIT,78689,0,0,8,8
5,8,276899.0,-1.1777416419203608,-0.8619484131774695,TIME_LIMIT,78712,0,0,19,11
5,8,277016.0,-1.177741419371535,-0.8619484131774695,TIME_LIMIT,78737,0,0,19,7
5,8,277140.0,-1.177741419371535,-0.8619484131774695,TIME_LIMIT,78762,0,0,15,23
5,8,277344.0,-1.177730077768512,-0.8619484131774695,TIME_LIMIT,78806,0,0,18,13
5,8,277534.0,-1.177730077768512,-0.8619484131774695,TIME_LIMIT,78832,0,0,12,11
5,8,277709.0,-1.1776793357500397,-0.8619484131774695,TIME_LIMIT,78866,0,0,19,7
5,8,277765.0,-1.1776793357500397,-0.8619484131774695,TIME_LIMIT,78882,0,0,19,11
5,8,277833.0,-1.1776288435660285,-0.8619484131774695,TIME_LIMIT,78911,0,0,9,5
5,8,277924.0,-1.1776288435660285,-0.8619484131774695,TIME_LIMIT,78934,0,0,19,20
5,8,278050.0,-1.17759717669586,-0.8619484131774695,TIME_LIMIT,78974,0,0,19,6
5,8,278107.0,-1.17759717669586,-0.8619484131774695,TIME_LIMIT,78995,0,0,19,8
5,8,278164.0,-1.177590505128281,-0.8619484131774695,TIME_LIMIT,79019,0,0,13,5
5,8,278273.0,-1.177590505128281,-0.8619484131774695,TIME_LIMIT,79043,0,0,13,10
5,8,278351.0,-1.177533388927401,-0.8619484131774695,TIME_LIMIT,79070,0,0,8,3
5,8,278421.0,-1.177533388927401,-0.8619484131774695,TIME_LIMIT,79095,0,0,15,19
5,8,278508.0,-1.1775253701804893,-0.8619484131774695,TIME_LIMIT,79126,0,0,16,6
5,8,278557.0,-1.1775253701804893,-0.8619484131774695,TIME_LIMIT,79139,0,0,7,5
5,8,278602.0,-1.1774828551917838,-0.8619484131774695,TIME_LIMIT,79158,0,0,5,4
5,8,278727.0,-1.1774828551917838,-0.8619484131774695,TIME_LIMIT,79190,0,0,12,13
5,8,278792.0,-1.1774568728980284,-0.8619484131774695,TIME_LIMIT,79217,0,0,11,7
5,8,278887.0,-1.1774568728980284,-0.8619484131774695,TIME_LIMIT,79238,0,0,16,12
5,8,278978.0,-1.177451931089621,-0.8619484131774695,TIME_LIMIT,79274,0,0,16,8
5,8,279070.0,-1.177451931089621,-0.8619484131774695,TIME_LIMIT,79294,0,0,14,11
5,8,279191.0,-1.1774466714979763,-0.8619484131774695,TIME_LIMIT,79330,0,0,17,10
5,8,279311.0,-1.1774466714979763,-0.8619484131774695,TIME_LIMIT,79357,0,0,3,11
5,8,279397.0,-1.1773972673447415,-0.8619484131774695,TIME_LIMIT,79387,0,0,9,9
5,8,279585.0,-1.1773972673447415,-0.8619484131774695,TIME_LIMIT,79420,0,0,21,10
5,8,279725.0,-1.1773658183379478,-0.8619484131774695,TIME_LIMIT,79447,0,0,19,5
5,8,279810.0,-1.1773658183379478,-0.8619484131774695,TIME_LIMIT,79472,0,0,21,14
5,8,279917.0,-1.1773634660808951,-0.8619484131774695,TIME_LIMIT,79500,0,0,15,10
5,8,279992.0,-1.1773634660808951,-0.8619484131774695,TIME_LIMIT,79523,0,0,4,8
5,8,280095.0,-1.1773551044079704,-0.8619484131774695,TIME_LIMIT,79543,0,0,8,11
5,8,280164.0,-1.1773551044079704,-0.8619484131774695,TIME_LIMIT,79568,0,0,7,3
5,8,280188.0,-1.1773456757581686,-0.8619484131774695,TIME_LIMIT,79586,0,0,11,6
5,8,280256.0,-1.1773456757581686,-0.8619484131774695,TIME_LIMIT,79612,0,0,18,21
5,8,280432.0,-1.177341668723102,-0.8619484131774695,TIME_LIMIT,79640,0,0,11,10
5,8,280563.0,-1.177341668723102,-0.8619484131774695,TIME_LIMIT,79665,0,0,13,12
5,8,280668.0,-1.1773175639842495,-0.8619484131774695,TIME_LIMIT,79700,0,0,10,7
5,8,280782.0,-1.1773175639842495,-0.8619484131774695,TIME_LIMIT,79724,0,0,12,9
5,8,280875.0,-1.1773138611250524,-0.8619484131774695,TIME_LIMIT,79746,0,0,11,9
5,8,280998.0,-1.1773138611250524,-0.8619484131774695,TIME_LIMIT,79766,0,0,9,6
5,8,281077.0,-1.177299886318642,-0.8619484131774695,TIME_LIMIT,79799,0,0,9,14
5,8,281122.0,-1.177299886318642,-0.8619484131774695,TIME_LIMIT,79821,0,0,11,11
5,8,281148.0,-1.1772994954119866,-0.8619484131774695,TIME_LIMIT,79844,0,0,8,7
5,8,281228.0,-1.1772994954119866,-0.8619484131774695,TIME_LIMIT,79872,0,0,15,6
5,8,281293.0,-1.1772799232888804,-0.8619484131774695,TIME_LIMIT,79898,0,0,11,3
5,8,281356.0,-1.1772799232888804,-0.8619484131774695,TIME_LIMIT,79925,0,0,9,9
5,8,281374.0,-1.1772524913190283,-0.8619484131774695,TIME_LIMIT,79939,0,0,3,4
5,8,281490.0,-1.1772524913190283,-0.8619484131774695,TIME_LIMIT,79965,0,0,16,8
5,8,281591.0,-1.177217115620166,-0.8619484131774695,TIME_LIMIT,79994,0,0,15,7
5,8,281672.0,-1.177217115620166,-0.8619484131774695,TIME_LIMIT,80013,0,0,13,14
5,8,281766.0,-1.17715869744329,-0.8619484131774695,TIME_LIMIT,80049,0,0,9,12
5,8,281885.0,-1.17715869744329,-0.8619484131774695,TIME_LIMIT,80074,0,0,16,10
5,8,281964.0,-1.177157998158418,-0.8619484131774695,TIME_LIMIT,80098,0,0,15,12
5,8,282012.0,-1.177157998158418,-0.8619484131774695,TIME_LIMIT,80117,0,0,16,10
5,8,282080.0,-1.1771489871981542,-0.8619484131774695,TIME_LIMIT,80145,0,0,8,8
5,8,282205.0,-1.1771489871981542,-0.8619484131774695,TIME_LIMIT,80171,0,0,10,16
5,8,282286.0,-1.1770761839396127,-0.8619484131774695,TIME_LIMIT,80196,0,0,8,5
5,8,282399.0,-1.1770761839396127,-0.8619484131774695,TIME_LIMIT,80217,0,0,10,10
5,8,282486.0,-1.1770133588362044,-0.8619484131774695,TIME_LIMIT,80244,0,0,12,3
5,8,282618.0,-1.1770133588362044,-0.8619484131774695,TIME_LIMIT,80268,0,0,13,15
5,8,282770.0,-1.17700805120164,-0.8619484131774695,TIME_LIMIT,80304,0,0,12,10
5,8,282805.0,-1.17700805120164,-0.8619484131774695,TIME_LIMIT,80318,0,0,13,9
5,8,282867.0,-1.1769747057387434,-0.8619484131774695,TIME_LIMIT,80341,0,0,6,5
5,8,283022.0,-1.1769747057387434,-0.8619484131774695,TIME_LIMIT,80368,0,0,19,8
5,8,283169.0,-1.1769495647747599,-0.8619484131774695,TIME_LIMIT,80389,0,0,15,11
5,8,283269.0,-1.1769495647747599,-0.8619484131774695,TIME_LIMIT,80408,0,0,15,8
5,8,283341.0,-1.1769175231555595,-0.8619484131774695,TIME_LIMIT,80443,0,0,15,6
5,8,283355.0,-1.1769175231555595,-0.8619484131774695,TIME_LIMIT,80462,0,0,13,12
5,8,283423.0,-1.176832096166144,-0.8619484131774695,TIME_LIMIT,80488,0,0,4,8
5,8,283533.0,-1.176832096166144,-0.8619484131774695,TIME_LIMIT,80517,0,0,16,6
5,8,283915.0,-1.1768153483500856,-0.8619484131774695,TIME_LIMIT,80556,0,0,13,7
5,8,284176.0,-1.1768153483500856,-0.8619484131774695,TIME_LIMIT,80586,0,0,21,4
5,8,284297.0,-1.1768140229797956,-0.8619484131774695,TIME_LIMIT,80608,0,0,10,1
5,8,284330.0,-1.1768140229797956,-0.8619484131774695,TIME_LIMIT,80626,0,0,5,4
5,8,284380.0,-1.176811406597104,-0.8619484131774695,TIME_LIMIT,80641,0,0,4,4
5,8,284453.0,-1.176811406597104,-0.8619484131774695,TIME_LIMIT,80667,0,0,8,10
5,8,284506.0,-1.1767926583456785,-0.8619484131774695,TIME_LIMIT,80682,0,0,10,5
5,8,284564.0,-1.1767926583456785,-0.8619484131774695,TIME_LIMIT,80699,0,0,7,9
5,8,284622.0,-1.1767864187564456,-0.8619484131774695,TIME_LIMIT,80730,0,0,5,8
5,8,284678.0,-1.1767864187564456,-0.8619484131774695,TIME_LIMIT,80747,0,0,12,15
5,8,284754.0,-1.1767328802011514,-0.8619484131774695,TIME_LIMIT,80773,0,0,10,7
5,8,284824.0,-1.1767328802011514,-0.8619484131774695,TIME_LIMIT,80797,0,0,11,5
5,8,284876.0,-1.1767309596972173,-0.8619484131774695,TIME_LIMIT,80816,0,0,7,5
5,8,285006.0,-1.1767309596972173,-0.8619484131774695,TIME_LIMIT,80844,0,0,5,17
5,8,285214.0,-1.176693263340872,-0.8619484131774695,TIME_LIMIT,80869,0,0,9,17
5,8,285271.0,-1.176693263340872,-0.8619484131774695,TIME_LIMIT,80888,0,0,8,11
5,8,285324.0,-1.1766785695175217,-0.8619484131774695,TIME_LIMIT,80907,0,0,4,0
5,8,285441.0,-1.1766785695175217,-0.8619484131774695,TIME_LIMIT,80934,0,0,17,12
5,8,285531.0,-1.176661335961814,-0.8619484131774695,TIME_LIMIT,80960,0,0,9,3
5,8,285574.0,-1.176661335961814,-0.8619484131774695,TIME_LIMIT,80976,0,0,10,8
5,8,285654.0,-1.17665864280186,-0.8619484131774695,TIME_LIMIT,81005,0,0,9,10
5,8,285771.0,-1.17665864280186,-0.8619484131774695,TIME_LIMIT,81026,0,0,18,23
5,8,285859.0,-1.1766362167798006,-0.8619484131774695,TIME_LIMIT,81072,0,0,16,7
5,8,285977.0,-1.1766362167798006,-0.8619484131774695,TIME_LIMIT,81095,0,0,10,12
5,8,286095.0,-1.1766259866665658,-0.8619484131774695,TIME_LIMIT,81127,0,0,15,9
5,8,286213.0,-1.1766259866665658,-0.8619484131774695,TIME_LIMIT,81150,0,0,16,18
5,8,286381.0,-1.176526069316978,-0.8619484131774695,TIME_LIMIT,81186,0,0,12,7
5,8,286446.0,-1.176526069316978,-0.8619484131774695,TIME_LIMIT,81211,0,0,14,15
5,8,286552.0,-1.176512172528367,-0.8619484131774695,TIME_LIMIT,81248,0,0,13,10
5,8,286694.0,-1.176512172528367,-0.8619484131774695,TIME_LIMIT,81276,0,0,13,10
5,8,286811.0,-1.17649273704078,-0.8619484131774695,TIME_LIMIT,81301,0,0,8,3
5,8,286911.0,-1.17649273704078,-0.8619484131774695,TIME_LIMIT,81324,0,0,18,20
5,8,287019.0,-1.1764789896386196,-0.8619484131774695,TIME_LIMIT,81358,0,0,21,18
5,8,287073.0,-1.1764789896386196,-0.8619484131774695,TIME_LIMIT,81380,0,0,6,2
5,8,287098.0,-1.1764709727573177,-0.8619484131774695,TIME_LIMIT,81395,0,0,7,2
5,8,287270.0,-1.1764709727573177,-0.8619484131774695,TIME_LIMIT,81420,0,0,18,9
5,8,287380.0,-1.176444243878085,-0.8619484131774695,TIME_LIMIT,81440,0,0,14,8
5,8,287475.0,-1.176444243878085,-0.8619484131774695,TIME_LIMIT,81471,0,0,11,18
5,8,287689.0,-1.1764060967228878,-0.8619484131774695,TIME_LIMIT,81500,0,0,9,5
5,8,287815.0,-1.1764060967228878,-0.8619484131774695,TIME_LIMIT,81522,0,0,17,17
5,8,287930.0,-1.1763899258234765,-0.8619484131774695,TIME_LIMIT,81559,0,0,13,5
5,8,288060.0,-1.1763899258234765,-0.8619484131774695,TIME_LIMIT,81585,0,0,9,17
5,8,288137.0,-1.1763854994910692,-0.8619484131774695,TIME_LIMIT,81608,0,0,13,3
5,8,288249.0,-1.1763854994910692,-0.8619484131774695,TIME_LIMIT,81628,0,0,10,19
5,8,288306.0,-1.176380060927954,-0.8619484131774695,TIME_LIMIT,81650,0,0,10,4
5,8,288364.0,-1.176380060927954,-0.8619484131774695,TIME_LIMIT,81667,0,0,15,21
5,8,288442.0,-1.1763333242911864,-0.8619484131774695,TIME_LIMIT,81699,0,0,12,8
5,8,288493.0,-1.1763333242911864,-0.8619484131774695,TIME_LIMIT,81722,0,0,13,11
5,8,288597.0,-1.176312972114798,-0.8619484131774695,TIME_LIMIT,81750,0,0,17,11
5,8,288662.0,-1.176312972114798,-0.8619484131774695,TIME_LIMIT,81766,0,0,11,12
5,8,288733.0,-1.1762812093688828,-0.8619484131774695,TIME_LIMIT,81794,0,0,10,7
5,8,288859.0,-1.1762812093688828,-0.8619484131774695,TIME_LIMIT,81815,0,0,13,12
5,8,288957.0,-1.1762537825638555,-0.8619484131774695,TIME_LIMIT,81854,0,0,11,5
5,8,289069.0,-1.1762537825638555,-0.8619484131774695,TIME_LIMIT,81876,0,0,15,14
5,8,289085.0,-1.1762379699451844,-0.8619484131774695,TIME_LIMIT,81894,0,0,12,1
5,8,289147.0,-1.1762379699451844,-0.8619484131774695,TIME_LIMIT,81915,0,0,9,8
5,8,289172.0,-1.176233734500234,-0.8619484131774695,TIME_LIMIT,81939,0,0,8,4
5,8,289229.0,-1.176233734500234,-0.8619484131774695,TIME_LIMIT,81955,0,0,8,8
5,8,289320.0,-1.1761955467434222,-0.8619484131774695,TIME_LIMIT,81986,0,0,3,7
5,8,289368.0,-1.1761955467434222,-0.8619484131774695,TIME_LIMIT,82007,0,0,6,10
5,8,289448.0,-1.1761868406840257,-0.8619484131774695,TIME_LIMIT,82025,0,0,8,6
5,8,289534.0,-1.1761868406840257,-0.8619484131774695,TIME_LIMIT,82049,0,0,13,20
5,8,289692.0,-1.1761686244875944,-0.8619484131774695,TIME_LIMIT,82087,0,0,14,8
5,8,289883.0,-1.1761686244875944,-0.8619484131774695,TIME_LIMIT,82113,0,0,24,17
5,8,290156.0,-1.176160582605641,-0.8619484131774695,TIME_LIMIT,82151,0,0,7,4
5,8,290264.0,-1.176160582605641,-0.8619484131774695,TIME_LIMIT,82176,0,0,10,7
5,8,290346.0,-1.1761462028794536,-0.8619484131774695,TIME_LIMIT,82198,0,0,11,8
5,8,290370.0,-1.1761462028794536,-0.8619484131774695,TIME_LIMIT,82215,0,0,13,13
5,8,290435.0,-1.1761351713879855,-0.8619484131774695,TIME_LIMIT,82242,0,0,11,7
5,8,290554.0,-1.1761351713879855,-0.8619484131774695,TIME_LIMIT,82271,0,0,15,11
5,8,290612.0,-1.1761311395099194,-0.8619484131774695,TIME_LIMIT,82291,0,0,11,2
5,8,290730.0,-1.1761311395099194,-0.8619484131774695,TIME_LIMIT,82318,0,0,23,19
5,8,290782.0,-1.1761092334582783,-0.8619484131774695,TIME_LIMIT,82339,0,0,7,3
5,8,290883.0,-1.1761092334582783,-0.8619484131774695,TIME_LIMIT,82358,0,0,14,8
5,8,290920.0,-1.175976425831725,-0.8619484131774695,TIME_LIMIT,82377,0,0,9,4
5,8,291056.0,-1.175976425831725,-0.8619484131774695,TIME_LIMIT,82402,0,0,9,18
5,8,291164.0,-1.1759632687554045,-0.8619484131774695,TIME_LIMIT,82428,0,0,15,10
5,8,291284.0,-1.1759632687554045,-0.8619484131774695,TIME_LIMIT,82455,0,0,18,7
5,8,291346.0,-1.1758910954871853,-0.8619484131774695,TIME_LIMIT,82475,0,0,12,8
5,8,291508.0,-1.1758910954871853,-0.8619484131774695,TIME_LIMIT,82499,0,0,21,17
5,8,291713.0,-1.1758764541433484,-0.8619484131774695,TIME_LIMIT,82531,0,0,13,9
5,8,291786.0,-1.1758764541433484,-0.8619484131774695,TIME_LIMIT,82557,0,0,19,8
5,8,291847.0,-1.1758725449195964,-0.8619484131774695,TIME_LIMIT,82579,0,0,14,11
5,8,292026.0,-1.1758725449195964,-0.8619484131774695,TIME_LIMIT,82609,0,0,10,18
5,8,292151.0,-1.17586416924421,-0.8619484131774695,TIME_LIMIT,82633,0,0,13,5
5,8,292248.0,-1.17586416924421,-0.8619484131774695,TIME_LIMIT,82654,0,0,12,19
5,8,292400.0,-1.1758560762017245,-0.8619484131774695,TIME_LIMIT,82683,0,0,10,8
5,8,292530.0,-1.1758560762017245,-0.8619484131774695,TIME_LIMIT,82713,0,0,14,8
5,8,292583.0,-1.1758301889671425,-0.8619484131774695,TIME_LIMIT,82734,0,0,15,11
5,8,292709.0,-1.1758301889671425,-0.8619484131774695,TIME_LIMIT,82759,0,0,5,18
5,8,292850.0,-1.1758044358244648,-0.8619484131774695,TIME_LIMIT,82791,0,0,11,7
5,8,292976.0,-1.1758044358244648,-0.8619484131774695,TIME_LIMIT,82812,0,0,12,5
5,8,293023.0,-1.1758034435333493,-0.8619484131774695,TIME_LIMIT,82834,0,0,9,4
5,8,293098.0,-1.1758034435333493,-0.8619484131774695,TIME_LIMIT,82857,0,0,19,15
5,8,293234.0,-1.1757630193447555,-0.8619484131774695,TIME_LIMIT,82890,0,0,9,12
5,8,293356.0,-1.1757630193447555,-0.8619484131774695,TIME_LIMIT,82914,0,0,16,30
5,8,293564.0,-1.1757529343301965,-0.8619484131774695,TIME_LIMIT,82955,0,0,19,13
5,8,293705.0,-1.1757529343301965,-0.8619484131774695,TIME_LIMIT,82988,0,0,17,27
5,8,293849.0,-1.1757411249732181,-0.8619484131774695,TIME_LIMIT,83028,0,0,16,15
5,8,294059.0,-1.1757411249732181,-0.8619484131774695,TIME_LIMIT,83061,0,0,18,21
5,8,294278.0,-1.1757128986520446,-0.8619484131774695,TIME_LIMIT,83098,0,0,12,15
5,8,294502.0,-1.1757128986520446,-0.8619484131774695,TIME_LIMIT,83121,0,0,14,10
5,8,294662.0,-1.1756992224908074,-0.8619484131774695,TIME_LIMIT,83143,0,0,5,3
5,8,294776.0,-1.1756992224908074,-0.8619484131774695,TIME_LIMIT,83162,0,0,12,10
5,8,294905.0,-1.175683332029322,-0.8619484131774695,TIME_LIMIT,83190,0,0,12,11
5,8,295098.0,-1.175683332029322,-0.8619484131774695,TIME_LIMIT,83218,0,0,28,32
5,8,295236.0,-1.1756742804484903,-0.8619484131774695,TIME_LIMIT,83253,0,0,9,8
5,8,295340.0,-1.1756742804484903,-0.8619484131774695,TIME_LIMIT,83275,0,0,12,5
5,8,295422.0,-1.1756733231161847,-0.8619484131774695,TIME_LIMIT,83294,0,0,10,3
5,8,295604.0,-1.1756733231161847,-0.8619484131774695,TIME_LIMIT,83321,0,0,20,8
5,8,295691.0,-1.1756517970819045,-0.8619484131774695,TIME_LIMIT,83344,0,0,9,4
5,8,295749.0,-1.1756517970819045,-0.8619484131774695,TIME_LIMIT,83372,0,0,6,12
5,8,295819.0,-1.1756360215754353,-0.8619484131774695,TIME_LIMIT,83388,0,0,7,11
5,8,295896.0,-1.1756360215754353,-0.8619484131774695,TIME_LIMIT,83413,0,0,7,12
5,8,295964.0,-1.1756126396059872,-0.8619484131774695,TIME_LIMIT,83433,0,0,8,5
5,8,296032.0,-1.1756126396059872,-0.8619484131774695,TIME_LIMIT,83458,0,0,9,6
5,8,296126.0,-1.1755752193888664,-0.8619484131774695,TIME_LIMIT,83478,0,0,9,5
5,8,296200.0,-1.1755752193888664,-0.8619484131774695,TIME_LIMIT,83502,0,0,3,6
5,8,296297.0,-1.1755596936528494,-0.8619484131774695,TIME_LIMIT,83533,0,0,4,5
5,8,296361.0,-1.1755596936528494,-0.8619484131774695,TIME_LIMIT,83552,0,0,10,5
5,8,296432.0,-1.1755505715749528,-0.8619484131774695,TIME_LIMIT,83575,0,0,8,4
5,8,296580.0,-1.1755505715749528,-0.8619484131774695,TIME_LIMIT,83602,0,0,12,11
5,8,296709.0,-1.1755289759969703,-0.8619484131774695,TIME_LIMIT,83629,0,0,14,12
5,8,296837.0,-1.1755289759969703,-0.8619484131774695,TIME_LIMIT,83656,0,0,8,17
5,8,296903.0,-1.1755196440184783,-0.8619484131774695,TIME_LIMIT,83682,0,0,16,7
5,8,296940.0,-1.1755196440184783,-0.8619484131774695,TIME_LIMIT,83704,0,0,18,7
5,8,297060.0,-1.1755130573458419,-0.8619484131774695,TIME_LIMIT,83730,0,0,10,6
5,8,297185.0,-1.1755130573458419,-0.8619484131774695,TIME_LIMIT,83761,0,0,13,11
5,8,297286.0,-1.175469915666656,-0.8619484131774695,TIME_LIMIT,83779,0,0,6,6
5,8,297413.0,-1.175469915666656,-0.8619484131774695,TIME_LIMIT,83806,0,0,14,10
5,8,297464.0,-1.175466800631712,-0.8619484131774695,TIME_LIMIT,83826,0,0,6,2
5,8,297588.0,-1.175466800631712,-0.8619484131774695,TIME_LIMIT,83849,0,0,15,19
5,8,297701.0,-1.1754508914904498,-0.8619484131774695,TIME_LIMIT,83886,0,0,9,8
5,8,297816.0,-1.1754508914904498,-0.8619484131774695,TIME_LIMIT,83917,0,0,20,10
5,8,297944.0,-1.175444299383443,-0.8619484131774695,TIME_LIMIT,83939,0,0,14,11
5,8,298041.0,-1.175444299383443,-0.8619484131774695,TIME_LIMIT,83966,0,0,7,10
5,8,298159.0,-1.1753994218066117,-0.8619484131774695,TIME_LIMIT,83995,0,0,15,5
5,8,298357.0,-1.1753994218066117,-0.8619484131774695,TIME_LIMIT,84022,0,0,12,13
5,8,298424.0,-1.1753434752629575,-0.8619484131774695,TIME_LIMIT,84044,0,0,16,3
5,8,298492.0,-1.1753434752629575,-0.8619484131774695,TIME_LIMIT,84066,0,0,6,12
5,8,298567.0,-1.1752934321555395,-0.8619484131774695,TIME_LIMIT,84089,0,0,8,3
5,8,298672.0,-1.1752934321555395,-0.8619484131774695,TIME_LIMIT,84114,0,0,11,10
5,8,298801.0,-1.175281691957542,-0.8619484131774695,TIME_LIMIT,84140,0,0,15,9
5,8,298902.0,-1.175281691957542,-0.8619484131774695,TIME_LIMIT,84169,0,0,21,29
5,8,298964.0,-1.1752610360894844,-0.8619484131774695,TIME_LIMIT,84198,0,0,10,5
5,8,299022.0,-1.1752610360894844,-0.8619484131774695,TIME_LIMIT,84224,0,0,16,10
5,8,299129.0,-1.17520267956656,-0.8619484131774695,TIME_LIMIT,84247,0,0,11,11
5,8,299258.0,-1.17520267956656,-0.8619484131774695,TIME_LIMIT,84271,0,0,15,24
5,8,299393.0,-1.1752011654491428,-0.8619484131774695,TIME_LIMIT,84305,0,0,9,9
5,8,299462.0,-1.1752011654491428,-0.8619484131774695,TIME_LIMIT,84325,0,0,14,12
5,8,299509.0,-1.1750983025946324,-0.8619484131774695,TIME_LIMIT,84350,0,0,12,6
5,8,299544.0,-1.1750983025946324,-0.8619484131774695,TIME_LIMIT,84365,0,0,8,4
5,8,299596.0,-1.175087120972811,-0.8619484131774695,TIME_LIMIT,84381,0,0,6,3
5,8,299648.0,-1.175087120972811,-0.8619484131774695,TIME_LIMIT,84400,0,0,6,6
5,8,299728.0,-1.1750595583131205,-0.8619484131774695,TIME_LIMIT,84427,0,0,6,9
5,8,299751.0,-1.1750595583131205,-0.8619484131774695,TIME_LIMIT,84443,0,0,9,5
5,8,299922.0,-1.1750341926933616,-0.8619484131774695,TIME_LIMIT,84470,0,0,11,8
5,8,299992.0,-1.1750341926933616,-0.8619484131774695,TIME_LIMIT,84494,0,0,12,13
5,8,300061.0,-1.1750213605067303,-0.8619484131774695,TIME_LIMIT,84513,0,0,6,6
5,8,300178.0,-1.1750213605067303,-0.8619484131774695,TIME_LIMIT,84533,0,0,10,10
5,8,300340.0,-1.1749714028582856,-0.8619484131774695,TIME_LIMIT,84568,0,0,13,10
5,8,300543.0,-1.1749714028582856,-0.8619484131774695,TIME_LIMIT,84595,0,0,14,23
5,8,300696.0,-1.174935693927076,-0.8619484131774695,TIME_LIMIT,84633,0,0,10,5
5,8,300793.0,-1.174935693927076,-0.8619484131774695,TIME_LIMIT,84651,0,0,12,16
5,8,300920.0,-1.174931505144507,-0.8619484131774695,TIME_LIMIT,84681,0,0,13,6
5,8,300998.0,-1.174931505144507,-0.8619484131774695,TIME_LIMIT,84702,0,0,4,6
5,8,301067.0,-1.174930460930176,-0.8619484131774695,TIME_LIMIT,84731,0,0,2,6
5,8,301283.0,-1.174930460930176,-0.8619484131774695,TIME_LIMIT,84761,0,0,13,13
5,8,301386.0,-1.174918839460461,-0.8619484131774695,TIME_LIMIT,84785,0,0,10,11
5,8,301478.0,-1.174918839460461,-0.8619484131774695,TIME_LIMIT,84808,0,0,9,16
5,8,301513.0,-1.1749154929280783,-0.8619484131774695,TIME_LIMIT,84830,0,0,11,8
5,8,301590.0,-1.1749154929280783,-0.8619484131774695,TIME_LIMIT,84854,0,0,12,18
5,8,301704.0,-1.174908200155701,-0.8619484131774695,TIME_LIMIT,84886,0,0,10,11
5,8,301765.0,-1.174908200155701,-0.8619484131774695,TIME_LIMIT,84912,0,0,11,7
5,8,301788.0,-1.1748758395553387,-0.8619484131774695,TIME_LIMIT,84933,0,0,13,6
5,8,301909.0,-1.1748758395553387,-0.8619484131774695,TIME_LIMIT,84953,0,0,10,5
5,8,301960.0,-1.1748661091176735,-0.8619484131774695,TIME_LIMIT,84972,0,0,4,2
5,8,302105.0,-1.1748661091176735,-0.8619484131774695,TIME_LIMIT,85000,0,0,14,22
5,8,302168.0,-1.1748591223159102,-0.8619484131774695,TIME_LIMIT,85022,0,0,11,5
5,8,302242.0,-1.1748591223159102,-0.8619484131774695,TIME_LIMIT,85046,0,0,8,4
5,8,302340.0,-1.174830458612656,-0.8619484131774695,TIME_LIMIT,85071,0,0,14,10
5,8,302473.0,-1.174830458612656,-0.8619484131774695,TIME_LIMIT,85096,0,0,12,11
5,8,302590.0,-1.1748252353886055,-0.8619484131774695,TIME_LIMIT,85117,0,0,10,7
5,8,302683.0,-1.1748252353886055,-0.8619484131774695,TIME_LIMIT,85139,0,0,14,13
5,8,302910.0,-1.174823734139856,-0.8619484131774695,TIME_LIMIT,85176,0,0,15,9
5,8,302985.0,-1.174823734139856,-0.8619484131774695,TIME_LIMIT,85201,0,0,20,17
5,8,303079.0,-1.174805442655,-0.8619484131774695,TIME_LIMIT,85231,0,0,10,6
5,8,303204.0,-1.174805442655,-0.8619484131774695,TIME_LIMIT,85257,0,0,15,10
5,8,303284.0,-1.1746018047341098,-0.8619484131774695,TIME_LIMIT,85279,0,0,16,8
5,8,303377.0,-1.1746018047341098,-0.8619484131774695,TIME_LIMIT,85300,0,0,20,9
5,8,303510.0,-1.1745938491392447,-0.8619484131774695,TIME_LIMIT,85324,0,0,14,10
5,8,303593.0,-1.1745938491392447,-0.8619484131774695,TIME_LIMIT,85346,0,0,8,12
5,8,303648.0,-1.1745534549187857,-0.8619484131774695,TIME_LIMIT,85368,0,0,11,6
5,8,303795.0,-1.1745534549187857,-0.8619484131774695,TIME_LIMIT,85390,0,0,10,10
5,8,303870.0,-1.1745388677543778,-0.8619484131774695,TIME_LIMIT,85411,0,0,6,4
5,8,304008.0,-1.1745388677543778,-0.8619484131774695,TIME_LIMIT,85432,0,0,8,4
5,8,304066.0,-1.1745313332964842,-0.8619484131774695,TIME_LIMIT,85455,0,0,6,6
5,8,304201.0,-1.1745313332964842,-0.8619484131774695,TIME_LIMIT,85481,0,0,15,11
5,8,304322.0,-1.1744666548578295,-0.8619484131774695,TIME_LIMIT,85507,0,0,17,12
5,8,304409.0,-1.1744666548578295,-0.8619484131774695,TIME_LIMIT,85530,0,0,16,25
5,8,304555.0,-1.1744558604603885,-0.8619484131774695,TIME_LIMIT,85566,0,0,16,15
5,8,304622.0,-1.1744558604603885,-0.8619484131774695,TIME_LIMIT,85587,0,0,17,15
5,8,304789.0,-1.1744552802615575,-0.8619484131774695,TIME_LIMIT,85623,0,0,10,7
5,8,304897.0,-1.1744552802615575,-0.8619484131774695,TIME_LIMIT,85646,0,0,14,4
5,8,304985.0,-1.1744055889569311,-0.8619484131774695,TIME_LIMIT,85677,0,0,10,2
5,8,305206.0,-1.1744055889569311,-0.8619484131774695,TIME_LIMIT,85706,0,0,18,21
5,8,305314.0,-1.174330143441636,-0.8619484131774695,TIME_LIMIT,85740,0,0,9,5
5,8,305385.0,-1.174330143441636,-0.8619484131774695,TIME_LIMIT,85764,0,0,13,13
5,8,305446.0,-1.1742738762946088,-0.8619484131774695,TIME_LIMIT,85782,0,0,10,3
5,8,305535.0,-1.1742738762946088,-0.8619484131774695,TIME_LIMIT,85802,0,0,6,12
5,8,305629.0,-1.174236956983593,-0.8619484131774695,TIME_LIMIT,85831,0,0,6,9
5,8,305754.0,-1.174236956983593,-0.8619484131774695,TIME_LIMIT,85851,0,0,11,17
5,8,305909.0,-1.1741832436012274,-0.8619484131774695,TIME_LIMIT,85887,0,0,8,6
5,8,305973.0,-1.1741832436012274,-0.8619484131774695,TIME_LIMIT,85907,0,0,7,7
5,8,306052.0,-1.1741557080571132,-0.8619484131774695,TIME_LIMIT,85928,0,0,9,6
5,8,306231.0,-1.1741557080571132,-0.8619484131774695,TIME_LIMIT,85948,0,0,9,8
5,8,306286.0,-1.1741541023776403,-0.8619484131774695,TIME_LIMIT,85968,0,0,12,15
5,8,306430.0,-1.1741541023776403,-0.8619484131774695,TIME_LIMIT,85997,0,0,18,22
5,8,306669.0,-1.1741062368352932,-0.8619484131774695,TIME_LIMIT,86026,0,0,16,8
5,8,306751.0,-1.1741062368352932,-0.8619484131774695,TIME_LIMIT,86042,0,0,9,8
5,8,306796.0,-1.1741032540588574,-0.8619484131774695,TIME_LIMIT,86067,0,0,6,7
5,8,306887.0,-1.1741032540588574,-0.8619484131774695,TIME_LIMIT,86087,0,0,9,9
5,8,306933.0,-1.1740266784495108,-0.8619484131774695,TIME_LIMIT,86109,0,0,8,8
5,8,306977.0,-1.1740266784495108,-0.8619484131774695,TIME_LIMIT,86128,0,0,12,14
5,8,307034.0,-1.1739425319772514,-0.8619484131774695,TIME_LIMIT,86153,0,0,5,6
5,8,307123.0,-1.1739425319772514,-0.8619484131774695,TIME_LIMIT,86178,0,0,9,10
5,8,307312.0,-1.1739298244702079,-0.8619484131774695,TIME_LIMIT,86208,0,0,10,7
5,8,307392.0,-1.1739298244702079,-0.8619484131774695,TIME_LIMIT,86230,0,0,13,9
5,8,307468.0,-1.173894665206655,-0.8619484131774695,TIME_LIMIT,86256,0,0,14,5
5,8,307535.0,-1.173894665206655,-0.8619484131774695,TIME_LIMIT,86284,0,0,10,14
5,8,307624.0,-1.173883273194774,-0.8619484131774695,TIME_LIMIT,86309,0,0,13,13
5,8,307741.0,-1.173883273194774,-0.8619484131774695,TIME_LIMIT,86336,0,0,20,15
5,8,307974.0,-1.1738769082762508,-0.8619484131774695,TIME_LIMIT,86374,0,0,19,16
5,8,308094.0,-1.1738769082762508,-0.8619484131774695,TIME_LIMIT,86398,0,0,18,10
5,8,308331.0,-1.1738703411512277,-0.8619484131774695,TIME_LIMIT,86438,0,0,12,6
5,8,308395.0,-1.1738703411512277,-0.8619484131774695,TIME_LIMIT,86457,0,0,7,12
5,8,308453.0,-1.1738186360621583,-0.8619484131774695,TIME_LIMIT,86484,0,0,11,6
5,8,308530.0,-1.1738186360621583,-0.8619484131774695,TIME_LIMIT,86505,0,0,13,27
5,8,308693.0,-1.1737849472629764,-0.8619484131774695,TIME_LIMIT,86534,0,0,7,14
5,8,308815.0,-1.1737849472629764,-0.8619484131774695,TIME_LIMIT,86560,0,0,15,12
5,8,308920.0,-1.173775796503595,-0.8619484131774695,TIME_LIMIT,86584,0,0,12,13
5,8,308970.0,-1.173775796503595,-0.8619484131774695,TIME_LIMIT,86602,0,0,10,12
5,8,309028.0,-1.1737743078174256,-0.8619484131774695,TIME_LIMIT,86624,0,0,8,6
5,8,309144.0,-1.1737743078174256,-0.8619484131774695,TIME_LIMIT,86655,0,0,20,22
5,8,309379.0,-1.1737720478494893,-0.8619484131774695,TIME_LIMIT,86675,0,0,10,12
5,8,309477.0,-1.1737720478494893,-0.8619484131774695,TIME_LIMIT,86707,0,0,14,8
5,8,309576.0,-1.1737629329283856,-0.8619484131774695,TIME_LIMIT,86732,0,0,15,18
5,8,309791.0,-1.1737629329283856,-0.8619484131774695,TIME_LIMIT,86753,0,0,24,34
5,8,310049.0,-1.173692292942151,-0.8619484131774695,TIME_LIMIT,86797,0,0,14,6
5,8,310126.0,-1.173692292942151,-0.8619484131774695,TIME_LIMIT,86818,0,0,11,8
5,8,310218.0,-1.173674723471321,-0.8619484131774695,TIME_LIMIT,86849,0,0,12,7
5,8,310293.0,-1.173674723471321,-0.8619484131774695,TIME_LIMIT,86877,0,0,11,14
5,8,310332.0,-1.173631277879477,-0.8619484131774695,TIME_LIMIT,86894,0,0,14,7
5,8,310389.0,-1.173631277879477,-0.8619484131774695,TIME_LIMIT,86915,0,0,8,14
5,8,310501.0,-1.1735591140964494,-0.8619484131774695,TIME_LIMIT,86945,0,0,11,11
5,8,310657.0,-1.1735591140964494,-0.8619484131774695,TIME_LIMIT,86965,0,0,12,13
5,8,310707.0,-1.1735478908976502,-0.8619484131774695,TIME_LIMIT,86988,0,0,14,3
5,8,310776.0,-1.1735478908976502,-0.8619484131774695,TIME_LIMIT,87007,0,0,11,7
5,8,310909.0,-1.1734823594209927,-0.8619484131774695,TIME_LIMIT,87042,0,0,10,7
5,8,311050.0,-1.1734823594209927,-0.8619484131774695,TIME_LIMIT,87068,0,0,20,15
5,8,311202.0,-1.173480230824822,-0.8619484131774695,TIME_LIMIT,87101,0,0,19,9
5,8,311240.0,-1.173480230824822,-0.8619484131774695,TIME_LIMIT,87116,0,0,10,6
5,8,311317.0,-1.1734412416697066,-0.8619484131774695,TIME_LIMIT,87144,0,0,10,7
5,8,311408.0,-1.1734412416697066,-0.8619484131774695,TIME_LIMIT,87167,0,0,16,30
5,8,311486.0,-1.173400967443548,-0.8619484131774695,TIME_LIMIT,87200,0,0,13,7
5,8,311624.0,-1.173400967443548,-0.8619484131774695,TIME_LIMIT,87226,0,0,13,14
5,8,311710.0,-1.1734002206956926,-0.8619484131774695,TIME_LIMIT,87248,0,0,6,7
5,8,311953.0,-1.1734002206956926,-0.8619484131774695,TIME_LIMIT,87278,0,0,14,13
5,8,312091.0,-1.1733881752586544,-0.8619484131774695,TIME_LIMIT,87311,0,0,19,10
5,8,312172.0,-1.1733881752586544,-0.8619484131774695,TIME_LIMIT,87332,0,0,12,5
5,8,312245.0,-1.173371019595783,-0.8619484131774695,TIME_LIMIT,87355,0,0,5,3
5,8,312444.0,-1.173371019595783,-0.8619484131774695,TIME_LIMIT,87380,0,0,14,20
5,8,312540.0,-1.1732792481828351,-0.8619484131774695,TIME_LIMIT,87414,0,0,11,12
5,8,312568.0,-1.1732792481828351,-0.8619484131774695,TIME_LIMIT,87437,0,0,12,7
5,8,312608.0,-1.1732434540680865,-0.8619484131774695,TIME_LIMIT,87453,0,0,7,2
5,8,312681.0,-1.1732434540680865,-0.8619484131774695,TIME_LIMIT,87474,0,0,10,8
5,8,312751.0,-1.1731989290426275,-0.8619484131774695,TIME_LIMIT,87491,0,0,10,7
5,8,312792.0,-1.1731989290426275,-0.8619484131774695,TIME_LIMIT,87517,0,0,10,4
5,8,312859.0,-1.1731910378261572,-0.8619484131774695,TIME_LIMIT,87538,0,0,10,6
5,8,313010.0,-1.1731910378261572,-0.8619484131774695,TIME_LIMIT,87566,0,0,10,17
5,8,313177.0,-1.173169186230777,-0.8619484131774695,TIME_LIMIT,87602,0,0,13,15
5,8,313207.0,-1.173169186230777,-0.8619484131774695,TIME_LIMIT,87615,0,0,9,7
5,8,313286.0,-1.1731390989727435,-0.8619484131774695,TIME_LIMIT,87636,0,0,12,3
5,8,313388.0,-1.1731390989727435,-0.8619484131774695,TIME_LIMIT,87656,0,0,6,17
5,8,313521.0,-1.173129263935093,-0.8619484131774695,TIME_LIMIT,87693,0,0,11,8
5,8,313606.0,-1.173129263935093,-0.8619484131774695,TIME_LIMIT,87715,0,0,10,9
5,8,313659.0,-1.173128065200605,-0.8619484131774695,TIME_LIMIT,87732,0,0,6,8
5,8,313740.0,-1.173128065200605,-0.8619484131774695,TIME_LIMIT,87753,0,0,18,14
5,8,313859.0,-1.173028723561275,-0.8619484131774695,TIME_LIMIT,87787,0,0,12,11
5,8,313953.0,-1.173028723561275,-0.8619484131774695,TIME_LIMIT,87812,0,0,10,10
5,8,314015.0,-1.1730201280137553,-0.8619484131774695,TIME_LIMIT,87842,0,0,18,12
5,8,314035.0,-1.1730201280137553,-0.8619484131774695,TIME_LIMIT,87858,0,0,9,3
5,8,314047.0,-1.1730125049559872,-0.8619484131774695,TIME_LIMIT,87874,0,0,7,1
5,8,314104.0,-1.1730125049559872,-0.8619484131774695,TIME_LIMIT,87893,0,0,14,9
5,8,314223.0,-1.1729944519795323,-0.8619484131774695,TIME_LIMIT,87919,0,0,7,5
5,8,314265.0,-1.1729944519795323,-0.8619484131774695,TIME_LIMIT,87940,0,0,11,6
5,8,314310.0,-1.1729767372748157,-0.8619484131774695,TIME_LIMIT,87954,0,0,6,4
5,8,314470.0,-1.1729767372748157,-0.8619484131774695,TIME_LIMIT,87984,0,0,12,14
5,8,314560.0,-1.1729728527753307,-0.8619484131774695,TIME_LIMIT,88011,0,0,9,8
5,8,314756.0,-1.1729728527753307,-0.8619484131774695,TIME_LIMIT,88044,0,0,17,20
5,8,314849.0,-1.1729671361684983,-0.8619484131774695,TIME_LIMIT,88071,0,0,17,12
5,8,314889.0,-1.1729671361684983,-0.8619484131774695,TIME_LIMIT,88090,0,0,9,10
5,8,314942.0,-1.172962738244779,-0.8619484131774695,TIME_LIMIT,88115,0,0,10,5
5,8,315025.0,-1.172962738244779,-0.8619484131774695,TIME_LIMIT,88134,0,0,14,9
5,8,315138.0,-1.1729365913603358,-0.8619484131774695,TIME_LIMIT,88164,0,0,9,6
5,8,315322.0,-1.1729365913603358,-0.8619484131774695,TIME_LIMIT,88191,0,0,6,16
5,8,315402.0,-1.1729344322912214,-0.8619484131774695,TIME_LIMIT,88217,0,0,12,9
5,8,315448.0,-1.1729344322912214,-0.8619484131774695,TIME_LIMIT,88238,0,0,13,7
5,8,315548.0,-1.1729199871901352,-0.8619484131774695,TIME_LIMIT,88267,0,0,7,12
5,8,315600.0,-1.1729199871901352,-0.8619484131774695,TIME_LIMIT,88288,0,0,15,11
5,8,315670.0,-1.1728581654319088,-0.8619484131774695,TIME_LIMIT,88320,0,0,9,8
5,8,315712.0,-1.1728581654319088,-0.8619484131774695,TIME_LIMIT,88333,0,0,8,7
5,8,315797.0,-1.1728510978717384,-0.8619484131774695,TIME_LIMIT,88362,0,0,14,4
5,8,315840.0,-1.1728510978717384,-0.8619484131774695,TIME_LIMIT,88379,0,0,9,8
5,8,315894.0,-1.1728478202699277,-0.8619484131774695,TIME_LIMIT,88399,0,0,3,8
5,8,315968.0,-1.1728478202699277,-0.8619484131774695,TIME_LIMIT,88422,0,0,14,25
5,8,316095.0,-1.1728382882818567,-0.8619484131774695,TIME_LIMIT,88448,0,0,12,5
5,8,316192.0,-1.1728382882818567,-0.8619484131774695,TIME_LIMIT,88473,0,0,12,9
5,8,316269.0,-1.1728375800245732,-0.8619484131774695,TIME_LIMIT,88496,0,0,15,12
5,8,316396.0,-1.1728375800245732,-0.8619484131774695,TIME_LIMIT,88524,0,0,16,13
5,8,316515.0,-1.1728056523950783,-0.8619484131774695,TIME_LIMIT,88545,0,0,14,5
5,8,316580.0,-1.1728056523950783,-0.8619484131774695,TIME_LIMIT,88569,0,0,14,15
5,8,316661.0,-1.172759479066179,-0.8619484131774695,TIME_LIMIT,88592,0,0,12,7
5,8,316714.0,-1.172759479066179,-0.8619484131774695,TIME_LIMIT,88618,0,0,12,10
5,8,316731.0,-1.1726539274725554,-0.8619484131774695,TIME_LIMIT,88632,0,0,5,1
5,8,316802.0,-1.1726539274725554,-0.8619484131774695,TIME_LIMIT,88662,0,0,11,9
5,8,316955.0,-1.1726522732235078,-0.8619484131774695,TIME_LIMIT,88688,0,0,12,6
5,8,317054.0,-1.1726522732235078,-0.8619484131774695,TIME_LIMIT,88717,0,0,17,12
5,8,317216.0,-1.1726412222120448,-0.8619484131774695,TIME_LIMIT,88756,0,0,9,8
5,8,317282.0,-1.1726412222120448,-0.8619484131774695,TIME_LIMIT,88781,0,0,7,5
5,8,317303.0,-1.1726134795485426,-0.8619484131774695,TIME_LIMIT,88796,0,0,8,4
5,8,317425.0,-1.1726134795485426,-0.8619484131774695,TIME_LIMIT,88817,0,0,10,20
5,8,317495.0,-1.1726053961332619,-0.8619484131774695,TIME_LIMIT,88851,0,0,11,8
5,8,317622.0,-1.1726053961332619,-0.8619484131774695,TIME_LIMIT,88876,0,0,7,16
5,8,317819.0,-1.1725919532324827,-0.8619484131774695,TIME_LIMIT,88913,0,0,10,14
5,8,317876.0,-1.1725919532324827,-0.8619484131774695,TIME_LIMIT,88934,0,0,11,11
5,8,317959.0,-1.1725779923771396,-0.8619484131774695,TIME_LIMIT,88957,0,0,5,5
5,8,318017.0,-1.1725779923771396,-0.8619484131774695,TIME_LIMIT,88976,0,0,13,8
5,8,318110.0,-1.1725717651558498,-0.8619484131774695,TIME_LIMIT,89009,0,0,10,4
5,8,318193.0,-1.1725717651558498,-0.8619484131774695,TIME_LIMIT,89029,0,0,8,7
5,8,318244.0,-1.1725209657167728,-0.8619484131774695,TIME_LIMIT,89058,0,0,14,3
5,8,318317.0,-1.1725209657167728,-0.8619484131774695,TIME_LIMIT,89082,0,0,12,8
5,8,318374.0,-1.1725149487762123,-0.8619484131774695,TIME_LIMIT,89101,0,0,9,7
5,8,318444.0,-1.1725149487762123,-0.8619484131774695,TIME_LIMIT,89123,0,0,8,12
5,8,318568.0,-1.1724203040175303,-0.8619484131774695,TIME_LIMIT,89147,0,0,16,8
5,8,318697.0,-1.1724203040175303,-0.8619484131774695,TIME_LIMIT,89172,0,0,20,14
5,8,318885.0,-1.1723833033028466,-0.8619484131774695,TIME_LIMIT,89208,0,0,16,14
5,8,318995.0,-1.1723833033028466,-0.8619484131774695,TIME_LIMIT,89229,0,0,17,13
5,8,319051.0,-1.172365832387738,-0.8619484131774695,TIME_LIMIT,89255,0,0,5,5
5,8,319114.0,-1.172365832387738,-0.8619484131774695,TIME_LIMIT,89279,0,0,17,13
5,8,319143.0,-1.1723461113517462,-0.8619484131774695,TIME_LIMIT,89296,0,0,7,5
5,8,319202.0,-1.1723461113517462,-0.8619484131774695,TIME_LIMIT,89316,0,0,10,9
5,8,319270.0,-1.1722835588306337,-0.8619484131774695,TIME_LIMIT,89338,0,0,12,1
5,8,319340.0,-1.1722835588306337,-0.8619484131774695,TIME_LIMIT,89361,0,0,8,6
5,8,319359.0,-1.17227805396659,-0.8619484131774695,TIME_LIMIT,89380,0,0,13,7
5,8,319460.0,-1.17227805396659,-0.8619484131774695,TIME_LIMIT,89402,0,0,13,12
5,8,319494.0,-1.172249001414907,-0.8619484131774695,TIME_LIMIT,89428,0,0,10,5
5,8,319704.0,-1.172249001414907,-0.8619484131774695,TIME_LIMIT,89456,0,0,10,7
5,8,319765.0,-1.172209498672851,-0.8619484131774695,TIME_LIMIT,89479,0,0,9,4
5,8,319831.0,-1.172209498672851,-0.8619484131774695,TIME_LIMIT,89501,0,0,6,8
5,8,319957.0,-1.1721719249971356,-0.8619484131774695,TIME_LIMIT,89521,0,0,12,7
5,8,320064.0,-1.1721719249971356,-0.8619484131774695,TIME_LIMIT,89544,0,0,13,15
5,8,320141.0,-1.1721637516834125,-0.8619484131774695,TIME_LIMIT,89577,0,0,7,7
5,8,320235.0,-1.1721637516834125,-0.8619484131774695,TIME_LIMIT,89598,0,0,11,10
5,8,320343.0,-1.1720852523263852,-0.8619484131774695,TIME_LIMIT,89623,0,0,8,6
5,8,320440.0,-1.1720852523263852,-0.8619484131774695,TIME_LIMIT,89651,0,0,6,5
5,8,320509.0,-1.1720607897459858,-0.8619484131774695,TIME_LIMIT,89671,0,0,9,6
5,8,320644.0,-1.1720607897459858,-0.8619484131774695,TIME_LIMIT,89697,0,0,18,14
5,8,320832.0,-1.1720418908385273,-0.8619484131774695,TIME_LIMIT,89728,0,0,14,6
5,8,320941.0,-1.1720418908385273,-0.8619484131774695,TIME_LIMIT,89752,0,0,11,20
5,8,321032.0,-1.1720256671274072,-0.8619484131774695,TIME_LIMIT,89790,0,0,9,10
5,8,321103.0,-1.1720256671274072,-0.8619484131774695,TIME_LIMIT,89814,0,0,11,10
5,8,321161.0,-1.172013841565495,-0.8619484131774695,TIME_LIMIT,89834,0,0,9,7
5,8,321210.0,-1.172013841565495,-0.8619484131774695,TIME_LIMIT,89847,0,0,9,5
5,8,321236.0,-1.1719896310163112,-0.8619484131774695,TIME_LIMIT,89864,0,0,10,1
5,8,321354.0,-1.1719896310163112,-0.8619484131774695,TIME_LIMIT,89891,0,0,13,19
5,8,321569.0,-1.171974630001542,-0.8619484131774695,TIME_LIMIT,89935,0,0,13,14
5,8,321658.0,-1.171974630001542,-0.8619484131774695,TIME_LIMIT,89960,0,0,12,8
5,8,321761.0,-1.171940568209046,-0.8619484131774695,TIME_LIMIT,89987,0,0,10,15
5,8,321908.0,-1.171940568209046,-0.8619484131774695,TIME_LIMIT,90012,0,0,10,15
5,8,321992.0,-1.1718820191494221,-0.8619484131774695,TIME_LIMIT,90040,0,0,16,6
5,8,322122.0,-1.1718820191494221,-0.8619484131774695,TIME_LIMIT,90067,0,0,11,14
5,8,322227.0,-1.1718651427311388,-0.8619484131774695,TIME_LIMIT,90099,0,0,12,13
5,8,322321.0,-1.1718651427311388,-0.8619484131774695,TIME_LIMIT,90125,0,0,8,15
5,8,322432.0,-1.1718494652617226,-0.8619484131774695,TIME_LIMIT,90153,0,0,19,5
5,8,322555.0,-1.1718494652617226,-0.8619484131774695,TIME_LIMIT,90176,0,0,19,23
5,8,322632.0,-1.1718465223219137,-0.8619484131774695,TIME_LIMIT,90215,0,0,10,10
5,8,322707.0,-1.1718465223219137,-0.8619484131774695,TIME_LIMIT,90236,0,0,15,14
5,8,322758.0,-1.1718409995027845,-0.8619484131774695,TIME_LIMIT,90262,0,0,5,7
5,8,322890.0,-1.1718409995027845,-0.8619484131774695,TIME_LIMIT,90281,0,0,7,12
5,8,322983.0,-1.1717898268184306,-0.8619484131774695,TIME_LIMIT,90315,0,0,4,6
5,8,323094.0,-1.1717898268184306,-0.8619484131774695,TIME_LIMIT,90339,0,0,6,13
5,8,323126.0,-1.1717497484643502,-0.8619484131774695,TIME_LIMIT,90357,0,0,10,10
5,8,323299.0,-1.1717497484643502,-0.8619484131774695,TIME_LIMIT,90385,0,0,19,14
5,8,323366.0,-1.1717234182899623,-0.8619484131774695,TIME_LIMIT,90412,0,0,10,5
5,8,323484.0,-1.1717234182899623,-0.8619484131774695,TIME_LIMIT,90436,0,0,17,16
5,8,323584.0,-1.1716704254960146,-0.8619484131774695,TIME_LIMIT,90475,0,0,11,11
5,8,323678.0,-1.1716704254960146,-0.8619484131774695,TIME_LIMIT,90494,0,0,16,12
5,8,323793.0,-1.1716642391581749,-0.8619484131774695,TIME_LIMIT,90516,0,0,11,8
5,8,323893.0,-1.1716642391581749,-0.8619484131774695,TIME_LIMIT,90537,0,0,12,11
5,8,323932.0,-1.1716537191906564,-0.8619484131774695,TIME_LIMIT,90569,0,0,8,8
5,8,324022.0,-1.1716537191906564,-0.8619484131774695,TIME_LIMIT,90597,0,0,9,11
5,8,324048.0,-1.1716513799849146,-0.8619484131774695,TIME_LIMIT,90614,0,0,6,6
5,8,324104.0,-1.1716513799849146,-0.8619484131774695,TIME_LIMIT,90635,0,0,12,8
5,8,324143.0,-1.171618192416293,-0.8619484131774695,TIME_LIMIT,90654,0,0,10,3
5,8,324236.0,-1.171618192416293,-0.8619484131774695,TIME_LIMIT,90681,0,0,15,11
5,8,324310.0,-1.1716024499958009,-0.8619484131774695,TIME_LIMIT,90700,0,0,10,10
5,8,324395.0,-1.1716024499958009,-0.8619484131774695,TIME_LIMIT,90724,0,0,19,25
5,8,324511.0,-1.1715724532427667,-0.8619484131774695,TIME_LIMIT,90763,0,0,6,5
5,8,324598.0,-1.1715724532427667,-0.8619484131774695,TIME_LIMIT,90785,0,0,21,15
5,8,324744.0,-1.171560264135656,-0.8619484131774695,TIME_LIMIT,90824,0,0,13,13
5,8,324833.0,-1.171560264135656,-0.8619484131774695,TIME_LIMIT,90847,0,0,17,13
5,8,324936.0,-1.1715420014011233,-0.8619484131774695,TIME_LIMIT,90875,0,0,16,8
5,8,325133.0,-1.1715420014011233,-0.8619484131774695,TIME_LIMIT,90913,0,0,17,19
5,8,325263.0,-1.1715148047009265,-0.8619484131774695,TIME_LIMIT,90943,0,0,21,10
5,8,325339.0,-1.1715148047009265,-0.8619484131774695,TIME_LIMIT,90962,0,0,16,24
5,8,325451.0,-1.171513171262991,-0.8619484131774695,TIME_LIMIT,91001,0,0,5,6
5,8,325655.0,-1.171513171262991,-0.8619484131774695,TIME_LIMIT,91032,0,0,10,13
5,8,325722.0,-1.1714959201640316,-0.8619484131774695,TIME_LIMIT,91056,0,0,8,9
5,8,325771.0,-1.1714959201640316,-0.8619484131774695,TIME_LIMIT,91075,0,0,15,14
5,8,325804.0,-1.1714385095665698,-0.8619484131774695,TIME_LIMIT,91098,0,0,8,1
5,8,325896.0,-1.1714385095665698,-0.8619484131774695,TIME_LIMIT,91120,0,0,14,19
5,8,326059.0,-1.171421802292873,-0.8619484131774695,TIME_LIMIT,91161,0,0,12,5
5,8,326166.0,-1.171421802292873,-0.8619484131774695,TIME_LIMIT,91184,0,0,6,13
5,8,326243.0,-1.1713749832565237,-0.8619484131774695,TIME_LIMIT,91209,0,0,5,4
5,8,326324.0,-1.1713749832565237,-0.8619484131774695,TIME_LIMIT,91235,0,0,20,21
5,8,326494.0,-1.1713692329470622,-0.8619484131774695,TIME_LIMIT,91274,0,0,17,10
5,8,326531.0,-1.1713692329470622,-0.8619484131774695,TIME_LIMIT,91292,0,0,8,7
5,8,326561.0,-1.1713336908126872,-0.8619484131774695,TIME_LIMIT,91306,0,0,3,4
5,8,326621.0,-1.1713336908126872,-0.8619484131774695,TIME_LIMIT,91325,0,0,19,11
5,8,326691.0,-1.1713251103066982,-0.8619484131774695,TIME_LIMIT,91349,0,0,12,8
5,8,326844.0,-1.1713251103066982,-0.8619484131774695,TIME_LIMIT,91378,0,0,14,11
5,8,326950.0,-1.171319511280217,-0.8619484131774695,TIME_LIMIT,91407,0,0,17,6
5,8,327097.0,-1.171319511280217,-0.8619484131774695,TIME_LIMIT,91433,0,0,16,14
5,8,327229.0,-1.1713009199922106,-0.8619484131774695,TIME_LIMIT,91463,0,0,11,5
5,8,327410.0,-1.1713009199922106,-0.8619484131774695,TIME_LIMIT,91493,0,0,19,25
5,8,327523.0,-1.1713006238350163,-0.8619484131774695,TIME_LIMIT,91522,0,0,13,6
5,8,327602.0,-1.1713006238350163,-0.8619484131774695,TIME_LIMIT,91548,0,0,19,15
5,8,327691.0,-1.1713005048537246,-0.8619484131774695,TIME_LIMIT,91578,0,0,13,9
5,8,327783.0,-1.1713005048537246,-0.8619484131774695,TIME_LIMIT,91603,0,0,19,12
5,8,327867.0,-1.171277406051003,-0.8619484131774695,TIME_LIMIT,91626,0,0,11,8
5,8,327906.0,-1.171277406051003,-0.8619484131774695,TIME_LIMIT,91641,0,0,6,2
5,8,327990.0,-1.1712478224420186,-0.8619484131774695,TIME_LIMIT,91671,0,0,10,7
5,8,328104.0,-1.1712478224420186,-0.8619484131774695,TIME_LIMIT,91705,0,0,22,15
5,8,328166.0,-1.171237164600103,-0.8619484131774695,TIME_LIMIT,91729,0,0,10,14
5,8,328275.0,-1.171237164600103,-0.8619484131774695,TIME_LIMIT,91754,0,0,10,15
5,8,328395.0,-1.1712329744317376,-0.8619484131774695,TIME_LIMIT,91789,0,0,10,16
5,8,328561.0,-1.1712329744317376,-0.8619484131774695,TIME_LIMIT,91816,0,0,17,19
5,8,328667.0,-1.1712111583981473,-0.8619484131774695,TIME_LIMIT,91838,0,0,12,8
5,8,328708.0,-1.1712111583981473,-0.8619484131774695,TIME_LIMIT,91852,0,0,5,4
5,8,328732.0,-1.1712042115433792,-0.8619484131774695,TIME_LIMIT,91871,0,0,9,3
5,8,328803.0,-1.1712042115433792,-0.8619484131774695,TIME_LIMIT,91895,0,0,10,7
5,8,328935.0,-1.1711798784087828,-0.8619484131774695,TIME_LIMIT,91928,0,0,8,9
5,8,329062.0,-1.1711798784087828,-0.8619484131774695,TIME_LIMIT,91954,0,0,19,27
5,8,329164.0,-1.1711529812425299,-0.8619484131774695,TIME_LIMIT,91989,0,0,17,13
5,8,329268.0,-1.1711529812425299,-0.8619484131774695,TIME_LIMIT,92011,0,0,19,7
5,8,329315.0,-1.1711329505830825,-0.8619484131774695,TIME_LIMIT,92031,0,0,10,6
5,8,329342.0,-1.1711329505830825,-0.8619484131774695,TIME_LIMIT,92047,0,0,8,8
5,8,329363.0,-1.1711283122692828,-0.8619484131774695,TIME_LIMIT,92061,0,0,3,4
5,8,329576.0,-1.1711283122692828,-0.8619484131774695,TIME_LIMIT,92092,0,0,18,8
5,8,329627.0,-1.171107576175091,-0.8619484131774695,TIME_LIMIT,92105,0,0,9,6
5,8,329748.0,-1.171107576175091,-0.8619484131774695,TIME_LIMIT,92129,0,0,14,10
5,8,329846.0,-1.1710200848209236,-0.8619484131774695,TIME_LIMIT,92152,0,0,20,18
5,8,329913.0,-1.1710200848209236,-0.8619484131774695,TIME_LIMIT,92175,0,0,8,3
5,8,330023.0,-1.1709951727269858,-0.8619484131774695,TIME_LIMIT,92192,0,0,12,7
5,8,330155.0,-1.1709951727269858,-0.8619484131774695,TIME_LIMIT,92213,0,0,12,16
5,8,330277.0,-1.1709792645046415,-0.8619484131774695,TIME_LIMIT,92243,0,0,11,4
5,8,330347.0,-1.1709792645046415,-0.8619484131774695,TIME_LIMIT,92262,0,0,12,14
5,8,330468.0,-1.170951447297772,-0.8619484131774695,TIME_LIMIT,92301,0,0,11,7
5,8,330537.0,-1.170951447297772,-0.8619484131774695,TIME_LIMIT,92327,0,0,10,11
5,8,330626.0,-1.1709492423819439,-0.8619484131774695,TIME_LIMIT,92352,0,0,11,10
5,8,330743.0,-1.1709492423819439,-0.8619484131774695,TIME_LIMIT,92377,0,0,19,8
5,8,330759.0,-1.1708884616465467,-0.8619484131774695,TIME_LIMIT,92394,0,0,6,6
5,8,330864.0,-1.1708884616465467,-0.8619484131774695,TIME_LIMIT,92419,0,0,18,17
5,8,330934.0,-1.1708709894663003,-0.8619484131774695,TIME_LIMIT,92450,0,0,11,14
5,8,331019.0,-1.1708709894663003,-0.8619484131774695,TIME_LIMIT,92474,0,0,11,10
5,8,331089.0,-1.1708625635748315,-0.8619484131774695,TIME_LIMIT,92496,0,0,10,2
5,8,331190.0,-1.1708625635748315,-0.8619484131774695,TIME_LIMIT,92520,0,0,12,11
5,8,331255.0,-1.1708557212415123,-0.8619484131774695,TIME_LIMIT,92541,0,0,15,7
5,8,331343.0,-1.1708557212415123,-0.8619484131774695,TIME_LIMIT,92566,0,0,15,7
5,8,331396.0,-1.1708090744945723,-0.8619484131774695,TIME_LIMIT,92585,0,0,9,4
5,8,331445.0,-1.1708090744945723,-0.8619484131774695,TIME_LIMIT,92608,0,0,21,13
5,8,331522.0,-1.1708017302268485,-0.8619484131774695,TIME_LIMIT,92643,0,0,10,9
5,8,331603.0,-1.1708017302268485,-0.8619484131774695,TIME_LIMIT,92663,0,0,15,13
5,8,331730.0,-1.170799531363612,-0.8619484131774695,TIME_LIMIT,92703,0,0,10,4
5,8,331933.0,-1.170799531363612,-0.8619484131774695,TIME_LIMIT,92739,0,0,15,15
5,8,332080.0,-1.1707943139115822,-0.8619484131774695,TIME_LIMIT,92767,0,0,10,9
5,8,332168.0,-1.1707943139115822,-0.8619484131774695,TIME_LIMIT,92789,0,0,9,10
5,8,332282.0,-1.1707679553171626,-0.8619484131774695,TIME_LIMIT,92825,0,0,6,8
5,8,332356.0,-1.1707679553171626,-0.8619484131774695,TIME_LIMIT,92849,0,0,13,10
5,8,332481.0,-1.17068027001242,-0.8619484131774695,TIME_LIMIT,92873,0,0,13,3
5,8,332607.0,-1.17068027001242,-0.8619484131774695,TIME_LIMIT,92897,0,0,22,10
5,8,332806.0,-1.1706780950989486,-0.8619484131774695,TIME_LIMIT,92929,0,0,20,4
5,8,332926.0,-1.1706780950989486,-0.8619484131774695,TIME_LIMIT,92958,0,0,8,11
5,8,333004.0,-1.170671239594059,-0.8619484131774695,TIME_LIMIT,92983,0,0,14,6
5,8,333106.0,-1.170671239594059,-0.8619484131774695,TIME_LIMIT,93010,0,0,10,6
5,8,333214.0,-1.1706671241832223,-0.8619484131774695,TIME_LIMIT,93045,0,0,15,12
5,8,333251.0,-1.1706671241832223,-0.8619484131774695,TIME_LIMIT,93071,0,0,16,15
5,8,333314.0,-1.1706220731852097,-0.8619484131774695,TIME_LIMIT,93092,0,0,7,5
5,8,333440.0,-1.1706220731852097,-0.8619484131774695,TIME_LIMIT,93115,0,0,8,14
5,8,333542.0,-1.1705751787568286,-0.8619484131774695,TIME_LIMIT,93140,0,0,10,3
5,8,333600.0,-1.1705751787568286,-0.8619484131774695,TIME_LIMIT,93166,0,0,13,9
5,8,333641.0,-1.1705744487440435,-0.8619484131774695,TIME_LIMIT,93189,0,0,11,10
5,8,333760.0,-1.1705744487440435,-0.8619484131774695,TIME_LIMIT,93218,0,0,16,15
5,8,333878.0,-1.1705577143984998,-0.8619484131774695,TIME_LIMIT,93241,0,0,12,16
5,8,333945.0,-1.1705577143984998,-0.8619484131774695,TIME_LIMIT,93262,0,0,7,8
5,8,334068.0,-1.1705283154467394,-0.8619484131774695,TIME_LIMIT,93289,0,0,13,8
5,8,334214.0,-1.1705283154467394,-0.8619484131774695,TIME_LIMIT,93319,0,0,12,12
5,8,334285.0,-1.170488316440752,-0.8619484131774695,TIME_LIMIT,93344,0,0,11,8
5,8,334391.0,-1.170488316440752,-0.8619484131774695,TIME_LIMIT,93363,0,0,9,3
5,8,334443.0,-1.1704841302372042,-0.8619484131774695,TIME_LIMIT,93386,0,0,7,3
5,8,334511.0,-1.1704841302372042,-0.8619484131774695,TIME_LIMIT,93403,0,0,8,24
5,8,334641.0,-1.17046966905685,-0.8619484131774695,TIME_LIMIT,93441,0,0,9,8
5,8,334672.0,-1.17046966905685,-0.8619484131774695,TIME_LIMIT,93460,0,0,12,4
5,8,334717.0,-1.1704414375426913,-0.8619484131774695,TIME_LIMIT,93475,0,0,7,2
5,8,334906.0,-1.1704414375426913,-0.8619484131774695,TIME_LIMIT,93501,0,0,13,8
5,8,335147.0,-1.1704294025675994,-0.8619484131774695,TIME_LIMIT,93528,0,0,10,12
5,8,335205.0,-1.1704294025675994,-0.8619484131774695,TIME_LIMIT,93549,0,0,11,7
5,8,335284.0,-1.1704172453512305,-0.8619484131774695,TIME_LIMIT,93570,0,0,11,8
5,8,335375.0,-1.1704172453512305,-0.8619484131774695,TIME_LIMIT,93595,0,0,15,7
5,8,335407.0,-1.1704169301118672,-0.8619484131774695,TIME_LIMIT,93613,0,0,5,2
5,8,335477.0,-1.1704169301118672,-0.8619484131774695,TIME_LIMIT,93634,0,0,9,6
5,8,335532.0,-1.1704020579298209,-0.8619484131774695,TIME_LIMIT,93654,0,0,13,2
5,8,335650.0,-1.1704020579298209,-0.8619484131774695,TIME_LIMIT,93677,0,0,14,16
5,8,335804.0,-1.1703632100054522,-0.8619484131774695,TIME_LIMIT,93708,0,0,5,11
5,8,335925.0,-1.1703632100054522,-0.8619484131774695,TIME_LIMIT,93734,0,0,12,18
5,8,336114.0,-1.1703595565116764,-0.8619484131774695,TIME_LIMIT,93773,0,0,20,12
5,8,336213.0,-1.1703595565116764,-0.8619484131774695,TIME_LIMIT,93802,0,0,12,13
5,8,336244.0,-1.1703256988938358,-0.8619484131774695,TIME_LIMIT,93822,0,0,12,5
5,8,336355.0,-1.1703256988938358,-0.8619484131774695,TIME_LIMIT,93847,0,0,16,11
5,8,336470.0,-1.1703074727118268,-0.8619484131774695,TIME_LIMIT,93870,0,0,15,11
5,8,336518.0,-1.1703074727118268,-0.8619484131774695,TIME_LIMIT,93891,0,0,6,9
5,8,336585.0,-1.1702788637259014,-0.8619484131774695,TIME_LIMIT,93917,0,0,4,4
5,8,336677.0,-1.1702788637259014,-0.8619484131774695,TIME_LIMIT,93941,0,0,7,7
5,8,336769.0,-1.1702662999130606,-0.8619484131774695,TIME_LIMIT,93960,0,0,9,1
5,8,336923.0,-1.1702662999130606,-0.8619484131774695,TIME_LIMIT,93991,0,0,18,11
5,8,337101.0,-1.1702413512670868,-0.8619484131774695,TIME_LIMIT,94021,0,0,12,10
5,8,337342.0,-1.1702413512670868,-0.8619484131774695,TIME_LIMIT,94051,0,0,14,22
5,8,337412.0,-1.170221986425585,-0.8619484131774695,TIME_LIMIT,94084,0,0,10,9
5,8,337537.0,-1.170221986425585,-0.8619484131774695,TIME_LIMIT,94111,0,0,19,18
5,8,337611.0,-1.1702205710018903,-0.8619484131774695,TIME_LIMIT,94138,0,0,12,11
5,8,337721.0,-1.1702205710018903,-0.8619484131774695,TIME_LIMIT,94155,0,0,15,7
5,8,337783.0,-1.1702129832583616,-0.8619484131774695,TIME_LIMIT,94177,0,0,13,9
5,8,337972.0,-1.1702129832583616,-0.8619484131774695,TIME_LIMIT,94197,0,0,9,13
5,8,338093.0,-1.1701990477338726,-0.8619484131774695,TIME_LIMIT,94227,0,0,9,2
5,8,338293.0,-1.1701990477338726,-0.8619484131774695,TIME_LIMIT,94257,0,0,9,10
5,8,338510.0,-1.170196971964357,-0.8619484131774695,TIME_LIMIT,94281,0,0,13,5
5,8,338596.0,-1.170196971964357,-0.8619484131774695,TIME_LIMIT,94302,0,0,12,16
5,8,338724.0,-1.1701372508988324,-0.8619484131774695,TIME_LIMIT,94337,0,0,15,5
5,8,338818.0,-1.1701372508988324,-0.8619484131774695,TIME_LIMIT,94360,0,0,9,8
5,8,338961.0,-1.1701253142623504,-0.8619484131774695,TIME_LIMIT,94378,0,0,11,11
5,8,339022.0,-1.1701253142623504,-0.8619484131774695,TIME_LIMIT,94399,0,0,8,8
5,8,339105.0,-1.1701006433022454,-0.8619484131774695,TIME_LIMIT,94421,0,0,7,6
5,8,339154.0,-1.1701006433022454,-0.8619484131774695,TIME_LIMIT,94443,0,0,16,17
5,8,339300.0,-1.1700978715515369,-0.8619484131774695,TIME_LIMIT,94475,0,0,9,9
5,8,339489.0,-1.1700978715515369,-0.8619484131774695,TIME_LIMIT,94500,0,0,16,18
5,8,339629.0,-1.1700647883480069,-0.8619484131774695,TIME_LIMIT,94535,0,0,14,15
5,8,339819.0,-1.1700647883480069,-0.8619484131774695,TIME_LIMIT,94561,0,0,20,13
5,8,339910.0,-1.17006168587085,-0.8619484131774695,TIME_LIMIT,94589,0,0,19,10
5,8,339953.0,-1.17006168587085,-0.8619484131774695,TIME_LIMIT,94616,0,0,21,20
5,8,340031.0,-1.170036591271345,-0.8619484131774695,TIME_LIMIT,94643,0,0,15,11
5,8,340116.0,-1.170036591271345,-0.8619484131774695,TIME_LIMIT,94669,0,0,16,13
5,8,340181.0,-1.1700341119830922,-0.8619484131774695,TIME_LIMIT,94697,0,0,13,3
5,8,340232.0,-1.1700341119830922,-0.8619484131774695,TIME_LIMIT,94719,0,0,13,15
5,8,340327.0,-1.1700184529235542,-0.8619484131774695,TIME_LIMIT,94742,0,0,13,1
5,8,340434.0,-1.1700184529235542,-0.8619484131774695,TIME_LIMIT,94767,0,0,15,14
5,8,340501.0,-1.1699772127398351,-0.8619484131774695,TIME_LIMIT,94792,0,0,15,5
5,8,340566.0,-1.1699772127398351,-0.8619484131774695,TIME_LIMIT,94813,0,0,17,15
5,8,340697.0,-1.1699689346832631,-0.8619484131774695,TIME_LIMIT,94842,0,0,16,2
5,8,340803.0,-1.1699689346832631,-0.8619484131774695,TIME_LIMIT,94873,0,0,22,24
5,8,340936.0,-1.1699306100417004,-0.8619484131774695,TIME_LIMIT,94899,0,0,9,17
5,8,341040.0,-1.1699306100417004,-0.8619484131774695,TIME_LIMIT,94918,0,0,10,6
5,8,341115.0,-1.1699201623404796,-0.8619484131774695,TIME_LIMIT,94946,0,0,10,10
5,8,341204.0,-1.1699201623404796,-0.8619484131774695,TIME_LIMIT,94969,0,0,14,5
5,8,341275.0,-1.1699155968592516,-0.8619484131774695,TIME_LIMIT,94987,0,0,10,8
5,8,341382.0,-1.1699155968592516,-0.8619484131774695,TIME_LIMIT,95012,0,0,16,13
5,8,341513.0,-1.1698366170386856,-0.8619484131774695,TIME_LIMIT,95037,0,0,8,7
5,8,341622.0,-1.1698366170386856,-0.8619484131774695,TIME_LIMIT,95064,0,0,10,8
5,8,341828.0,-1.1698291404659271,-0.8619484131774695,TIME_LIMIT,95093,0,0,13,9
5,8,341885.0,-1.1698291404659271,-0.8619484131774695,TIME_LIMIT,95106,0,0,11,13
5,8,341966.0,-1.1697662026078077,-0.8619484131774695,TIME_LIMIT,95136,0,0,12,2
5,8,342015.0,-1.1697662026078077,-0.8619484131774695,TIME_LIMIT,95153,0,0,9,11
5,8,342125.0,-1.169763828354945,-0.8619484131774695,TIME_LIMIT,95177,0,0,10,9
5,8,342285.0,-1.169763828354945,-0.8619484131774695,TIME_LIMIT,95206,0,0,12,13
5,8,342363.0,-1.1697577272273243,-0.8619484131774695,TIME_LIMIT,95226,0,0,4,5
5,8,342510.0,-1.1697577272273243,-0.8619484131774695,TIME_LIMIT,95251,0,0,16,10
5,8,342614.0,-1.1697538490526376,-0.8619484131774695,TIME_LIMIT,95276,0,0,20,7
5,8,342645.0,-1.1697538490526376,-0.8619484131774695,TIME_LIMIT,95296,0,0,12,4
5,8,342676.0,-1.1697275502563,-0.8619484131774695,TIME_LIMIT,95311,0,0,3,3
5,8,342719.0,-1.1697275502563,-0.8619484131774695,TIME_LIMIT,95336,0,0,10,15
5,8,342786.0,-1.1696954361697602,-0.8619484131774695,TIME_LIMIT,95359,0,0,10,8
5,8,342904.0,-1.1696954361697602,-0.8619484131774695,TIME_LIMIT,95384,0,0,17,9
5,8,343011.0,-1.1696744143777753,-0.8619484131774695,TIME_LIMIT,95406,0,0,18,15
5,8,343102.0,-1.1696744143777753,-0.8619484131774695,TIME_LIMIT,95428,0,0,12,11
5,8,343173.0,-1.1696728469473021,-0.8619484131774695,TIME_LIMIT,95454,0,0,11,5
5,8,343293.0,-1.1696728469473021,-0.8619484131774695,TIME_LIMIT,95478,0,0,14,9
5,8,343501.0,-1.1696670922453725,-0.8619484131774695,TIME_LIMIT,95519,0,0,16,15
5,8,343557.0,-1.1696670922453725,-0.8619484131774695,TIME_LIMIT,95537,0,0,12,9
5,8,343607.0,-1.1696472859420572,-0.8619484131774695,TIME_LIMIT,95558,0,0,7,2
5,8,343694.0,-1.1696472859420572,-0.8619484131774695,TIME_LIMIT,95581,0,0,10,8
5,8,343762.0,-1.169637254932246,-0.8619484131774695,TIME_LIMIT,95611,0,0,11,8
5,8,343831.0,-1.169637254932246,-0.8619484131774695,TIME_LIMIT,95630,0,0,5,5
5,8,343890.0,-1.1696267246776402,-0.8619484131774695,TIME_LIMIT,95657,0,0,7,4
5,8,344070.0,-1.1696267246776402,-0.8619484131774695,TIME_LIMIT,95684,0,0,15,17
5,8,344278.0,-1.169620611161205,-0.8619484131774695,TIME_LIMIT,95723,0,0,7,8
5,8,344453.0,-1.169620611161205,-0.8619484131774695,TIME_LIMIT,95759,0,0,10,11
5,8,344615.0,-1.169529969366813,-0.8619484131774695,TIME_LIMIT,95783,0,0,5,11
5,8,344693.0,-1.169529969366813,-0.8619484131774695,TIME_LIMIT,95813,0,0,13,19
5,8,344740.0,-1.169527343774521,-0.8619484131774695,TIME_LIMIT,95836,0,0,13,5
5,8,344929.0,-1.169527343774521,-0.8619484131774695,TIME_LIMIT,95860,0,0,17,21
5,8,345097.0,-1.1695075813794853,-0.8619484131774695,TIME_LIMIT,95886,0,0,11,5
5,8,345158.0,-1.1695075813794853,-0.8619484131774695,TIME_LIMIT,95914,0,0,18,15
5,8,345331.0,-1.1694811585295855,-0.8619484131774695,TIME_LIMIT,95934,0,0,11,7
5,8,345405.0,-1.1694811585295855,-0.8619484131774695,TIME_LIMIT,95959,0,0,7,9
5,8,345438.0,-1.16940787455648,-0.8619484131774695,TIME_LIMIT,95978,0,0,11,3
5,8,345560.0,-1.16940787455648,-0.8619484131774695,TIME_LIMIT,95998,0,0,12,21
5,8,345636.0,-1.1693984362707381,-0.8619484131774695,TIME_LIMIT,96020,0,0,12,9
5,8,345733.0,-1.1693984362707381,-0.8619484131774695,TIME_LIMIT,96044,0,0,17,19
5,8,345798.0,-1.1693957382604365,-0.8619484131774695,TIME_LIMIT,96073,0,0,6,7
5,8,345946.0,-1.1693957382604365,-0.8619484131774695,TIME_LIMIT,96099,0,0,15,14
5,8,346070.0,-1.1693925750055634,-0.8619484131774695,TIME_LIMIT,96126,0,0,16,15
5,8,346174.0,-1.1693925750055634,-0.8619484131774695,TIME_LIMIT,96149,0,0,15,16
5,8,346277.0,-1.1693827423822658,-0.8619484131774695,TIME_LIMIT,96178,0,0,16,3
5,8,346414.0,-1.1693827423822658,-0.8619484131774695,TIME_LIMIT,96208,0,0,22,14
5,8,346545.0,-1.169363340786722,-0.8619484131774695,TIME_LIMIT,96227,0,0,17,5
5,8,346593.0,-1.169363340786722,-0.8619484131774695,TIME_LIMIT,96253,0,0,15,9
5,8,346691.0,-1.1693581716205255,-0.8619484131774695,TIME_LIMIT,96275,0,0,9,6
5,8,346730.0,-1.1693581716205255,-0.8619484131774695,TIME_LIMIT,96297,0,0,17,12
5,8,346775.0,-1.1693426459730585,-0.8619484131774695,TIME_LIMIT,96321,0,0,12,3
5,8,346893.0,-1.1693426459730585,-0.8619484131774695,TIME_LIMIT,96345,0,0,13,11
5,8,346950.0,-1.1692820726380386,-0.8619484131774695,TIME_LIMIT,96371,0,0,15,9
5,8,346990.0,-1.1692820726380386,-0.8619484131774695,TIME_LIMIT,96391,0,0,11,10
5,8,347057.0,-1.1692657369263952,-0.8619484131774695,TIME_LIMIT,96414,0,0,13,3
5,8,347265.0,-1.1692657369263952,-0.8619484131774695,TIME_LIMIT,96447,0,0,23,17
5,8,347376.0,-1.169214666965143,-0.8619484131774695,TIME_LIMIT,96469,0,0,16,17
5,8,347469.0,-1.169214666965143,-0.8619484131774695,TIME_LIMIT,96492,0,0,12,13
5,8,347662.0,-1.1691500300576427,-0.8619484131774695,TIME_LIMIT,96534,0,0,19,17
5,8,347755.0,-1.1691500300576427,-0.8619484131774695,TIME_LIMIT,96555,0,0,15,14
5,8,347784.0,-1.1691300470216728,-0.8619484131774695,TIME_LIMIT,96574,0,0,8,4
5,8,347835.0,-1.1691300470216728,-0.8619484131774695,TIME_LIMIT,96595,0,0,11,15
5,8,347912.0,-1.1691270832168092,-0.8619484131774695,TIME_LIMIT,96627,0,0,10,7
5,8,347966.0,-1.1691270832168092,-0.8619484131774695,TIME_LIMIT,96647,0,0,10,5
5,8,347998.0,-1.1690840934552083,-0.8619484131774695,TIME_LIMIT,96666,0,0,5,2
5,8,348201.0,-1.1690840934552083,-0.8619484131774695,TIME_LIMIT,96692,0,0,22,27
5,8,348253.0,-1.169078916673872,-0.8619484131774695,TIME_LIMIT,96715,0,0,10,11
5,8,348455.0,-1.169078916673872,-0.8619484131774695,TIME_LIMIT,96741,0,0,23,16
5,8,348611.0,-1.1690749287184514,-0.8619484131774695,TIME_LIMIT,96774,0,0,14,14
5,8,348788.0,-1.1690749287184514,-0.8619484131774695,TIME_LIMIT,96802,0,0,8,11
5,8,348859.0,-1.1690565707302,-0.8619484131774695,TIME_LIMIT,96827,0,0,13,6
5,8,348973.0,-1.1690565707302,-0.8619484131774695,TIME_LIMIT,96850,0,0,16,16
5,8,349039.0,-1.1690442478928984,-0.8619484131774695,TIME_LIMIT,96880,0,0,9,5
5,8,349122.0,-1.1690442478928984,-0.8619484131774695,TIME_LIMIT,96904,0,0,10,10
5,8,349205.0,-1.1690317939950403,-0.8619484131774695,TIME_LIMIT,96922,0,0,13,3
5,8,349434.0,-1.1690317939950403,-0.8619484131774695,TIME_LIMIT,96949,0,0,19,18
5,8,349554.0,-1.1690286114700061,-0.8619484131774695,TIME_LIMIT,96988,0,0,11,18
5,8,349618.0,-1.1690286114700061,-0.8619484131774695,TIME_LIMIT,97008,0,0,19,11
5,8,349731.0,-1.1690247503119002,-0.8619484131774695,TIME_LIMIT,97044,0,0,10,7
5,8,349797.0,-1.1690247503119002,-0.8619484131774695,TIME_LIMIT,97064,0,0,16,12
5,8,349903.0,-1.1690186911685054,-0.8619484131774695,TIME_LIMIT,97095,0,0,15,12
5,8,349969.0,-1.1690186911685054,-0.8619484131774695,TIME_LIMIT,97111,0,0,6,12
5,8,350013.0,-1.168966153728655,-0.8619484131774695,TIME_LIMIT,97134,0,0,8,7
5,8,350125.0,-1.168966153728655,-0.8619484131774695,TIME_LIMIT,97153,0,0,15,4
5,8,350161.0,-1.1689615394348727,-0.8619484131774695,TIME_LIMIT,97169,0,0,4,7
5,8,350247.0,-1.1689615394348727,-0.8619484131774695,TIME_LIMIT,97191,0,0,11,3
5,8,350316.0,-1.1689588194467326,-0.8619484131774695,TIME_LIMIT,97212,0,0,8,3
5,8,350507.0,-1.1689588194467326,-0.8619484131774695,TIME_LIMIT,97240,0,0,16,12
5,8,350587.0,-1.1689392330552568,-0.8619484131774695,TIME_LIMIT,97261,0,0,16,18
5,8,350712.0,-1.1689392330552568,-0.8619484131774695,TIME_LIMIT,97286,0,0,5,12
5,8,350909.0,-1.1689262346126326,-0.8619484131774695,TIME_LIMIT,97321,0,0,18,7
5,8,351148.0,-1.1689262346126326,-0.8619484131774695,TIME_LIMIT,97346,0,0,14,16
5,8,351389.0,-1.1689123065326026,-0.8619484131774695,TIME_LIMIT,97380,0,0,21,15
5,8,351468.0,-1.1689123065326026,-0.8619484131774695,TIME_LIMIT,97397,0,0,12,12
5,8,351588.0,-1.1689010173280985,-0.8619484131774695,TIME_LIMIT,97426,0,0,10,10
5,8,351658.0,-1.1689010173280985,-0.8619484131774695,TIME_LIMIT,97445,0,0,8,10
5,8,351726.0,-1.1688719836729307,-0.8619484131774695,TIME_LIMIT,97473,0,0,8,7
5,8,351779.0,-1.1688719836729307,-0.8619484131774695,TIME_LIMIT,97490,0,0,10,10
5,8,351850.0,-1.1688679674725857,-0.8619484131774695,TIME_LIMIT,97513,0,0,7,2
5,8,352049.0,-1.1688679674725857,-0.8619484131774695,TIME_LIMIT,97535,0,0,15,7
5,8,352148.0,-1.1688559170916397,-0.8619484131774695,TIME_LIMIT,97572,0,0,14,6
5,8,352312.0,-1.1688559170916397,-0.8619484131774695,TIME_LIMIT,97600,0,0,21,17
5,8,352414.0,-1.1688463089614871,-0.8619484131774695,TIME_LIMIT,97633,0,0,5,8
5,8,352508.0,-1.1688463089614871,-0.8619484131774695,TIME_LIMIT,97661,0,0,13,3
5,8,352670.0,-1.16884307744556,-0.8619484131774695,TIME_LIMIT,97687,0,0,15,9
5,8,352821.0,-1.16884307744556,-0.8619484131774695,TIME_LIMIT,97711,0,0,13,17
5,8,352894.0,-1.1688418096647974,-0.8619484131774695,TIME_LIMIT,97742,0,0,6,8
5,8,352920.0,-1.1688418096647974,-0.8619484131774695,TIME_LIMIT,97759,0,0,7,2
5,8,353003.0,-1.1688356708535341,-0.8619484131774695,TIME_LIMIT,97784,0,0,9,4
5,8,353047.0,-1.1688356708535341,-0.8619484131774695,TIME_LIMIT,97803,0,0,14,7
5,8,353130.0,-1.168822693852297,-0.8619484131774695,TIME_LIMIT,97825,0,0,8,3
5,8,353152.0,-1.168822693852297,-0.8619484131774695,TIME_LIMIT,97840,0,0,9,11
5,8,353207.0,-1.1688223371896416,-0.8619484131774695,TIME_LIMIT,97867,0,0,12,5
5,8,353310.0,-1.1688223371896416,-0.8619484131774695,TIME_LIMIT,97895,0,0,18,13
5,8,353395.0,-1.1687947082291548,-0.8619484131774695,TIME_LIMIT,97923,0,0,12,9
5,8,353542.0,-1.1687947082291548,-0.8619484131774695,TIME_LIMIT,97948,0,0,19,6
5,8,353602.0,-1.1687905591359367,-0.8619484131774695,TIME_LIMIT,97973,0,0,9,4
5,8,353645.0,-1.1687905591359367,-0.8619484131774695,TIME_LIMIT,97993,0,0,14,10
5,8,353724.0,-1.1687841221344515,-0.8619484131774695,TIME_LIMIT,98018,0,0,4,6
5,8,353751.0,-1.1687841221344515,-0.8619484131774695,TIME_LIMIT,98038,0,0,9,6
5,8,353825.0,-1.1687226280864318,-0.8619484131774695,TIME_LIMIT,98066,0,0,16,12
5,8,353917.0,-1.1687226280864318,-0.8619484131774695,TIME_LIMIT,98091,0,0,19,15
5,8,354021.0,-1.1687057994054493,-0.8619484131774695,TIME_LIMIT,98117,0,0,10,10
5,8,354135.0,-1.1687057994054493,-0.8619484131774695,TIME_LIMIT,98147,0,0,7,9
5,8,354222.0,-1.1686608863608254,-0.8619484131774695,TIME_LIMIT,98172,0,0,15,7
5,8,354379.0,-1.1686608863608254,-0.8619484131774695,TIME_LIMIT,98199,0,0,9,13
5,8,354468.0,-1.1686447182384176,-0.8619484131774695,TIME_LIMIT,98228,0,0,15,8
5,8,354614.0,-1.1686447182384176,-0.8619484131774695,TIME_LIMIT,98260,0,0,15,17
5,8,354785.0,-1.1686038946169877,-0.8619484131774695,TIME_LIMIT,98285,0,0,8,6
5,8,354856.0,-1.1686038946169877,-0.8619484131774695,TIME_LIMIT,98300,0,0,11,7
5,8,355034.0,-1.16854306847393,-0.8619484131774695,TIME_LIMIT,98337,0,0,8,7
5,8,355092.0,-1.16854306847393,-0.8619484131774695,TIME_LIMIT,98353,0,0,12,10
5,8,355147.0,-1.1685426532923842,-0.8619484131774695,TIME_LIMIT,98376,0,0,8,1
5,8,355304.0,-1.1685426532923842,-0.8619484131774695,TIME_LIMIT,98403,0,0,17,28
5,8,355535.0,-1.1684916626744128,-0.8619484131774695,TIME_LIMIT,98442,0,0,12,8
5,8,355612.0,-1.1684916626744128,-0.8619484131774695,TIME_LIMIT,98461,0,0,9,11
5,8,355653.0,-1.1684784783227657,-0.8619484131774695,TIME_LIMIT,98479,0,0,6,6
5,8,355698.0,-1.1684784783227657,-0.8619484131774695,TIME_LIMIT,98502,0,0,7,4
5,8,355739.0,-1.1684759168215963,-0.8619484131774695,TIME_LIMIT,98520,0,0,10,4
5,8,355930.0,-1.1684759168215963,-0.8619484131774695,TIME_LIMIT,98547,0,0,10,18
5,8,356064.0,-1.1684753906887702,-0.8619484131774695,TIME_LIMIT,98582,0,0,9,9
5,8,356236.0,-1.1684753906887702,-0.8619484131774695,TIME_LIMIT,98603,0,0,7,10
5,8,356306.0,-1.168463130551898,-0.8619484131774695,TIME_LIMIT,98627,0,0,9,5
5,8,356357.0,-1.168463130551898,-0.8619484131774695,TIME_LIMIT,98651,0,0,7,13
5,8,356416.0,-1.168435017687189,-0.8619484131774695,TIME_LIMIT,98677,0,0,3,7
5,8,356505.0,-1.168435017687189,-0.8619484131774695,TIME_LIMIT,98704,0,0,19,21
5,8,356639.0,-1.1684065101509142,-0.8619484131774695,TIME_LIMIT,98734,0,0,12,17
5,8,356796.0,-1.1684065101509142,-0.8619484131774695,TIME_LIMIT,98768,0,0,16,18
5,8,356861.0,-1.168385628113466,-0.8619484131774695,TIME_LIMIT,98795,0,0,8,9
5,8,356934.0,-1.168385628113466,-0.8619484131774695,TIME_LIMIT,98820,0,0,9,9
5,8,357058.0,-1.1683796760274798,-0.8619484131774695,TIME_LIMIT,98840,0,0,13,13
5,8,357241.0,-1.1683796760274798,-0.8619484131774695,TIME_LIMIT,98867,0,0,18,20
5,8,357460.0,-1.1683683272552712,-0.8619484131774695,TIME_LIMIT,98893,0,0,10,10
5,8,357592.0,-1.1683683272552712,-0.8619484131774695,TIME_LIMIT,98917,0,0,13,12
5,8,357737.0,-1.1683603414735946,-0.8619484131774695,TIME_LIMIT,98951,0,0,23,13
5,8,357893.0,-1.1683603414735946,-0.8619484131774695,TIME_LIMIT,98982,0,0,19,24
5,8,358010.0,-1.168357625065416,-0.8619484131774695,TIME_LIMIT,99008,0,0,17,5
5,8,358076.0,-1.168357625065416,-0.8619484131774695,TIME_LIMIT,99028,0,0,9,17
5,8,358156.0,-1.1683552239919983,-0.8619484131774695,TIME_LIMIT,99059,0,0,7,9
5,8,358213.0,-1.1683552239919983,-0.8619484131774695,TIME_LIMIT,99078,0,0,11,5
5,8,358247.0,-1.1683479727705315,-0.8619484131774695,TIME_LIMIT,99098,0,0,9,4
5,8,358447.0,-1.1683479727705315,-0.8619484131774695,TIME_LIMIT,99117,0,0,16,13
5,8,358648.0,-1.168337605566144,-0.8619484131774695,TIME_LIMIT,99153,0,0,14,8
5,8,358759.0,-1.168337605566144,-0.8619484131774695,TIME_LIMIT,99178,0,0,12,8
5,8,358785.0,-1.1682956039547252,-0.8619484131774695,TIME_LIMIT,99200,0,0,12,9
5,8,358922.0,-1.1682956039547252,-0.8619484131774695,TIME_LIMIT,99228,0,0,10,13
5,8,359048.0,-1.1682655867427871,-0.8619484131774695,TIME_LIMIT,99253,0,0,11,6
5,8,359154.0,-1.1682655867427871,-0.8619484131774695,TIME_LIMIT,99279,0,0,17,13
5,8,359225.0,-1.1682421344246423,-0.8619484131774695,TIME_LIMIT,99307,0,0,7,9
5,8,359291.0,-1.1682421344246423,-0.8619484131774695,TIME_LIMIT,99334,0,0,10,10
5,8,359361.0,-1.168187736471326,-0.8619484131774695,TIME_LIMIT,99355,0,0,4,2
5,8,359431.0,-1.168187736471326,-0.8619484131774695,TIME_LIMIT,99373,0,0,14,13
5,8,359556.0,-1.16817023431059,-0.8619484131774695,TIME_LIMIT,99406,0,0,17,6
5,8,359636.0,-1.16817023431059,-0.8619484131774695,TIME_LIMIT,99422,0,0,10,11
5,8,359836.0,-1.1681671938332554,-0.8619484131774695,TIME_LIMIT,99455,0,0,4,7
5,8,359862.0,-1.1681671938332554,-0.8619484131774695,TIME_LIMIT,99472,0,0,13,7
5,8,359956.0,-1.1681199854622786,-0.8619484131774695,TIME_LIMIT,99499,0,0,11,5
5,8,360101.0,-1.1681199854622786,-0.8619484131774695,TIME_LIMIT,99529,0,0,17,14
5,8,360190.0,-1.168105675111198,-0.8619484131774695,TIME_LIMIT,99556,0,0,17,9
5,8,360287.0,-1.168105675111198,-0.8619484131774695,TIME_LIMIT,99578,0,0,15,13
5,8,360359.0,-1.16809820021933,-0.8619484131774695,TIME_LIMIT,99604,0,0,3,6
5,8,360478.0,-1.16809820021933,-0.8619484131774695,TIME_LIMIT,99626,0,0,14,13
5,8,360594.0,-1.1680769326944132,-0.8619484131774695,TIME_LIMIT,99663,0,0,14,8
5,8,360664.0,-1.1680769326944132,-0.8619484131774695,TIME_LIMIT,99681,0,0,17,7
5,8,360735.0,-1.168072811086905,-0.8619484131774695,TIME_LIMIT,99713,0,0,15,7
5,8,360832.0,-1.168072811086905,-0.8619484131774695,TIME_LIMIT,99732,0,0,4,13
5,8,360937.0,-1.1680697478208828,-0.8619484131774695,TIME_LIMIT,99762,0,0,13,2
5,8,361145.0,-1.1680697478208828,-0.8619484131774695,TIME_LIMIT,99787,0,0,10,27
5,8,361221.0,-1.16805955047093,-0.8619484131774695,TIME_LIMIT,99824,0,0,8,8
5,8,361325.0,-1.16805955047093,-0.8619484131774695,TIME_LIMIT,99848,0,0,8,9
5,8,361394.0,-1.1679855987226964,-0.8619484131774695,TIME_LIMIT,99872,0,0,11,8
5,8,361486.0,-1.1679855987226964,-0.8619484131774695,TIME_LIMIT,99897,0,0,20,12
5,8,361572.0,-1.1679510764555951,-0.8619484131774695,TIME_LIMIT,99919,0,0,16,8
5,8,361785.0,-1.1679510764555951,-0.8619484131774695,TIME_LIMIT,99939,0,0,19,16
5,8,361926.0,-1.1679224218590245,-0.8619484131774695,TIME_LIMIT,99975,0,0,6,10
5,8,361990.0,-1.1679224218590245,-0.8619484131774695,TIME_LIMIT,100000,0,0,13,8
5,8,362058.0,-1.1678893807343853,-0.8619484131774695,TIME_LIMIT,100019,0,0,8,9
5,8,362158.0,-1.1678893807343853,-0.8619484131774695,TIME_LIMIT,100040,0,0,18,14
5,8,362309.0,-1.1678877176390814,-0.8619484131774695,TIME_LIMIT,100070,0,0,14,10
5,8,362394.0,-1.1678877176390814,-0.8619484131774695,TIME_LIMIT,100092,0,0,9,10
5,8,362587.0,-1.1678681932429602,-0.8619484131774695,TIME_LIMIT,100127,0,0,9,12
5,8,362657.0,-1.1678681932429602,-0.8619484131774695,TIME_LIMIT,100151,0,0,14,17
5,8,362787.0,-1.1678667175848436,-0.8619484131774695,TIME_LIMIT,100187,0,0,15,9
5,8,362901.0,-1.1678667175848436,-0.8619484131774695,TIME_LIMIT,100208,0,0,22,25
5,8,363128.0,-1.1678658209636827,-0.8619484131774695,TIME_LIMIT,100245,0,0,15,10
5,8,363324.0,-1.1678658209636827,-0.8619484131774695,TIME_LIMIT,100277,0,0,17,15
5,8,363475.0,-1.1678636945581233,-0.8619484131774695,TIME_LIMIT,100306,0,0,20,13
5,8,363506.0,-1.1678636945581233,-0.8619484131774695,TIME_LIMIT,100315,0,0,5,4
5,8,363514.0,-1.1678420855996452,-0.8619484131774695,TIME_LIMIT,100324,0,0,2,0
5,8,363711.0,-1.1678420855996452,-0.8619484131774695,TIME_LIMIT,100348,0,0,18,17
5,8,363776.0,-1.1678386932197289,-0.8619484131774695,TIME_LIMIT,100376,0,0,11,8
5,8,363825.0,-1.1678386932197289,-0.8619484131774695,TIME_LIMIT,100394,0,0,10,4
5,8,363885.0,-1.1677800263716231,-0.8619484131774695,TIME_LIMIT,100414,0,0,9,3
5,8,364014.0,-1.1677800263716231,-0.8619484131774695,TIME_LIMIT,100449,0,0,19,20
5,8,364133.0,-1.1677662786069127,-0.8619484131774695,TIME_LIMIT,100480,0,0,11,8
5,8,364246.0,-1.1677662786069127,-0.8619484131774695,TIME_LIMIT,100501,0,0,12,8
5,8,364353.0,-1.167729063764821,-0.8619484131774695,TIME_LIMIT,100523,0,0,11,6
5,8,364534.0,-1.167729063764821,-0.8619484131774695,TIME_LIMIT,100550,0,0,20,15
5,8,364722.0,-1.167726961102392,-0.8619484131774695,TIME_LIMIT,100592,0,0,8,6
5,8,364837.0,-1.167726961102392,-0.8619484131774695,TIME_LIMIT,100610,0,0,13,9
5,8,364888.0,-1.1677098087190985,-0.8619484131774695,TIME_LIMIT,100634,0,0,13,3
5,8,365035.0,-1.1677098087190985,-0.8619484131774695,TIME_LIMIT,100665,0,0,16,17
5,8,365186.0,-1.1677084218107197,-0.8619484131774695,TIME_LIMIT,100692,0,0,13,6
5,8,365253.0,-1.1677084218107197,-0.8619484131774695,TIME_LIMIT,100715,0,0,6,10
5,8,365339.0,-1.1676004304295393,-0.8619484131774695,TIME_LIMIT,100745,0,0,8,2
5,8,365464.0,-1.1676004304295393,-0.8619484131774695,TIME_LIMIT,100769,0,0,11,15
5,8,365579.0,-1.1675852140548941,-0.8619484131774695,TIME_LIMIT,100804,0,0,10,11
5,8,365609.0,-1.1675852140548941,-0.8619484131774695,TIME_LIMIT,100821,0,0,13,8
5,8,365650.0,-1.1675844721260076,-0.8619484131774695,TIME_LIMIT,100839,0,0,9,4
5,8,365722.0,-1.1675844721260076,-0.8619484131774695,TIME_LIMIT,100862,0,0,19,7
5,8,365770.0,-1.1675648054468946,-0.8619484131774695,TIME_LIMIT,100880,0,0,7,4
5,8,365811.0,-1.1675648054468946,-0.8619484131774695,TIME_LIMIT,100901,0,0,20,15
5,8,366053.0,-1.1675327062175909,-0.8619484131774695,TIME_LIMIT,100938,0,0,15,10
5,8,366184.0,-1.1675327062175909,-0.8619484131774695,TIME_LIMIT,100954,0,0,9,16
5,8,366261.0,-1.1675121875626955,-0.8619484131774695,TIME_LIMIT,100985,0,0,11,6
5,8,366335.0,-1.1675121875626955,-0.8619484131774695,TIME_LIMIT,101011,0,0,13,11
5,8,366433.0,-1.167469599740724,-0.8619484131774695,TIME_LIMIT,101031,0,0,13,2
5,8,366501.0,-1.167469599740724,-0.8619484131774695,TIME_LIMIT,101049,0,0,10,8
5,8,366574.0,-1.1674367625298003,-0.8619484131774695,TIME_LIMIT,101073,0,0,16,3
5,8,366676.0,-1.1674367625298003,-0.8619484131774695,TIME_LIMIT,101092,0,0,8,10
5,8,366750.0,-1.167434381345824,-0.8619484131774695,TIME_LIMIT,101124,0,0,17,6
5,8,366797.0,-1.167434381345824,-0.8619484131774695,TIME_LIMIT,101139,0,0,7,9
5,8,366816.0,-1.1673763653049596,-0.8619484131774695,TIME_LIMIT,101156,0,0,5,4
5,8,367026.0,-1.1673763653049596,-0.8619484131774695,TIME_LIMIT,101182,0,0,14,11
5,8,367114.0,-1.1673513555856871,-0.8619484131774695,TIME_LIMIT,101216,0,0,12,4
5,8,367171.0,-1.1673513555856871,-0.8619484131774695,TIME_LIMIT,101235,0,0,8,12
5,8,367243.0,-1.1673447259948369,-0.8619484131774695,TIME_LIMIT,101260,0,0,5,5
5,8,367328.0,-1.1673447259948369,-0.8619484131774695,TIME_LIMIT,101285,0,0,13,12
5,8,367381.0,-1.1673097641228471,-0.8619484131774695,TIME_LIMIT,101304,0,0,9,8
5,8,367449.0,-1.1673097641228471,-0.8619484131774695,TIME_LIMIT,101329,0,0,13,13
5,8,367591.0,-1.1673065849737763,-0.8619484131774695,TIME_LIMIT,101350,0,0,6,11
5,8,367776.0,-1.1673065849737763,-0.8619484131774695,TIME_LIMIT,101376,0,0,15,8
5,8,367853.0,-1.1672898267703493,-0.8619484131774695,TIME_LIMIT,101398,0,0,12,4
5,8,367919.0,-1.1672898267703493,-0.8619484131774695,TIME_LIMIT,101424,0,0,17,15
5,8,367975.0,-1.1672708418696862,-0.8619484131774695,TIME_LIMIT,101453,0,0,6,9
5,8,368037.0,-1.1672708418696862,-0.8619484131774695,TIME_LIMIT,101478,0,0,8,4
5,8,368114.0,-1.1672634193237068,-0.8619484131774695,TIME_LIMIT,101503,0,0,16,10
5,8,368313.0,-1.1672634193237068,-0.8619484131774695,TIME_LIMIT,101536,0,0,22,14
5,8,368536.0,-1.16725246247671,-0.8619484131774695,TIME_LIMIT,101559,0,0,16,3
5,8,368648.0,-1.16725246247671,-0.8619484131774695,TIME_LIMIT,101581,0,0,11,18
5,8,368734.0,-1.1672438964281513,-0.8619484131774695,TIME_LIMIT,101618,0,0,15,11
5,8,368853.0,-1.1672438964281513,-0.8619484131774695,TIME_LIMIT,101647,0,0,17,8
5,8,369004.0,-1.1672274466845862,-0.8619484131774695,TIME_LIMIT,101682,0,0,4,8
5,8,369064.0,-1.1672274466845862,-0.8619484131774695,TIME_LIMIT,101702,0,0,14,10
5,8,369126.0,-1.1672246546331206,-0.8619484131774695,TIME_LIMIT,101728,0,0,8,4
5,8,369195.0,-1.1672246546331206,-0.8619484131774695,TIME_LIMIT,101751,0,0,10,6
5,8,369249.0,-1.1672193668956636,-0.8619484131774695,TIME_LIMIT,101771,0,0,10,3
5,8,369347.0,-1.1672193668956636,-0.8619484131774695,TIME_LIMIT,101799,0,0,23,22
5,8,369474.0,-1.1672029210940071,-0.8619484131774695,TIME_LIMIT,101839,0,0,14,11
5,8,369590.0,-1.1672029210940071,-0.8619484131774695,TIME_LIMIT,101861,0,0,10,10
5,8,369680.0,-1.1671030819733155,-0.8619484131774695,TIME_LIMIT,101892,0,0,4,3
5,8,369735.0,-1.1671030819733155,-0.8619484131774695,TIME_LIMIT,101912,0,0,11,20
5,8,369791.0,-1.1670923475174153,-0.8619484131774695,TIME_LIMIT,101938,0,0,2,4
5,8,369882.0,-1.1670923475174153,-0.8619484131774695,TIME_LIMIT,101967,0,0,17,22
5,8,369952.0,-1.1670601084642462,-0.8619484131774695,TIME_LIMIT,101995,0,0,17,10
5,8,370193.0,-1.1670601084642462,-0.8619484131774695,TIME_LIMIT,102027,0,0,18,21
5,8,370386.0,-1.1670208760425453,-0.8619484131774695,TIME_LIMIT,102063,0,0,11,9
5,8,370425.0,-1.1670208760425453,-0.8619484131774695,TIME_LIMIT,102084,0,0,17,15
5,8,370522.0,-1.1670095609123325,-0.8619484131774695,TIME_LIMIT,102118,0,0,9,7
5,8,370637.0,-1.1670095609123325,-0.8619484131774695,TIME_LIMIT,102139,0,0,8,7
5,8,370784.0,-1.1669991306129504,-0.8619484131774695,TIME_LIMIT,102173,0,0,12,9
5,8,370875.0,-1.1669991306129504,-0.8619484131774695,TIME_LIMIT,102194,0,0,18,18
5,8,371026.0,-1.1669527498994876,-0.8619484131774695,TIME_LIMIT,102216,0,0,10,9
5,8,371106.0,-1.1669527498994876,-0.8619484131774695,TIME_LIMIT,102241,0,0,19,17
5,8,371365.0,-1.166935763628906,-0.8619484131774695,TIME_LIMIT,102277,0,0,11,13
5,8,371520.0,-1.166935763628906,-0.8619484131774695,TIME_LIMIT,102302,0,0,23,18
5,8,371590.0,-1.166853243541027,-0.8619484131774695,TIME_LIMIT,102330,0,0,5,12
5,8,371785.0,-1.166853243541027,-0.8619484131774695,TIME_LIMIT,102357,0,0,11,7
5,8,372048.0,-1.1668525070360132,-0.8619484131774695,TIME_LIMIT,102379,0,0,16,10
5,8,372201.0,-1.1668525070360132,-0.8619484131774695,TIME_LIMIT,102402,0,0,18,11
5,8,372299.0,-1.166829300437867,-0.8619484131774695,TIME_LIMIT,102432,0,0,13,5
5,8,372430.0,-1.166829300437867,-0.8619484131774695,TIME_LIMIT,102458,0,0,14,23
5,8,372612.0,-1.1667932012613291,-0.8619484131774695,TIME_LIMIT,102499,0,0,18,8
5,8,372819.0,-1.1667932012613291,-0.8619484131774695,TIME_LIMIT,102524,0,0,16,9
5,8,373015.0,-1.1667826039802769,-0.8619484131774695,TIME_LIMIT,102552,0,0,15,12
5,8,373137.0,-1.1667826039802769,-0.8619484131774695,TIME_LIMIT,102585,0,0,12,11
5,8,373170.0,-1.1667399534252483,-0.8619484131774695,TIME_LIMIT,102602,0,0,11,8
5,8,373283.0,-1.1667399534252483,-0.8619484131774695,TIME_LIMIT,102626,0,0,21,23
5,8,373412.0,-1.1667154375069542,-0.8619484131774695,TIME_LIMIT,102664,0,0,15,12
5,8,373490.0,-1.1667154375069542,-0.8619484131774695,TIME_LIMIT,102685,0,0,9,11
5,8,373546.0,-1.166654453247724,-0.8619484131774695,TIME_LIMIT,102709,0,0,8,10
5,8,373643.0,-1.166654453247724,-0.8619484131774695,TIME_LIMIT,102738,0,0,10,8
5,8,373852.0,-1.1666414611543279,-0.8619484131774695,TIME_LIMIT,102765,0,0,13,16
5,8,374029.0,-1.1666414611543279,-0.8619484131774695,TIME_LIMIT,102796,0,0,10,14
5,8,374084.0,-1.1666212628310357,-0.8619484131774695,TIME_LIMIT,102819,0,0,12,12
5,8,374209.0,-1.1666212628310357,-0.8619484131774695,TIME_LIMIT,102841,0,0,10,10
5,8,374341.0,-1.1665616090964186,-0.8619484131774695,TIME_LIMIT,102878,0,0,18,8
5,8,374404.0,-1.1665616090964186,-0.8619484131774695,TIME_LIMIT,102903,0,0,18,11
5,8,374481.0,-1.166512577468267,-0.8619484131774695,TIME_LIMIT,102934,0,0,15,12
5,8,374608.0,-1.166512577468267,-0.8619484131774695,TIME_LIMIT,102964,0,0,17,10
5,8,374702.0,-1.1665055503994948,-0.8619484131774695,TIME_LIMIT,102988,0,0,6,10
5,8,374941.0,-1.1665055503994948,-0.8619484131774695,TIME_LIMIT,103018,0,0,16,13
5,8,375072.0,-1.1664878490153812,-0.8619484131774695,TIME_LIMIT,103044,0,0,17,7
5,8,375152.0,-1.1664878490153812,-0.8619484131774695,TIME_LIMIT,103071,0,0,15,21
5,8,375260.0,-1.1664847884523544,-0.8619484131774695,TIME_LIMIT,103097,0,0,17,10
5,8,375309.0,-1.1664847884523544,-0.8619484131774695,TIME_LIMIT,103119,0,0,16,17
5,8,375416.0,-1.166452810487568,-0.8619484131774695,TIME_LIMIT,103147,0,0,9,5
5,8,375497.0,-1.166452810487568,-0.8619484131774695,TIME_LIMIT,103171,0,0,12,11
5,8,375550.0,-1.1664438948857294,-0.8619484131774695,TIME_LIMIT,103192,0,0,14,7
5,8,375629.0,-1.1664438948857294,-0.8619484131774695,TIME_LIMIT,103213,0,0,15,10
5,8,375682.0,-1.1664336219612599,-0.8619484131774695,TIME_LIMIT,103236,0,0,17,6
5,8,375702.0,-1.1664336219612599,-0.8619484131774695,TIME_LIMIT,103254,0,0,8,10
5,8,375765.0,-1.1664249106171498,-0.8619484131774695,TIME_LIMIT,103277,0,0,10,4
5,8,375823.0,-1.1664249106171498,-0.8619484131774695,TIME_LIMIT,103298,0,0,20,13
5,8,375915.0,-1.1663797704401964,-0.8619484131774695,TIME_LIMIT,103319,0,0,15,8
5,8,375985.0,-1.1663797704401964,-0.8619484131774695,TIME_LIMIT,103343,0,0,8,7
5,8,376030.0,-1.1663737811437407,-0.8619484131774695,TIME_LIMIT,103358,0,0,5,4
5,8,376230.0,-1.1663737811437407,-0.8619484131774695,TIME_LIMIT,103385,0,0,15,10
5,8,376321.0,-1.1663628897793687,-0.8619484131774695,TIME_LIMIT,103423,0,0,14,15
5,8,376420.0,-1.1663628897793687,-0.8619484131774695,TIME_LIMIT,103443,0,0,13,9
5,8,376480.0,-1.1663526717083552,-0.8619484131774695,TIME_LIMIT,103462,0,0,11,3
5,8,376536.0,-1.1663526717083552,-0.8619484131774695,TIME_LIMIT,103481,0,0,10,17
5,8,376666.0,-1.1663420013345904,-0.8619484131774695,TIME_LIMIT,103513,0,0,8,7
5,8,376713.0,-1.1663420013345904,-0.8619484131774695,TIME_LIMIT,103532,0,0,18,16
5,8,376834.0,-1.1663305673037443,-0.8619484131774695,TIME_LIMIT,103566,0,0,15,10
5,8,376901.0,-1.1663305673037443,-0.8619484131774695,TIME_LIMIT,103593,0,0,15,9
5,8,376986.0,-1.1663044872237793,-0.8619484131774695,TIME_LIMIT,103615,0,0,14,14
5,8,377021.0,-1.1663044872237793,-0.8619484131774695,TIME_LIMIT,103631,0,0,11,8
5,8,377097.0,-1.1662668041911388,-0.8619484131774695,TIME_LIMIT,103661,0,0,6,3
5,8,377161.0,-1.1662668041911388,-0.8619484131774695,TIME_LIMIT,103686,0,0,5,8
5,8,377238.0,-1.1662366521802023,-0.8619484131774695,TIME_LIMIT,103709,0,0,12,6
5,8,377267.0,-1.1662366521802023,-0.8619484131774695,TIME_LIMIT,103723,0,0,11,14
5,8,377359.0,-1.1662315514835184,-0.8619484131774695,TIME_LIMIT,103746,0,0,5,4
5,8,377460.0,-1.1662315514835184,-0.8619484131774695,TIME_LIMIT,103769,0,0,19,20
5,8,377640.0,-1.1662155118593223,-0.8619484131774695,TIME_LIMIT,103802,0,0,13,6
5,8,377692.0,-1.1662155118593223,-0.8619484131774695,TIME_LIMIT,103823,0,0,9,8
5,8,377724.0,-1.1661632259127193,-0.8619484131774695,TIME_LIMIT,103841,0,0,3,6
5,8,377851.0,-1.1661632259127193,-0.8619484131774695,TIME_LIMIT,103864,0,0,10,15
5,8,377979.0,-1.1661577839821846,-0.8619484131774695,TIME_LIMIT,103901,0,0,11,7
5,8,378143.0,-1.1661577839821846,-0.8619484131774695,TIME_LIMIT,103922,0,0,11,10
5,8,378203.0,-1.1660994613784736,-0.8619484131774695,TIME_LIMIT,103945,0,0,12,3
5,8,378335.0,-1.1660994613784736,-0.8619484131774695,TIME_LIMIT,103970,0,0,10,13
5,8,378399.0,-1.1660977113969155,-0.8619484131774695,TIME_LIMIT,103994,0,0,9,6
5,8,378467.0,-1.1660977113969155,-0.8619484131774695,TIME_LIMIT,104015,0,0,7,9
5,8,378521.0,-1.166096396652109,-0.8619484131774695,TIME_LIMIT,104037,0,0,4,4
5,8,378542.0,-1.166096396652109,-0.8619484131774695,TIME_LIMIT,104049,0,0,10,9
5,8,378634.0,-1.1660857894646732,-0.8619484131774695,TIME_LIMIT,104075,0,0,8,5
5,8,378737.0,-1.1660857894646732,-0.8619484131774695,TIME_LIMIT,104095,0,0,13,13
5,8,378888.0,-1.1660818510129813,-0.8619484131774695,TIME_LIMIT,104134,0,0,10,10
5,8,378988.0,-1.1660818510129813,-0.8619484131774695,TIME_LIMIT,104158,0,0,15,19
5,8,379084.0,-1.1660380403021495,-0.8619484131774695,TIME_LIMIT,104188,0,0,14,4
5,8,379107.0,-1.1660380403021495,-0.8619484131774695,TIME_LIMIT,104203,0,0,5,5
5,8,379173.0,-1.166028121432252,-0.8619484131774695,TIME_LIMIT,104225,0,0,4,6
5,8,379261.0,-1.166028121432252,-0.8619484131774695,TIME_LIMIT,104250,0,0,8,24
5,8,379360.0,-1.1660081109255345,-0.8619484131774695,TIME_LIMIT,104283,0,0,12,6
5,8,379394.0,-1.1660081109255345,-0.8619484131774695,TIME_LIMIT,104306,0,0,17,9
5,8,379454.0,-1.1659922465310293,-0.8619484131774695,TIME_LIMIT,104322,0,0,7,4
5,8,379577.0,-1.1659922465310293,-0.8619484131774695,TIME_LIMIT,104341,0,0,14,17
5,8,379666.0,-1.1659882438420455,-0.8619484131774695,TIME_LIMIT,104375,0,0,16,13
5,8,379726.0,-1.1659882438420455,-0.8619484131774695,TIME_LIMIT,104392,0,0,6,6
5,8,379744.0,-1.1659604195247455,-0.8619484131774695,TIME_LIMIT,104409,0,0,7,3
5,8,379891.0,-1.1659604195247455,-0.8619484131774695,TIME_LIMIT,104434,0,0,8,15
5,8,380084.0,-1.1659483591635464,-0.8619484131774695,TIME_LIMIT,104478,0,0,14,12
5,8,380148.0,-1.1659483591635464,-0.8619484131774695,TIME_LIMIT,104501,0,0,4,10
5,8,380207.0,-1.1659461017547512,-0.8619484131774695,TIME_LIMIT,104529,0,0,8,8
5,8,380249.0,-1.1659461017547512,-0.8619484131774695,TIME_LIMIT,104546,0,0,11,6
5,8,380337.0,-1.1659393037114172,-0.8619484131774695,TIME_LIMIT,104565,0,0,11,5
5,8,380397.0,-1.1659393037114172,-0.8619484131774695,TIME_LIMIT,104585,0,0,14,18
5,8,380464.0,-1.165936497270569,-0.8619484131774695,TIME_LIMIT,104612,0,0,6,6
5,8,380546.0,-1.165936497270569,-0.8619484131774695,TIME_LIMIT,104636,0,0,20,23
5,8,380657.0,-1.1659248553506742,-0.8619484131774695,TIME_LIMIT,104668,0,0,8,9
5,8,380733.0,-1.1659248553506742,-0.8619484131774695,TIME_LIMIT,104694,0,0,19,17
5,8,380810.0,-1.1659017335789785,-0.8619484131774695,TIME_LIMIT,104715,0,0,17,14
5,8,380871.0,-1.1659017335789785,-0.8619484131774695,TIME_LIMIT,104737,0,0,14,13
5,8,381005.0,-1.1659012419331178,-0.8619484131774695,TIME_LIMIT,104776,0,0,14,10
5,8,381070.0,-1.1659012419331178,-0.8619484131774695,TIME_LIMIT,104800,0,0,8,7
5,8,381134.0,-1.1658818629339307,-0.8619484131774695,TIME_LIMIT,104819,0,0,8,7
5,8,381200.0,-1.1658818629339307,-0.8619484131774695,TIME_LIMIT,104841,0,0,9,13
5,8,381262.0,-1.1658510901210732,-0.8619484131774695,TIME_LIMIT,104864,0,0,7,4
5,8,381341.0,-1.1658510901210732,-0.8619484131774695,TIME_LIMIT,104887,0,0,9,12
5,8,381405.0,-1.1658507628264492,-0.8619484131774695,TIME_LIMIT,104911,0,0,13,5
5,8,381449.0,-1.1658507628264492,-0.8619484131774695,TIME_LIMIT,104928,0,0,12,16
5,8,381604.0,-1.165832009203315,-0.8619484131774695,TIME_LIMIT,104967,0,0,19,9
5,8,381632.0,-1.165832009203315,-0.8619484131774695,TIME_LIMIT,104983,0,0,7,7
5,8,381686.0,-1.1658011690752292,-0.8619484131774695,TIME_LIMIT,105004,0,0,7,3
5,8,381827.0,-1.1658011690752292,-0.8619484131774695,TIME_LIMIT,105028,0,0,12,15
5,8,381884.0,-1.1657976342093685,-0.8619484131774695,TIME_LIMIT,105049,0,0,11,6
5,8,382015.0,-1.1657976342093685,-0.8619484131774695,TIME_LIMIT,105078,0,0,17,15
5,8,382094.0,-1.1657304485869304,-0.8619484131774695,TIME_LIMIT,105101,0,0,12,7
5,8,382156.0,-1.1657304485869304,-0.8619484131774695,TIME_LIMIT,105122,0,0,13,13
5,8,382206.0,-1.1657169139982242,-0.8619484131774695,TIME_LIMIT,105147,0,0,9,8
5,8,382401.0,-1.1657169139982242,-0.8619484131774695,TIME_LIMIT,105174,0,0,14,19
5,8,382495.0,-1.1656959900209198,-0.8619484131774695,TIME_LIMIT,105195,0,0,11,6
5,8,382572.0,-1.1656959900209198,-0.8619484131774695,TIME_LIMIT,105218,0,0,15,10
5,8,382661.0,-1.1656867537926412,-0.8619484131774695,TIME_LIMIT,105243,0,0,14,9
5,8,382713.0,-1.1656867537926412,-0.8619484131774695,TIME_LIMIT,105263,0,0,9,11
5,8,382769.0,-1.1656693777309295,-0.8619484131774695,TIME_LIMIT,105282,0,0,9,1
5,8,382845.0,-1.1656693777309295,-0.8619484131774695,TIME_LIMIT,105303,0,0,15,16
5,8,382940.0,-1.1656590078651634,-0.8619484131774695,TIME_LIMIT,105332,0,0,12,8
5,8,383047.0,-1.1656590078651634,-0.8619484131774695,TIME_LIMIT,105358,0,0,14,12
5,8,383117.0,-1.1656231637074153,-0.8619484131774695,TIME_LIMIT,105387,0,0,12,9
5,8,383206.0,-1.1656231637074153,-0.8619484131774695,TIME_LIMIT,105414,0,0,12,17
5,8,383304.0,-1.1655452361139786,-0.8619484131774695,TIME_LIMIT,105442,0,0,7,6
5,8,383471.0,-1.1655452361139786,-0.8619484131774695,TIME_LIMIT,105464,0,0,12,9
5,8,383600.0,-1.1655106246299172,-0.8619484131774695,TIME_LIMIT,105497,0,0,11,5
5,8,384309.0,-1.1655106246299172,-0.8619484131774695,TIME_LIMIT,105525,0,0,19,19
5,8,384517.0,-1.1654782995016268,-0.8619484131774695,TIME_LIMIT,105563,0,0,9,6
5,8,384623.0,-1.1654782995016268,-0.8619484131774695,TIME_LIMIT,105586,0,0,12,11
5,8,384667.0,-1.1654559849505466,-0.8619484131774695,TIME_LIMIT,105602,0,0,12,7
5,8,384776.0,-1.1654559849505466,-0.8619484131774695,TIME_LIMIT,105632,0,0,23,17
5,8,384889.0,-1.1654444508106787,-0.8619484131774695,TIME_LIMIT,105660,0,0,16,12
5,8,384946.0,-1.1654444508106787,-0.8619484131774695,TIME_LIMIT,105681,0,0,19,20
5,8,385060.0,-1.1654276660814271,-0.8619484131774695,TIME_LIMIT,105716,0,0,10,8
5,8,385142.0,-1.1654276660814271,-0.8619484131774695,TIME_LIMIT,105743,0,0,5,15
5,8,385220.0,-1.1654041495994174,-0.8619484131774695,TIME_LIMIT,105766,0,0,11,8
5,8,385328.0,-1.1654041495994174,-0.8619484131774695,TIME_LIMIT,105791,0,0,20,19
5,8,385395.0,-1.1653043147920132,-0.8619484131774695,TIME_LIMIT,105825,0,0,10,7
5,8,385438.0,-1.1653043147920132,-0.8619484131774695,TIME_LIMIT,105846,0,0,13,7
5,8,385478.0,-1.165278380819271,-0.8619484131774695,TIME_LIMIT,105859,0,0,10,4
5,8,385677.0,-1.165278380819271,-0.8619484131774695,TIME_LIMIT,105885,0,0,14,23
5,8,385795.0,-1.1652487083145135,-0.8619484131774695,TIME_LIMIT,105921,0,0,13,8
5,8,386022.0,-1.1652487083145135,-0.8619484131774695,TIME_LIMIT,105946,0,0,14,12
5,8,386108.0,-1.1652364109133904,-0.8619484131774695,TIME_LIMIT,105966,0,0,11,2
5,8,386183.0,-1.1652364109133904,-0.8619484131774695,TIME_LIMIT,105987,0,0,5,6
5,8,386318.0,-1.1652175941098317,-0.8619484131774695,TIME_LIMIT,106024,0,0,10,10
5,8,386385.0,-1.1652175941098317,-0.8619484131774695,TIME_LIMIT,106040,0,0,14,11
5,8,386406.0,-1.16521303014119,-0.8619484131774695,TIME_LIMIT,106056,0,0,1,2
5,8,386462.0,-1.16521303014119,-0.8619484131774695,TIME_LIMIT,106077,0,0,9,8
5,8,386547.0,-1.1651950603933052,-0.8619484131774695,TIME_LIMIT,106103,0,0,11,6
5,8,386761.0,-1.1651950603933052,-0.8619484131774695,TIME_LIMIT,106125,0,0,17,25
5,8,386826.0,-1.1651939534935736,-0.8619484131774695,TIME_LIMIT,106150,0,0,11,2
5,8,387021.0,-1.1651939534935736,-0.8619484131774695,TIME_LIMIT,106180,0,0,17,23
5,8,387277.0,-1.1651934910871,-0.8619484131774695,TIME_LIMIT,106211,0,0,12,6
5,8,387394.0,-1.1651934910871,-0.8619484131774695,TIME_LIMIT,106235,0,0,22,11
5,8,387624.0,-1.1651263402696015,-0.8619484131774695,TIME_LIMIT,106276,0,0,10,11
5,8,387686.0,-1.1651263402696015,-0.8619484131774695,TIME_LIMIT,106298,0,0,5,9
5,8,387769.0,-1.165117815867601,-0.8619484131774695,TIME_LIMIT,106322,0,0,14,0
5,8,387856.0,-1.165117815867601,-0.8619484131774695,TIME_LIMIT,106342,0,0,22,21
5,8,387926.0,-1.1650876841098918,-0.8619484131774695,TIME_LIMIT,106371,0,0,10,4
5,8,387997.0,-1.1650876841098918,-0.8619484131774695,TIME_LIMIT,106391,0,0,6,5
5,8,388052.0,-1.1650748127361479,-0.8619484131774695,TIME_LIMIT,106403,0,0,7,5
5,8,388200.0,-1.1650748127361479,-0.8619484131774695,TIME_LIMIT,106429,0,0,7,7
5,8,388284.0,-1.1650600080492226,-0.8619484131774695,TIME_LIMIT,106454,0,0,8,5
5,8,388470.0,-1.1650600080492226,-0.8619484131774695,TIME_LIMIT,106481,0,0,14,10
5,8,388587.0,-1.1650456587518554,-0.8619484131774695,TIME_LIMIT,106508,0,0,6,8
5,8,388616.0,-1.1650456587518554,-0.8619484131774695,TIME_LIMIT,106527,0,0,16,9
5,8,388739.0,-1.1649970685315816,-0.8619484131774695,TIME_LIMIT,106557,0,0,10,6
5,8,388824.0,-1.1649970685315816,-0.8619484131774695,TIME_LIMIT,106579,0,0,12,12
5,8,389039.0,-1.164979852596625,-0.8619484131774695,TIME_LIMIT,106619,0,0,18,12
5,8,389104.0,-1.164979852596625,-0.8619484131774695,TIME_LIMIT,106640,0,0,16,13
5,8,389226.0,-1.164979489769789,-0.8619484131774695,TIME_LIMIT,106675,0,0,10,6
5,8,389446.0,-1.164979489769789,-0.8619484131774695,TIME_LIMIT,106702,0,0,19,22
5,8,389472.0,-1.1649784349955743,-0.8619484131774695,TIME_LIMIT,106720,0,0,9,5
5,8,389638.0,-1.1649784349955743,-0.8619484131774695,TIME_LIMIT,106746,0,0,18,10
5,8,389714.0,-1.164930048944047,-0.8619484131774695,TIME_LIMIT,106772,0,0,10,12
5,8,389785.0,-1.164930048944047,-0.8619484131774695,TIME_LIMIT,106799,0,0,16,12
5,8,389854.0,-1.1649195413726647,-0.8619484131774695,TIME_LIMIT,106821,0,0,13,6
5,8,389923.0,-1.1649195413726647,-0.8619484131774695,TIME_LIMIT,106839,0,0,15,14
5,8,390068.0,-1.1649184813859308,-0.8619484131774695,TIME_LIMIT,106868,0,0,6,12
5,8,390128.0,-1.1649184813859308,-0.8619484131774695,TIME_LIMIT,106889,0,0,4,9
5,8,390208.0,-1.1649014201922656,-0.8619484131774695,TIME_LIMIT,106909,0,0,8,9
5,8,390381.0,-1.1649014201922656,-0.8619484131774695,TIME_LIMIT,106936,0,0,19,24
5,8,390511.0,-1.1648975590385946,-0.8619484131774695,TIME_LIMIT,106977,0,0,17,12
5,8,390583.0,-1.1648975590385946,-0.8619484131774695,TIME_LIMIT,106998,0,0,14,15
5,8,390663.0,-1.1648896671968865,-0.8619484131774695,TIME_LIMIT,107033,0,0,13,8
5,8,390738.0,-1.1648896671968865,-0.8619484131774695,TIME_LIMIT,107055,0,0,10,15
5,8,390801.0,-1.1648843159164792,-0.8619484131774695,TIME_LIMIT,107077,0,0,15,4
5,8,390887.0,-1.1648843159164792,-0.8619484131774695,TIME_LIMIT,107102,0,0,11,8
5,8,390960.0,-1.1648780176886198,-0.8619484131774695,TIME_LIMIT,107131,0,0,11,5
5,8,391024.0,-1.1648780176886198,-0.8619484131774695,TIME_LIMIT,107151,0,0,10,5
5,8,391076.0,-1.164753603228441,-0.8619484131774695,TIME_LIMIT,107175,0,0,6,4
5,8,391114.0,-1.164753603228441,-0.8619484131774695,TIME_LIMIT,107196,0,0,11,9
5,8,391164.0,-1.1647503823889167,-0.8619484131774695,TIME_LIMIT,107211,0,0,2,5
5,8,391288.0,-1.1647503823889167,-0.8619484131774695,TIME_LIMIT,107238,0,0,17,8
5,8,391370.0,-1.1647200035547856,-0.8619484131774695,TIME_LIMIT,107260,0,0,10,6
5,8,391438.0,-1.1647200035547856,-0.8619484131774695,TIME_LIMIT,107280,0,0,14,11
5,8,391533.0,-1.164680086851612,-0.8619484131774695,TIME_LIMIT,107310,0,0,11,5
5,8,391747.0,-1.164680086851612,-0.8619484131774695,TIME_LIMIT,107337,0,0,27,17
5,8,391907.0,-1.1646398315599236,-0.8619484131774695,TIME_LIMIT,107365,0,0,19,17
5,8,392048.0,-1.1646398315599236,-0.8619484131774695,TIME_LIMIT,107389,0,0,14,17
5,8,392108.0,-1.1646333363183616,-0.8619484131774695,TIME_LIMIT,107406,0,0,9,3
5,8,392272.0,-1.1646333363183616,-0.8619484131774695,TIME_LIMIT,107433,0,0,15,22
5,8,392382.0,-1.1646302866432432,-0.8619484131774695,TIME_LIMIT,107468,0,0,13,12
5,8,392444.0,-1.1646302866432432,-0.8619484131774695,TIME_LIMIT,107488,0,0,11,16
5,8,392581.0,-1.164604790845826,-0.8619484131774695,TIME_LIMIT,107529,0,0,16,11
5,8,392711.0,-1.164604790845826,-0.8619484131774695,TIME_LIMIT,107549,0,0,18,15
5,8,392834.0,-1.1645916525853108,-0.8619484131774695,TIME_LIMIT,107577,0,0,11,5
5,8,392933.0,-1.1645916525853108,-0.8619484131774695,TIME_LIMIT,107601,0,0,9,11
5,8,393063.0,-1.1644780543586544,-0.8619484131774695,TIME_LIMIT,107620,0,0,9,0
5,8,393187.0,-1.1644780543586544,-0.8619484131774695,TIME_LIMIT,107650,0,0,18,16
5,8,393258.0,-1.1644626061482781,-0.8619484131774695,TIME_LIMIT,107670,0,0,12,9
5,8,393303.0,-1.1644626061482781,-0.8619484131774695,TIME_LIMIT,107688,0,0,11,7
5,8,393340.0,-1.164439876758942,-0.8619484131774695,TIME_LIMIT,107708,0,0,6,0
5,8,393466.0,-1.164439876758942,-0.8619484131774695,TIME_LIMIT,107729,0,0,22,29
5,8,393710.0,-1.1644345686648219,-0.8619484131774695,TIME_LIMIT,107766,0,0,10,10
5,8,393777.0,-1.1644345686648219,-0.8619484131774695,TIME_LIMIT,107787,0,0,5,7
5,8,393854.0,-1.1644273538640375,-0.8619484131774695,TIME_LIMIT,107808,0,0,13,7
5,8,393998.0,-1.1644273538640375,-0.8619484131774695,TIME_LIMIT,107834,0,0,15,16
5,8,394151.0,-1.1644259116363866,-0.8619484131774695,TIME_LIMIT,107873,0,0,12,11
5,8,394264.0,-1.1644259116363866,-0.8619484131774695,TIME_LIMIT,107902,0,0,14,10
5,8,394337.0,-1.1644242633576476,-0.8619484131774695,TIME_LIMIT,107921,0,0,10,5
5,8,394366.0,-1.1644242633576476,-0.8619484131774695,TIME_LIMIT,107944,0,0,8,11
5,8,394438.0,-1.1643155137908576,-0.8619484131774695,TIME_LIMIT,107972,0,0,3,6
5,8,394674.0,-1.1643155137908576,-0.8619484131774695,TIME_LIMIT,108003,0,0,17,12
5,8,394873.0,-1.1643086979752169,-0.8619484131774695,TIME_LIMIT,108033,0,0,20,22
5,8,395126.0,-1.1643086979752169,-0.8619484131774695,TIME_LIMIT,108059,0,0,24,24
5,8,395359.0,-1.1642761416874807,-0.8619484131774695,TIME_LIMIT,108094,0,0,16,8
5,8,395451.0,-1.1642761416874807,-0.8619484131774695,TIME_LIMIT,108113,0,0,19,19
5,8,395569.0,-1.1642175947416966,-0.8619484131774695,TIME_LIMIT,108143,0,0,9,14
5,8,395607.0,-1.1642175947416966,-0.8619484131774695,TIME_LIMIT,108162,0,0,13,4
5,8,395717.0,-1.1642079139242942,-0.8619484131774695,TIME_LIMIT,108192,0,0,5,6
5,8,395857.0,-1.1642079139242942,-0.8619484131774695,TIME_LIMIT,108219,0,0,17,17
5,8,395985.0,-1.1641720859728137,-0.8619484131774695,TIME_LIMIT,108249,0,0,18,6
5,8,396076.0,-1.1641720859728137,-0.8619484131774695,TIME_LIMIT,108269,0,0,17,13
5,8,396218.0,-1.1641557779988674,-0.8619484131774695,TIME_LIMIT,108305,0,0,8,9
5,8,396330.0,-1.1641557779988674,-0.8619484131774695,TIME_LIMIT,108330,0,0,14,16
5,8,396437.0,-1.1641204472470519,-0.8619484131774695,TIME_LIMIT,108356,0,0,15,14
5,8,396557.0,-1.1641204472470519,-0.8619484131774695,TIME_LIMIT,108379,0,0,13,20
5,8,396660.0,-1.16411027875773,-0.8619484131774695,TIME_LIMIT,108404,0,0,18,8
5,8,396724.0,-1.16411027875773,-0.8619484131774695,TIME_LIMIT,108428,0,0,12,19
5,8,396811.0,-1.1641015833563353,-0.8619484131774695,TIME_LIMIT,108449,0,0,8,6
5,8,396855.0,-1.1641015833563353,-0.8619484131774695,TIME_LIMIT,108467,0,0,12,7
5,8,396884.0,-1.16409618799185,-0.8619484131774695,TIME_LIMIT,108486,0,0,8,1
5,8,397050.0,-1.16409618799185,-0.8619484131774695,TIME_LIMIT,108511,0,0,20,24
5,8,397286.0,-1.1640839793802265,-0.8619484131774695,TIME_LIMIT,108551,0,0,16,7
5,8,397354.0,-1.1640839793802265,-0.8619484131774695,TIME_LIMIT,108573,0,0,14,14
5,8,397522.0,-1.1640820352021986,-0.8619484131774695,TIME_LIMIT,108610,0,0,13,12
5,8,397665.0,-1.1640820352021986,-0.8619484131774695,TIME_LIMIT,108639,0,0,16,15
5,8,397778.0,-1.1640545312481874,-0.8619484131774695,TIME_LIMIT,108659,0,0,7,10
5,8,397908.0,-1.1640545312481874,-0.8619484131774695,TIME_LIMIT,108679,0,0,10,7
5,8,398041.0,-1.1640486692400198,-0.8619484131774695,TIME_LIMIT,108708,0,0,10,3
5,8,398243.0,-1.1640486692400198,-0.8619484131774695,TIME_LIMIT,108735,0,0,11,16
5,8,398425.0,-1.1640174844764144,-0.8619484131774695,TIME_LIMIT,108764,0,0,14,11
5,8,398457.0,-1.1640174844764144,-0.8619484131774695,TIME_LIMIT,108790,0,0,5,3
5,8,398509.0,-1.1639835824790041,-0.8619484131774695,TIME_LIMIT,108806,0,0,4,7
5,8,398570.0,-1.1639835824790041,-0.8619484131774695,TIME_LIMIT,108824,0,0,17,13
5,8,398660.0,-1.1639527419373799,-0.8619484131774695,TIME_LIMIT,108850,0,0,9,6
5,8,398739.0,-1.1639527419373799,-0.8619484131774695,TIME_LIMIT,108874,0,0,18,12
5,8,398811.0,-1.16394275872673,-0.8619484131774695,TIME_LIMIT,108896,0,0,11,4
5,8,398878.0,-1.16394275872673,-0.8619484131774695,TIME_LIMIT,108911,0,0,12,13
5,8,398908.0,-1.1639312231353283,-0.8619484131774695,TIME_LIMIT,108929,0,0,6,3
5,8,399008.0,-1.1639312231353283,-0.8619484131774695,TIME_LIMIT,108952,0,0,16,28
5,8,399099.0,-1.163914452651938,-0.8619484131774695,TIME_LIMIT,108988,0,0,14,11
5,8,399317.0,-1.163914452651938,-0.8619484131774695,TIME_LIMIT,109019,0,0,23,31
5,8,399592.0,-1.1638878670981958,-0.8619484131774695,TIME_LIMIT,109058,0,0,18,14
5,8,399766.0,-1.1638878670981958,-0.8619484131774695,TIME_LIMIT,109081,0,0,15,20
5,8,399839.0,-1.1638634228853102,-0.8619484131774695,TIME_LIMIT,109114,0,0,12,9
5,8,399892.0,-1.1638634228853102,-0.8619484131774695,TIME_LIMIT,109141,0,0,3,5
5,8,399954.0,-1.1638321613348115,-0.8619484131774695,TIME_LIMIT,109157,0,0,4,9
5,8,400006.0,-1.1638321613348115,-0.8619484131774695,TIME_LIMIT,109178,0,0,9,5
5,8,400038.0,-1.1638122186497601,-0.8619484131774695,TIME_LIMIT,109197,0,0,8,2
5,8,400148.0,-1.1638122186497601,-0.8619484131774695,TIME_LIMIT,109221,0,0,16,16
5,8,400353.0,-1.1637561688760378,-0.8619484131774695,TIME_LIMIT,109252,0,0,13,7
5,8,400428.0,-1.1637561688760378,-0.8619484131774695,TIME_LIMIT,109275,0,0,11,7
5,8,400469.0,-1.1637265562370227,-0.8619484131774695,TIME_LIMIT,109290,0,0,9,4
5,8,400565.0,-1.1637265562370227,-0.8619484131774695,TIME_LIMIT,109314,0,0,8,10
5,8,400675.0,-1.1636944397166085,-0.8619484131774695,TIME_LIMIT,109342,0,0,14,11
5,8,400737.0,-1.1636944397166085,-0.8619484131774695,TIME_LIMIT,109368,0,0,14,15
5,8,400800.0,-1.163649574960405,-0.8619484131774695,TIME_LIMIT,109398,0,0,17,12
5,8,400815.0,-1.163649574960405,-0.8619484131774695,TIME_LIMIT,109409,0,0,8,8
5,8,400829.0,-1.1636287807691295,-0.8619484131774695,TIME_LIMIT,109423,0,0,4,2
5,8,401002.0,-1.1636287807691295,-0.8619484131774695,TIME_LIMIT,109451,0,0,20,16
5,8,401121.0,-1.1636009055909444,-0.8619484131774695,TIME_LIMIT,109485,0,0,5,6
5,8,401184.0,-1.1636009055909444,-0.8619484131774695,TIME_LIMIT,109506,0,0,17,26
5,8,401294.0,-1.1635760617896083,-0.8619484131774695,TIME_LIMIT,109536,0,0,11,6
5,8,401359.0,-1.1635760617896083,-0.8619484131774695,TIME_LIMIT,109559,0,0,11,15
5,8,401528.0,-1.1635627186867787,-0.8619484131774695,TIME_LIMIT,109585,0,0,10,10
5,8,401638.0,-1.1635627186867787,-0.8619484131774695,TIME_LIMIT,109607,0,0,10,8
5,8,401735.0,-1.1635153725286864,-0.8619484131774695,TIME_LIMIT,109636,0,0,7,3
5,8,401934.0,-1.1635153725286864,-0.8619484131774695,TIME_LIMIT,109668,0,0,22,19
5,8,402048.0,-1.1634859933227284,-0.8619484131774695,TIME_LIMIT,109691,0,0,12,4
5,8,402117.0,-1.1634859933227284,-0.8619484131774695,TIME_LIMIT,109714,0,0,8,12
5,8,402171.0,-1.1634673614965596,-0.8619484131774695,TIME_LIMIT,109735,0,0,9,3
5,8,402341.0,-1.1634673614965596,-0.8619484131774695,TIME_LIMIT,109765,0,0,20,16
5,8,402601.0,-1.1634387107001913,-0.8619484131774695,TIME_LIMIT,109805,0,0,14,6
5,8,402713.0,-1.1634387107001913,-0.8619484131774695,TIME_LIMIT,109826,0,0,22,13
5,8,402829.0,-1.1634025559689114,-0.8619484131774695,TIME_LIMIT,109854,0,0,3,7
5,8,403008.0,-1.1634025559689114,-0.8619484131774695,TIME_LIMIT,109880,0,0,23,29
5,8,403083.0,-1.1633983945536506,-0.8619484131774695,TIME_LIMIT,109900,0,0,11,10
5,8,403122.0,-1.1633983945536506,-0.8619484131774695,TIME_LIMIT,109918,0,0,12,9
5,8,403296.0,-1.1633920759156406,-0.8619484131774695,TIME_LIMIT,109950,0,0,13,6
5,8,403336.0,-1.1633920759156406,-0.8619484131774695,TIME_LIMIT,109965,0,0,13,12
5,8,403426.0,-1.1633908759400198,-0.8619484131774695,TIME_LIMIT,109992,0,0,11,5
5,8,403498.0,-1.1633908759400198,-0.8619484131774695,TIME_LIMIT,110010,0,0,11,14
5,8,403611.0,-1.1633863707004768,-0.8619484131774695,TIME_LIMIT,110041,0,0,9,9
5,8,403672.0,-1.1633863707004768,-0.8619484131774695,TIME_LIMIT,110057,0,0,11,11
5,8,403739.0,-1.1633840396590729,-0.8619484131774695,TIME_LIMIT,110081,0,0,11,4
5,8,403848.0,-1.1633840396590729,-0.8619484131774695,TIME_LIMIT,110109,0,0,10,12
5,8,403950.0,-1.1633546035781186,-0.8619484131774695,TIME_LIMIT,110131,0,0,8,4
5,8,404098.0,-1.1633546035781186,-0.8619484131774695,TIME_LIMIT,110158,0,0,15,12
5,8,404242.0,-1.1633460840307015,-0.8619484131774695,TIME_LIMIT,110182,0,0,9,12
5,8,404313.0,-1.1633460840307015,-0.8619484131774695,TIME_LIMIT,110207,0,0,3,8
5,8,404410.0,-1.1633376240379654,-0.8619484131774695,TIME_LIMIT,110233,0,0,7,5
5,8,404600.0,-1.1633376240379654,-0.8619484131774695,TIME_LIMIT,110263,0,0,20,9
5,8,404729.0,-1.1633129192281522,-0.8619484131774695,TIME_LIMIT,110287,0,0,9,5
5,8,404799.0,-1.1633129192281522,-0.8619484131774695,TIME_LIMIT,110312,0,0,12,17
5,8,404974.0,-1.1633029816241567,-0.8619484131774695,TIME_LIMIT,110354,0,0,13,10
5,8,405069.0,-1.1633029816241567,-0.8619484131774695,TIME_LIMIT,110379,0,0,15,23
5,8,405178.0,-1.1633026371339343,-0.8619484131774695,TIME_LIMIT,110399,0,0,14,14
5,8,405278.0,-1.1633026371339343,-0.8619484131774695,TIME_LIMIT,110426,0,0,19,19
5,8,405388.0,-1.1632992548992296,-0.8619484131774695,TIME_LIMIT,110456,0,0,13,6
5,8,405520.0,-1.1632992548992296,-0.8619484131774695,TIME_LIMIT,110480,0,0,18,18
5,8,405656.0,-1.1632717232588308,-0.8619484131774695,TIME_LIMIT,110521,0,0,10,11
5,8,405794.0,-1.1632717232588308,-0.8619484131774695,TIME_LIMIT,110548,0,0,7,9
5,8,405844.0,-1.1632634017290473,-0.8619484131774695,TIME_LIMIT,110572,0,0,12,8
5,8,405892.0,-1.1632634017290473,-0.8619484131774695,TIME_LIMIT,110581,0,0,9,5
5,8,405950.0,-1.163211524151009,-0.8619484131774695,TIME_LIMIT,110607,0,0,14,2
5,8,406157.0,-1.163211524151009,-0.8619484131774695,TIME_LIMIT,110636,0,0,16,13
5,8,406397.0,-1.1631810352648548,-0.8619484131774695,TIME_LIMIT,110665,0,0,23,9
5,8,406451.0,-1.1631810352648548,-0.8619484131774695,TIME_LIMIT,110685,0,0,12,6
5,8,406472.0,-1.1631588161262716,-0.8619484131774695,TIME_LIMIT,110703,0,0,10,1
5,8,406519.0,-1.1631588161262716,-0.8619484131774695,TIME_LIMIT,110726,0,0,10,14
5,8,406620.0,-1.163151522322562,-0.8619484131774695,TIME_LIMIT,110749,0,0,9,7
5,8,406773.0,-1.163151522322562,-0.8619484131774695,TIME_LIMIT,110774,0,0,18,10
5,8,406855.0,-1.163112277691332,-0.8619484131774695,TIME_LIMIT,110802,0,0,10,6
5,8,407019.0,-1.163112277691332,-0.8619484131774695,TIME_LIMIT,110821,0,0,14,20
5,8,407154.0,-1.1631082313577923,-0.8619484131774695,TIME_LIMIT,110859,0,0,17,9
5,8,407183.0,-1.1631082313577923,-0.8619484131774695,TIME_LIMIT,110875,0,0,4,8
5,8,407202.0,-1.163080688183746,-0.8619484131774695,TIME_LIMIT,110889,0,0,3,5
5,8,407227.0,-1.163080688183746,-0.8619484131774695,TIME_LIMIT,110907,0,0,15,11
5,8,407294.0,-1.1630772207704994,-0.8619484131774695,TIME_LIMIT,110933,0,0,9,7
5,8,407406.0,-1.1630772207704994,-0.8619484131774695,TIME_LIMIT,110954,0,0,17,10
5,8,407451.0,-1.1630573406516795,-0.8619484131774695,TIME_LIMIT,110975,0,0,14,5
5,8,407662.0,-1.1630573406516795,-0.8619484131774695,TIME_LIMIT,111000,0,0,19,7
5,8,407816.0,-1.1630474695296351,-0.8619484131774695,TIME_LIMIT,111023,0,0,15,7
5,8,407944.0,-1.1630474695296351,-0.8619484131774695,TIME_LIMIT,111047,0,0,16,24
5,8,408163.0,-1.16298824402564,-0.8619484131774695,TIME_LIMIT,111085,0,0,24,8
5,8,408270.0,-1.16298824402564,-0.8619484131774695,TIME_LIMIT,111103,0,0,12,13
5,8,408314.0,-1.1629742908908298,-0.8619484131774695,TIME_LIMIT,111127,0,0,4,9
5,8,408482.0,-1.1629742908908298,-0.8619484131774695,TIME_LIMIT,111157,0,0,21,20
5,8,408561.0,-1.1629644303260886,-0.8619484131774695,TIME_LIMIT,111179,0,0,13,5
5,8,408673.0,-1.1629644303260886,-0.8619484131774695,TIME_LIMIT,111204,0,0,11,14
5,8,408809.0,-1.1629553636752004,-0.8619484131774695,TIME_LIMIT,111243,0,0,11,11
5,8,408892.0,-1.1629553636752004,-0.8619484131774695,TIME_LIMIT,111266,0,0,5,9
5,8,408935.0,-1.1629353535998104,-0.8619484131774695,TIME_LIMIT,111290,0,0,9,4
5,8,409030.0,-1.1629353535998104,-0.8619484131774695,TIME_LIMIT,111313,0,0,9,7
5,8,409130.0,-1.1629146339446759,-0.8619484131774695,TIME_LIMIT,111342,0,0,10,7
5,8,409201.0,-1.1629146339446759,-0.8619484131774695,TIME_LIMIT,111367,0,0,13,16
5,8,409278.0,-1.1628840743844115,-0.8619484131774695,TIME_LIMIT,111394,0,0,12,6
5,8,409381.0,-1.1628840743844115,-0.8619484131774695,TIME_LIMIT,111413,0,0,9,14
5,8,409442.0,-1.1628838587343997,-0.8619484131774695,TIME_LIMIT,111441,0,0,9,7
5,8,409540.0,-1.1628838587343997,-0.8619484131774695,TIME_LIMIT,111468,0,0,16,13
5,8,409671.0,-1.1628665232984419,-0.8619484131774695,TIME_LIMIT,111497,0,0,11,9
5,8,409716.0,-1.1628665232984419,-0.8619484131774695,TIME_LIMIT,111516,0,0,4,2
5,8,409766.0,-1.1628554368409665,-0.8619484131774695,TIME_LIMIT,111536,0,0,4,7
5,8,409790.0,-1.1628554368409665,-0.8619484131774695,TIME_LIMIT,111548,0,0,11,7
5,8,409871.0,-1.1628414297526077,-0.8619484131774695,TIME_LIMIT,111575,0,0,6,3
5,8,409949.0,-1.1628414297526077,-0.8619484131774695,TIME_LIMIT,111596,0,0,16,9
5,8,410005.0,-1.1627565721705735,-0.8619484131774695,TIME_LIMIT,111623,0,0,8,3
5,8,410100.0,-1.1627565721705735,-0.8619484131774695,TIME_LIMIT,111647,0,0,17,11
5,8,410184.0,-1.1627306301767404,-0.8619484131774695,TIME_LIMIT,111666,0,0,12,4
5,8,410368.0,-1.1627306301767404,-0.8619484131774695,TIME_LIMIT,111694,0,0,16,18
5,8,410499.0,-1.1627239521521386,-0.8619484131774695,TIME_LIMIT,111719,0,0,17,5
5,8,410613.0,-1.1627239521521386,-0.8619484131774695,TIME_LIMIT,111745,0,0,18,16
5,8,410695.0,-1.1627227992553297,-0.8619484131774695,TIME_LIMIT,111769,0,0,13,8
5,8,410794.0,-1.1627227992553297,-0.8619484131774695,TIME_LIMIT,111792,0,0,10,20
5,8,410895.0,-1.1626895100292443,-0.8619484131774695,TIME_LIMIT,111824,0,0,12,9
5,8,410954.0,-1.1626895100292443,-0.8619484131774695,TIME_LIMIT,111848,0,0,7,4
5,8,411018.0,-1.1626689116108537,-0.8619484131774695,TIME_LIMIT,111876,0,0,9,4
5,8,411139.0,-1.1626689116108537,-0.8619484131774695,TIME_LIMIT,111899,0,0,15,7
5,8,411197.0,-1.162660862310548,-0.8619484131774695,TIME_LIMIT,111919,0,0,11,6
5,8,411272.0,-1.162660862310548,-0.8619484131774695,TIME_LIMIT,111942,0,0,7,6
5,8,411399.0,-1.1626567837589818,-0.8619484131774695,TIME_LIMIT,111966,0,0,11,6
5,8,411526.0,-1.1626567837589818,-0.8619484131774695,TIME_LIMIT,111994,0,0,23,11
5,8,411589.0,-1.162637650935936,-0.8619484131774695,TIME_LIMIT,112018,0,0,6,10
5,8,411666.0,-1.162637650935936,-0.8619484131774695,TIME_LIMIT,112038,0,0,16,12
5,8,411731.0,-1.1626136233665114,-0.8619484131774695,TIME_LIMIT,112071,0,0,8,9
5,8,411884.0,-1.1626136233665114,-0.8619484131774695,TIME_LIMIT,112095,0,0,16,22
5,8,412059.0,-1.1626122668435734,-0.8619484131774695,TIME_LIMIT,112133,0,0,10,9
5,8,412172.0,-1.1626122668435734,-0.8619484131774695,TIME_LIMIT,112159,0,0,11,11
5,8,412248.0,-1.1626056802808007,-0.8619484131774695,TIME_LIMIT,112179,0,0,5,11
5,8,412309.0,-1.1626056802808007,-0.8619484131774695,TIME_LIMIT,112206,0,0,7,8
5,8,412421.0,-1.1625990563706372,-0.8619484131774695,TIME_LIMIT,112229,0,0,8,6
5,8,412474.0,-1.1625990563706372,-0.8619484131774695,TIME_LIMIT,112253,0,0,18,9
5,8,412547.0,-1.1625938834554523,-0.8619484131774695,TIME_LIMIT,112277,0,0,7,2
5,8,412745.0,-1.1625938834554523,-0.8619484131774695,TIME_LIMIT,112306,0,0,21,29
5,8,412984.0,-1.1625893213180745,-0.8619484131774695,TIME_LIMIT,112340,0,0,14,7
5,8,413089.0,-1.1625893213180745,-0.8619484131774695,TIME_LIMIT,112362,0,0,6,13
5,8,413156.0,-1.1625784116442686,-0.8619484131774695,TIME_LIMIT,112387,0,0,13,4
5,8,413354.0,-1.1625784116442686,-0.8619484131774695,TIME_LIMIT,112416,0,0,13,13
5,8,413418.0,-1.1625783410721653,-0.8619484131774695,TIME_LIMIT,112432,0,0,11,3
5,8,413500.0,-1.1625783410721653,-0.8619484131774695,TIME_LIMIT,112455,0,0,14,7
5,8,413596.0,-1.1625782626841348,-0.8619484131774695,TIME_LIMIT,112475,0,0,5,4
5,8,413806.0,-1.1625782626841348,-0.8619484131774695,TIME_LIMIT,112498,0,0,17,11
5,8,413999.0,-1.1625699046076297,-0.8619484131774695,TIME_LIMIT,112520,0,0,13,13
5,8,414133.0,-1.1625699046076297,-0.8619484131774695,TIME_LIMIT,112545,0,0,17,25
5,8,414198.0,-1.1625550247361998,-0.8619484131774695,TIME_LIMIT,112568,0,0,11,6
5,8,414260.0,-1.1625550247361998,-0.8619484131774695,TIME_LIMIT,112592,0,0,14,3
5,8,414284.0,-1.1625187903162364,-0.8619484131774695,TIME_LIMIT,112605,0,0,7,2
5,8,414444.0,-1.1625187903162364,-0.8619484131774695,TIME_LIMIT,112629,0,0,13,23
5,8,414608.0,-1.1624912680444612,-0.8619484131774695,TIME_LIMIT,112661,0,0,16,2
5,8,414670.0,-1.1624912680444612,-0.8619484131774695,TIME_LIMIT,112675,0,0,6,8
5,8,414700.0,-1.1624511005485243,-0.8619484131774695,TIME_LIMIT,112696,0,0,3,4
5,8,414808.0,-1.1624511005485243,-0.8619484131774695,TIME_LIMIT,112724,0,0,18,11
5,8,414899.0,-1.1624425746757723,-0.8619484131774695,TIME_LIMIT,112761,0,0,17,10
5,8,415030.0,-1.1624425746757723,-0.8619484131774695,TIME_LIMIT,112782,0,0,11,23
5,8,415165.0,-1.1624020588067974,-0.8619484131774695,TIME_LIMIT,112822,0,0,14,12
5,8,415281.0,-1.1624020588067974,-0.8619484131774695,TIME_LIMIT,112847,0,0,11,15
5,8,415321.0,-1.1623603462420882,-0.8619484131774695,TIME_LIMIT,112870,0,0,12,1
5,8,415368.0,-1.1623603462420882,-0.8619484131774695,TIME_LIMIT,112891,0,0,11,11
5,8,415468.0,-1.162358989262098,-0.8619484131774695,TIME_LIMIT,112913,0,0,11,6
5,8,415512.0,-1.162358989262098,-0.8619484131774695,TIME_LIMIT,112930,0,0,13,13
5,8,415568.0,-1.1623576739556818,-0.8619484131774695,TIME_LIMIT,112954,0,0,8,5
5,8,415710.0,-1.1623576739556818,-0.8619484131774695,TIME_LIMIT,112975,0,0,8,13
5,8,415843.0,-1.162356240888249,-0.8619484131774695,TIME_LIMIT,113009,0,0,8,7
5,8,416022.0,-1.162356240888249,-0.8619484131774695,TIME_LIMIT,113040,0,0,19,21
5,8,416164.0,-1.1622529939207926,-0.8619484131774695,TIME_LIMIT,113074,0,0,14,9
5,8,416362.0,-1.1622529939207926,-0.8619484131774695,TIME_LIMIT,113106,0,0,15,8
5,8,416440.0,-1.1622393041006276,-0.8619484131774695,TIME_LIMIT,113129,0,0,17,10
5,8,416549.0,-1.1622393041006276,-0.8619484131774695,TIME_LIMIT,113152,0,0,7,11
5,8,416581.0,-1.1622297816218026,-0.8619484131774695,TIME_LIMIT,113177,0,0,9,8
5,8,416642.0,-1.1622297816218026,-0.8619484131774695,TIME_LIMIT,113198,0,0,15,23
5,8,416725.0,-1.1622238847044404,-0.8619484131774695,TIME_LIMIT,113229,0,0,16,8
5,8,416786.0,-1.1622238847044404,-0.8619484131774695,TIME_LIMIT,113252,0,0,4,5
5,8,416844.0,-1.1622224418353433,-0.8619484131774695,TIME_LIMIT,113269,0,0,8,7
5,8,416911.0,-1.1622224418353433,-0.8619484131774695,TIME_LIMIT,113292,0,0,8,15
5,8,417063.0,-1.1621834919654057,-0.8619484131774695,TIME_LIMIT,113326,0,0,14,14
5,8,417167.0,-1.1621834919654057,-0.8619484131774695,TIME_LIMIT,113351,0,0,22,14
5,8,417249.0,-1.1621622944696117,-0.8619484131774695,TIME_LIMIT,113375,0,0,10,2
5,8,417324.0,-1.1621622944696117,-0.8619484131774695,TIME_LIMIT,113396,0,0,16,20
5,8,417465.0,-1.1621355415707313,-0.8619484131774695,TIME_LIMIT,113428,0,0,6,6
5,8,417540.0,-1.1621355415707313,-0.8619484131774695,TIME_LIMIT,113455,0,0,19,10
5,8,417670.0,-1.1621058678797032,-0.8619484131774695,TIME_LIMIT,113486,0,0,11,7
5,8,417742.0,-1.1621058678797032,-0.8619484131774695,TIME_LIMIT,113510,0,0,18,18
5,8,417800.0,-1.1620994184870104,-0.8619484131774695,TIME_LIMIT,113530,0,0,13,6
5,8,417920.0,-1.1620994184870104,-0.8619484131774695,TIME_LIMIT,113563,0,0,17,26
5,8,418117.0,-1.1620876046330326,-0.8619484131774695,TIME_LIMIT,113599,0,0,16,11
5,8,418291.0,-1.1620876046330326,-0.8619484131774695,TIME_LIMIT,113624,0,0,18,18
5,8,418423.0,-1.162087471249553,-0.8619484131774695,TIME_LIMIT,113656,0,0,17,4
5,8,418597.0,-1.162087471249553,-0.8619484131774695,TIME_LIMIT,113687,0,0,18,12
5,8,418827.0,-1.162083481961317,-0.8619484131774695,TIME_LIMIT,113711,0,0,15,9
5,8,418967.0,-1.162083481961317,-0.8619484131774695,TIME_LIMIT,113738,0,0,13,10
5,8,419195.0,-1.1620708906247401,-0.8619484131774695,TIME_LIMIT,113757,0,0,16,11
5,8,419391.0,-1.1620708906247401,-0.8619484131774695,TIME_LIMIT,113781,0,0,21,15
5,8,419548.0,-1.1620243737890974,-0.8619484131774695,TIME_LIMIT,113813,0,0,12,6
5,8,419655.0,-1.1620243737890974,-0.8619484131774695,TIME_LIMIT,113833,0,0,14,25
5,8,419746.0,-1.16200455782559,-0.8619484131774695,TIME_LIMIT,113861,0,0,8,7
5,8,419799.0,-1.16200455782559,-0.8619484131774695,TIME_LIMIT,113881,0,0,19,8
5,8,419833.0,-1.1620037305544728,-0.8619484131774695,TIME_LIMIT,113905,0,0,2,6
5,8,419886.0,-1.1620037305544728,-0.8619484131774695,TIME_LIMIT,113926,0,0,13,20
5,8,419964.0,-1.1619868762018635,-0.8619484131774695,TIME_LIMIT,113957,0,0,7,6
5,8,420027.0,-1.1619868762018635,-0.8619484131774695,TIME_LIMIT,113980,0,0,15,7
5,8,420121.0,-1.1619672583106528,-0.8619484131774695,TIME_LIMIT,114002,0,0,19,7
5,8,420185.0,-1.1619672583106528,-0.8619484131774695,TIME_LIMIT,114026,0,0,6,7
5,8,420229.0,-1.161958726271184,-0.8619484131774695,TIME_LIMIT,114042,0,0,9,12
5,8,420261.0,-1.161958726271184,-0.8619484131774695,TIME_LIMIT,114060,0,0,9,3
5,8,420329.0,-1.1619495840255742,-0.8619484131774695,TIME_LIMIT,114076,0,0,4,3
5,8,420381.0,-1.1619495840255742,-0.8619484131774695,TIME_LIMIT,114091,0,0,5,10
5,8,420405.0,-1.1619362496429089,-0.8619484131774695,TIME_LIMIT,114115,0,0,14,0
5,8,420540.0,-1.1619362496429089,-0.8619484131774695,TIME_LIMIT,114146,0,0,13,8
5,8,420709.0,-1.1619354489385088,-0.8619484131774695,TIME_LIMIT,114172,0,0,11,18
5,8,420934.0,-1.1619354489385088,-0.8619484131774695,TIME_LIMIT,114194,0,0,16,16
5,8,421135.0,-1.1619301338800576,-0.8619484131774695,TIME_LIMIT,114231,0,0,9,12
5,8,421263.0,-1.1619301338800576,-0.8619484131774695,TIME_LIMIT,114261,0,0,14,19
5,8,421299.0,-1.161915206776957,-0.8619484131774695,TIME_LIMIT,114279,0,0,4,3
5,8,421403.0,-1.161915206776957,-0.8619484131774695,TIME_LIMIT,114306,0,0,16,9
5,8,421476.0,-1.1618877269882004,-0.8619484131774695,TIME_LIMIT,114326,0,0,13,6
5,8,421531.0,-1.1618877269882004,-0.8619484131774695,TIME_LIMIT,114342,0,0,13,12
5,8,421612.0,-1.1618852648988485,-0.8619484131774695,TIME_LIMIT,114366,0,0,13,13
5,8,421753.0,-1.1618852648988485,-0.8619484131774695,TIME_LIMIT,114385,0,0,20,21
5,8,421884.0,-1.1618745281738374,-0.8619484131774695,TIME_LIMIT,114427,0,0,10,10
5,8,421953.0,-1.1618745281738374,-0.8619484131774695,TIME_LIMIT,114446,0,0,19,10
5,8,422028.0,-1.161865791996008,-0.8619484131774695,TIME_LIMIT,114463,0,0,11,10
5,8,422102.0,-1.161865791996008,-0.8619484131774695,TIME_LIMIT,114487,0,0,10,19
5,8,422205.0,-1.1618477035585355,-0.8619484131774695,TIME_LIMIT,114512,0,0,10,11
5,8,422252.0,-1.1618477035585355,-0.8619484131774695,TIME_LIMIT,114532,0,0,13,11
5,8,422309.0,-1.1618103481831132,-0.8619484131774695,TIME_LIMIT,114555,0,0,4,9
5,8,422389.0,-1.1618103481831132,-0.8619484131774695,TIME_LIMIT,114577,0,0,12,15
5,8,422466.0,-1.1617580825318212,-0.8619484131774695,TIME_LIMIT,114609,0,0,11,12
5,8,422584.0,-1.1617580825318212,-0.8619484131774695,TIME_LIMIT,114632,0,0,12,7
5,8,422693.0,-1.1617542545821895,-0.8619484131774695,TIME_LIMIT,114659,0,0,16,7
5,8,422853.0,-1.1617542545821895,-0.8619484131774695,TIME_LIMIT,114683,0,0,17,10
5,8,423060.0,-1.1617431079730802,-0.8619484131774695,TIME_LIMIT,114711,0,0,16,9
5,8,423306.0,-1.1617431079730802,-0.8619484131774695,TIME_LIMIT,114736,0,0,15,21
5,8,423410.0,-1.1617413170530089,-0.8619484131774695,TIME_LIMIT,114769,0,0,15,6
5,8,423449.0,-1.1617413170530089,-0.8619484131774695,TIME_LIMIT,114787,0,0,11,5
5,8,423519.0,-1.1617271269024587,-0.8619484131774695,TIME_LIMIT,114817,0,0,9,5
5,8,423620.0,-1.1617271269024587,-0.8619484131774695,TIME_LIMIT,114840,0,0,12,10
5,8,423712.0,-1.16171652160347,-0.8619484131774695,TIME_LIMIT,114867,0,0,12,3
5,8,423788.0,-1.16171652160347,-0.8619484131774695,TIME_LIMIT,114886,0,0,12,5
5,8,423829.0,-1.1617078324607282,-0.8619484131774695,TIME_LIMIT,114899,0,0,5,3
5,8,423860.0,-1.1617078324607282,-0.8619484131774695,TIME_LIMIT,114918,0,0,12,8
5,8,423911.0,-1.161696749678816,-0.8619484131774695,TIME_LIMIT,114937,0,0,3,4
5,8,424023.0,-1.161696749678816,-0.8619484131774695,TIME_LIMIT,114959,0,0,4,8
5,8,424060.0,-1.1616953862886792,-0.8619484131774695,TIME_LIMIT,114985,0,0,5,6
5,8,424104.0,-1.1616953862886792,-0.8619484131774695,TIME_LIMIT,115003,0,0,6,7
5,8,424265.0,-1.1616764041154064,-0.8619484131774695,TIME_LIMIT,115040,0,0,11,8
5,8,424319.0,-1.1616764041154064,-0.8619484131774695,TIME_LIMIT,115063,0,0,4,9
5,8,424374.0,-1.1616728678386967,-0.8619484131774695,TIME_LIMIT,115083,0,0,5,2
5,8,424460.0,-1.1616728678386967,-0.8619484131774695,TIME_LIMIT,115107,0,0,8,19
5,8,424524.0,-1.1616618263473533,-0.8619484131774695,TIME_LIMIT,115136,0,0,4,10
5,8,424596.0,-1.1616618263473533,-0.8619484131774695,TIME_LIMIT,115155,0,0,11,7
5,8,424662.0,-1.1616505073015106,-0.8619484131774695,TIME_LIMIT,115174,0,0,7,4
5,8,424724.0,-1.1616505073015106,-0.8619484131774695,TIME_LIMIT,115197,0,0,11,11
5,8,424811.0,-1.1616382178226503,-0.8619484131774695,TIME_LIMIT,115222,0,0,13,8
5,8,424885.0,-1.1616382178226503,-0.8619484131774695,TIME_LIMIT,115251,0,0,9,19
5,8,425103.0,-1.1616300862580815,-0.8619484131774695,TIME_LIMIT,115275,0,0,11,8
5,8,425288.0,-1.1616300862580815,-0.8619484131774695,TIME_LIMIT,115308,0,0,17,25
5,8,425400.0,-1.1615964966357712,-0.8619484131774695,TIME_LIMIT,115345,0,0,18,9
5,8,425492.0,-1.1615964966357712,-0.8619484131774695,TIME_LIMIT,115364,0,0,15,19
5,8,425678.0,-1.1615764092787983,-0.8619484131774695,TIME_LIMIT,115402,0,0,10,8
5,8,425766.0,-1.1615764092787983,-0.8619484131774695,TIME_LIMIT,115428,0,0,14,23
5,8,425860.0,-1.1615751434125594,-0.8619484131774695,TIME_LIMIT,115457,0,0,9,4
5,8,425997.0,-1.1615751434125594,-0.8619484131774695,TIME_LIMIT,115486,0,0,28,23
5,8,426232.0,-1.1615620962096145,-0.8619484131774695,TIME_LIMIT,115507,0,0,18,18
5,8,426305.0,-1.1615620962096145,-0.8619484131774695,TIME_LIMIT,115531,0,0,12,15
5,8,426405.0,-1.1615536678036509,-0.8619484131774695,TIME_LIMIT,115561,0,0,6,7
5,8,426433.0,-1.1615536678036509,-0.8619484131774695,TIME_LIMIT,115580,0,0,8,3
5,8,426539.0,-1.1615343688522772,-0.8619484131774695,TIME_LIMIT,115600,0,0,11,5
5,8,426560.0,-1.1615343688522772,-0.8619484131774695,TIME_LIMIT,115618,0,0,3,8
5,8,426632.0,-1.1614789922085305,-0.8619484131774695,TIME_LIMIT,115636,0,0,11,5
5,8,426741.0,-1.1614789922085305,-0.8619484131774695,TIME_LIMIT,115662,0,0,18,11
5,8,426876.0,-1.1614494439629472,-0.8619484131774695,TIME_LIMIT,115686,0,0,13,5
5,8,427044.0,-1.1614494439629472,-0.8619484131774695,TIME_LIMIT,115714,0,0,20,18
5,8,427226.0,-1.1614464846871908,-0.8619484131774695,TIME_LIMIT,115745,0,0,5,9
5,8,427343.0,-1.1614464846871908,-0.8619484131774695,TIME_LIMIT,115767,0,0,16,7
5,8,427408.0,-1.1614345800431771,-0.8619484131774695,TIME_LIMIT,115801,0,0,13,11
5,8,427507.0,-1.1614345800431771,-0.8619484131774695,TIME_LIMIT,115828,0,0,18,8
5,8,427563.0,-1.1614196468523748,-0.8619484131774695,TIME_LIMIT,115848,0,0,12,2
5,8,427646.0,-1.1614196468523748,-0.8619484131774695,TIME_LIMIT,115870,0,0,7,9
5,8,427688.0,-1.161410484301666,-0.8619484131774695,TIME_LIMIT,115888,0,0,7,3
5,8,427877.0,-1.161410484301666,-0.8619484131774695,TIME_LIMIT,115913,0,0,6,6
5,8,427893.0,-1.1613927831723376,-0.8619484131774695,TIME_LIMIT,115932,0,0,13,7
5,8,428078.0,-1.1613927831723376,-0.8619484131774695,TIME_LIMIT,115963,0,0,21,10
5,8,428172.0,-1.161338852394546,-0.8619484131774695,TIME_LIMIT,115987,0,0,14,6
5,8,428312.0,-1.161338852394546,-0.8619484131774695,TIME_LIMIT,116019,0,0,23,13
5,8,428395.0,-1.1613317098865774,-0.8619484131774695,TIME_LIMIT,116041,0,0,10,11
5,8,428512.0,-1.1613317098865774,-0.8619484131774695,TIME_LIMIT,116067,0,0,18,14
5,8,428569.0,-1.1613217840131578,-0.8619484131774695,TIME_LIMIT,116087,0,0,13,8
5,8,428717.0,-1.1613217840131578,-0.8619484131774695,TIME_LIMIT,116110,0,0,21,12
5,8,428761.0,-1.1613069996640473,-0.8619484131774695,TIME_LIMIT,116130,0,0,9,7
5,8,428803.0,-1.1613069996640473,-0.8619484131774695,TIME_LIMIT,116148,0,0,10,12
5,8,429041.0,-1.1612531898788858,-0.8619484131774695,TIME_LIMIT,116188,0,0,15,9
5,8,429244.0,-1.1612531898788858,-0.8619484131774695,TIME_LIMIT,116214,0,0,19,22
5,8,429463.0,-1.1612528096957788,-0.8619484131774695,TIME_LIMIT,116239,0,0,18,11
5,8,429517.0,-1.1612528096957788,-0.8619484131774695,TIME_LIMIT,116258,0,0,12,12
5,8,429551.0,-1.1612508271214295,-0.8619484131774695,TIME_LIMIT,116277,0,0,5,2
5,8,429610.0,-1.1612508271214295,-0.8619484131774695,TIME_LIMIT,116294,0,0,10,13
5,8,429645.0,-1.1612379678471823,-0.8619484131774695,TIME_LIMIT,116319,0,0,9,5
5,8,429742.0,-1.1612379678471823,-0.8619484131774695,TIME_LIMIT,116343,0,0,9,12
5,8,429892.0,-1.1612219240064607,-0.8619484131774695,TIME_LIMIT,116370,0,0,10,7
5,8,430076.0,-1.1612219240064607,-0.8619484131774695,TIME_LIMIT,116394,0,0,18,12
5,8,430165.0,-1.1611984004014582,-0.8619484131774695,TIME_LIMIT,116419,0,0,17,4
5,8,430280.0,-1.1611984004014582,-0.8619484131774695,TIME_LIMIT,116445,0,0,18,20
5,8,430414.0,-1.1611786942866376,-0.8619484131774695,TIME_LIMIT,116479,0,0,4,16
5,8,430590.0,-1.1611786942866376,-0.8619484131774695,TIME_LIMIT,116506,0,0,20,26
5,8,430759.0,-1.1611545473965612,-0.8619484131774695,TIME_LIMIT,116548,0,0,9,10
5,8,430860.0,-1.1611545473965612,-0.8619484131774695,TIME_LIMIT,116574,0,0,11,13
5,8,430989.0,-1.1611524074526525,-0.8619484131774695,TIME_LIMIT,116608,0,0,7,6
5,8,431052.0,-1.1611524074526525,-0.8619484131774695,TIME_LIMIT,116629,0,0,14,9
5,8,431241.0,-1.1611488736769942,-0.8619484131774695,TIME_LIMIT,116651,0,0,9,7
5,8,431340.0,-1.1611488736769942,-0.8619484131774695,TIME_LIMIT,116681,0,0,16,5
5,8,431430.0,-1.161120872009937,-0.8619484131774695,TIME_LIMIT,116701,0,0,16,7
5,8,431508.0,-1.161120872009937,-0.8619484131774695,TIME_LIMIT,116721,0,0,4,7
5,8,431574.0,-1.1611168097154223,-0.8619484131774695,TIME_LIMIT,116740,0,0,11,7
5,8,431653.0,-1.1611168097154223,-0.8619484131774695,TIME_LIMIT,116759,0,0,16,6
5,8,431719.0,-1.1611151188199818,-0.8619484131774695,TIME_LIMIT,116788,0,0,10,3
5,8,431820.0,-1.1611151188199818,-0.8619484131774695,TIME_LIMIT,116810,0,0,11,8
5,8,431895.0,-1.1611082003452533,-0.8619484131774695,TIME_LIMIT,116837,0,0,8,11
5,8,432071.0,-1.1611082003452533,-0.8619484131774695,TIME_LIMIT,116870,0,0,26,16
5,8,432181.0,-1.1611081277985338,-0.8619484131774695,TIME_LIMIT,116907,0,0,7,8
5,8,432360.0,-1.1611081277985338,-0.8619484131774695,TIME_LIMIT,116940,0,0,21,15
5,8,432481.0,-1.1610866248162202,-0.8619484131774695,TIME_LIMIT,116969,0,0,17,10
5,8,432590.0,-1.1610866248162202,-0.8619484131774695,TIME_LIMIT,116993,0,0,8,12
5,8,432743.0,-1.1610789160135393,-0.8619484131774695,TIME_LIMIT,117024,0,0,11,10
5,8,432822.0,-1.1610789160135393,-0.8619484131774695,TIME_LIMIT,117041,0,0,5,6
5,8,432947.0,-1.1610449173615998,-0.8619484131774695,TIME_LIMIT,117067,0,0,3,6
5,8,432975.0,-1.1610449173615998,-0.8619484131774695,TIME_LIMIT,117086,0,0,16,12
5,8,433032.0,-1.1610111401163494,-0.8619484131774695,TIME_LIMIT,117108,0,0,15,2
5,8,433108.0,-1.1610111401163494,-0.8619484131774695,TIME_LIMIT,117131,0,0,14,22
5,8,433181.0,-1.1609964917563904,-0.8619484131774695,TIME_LIMIT,117164,0,0,11,8
5,8,433253.0,-1.1609964917563904,-0.8619484131774695,TIME_LIMIT,117184,0,0,19,22
5,8,433420.0,-1.1609735885922872,-0.8619484131774695,TIME_LIMIT,117225,0,0,9,6
5,8,433623.0,-1.1609735885922872,-0.8619484131774695,TIME_LIMIT,117248,0,0,21,18
5,8,433740.0,-1.1609327163629763,-0.8619484131774695,TIME_LIMIT,117278,0,0,7,12
5,8,433885.0,-1.1609327163629763,-0.8619484131774695,TIME_LIMIT,117312,0,0,18,22
5,8,433961.0,-1.160928016601835,-0.8619484131774695,TIME_LIMIT,117339,0,0,19,6
5,8,434128.0,-1.160928016601835,-0.8619484131774695,TIME_LIMIT,117370,0,0,9,26
5,8,434371.0,-1.1608957388573047,-0.8619484131774695,TIME_LIMIT,117405,0,0,15,9
5,8,434430.0,-1.1608957388573047,-0.8619484131774695,TIME_LIMIT,117425,0,0,13,13
5,8,434519.0,-1.1608887295235348,-0.8619484131774695,TIME_LIMIT,117447,0,0,4,4
5,8,434635.0,-1.1608887295235348,-0.8619484131774695,TIME_LIMIT,117474,0,0,20,18
5,8,434709.0,-1.1608848814807133,-0.8619484131774695,TIME_LIMIT,117492,0,0,7,16
5,8,434739.0,-1.1608848814807133,-0.8619484131774695,TIME_LIMIT,117515,0,0,6,12
5,8,434790.0,-1.1608632834935309,-0.8619484131774695,TIME_LIMIT,117535,0,0,7,7
5,8,434809.0,-1.1608632834935309,-0.8619484131774695,TIME_LIMIT,117555,0,0,9,7
5,8,434863.0,-1.1608616276643386,-0.8619484131774695,TIME_LIMIT,117571,0,0,6,5
5,8,434971.0,-1.1608616276643386,-0.8619484131774695,TIME_LIMIT,117593,0,0,14,17
5,8,435053.0,-1.1608446162930295,-0.8619484131774695,TIME_LIMIT,117623,0,0,14,9
5,8,435159.0,-1.1608446162930295,-0.8619484131774695,TIME_LIMIT,117648,0,0,13,10
5,8,435230.0,-1.1608235347983924,-0.8619484131774695,TIME_LIMIT,117673,0,0,6,5
5,8,435321.0,-1.1608235347983924,-0.8619484131774695,TIME_LIMIT,117701,0,0,12,11
5,8,435387.0,-1.1608230000136093,-0.8619484131774695,TIME_LIMIT,117722,0,0,12,9
5,8,435474.0,-1.1608230000136093,-0.8619484131774695,TIME_LIMIT,117743,0,0,8,8
5,8,435554.0,-1.1607894191100148,-0.8619484131774695,TIME_LIMIT,117768,0,0,8,6
5,8,435677.0,-1.1607894191100148,-0.8619484131774695,TIME_LIMIT,117794,0,0,10,14
5,8,435819.0,-1.1607770780999975,-0.8619484131774695,TIME_LIMIT,117835,0,0,10,11
5,8,435943.0,-1.1607770780999975,-0.8619484131774695,TIME_LIMIT,117867,0,0,17,15
5,8,436179.0,-1.1607739003821587,-0.8619484131774695,TIME_LIMIT,117894,0,0,8,14
5,8,436303.0,-1.1607739003821587,-0.8619484131774695,TIME_LIMIT,117926,0,0,15,25
5,8,436497.0,-1.1606950566494991,-0.8619484131774695,TIME_LIMIT,117967,0,0,11,10
5,8,436566.0,-1.1606950566494991,-0.8619484131774695,TIME_LIMIT,117987,0,0,12,10
5,8,436718.0,-1.1606874620378191,-0.8619484131774695,TIME_LIMIT,118017,0,0,9,7
5,8,436760.0,-1.1606874620378191,-0.8619484131774695,TIME_LIMIT,118033,0,0,3,4
5,8,436782.0,-1.160660665151887,-0.8619484131774695,TIME_LIMIT,118049,0,0,4,4
5,8,436890.0,-1.160660665151887,-0.8619484131774695,TIME_LIMIT,118074,0,0,18,16
5,8,437019.0,-1.1606545539199942,-0.8619484131774695,TIME_LIMIT,118116,0,0,19,6
5,8,437073.0,-1.1606545539199942,-0.8619484131774695,TIME_LIMIT,118130,0,0,13,14
5,8,437165.0,-1.1606201473470088,-0.8619484131774695,TIME_LIMIT,118158,0,0,9,10
5,8,437239.0,-1.1606201473470088,-0.8619484131774695,TIME_LIMIT,118179,0,0,12,15
5,8,437341.0,-1.1606167007876087,-0.8619484131774695,TIME_LIMIT,118204,0,0,14,16
5,8,437535.0,-1.1606167007876087,-0.8619484131774695,TIME_LIMIT,118229,0,0,14,13
5,8,437742.0,-1.160599633912713,-0.8619484131774695,TIME_LIMIT,118267,0,0,13,5
5,8,437842.0,-1.160599633912713,-0.8619484131774695,TIME_LIMIT,118292,0,0,8,16
5,8,437910.0,-1.1605796321431905,-0.8619484131774695,TIME_LIMIT,118313,0,0,12,3
5,8,437989.0,-1.1605796321431905,-0.8619484131774695,TIME_LIMIT,118336,0,0,15,10
5,8,438072.0,-1.1605414536331269,-0.8619484131774695,TIME_LIMIT,118361,0,0,17,5
5,8,438142.0,-1.1605414536331269,-0.8619484131774695,TIME_LIMIT,118383,0,0,8,6
5,8,438203.0,-1.1605272672462918,-0.8619484131774695,TIME_LIMIT,118402,0,0,10,5
5,8,438413.0,-1.1605272672462918,-0.8619484131774695,TIME_LIMIT,118426,0,0,19,9
5,8,438510.0,-1.160508131552686,-0.8619484131774695,TIME_LIMIT,118461,0,0,13,12
5,8,438621.0,-1.160508131552686,-0.8619484131774695,TIME_LIMIT,118489,0,0,14,14
5,8,438691.0,-1.1604955135384116,-0.8619484131774695,TIME_LIMIT,118507,0,0,11,7
5,8,438791.0,-1.1604955135384116,-0.8619484131774695,TIME_LIMIT,118535,0,0,13,9
5,8,438907.0,-1.1604814637720622,-0.8619484131774695,TIME_LIMIT,118566,0,0,9,8
5,8,438967.0,-1.1604814637720622,-0.8619484131774695,TIME_LIMIT,118590,0,0,6,6
5,8,439006.0,-1.1604771936621694,-0.8619484131774695,TIME_LIMIT,118614,0,0,14,8
5,8,439194.0,-1.1604771936621694,-0.8619484131774695,TIME_LIMIT,118647,0,0,15,9
5,8,439255.0,-1.1604748628233814,-0.8619484131774695,TIME_LIMIT,118670,0,0,11,2
5,8,439328.0,-1.1604748628233814,-0.8619484131774695,TIME_LIMIT,118693,0,0,12,10
5,8,439394.0,-1.1604391453262195,-0.8619484131774695,TIME_LIMIT,118723,0,0,12,6
5,8,439486.0,-1.1604391453262195,-0.8619484131774695,TIME_LIMIT,118745,0,0,14,14
5,8,439670.0,-1.1604253666324131,-0.8619484131774695,TIME_LIMIT,118787,0,0,12,9
5,8,439742.0,-1.1604253666324131,-0.8619484131774695,TIME_LIMIT,118806,0,0,12,1
5,8,439764.0,-1.1604033827723441,-0.8619484131774695,TIME_LIMIT,118824,0,0,6,1
5,8,439818.0,-1.1604033827723441,-0.8619484131774695,TIME_LIMIT,118843,0,0,14,7
5,8,439897.0,-1.160389286090137,-0.8619484131774695,TIME_LIMIT,118875,0,0,6,6
5,8,439981.0,-1.160389286090137,-0.8619484131774695,TIME_LIMIT,118900,0,0,8,9
5,8,440058.0,-1.1603741614857026,-0.8619484131774695,TIME_LIMIT,118921,0,0,15,3
5,8,440139.0,-1.1603741614857026,-0.8619484131774695,TIME_LIMIT,118942,0,0,18,18
5,8,440211.0,-1.1603733991510865,-0.8619484131774695,TIME_LIMIT,118970,0,0,11,10
5,8,440327.0,-1.1603733991510865,-0.8619484131774695,TIME_LIMIT,118997,0,0,14,13
5,8,440467.0,-1.1603527894831664,-0.8619484131774695,TIME_LIMIT,119014,0,0,11,12
5,8,440579.0,-1.1603527894831664,-0.8619484131774695,TIME_LIMIT,119041,0,0,20,8
5,8,440708.0,-1.1602533684985332,-0.8619484131774695,TIME_LIMIT,119067,0,0,15,6
5,8,440795.0,-1.1602533684985332,-0.8619484131774695,TIME_LIMIT,119093,0,0,7,10
5,8,440854.0,-1.1602402550548028,-0.8619484131774695,TIME_LIMIT,119117,0,0,2,7
5,8,440936.0,-1.1602402550548028,-0.8619484131774695,TIME_LIMIT,119136,0,0,18,13
5,8,441044.0,-1.1601854828279494,-0.8619484131774695,TIME_LIMIT,119168,0,0,13,8
5,8,441261.0,-1.1601854828279494,-0.8619484131774695,TIME_LIMIT,119184,0,0,16,18
5,8,441410.0,-1.1601797279183494,-0.8619484131774695,TIME_LIMIT,119217,0,0,8,7
5,8,441441.0,-1.1601797279183494,-0.8619484131774695,TIME_LIMIT,119236,0,0,9,11
5,8,441499.0,-1.1601776759113922,-0.8619484131774695,TIME_LIMIT,119252,0,0,5,6
5,8,441671.0,-1.1601776759113922,-0.8619484131774695,TIME_LIMIT,119276,0,0,11,11
5,8,441779.0,-1.1601755169581782,-0.8619484131774695,TIME_LIMIT,119299,0,0,11,13
5,8,441849.0,-1.1601755169581782,-0.8619484131774695,TIME_LIMIT,119319,0,0,11,8
5,8,441989.0,-1.1601639954702296,-0.8619484131774695,TIME_LIMIT,119352,0,0,8,6
5,8,442060.0,-1.1601639954702296,-0.8619484131774695,TIME_LIMIT,119374,0,0,21,16
5,8,442170.0,-1.1601639679971358,-0.8619484131774695,TIME_LIMIT,119407,0,0,14,8
5,8,442281.0,-1.1601639679971358,-0.8619484131774695,TIME_LIMIT,119431,0,0,13,8
5,8,442353.0,-1.1601497399963376,-0.8619484131774695,TIME_LIMIT,119446,0,0,4,4
5,8,442405.0,-1.1601497399963376,-0.8619484131774695,TIME_LIMIT,119471,0,0,12,6
5,8,442481.0,-1.160149488084933,-0.8619484131774695,TIME_LIMIT,119489,0,0,7,11
5,8,442566.0,-1.160149488084933,-0.8619484131774695,TIME_LIMIT,119514,0,0,21,9
5,8,442645.0,-1.160142837417423,-0.8619484131774695,TIME_LIMIT,119542,0,0,12,7
5,8,442769.0,-1.160142837417423,-0.8619484131774695,TIME_LIMIT,119570,0,0,17,13
5,8,442961.0,-1.1601359729321927,-0.8619484131774695,TIME_LIMIT,119617,0,0,22,14
5,8,443037.0,-1.1601359729321927,-0.8619484131774695,TIME_LIMIT,119638,0,0,10,4
5,8,443119.0,-1.160130401426242,-0.8619484131774695,TIME_LIMIT,119657,0,0,11,6
5,8,443213.0,-1.160130401426242,-0.8619484131774695,TIME_LIMIT,119685,0,0,20,11
5,8,443386.0,-1.1601250984098048,-0.8619484131774695,TIME_LIMIT,119723,0,0,10,16
5,8,443451.0,-1.1601250984098048,-0.8619484131774695,TIME_LIMIT,119745,0,0,13,15
5,8,443533.0,-1.160097771656782,-0.8619484131774695,TIME_LIMIT,119776,0,0,12,10
5,8,443595.0,-1.160097771656782,-0.8619484131774695,TIME_LIMIT,119805,0,0,16,8
5,8,443796.0,-1.1600663215897913,-0.8619484131774695,TIME_LIMIT,119842,0,0,23,12
5,8,443861.0,-1.1600663215897913,-0.8619484131774695,TIME_LIMIT,119867,0,0,12,15
5,8,443933.0,-1.1600625621069978,-0.8619484131774695,TIME_LIMIT,119890,0,0,9,10
5,8,443964.0,-1.1600625621069978,-0.8619484131774695,TIME_LIMIT,119907,0,0,6,11
5,8,444049.0,-1.1600506779173156,-0.8619484131774695,TIME_LIMIT,119926,0,0,9,8
5,8,444170.0,-1.1600506779173156,-0.8619484131774695,TIME_LIMIT,119951,0,0,7,10
5,8,444238.0,-1.1600374795654063,-0.8619484131774695,TIME_LIMIT,119976,0,0,6,5
5,8,444294.0,-1.1600374795654063,-0.8619484131774695,TIME_LIMIT,119995,0,0,12,9
5,8,444327.0,-1.1600369763668477,-0.8619484131774695,TIME_LIMIT,120013,0,0,7,7
5,8,444480.0,-1.1600369763668477,-0.8619484131774695,TIME_LIMIT,120039,0,0,13,17
5,8,444557.0,-1.1600346998454512,-0.8619484131774695,TIME_LIMIT,120060,0,0,17,10
5,8,444646.0,-1.1600346998454512,-0.8619484131774695,TIME_LIMIT,120085,0,0,12,6
5,8,444835.0,-1.1599956544818837,-0.8619484131774695,TIME_LIMIT,120113,0,0,13,10
5,8,444911.0,-1.1599956544818837,-0.8619484131774695,TIME_LIMIT,120136,0,0,15,19
5,8,444976.0,-1.159987460541156,-0.8619484131774695,TIME_LIMIT,120161,0,0,11,3
5,8,445036.0,-1.159987460541156,-0.8619484131774695,TIME_LIMIT,120186,0,0,14,10
5,8,445100.0,-1.1599773828696982,-0.8619484131774695,TIME_LIMIT,120207,0,0,8,2
5,8,445240.0,-1.1599773828696982,-0.8619484131774695,TIME_LIMIT,120231,0,0,13,7
5,8,445300.0,-1.1599760998828366,-0.8619484131774695,TIME_LIMIT,120253,0,0,6,2
5,8,445389.0,-1.1599760998828366,-0.8619484131774695,TIME_LIMIT,120271,0,0,9,14
5,8,445512.0,-1.1599742810720424,-0.8619484131774695,TIME_LIMIT,120305,0,0,10,5
5,8,445720.0,-1.1599742810720424,-0.8619484131774695,TIME_LIMIT,120334,0,0,13,13
5,8,445965.0,-1.1599285785885247,-0.8619484131774695,TIME_LIMIT,120361,0,0,12,10
5,8,446133.0,-1.1599285785885247,-0.8619484131774695,TIME_LIMIT,120391,0,0,10,21
5,8,446218.0,-1.1599265746027243,-0.8619484131774695,TIME_LIMIT,120423,0,0,12,11
5,8,446298.0,-1.1599265746027243,-0.8619484131774695,TIME_LIMIT,120446,0,0,17,9
5,8,446319.0,-1.159900084760234,-0.8619484131774695,TIME_LIMIT,120464,0,0,7,6
5,8,446455.0,-1.159900084760234,-0.8619484131774695,TIME_LIMIT,120488,0,0,18,9
5,8,446545.0,-1.1598935218819777,-0.8619484131774695,TIME_LIMIT,120515,0,0,12,3
5,8,446710.0,-1.1598935218819777,-0.8619484131774695,TIME_LIMIT,120542,0,0,12,10
5,8,446781.0,-1.159876236963027,-0.8619484131774695,TIME_LIMIT,120564,0,0,9,6
5,8,446868.0,-1.159876236963027,-0.8619484131774695,TIME_LIMIT,120582,0,0,13,13
5,8,446939.0,-1.1596913962090512,-0.8619484131774695,TIME_LIMIT,120604,0,0,13,5
5,8,447003.0,-1.1596913962090512,-0.8619484131774695,TIME_LIMIT,120624,0,0,6,14
5,8,447095.0,-1.1596846914347227,-0.8619484131774695,TIME_LIMIT,120645,0,0,12,10
5,8,447158.0,-1.1596846914347227,-0.8619484131774695,TIME_LIMIT,120662,0,0,8,10
5,8,447217.0,-1.1596557893337545,-0.8619484131774695,TIME_LIMIT,120682,0,0,10,0
5,8,447255.0,-1.1596557893337545,-0.8619484131774695,TIME_LIMIT,120697,0,0,10,6
5,8,447383.0,-1.1596531649485058,-0.8619484131774695,TIME_LIMIT,120727,0,0,4,7
5,8,447513.0,-1.1596531649485058,-0.8619484131774695,TIME_LIMIT,120751,0,0,13,11
5,8,447600.0,-1.1596380976566774,-0.8619484131774695,TIME_LIMIT,120771,0,0,14,9
5,8,447719.0,-1.1596380976566774,-0.8619484131774695,TIME_LIMIT,120799,0,0,13,11
5,8,447748.0,-1.1596234345101013,-0.8619484131774695,TIME_LIMIT,120816,0,0,4,7
5,8,447861.0,-1.1596234345101013,-0.8619484131774695,TIME_LIMIT,120841,0,0,11,20
5,8,447991.0,-1.159606472604377,-0.8619484131774695,TIME_LIMIT,120873,0,0,6,9
5,8,448092.0,-1.159606472604377,-0.8619484131774695,TIME_LIMIT,120903,0,0,7,10
5,8,448255.0,-1.1596035969981133,-0.8619484131774695,TIME_LIMIT,120932,0,0,6,14
5,8,448403.0,-1.1596035969981133,-0.8619484131774695,TIME_LIMIT,120960,0,0,14,13
5,8,448506.0,-1.1596010840579378,-0.8619484131774695,TIME_LIMIT,120986,0,0,11,9
5,8,448591.0,-1.1596010840579378,-0.8619484131774695,TIME_LIMIT,121013,0,0,10,3
5,8,448683.0,-1.1595949507863852,-0.8619484131774695,TIME_LIMIT,121038,0,0,12,8
5,8,448796.0,-1.1595949507863852,-0.8619484131774695,TIME_LIMIT,121064,0,0,6,12
5,8,448850.0,-1.1595720660920767,-0.8619484131774695,TIME_LIMIT,121085,0,0,7,4
5,8,449031.0,-1.1595720660920767,-0.8619484131774695,TIME_LIMIT,121109,0,0,11,7
5,8,449184.0,-1.1595440005372115,-0.8619484131774695,TIME_LIMIT,121138,0,0,15,14
5,8,449308.0,-1.1595440005372115,-0.8619484131774695,TIME_LIMIT,121157,0,0,11,10
5,8,449405.0,-1.159531567104282,-0.8619484131774695,TIME_LIMIT,121187,0,0,8,11
5,8,449617.0,-1.159531567104282,-0.8619484131774695,TIME_LIMIT,121216,0,0,19,17
5,8,449873.0,-1.1595210998926389,-0.8619484131774695,TIME_LIMIT,121246,0,0,11,9
5,8,450040.0,-1.1595210998926389,-0.8619484131774695,TIME_LIMIT,121273,0,0,9,4
5,8,450096.0,-1.159479846434127,-0.8619484131774695,TIME_LIMIT,121294,0,0,10,7
5,8,450168.0,-1.159479846434127,-0.8619484131774695,TIME_LIMIT,121315,0,0,14,17
5,8,450263.0,-1.1594376529982502,-0.8619484131774695,TIME_LIMIT,121348,0,0,9,6
5,8,450321.0,-1.1594376529982502,-0.8619484131774695,TIME_LIMIT,121368,0,0,19,7
5,8,450435.0,-1.1594282878638837,-0.8619484131774695,TIME_LIMIT,121395,0,0,5,3
5,8,450592.0,-1.1594282878638837,-0.8619484131774695,TIME_LIMIT,121419,0,0,19,6
5,8,450692.0,-1.1594277222328753,-0.8619484131774695,TIME_LIMIT,121444,0,0,16,8
5,8,450774.0,-1.1594277222328753,-0.8619484131774695,TIME_LIMIT,121471,0,0,16,21
5,8,450910.0,-1.1594124072272343,-0.8619484131774695,TIME_LIMIT,121516,0,0,18,13
5,8,451026.0,-1.1594124072272343,-0.8619484131774695,TIME_LIMIT,121540,0,0,11,18
5,8,451224.0,-1.1593978426750287,-0.8619484131774695,TIME_LIMIT,121579,0,0,14,11
5,8,451294.0,-1.1593978426750287,-0.8619484131774695,TIME_LIMIT,121602,0,0,17,7
5,8,451417.0,-1.1593873403727384,-0.8619484131774695,TIME_LIMIT,121626,0,0,11,5
5,8,451567.0,-1.1593873403727384,-0.8619484131774695,TIME_LIMIT,121652,0,0,6,15
5,8,451631.0,-1.1593826796786182,-0.8619484131774695,TIME_LIMIT,121675,0,0,17,6
5,8,451706.0,-1.1593826796786182,-0.8619484131774695,TIME_LIMIT,121697,0,0,13,7
5,8,451746.0,-1.1593792276327066,-0.8619484131774695,TIME_LIMIT,121718,0,0,9,3
5,8,451853.0,-1.1593792276327066,-0.8619484131774695,TIME_LIMIT,121740,0,0,11,19
5,8,451915.0,-1.1593708662838884,-0.8619484131774695,TIME_LIMIT,121765,0,0,3,6
5,8,451990.0,-1.1593708662838884,-0.8619484131774695,TIME_LIMIT,121786,0,0,3,11
5,8,452177.0,-1.1593697488484178,-0.8619484131774695,TIME_LIMIT,121820,0,0,11,13
5,8,452321.0,-1.1593697488484178,-0.8619484131774695,TIME_LIMIT,121846,0,0,16,10
5,8,452421.0,-1.1593490644141597,-0.8619484131774695,TIME_LIMIT,121877,0,0,13,6
5,8,452486.0,-1.1593490644141597,-0.8619484131774695,TIME_LIMIT,121906,0,0,21,7
5,8,452513.0,-1.1593167925808463,-0.8619484131774695,TIME_LIMIT,121924,0,0,5,3
5,8,452586.0,-1.1593167925808463,-0.8619484131774695,TIME_LIMIT,121942,0,0,11,11
5,8,452639.0,-1.1593093795958547,-0.8619484131774695,TIME_LIMIT,121961,0,0,10,5
5,8,452761.0,-1.1593093795958547,-0.8619484131774695,TIME_LIMIT,121983,0,0,9,15
5,8,452890.0,-1.1592929409897064,-0.8619484131774695,TIME_LIMIT,122019,0,0,10,8
5,8,452944.0,-1.1592929409897064,-0.8619484131774695,TIME_LIMIT,122038,0,0,10,11
5,8,453104.0,-1.15924844236148,-0.8619484131774695,TIME_LIMIT,122070,0,0,13,7
5,8,453175.0,-1.15924844236148,-0.8619484131774695,TIME_LIMIT,122090,0,0,9,8
5,8,453198.0,-1.1592466819608818,-0.8619484131774695,TIME_LIMIT,122099,0,0,4,3
5,8,453412.0,-1.1592466819608818,-0.8619484131774695,TIME_LIMIT,122122,0,0,12,10
5,8,453643.0,-1.159243363874259,-0.8619484131774695,TIME_LIMIT,122161,0,0,8,15
5,8,453748.0,-1.159243363874259,-0.8619484131774695,TIME_LIMIT,122188,0,0,9,17
5,8,453896.0,-1.1592307509559112,-0.8619484131774695,TIME_LIMIT,122218,0,0,18,12
5,8,453949.0,-1.1592307509559112,-0.8619484131774695,TIME_LIMIT,122240,0,0,13,12
5,8,454011.0,-1.1592251778171294,-0.8619484131774695,TIME_LIMIT,122265,0,0,6,5
5,8,454148.0,-1.1592251778171294,-0.8619484131774695,TIME_LIMIT,122294,0,0,14,8
5,8,454214.0,-1.1592103601092334,-0.8619484131774695,TIME_LIMIT,122311,0,0,10,5
5,8,454238.0,-1.1592103601092334,-0.8619484131774695,TIME_LIMIT,122324,0,0,4,6
5,8,454260.0,-1.1592068586040216,-0.8619484131774695,TIME_LIMIT,122344,0,0,3,2
5,8,454378.0,-1.1592068586040216,-0.8619484131774695,TIME_LIMIT,122370,0,0,18,11
5,8,454501.0,-1.159195925060972,-0.8619484131774695,TIME_LIMIT,122401,0,0,12,11
5,8,454651.0,-1.159195925060972,-0.8619484131774695,TIME_LIMIT,122427,0,0,20,18
5,8,454864.0,-1.159192462495516,-0.8619484131774695,TIME_LIMIT,122467,0,0,20,18
5,8,454989.0,-1.159192462495516,-0.8619484131774695,TIME_LIMIT,122497,0,0,16,16
5,8,455092.0,-1.1591481562276846,-0.8619484131774695,TIME_LIMIT,122529,0,0,11,5
5,8,455208.0,-1.1591481562276846,-0.8619484131774695,TIME_LIMIT,122551,0,0,14,16
5,8,455281.0,-1.1591313063274638,-0.8619484131774695,TIME_LIMIT,122578,0,0,13,13
5,8,455354.0,-1.1591313063274638,-0.8619484131774695,TIME_LIMIT,122603,0,0,13,8
5,8,455388.0,-1.1591160440522374,-0.8619484131774695,TIME_LIMIT,122615,0,0,7,8
5,8,455444.0,-1.1591160440522374,-0.8619484131774695,TIME_LIMIT,122634,0,0,5,8
5,8,455580.0,-1.1590845278108801,-0.8619484131774695,TIME_LIMIT,122671,0,0,4,9
5,8,455665.0,-1.1590845278108801,-0.8619484131774695,TIME_LIMIT,122692,0,0,13,18
5,8,455830.0,-1.1590731028401688,-0.8619484131774695,TIME_LIMIT,122719,0,0,19,9
5,8,455926.0,-1.1590731028401688,-0.8619484131774695,TIME_LIMIT,122739,0,0,15,8
5,8,456023.0,-1.1590450618180395,-0.8619484131774695,TIME_LIMIT,122767,0,0,9,3
5,8,456110.0,-1.1590450618180395,-0.8619484131774695,TIME_LIMIT,122791,0,0,12,9
5,8,456192.0,-1.1590385917580392,-0.8619484131774695,TIME_LIMIT,122822,0,0,19,3
5,8,456247.0,-1.1590385917580392,-0.8619484131774695,TIME_LIMIT,122835,0,0,13,12
5,8,456420.0,-1.1590312481086746,-0.8619484131774695,TIME_LIMIT,122869,0,0,9,8
5,8,456549.0,-1.1590312481086746,-0.8619484131774695,TIME_LIMIT,122892,0,0,9,10
5,8,456684.0,-1.1590200227621212,-0.8619484131774695,TIME_LIMIT,122915,0,0,16,4
5,8,456904.0,-1.1590200227621212,-0.8619484131774695,TIME_LIMIT,122939,0,0,13,42
5,8,457116.0,-1.1589985509703797,-0.8619484131774695,TIME_LIMIT,122980,0,0,8,11
5,8,457251.0,-1.1589985509703797,-0.8619484131774695,TIME_LIMIT,123010,0,0,15,14
5,8,457321.0,-1.158990576569038,-0.8619484131774695,TIME_LIMIT,123036,0,0,12,9
5,8,457518.0,-1.158990576569038,-0.8619484131774695,TIME_LIMIT,123063,0,0,8,11
5,8,457637.0,-1.158972207554292,-0.8619484131774695,TIME_LIMIT,123089,0,0,9,8
5,8,457721.0,-1.158972207554292,-0.8619484131774695,TIME_LIMIT,123113,0,0,11,8
5,8,457799.0,-1.1589707230601693,-0.8619484131774695,TIME_LIMIT,123141,0,0,6,4
5,8,457887.0,-1.1589707230601693,-0.8619484131774695,TIME_LIMIT,123167,0,0,18,10
5,8,458018.0,-1.1589451490236182,-0.8619484131774695,TIME_LIMIT,123195,0,0,14,8
5,8,458101.0,-1.1589451490236182,-0.8619484131774695,TIME_LIMIT,123218,0,0,14,11
5,8,458174.0,-1.1589274711358308,-0.8619484131774695,TIME_LIMIT,123253,0,0,18,4
5,8,458229.0,-1.1589274711358308,-0.8619484131774695,TIME_LIMIT,123272,0,0,11,8
5,8,458261.0,-1.1589134034505868,-0.8619484131774695,TIME_LIMIT,123287,0,0,5,1
5,8,458406.0,-1.1589134034505868,-0.8619484131774695,TIME_LIMIT,123307,0,0,10,18
5,8,458499.0,-1.1588843172524832,-0.8619484131774695,TIME_LIMIT,123341,0,0,14,7
5,8,458593.0,-1.1588843172524832,-0.8619484131774695,TIME_LIMIT,123365,0,0,17,19
5,8,458667.0,-1.1588649570962866,-0.8619484131774695,TIME_LIMIT,123398,0,0,11,10
5,8,458838.0,-1.1588649570962866,-0.8619484131774695,TIME_LIMIT,123432,0,0,13,10
5,8,459033.0,-1.1588551827026825,-0.8619484131774695,TIME_LIMIT,123465,0,0,9,8
5,8,459164.0,-1.1588551827026825,-0.8619484131774695,TIME_LIMIT,123490,0,0,22,23
5,8,459235.0,-1.1588487691402651,-0.8619484131774695,TIME_LIMIT,123517,0,0,11,5
5,8,459400.0,-1.1588487691402651,-0.8619484131774695,TIME_LIMIT,123540,0,0,15,14
5,8,459460.0,-1.1588434464326407,-0.8619484131774695,TIME_LIMIT,123563,0,0,3,4
5,8,459598.0,-1.1588434464326407,-0.8619484131774695,TIME_LIMIT,123590,0,0,15,14
5,8,459654.0,-1.1588318824552528,-0.8619484131774695,TIME_LIMIT,123607,0,0,6,4
5,8,459839.0,-1.1588318824552528,-0.8619484131774695,TIME_LIMIT,123636,0,0,22,28
5,8,459989.0,-1.158828981566656,-0.8619484131774695,TIME_LIMIT,123673,0,0,12,15
5,8,460192.0,-1.158828981566656,-0.8619484131774695,TIME_LIMIT,123698,0,0,19,14
5,8,460383.0,-1.1588225003193335,-0.8619484131774695,TIME_LIMIT,123739,0,0,20,20
5,8,460441.0,-1.1588225003193335,-0.8619484131774695,TIME_LIMIT,123765,0,0,2,7
5,8,460482.0,-1.1588132676087606,-0.8619484131774695,TIME_LIMIT,123783,0,0,9,4
5,8,460563.0,-1.1588132676087606,-0.8619484131774695,TIME_LIMIT,123809,0,0,6,11
5,8,460683.0,-1.1588091102509972,-0.8619484131774695,TIME_LIMIT,123844,0,0,5,8
5,8,460799.0,-1.1588091102509972,-0.8619484131774695,TIME_LIMIT,123872,0,0,10,10
5,8,460829.0,-1.1588066179446506,-0.8619484131774695,TIME_LIMIT,123881,0,0,7,4
5,8,460942.0,-1.1588066179446506,-0.8619484131774695,TIME_LIMIT,123905,0,0,20,17
5,8,461088.0,-1.1587964970289042,-0.8619484131774695,TIME_LIMIT,123941,0,0,13,16
5,8,461246.0,-1.1587964970289042,-0.8619484131774695,TIME_LIMIT,123968,0,0,14,10
5,8,461332.0,-1.158776758975201,-0.8619484131774695,TIME_LIMIT,123994,0,0,9,9
5,8,461455.0,-1.158776758975201,-0.8619484131774695,TIME_LIMIT,124017,0,0,14,9
5,8,461498.0,-1.1587683965594504,-0.8619484131774695,TIME_LIMIT,124040,0,0,8,4
5,8,461627.0,-1.1587683965594504,-0.8619484131774695,TIME_LIMIT,124067,0,0,20,18
5,8,461825.0,-1.1587541826593886,-0.8619484131774695,TIME_LIMIT,124102,0,0,14,15
5,8,461879.0,-1.1587541826593886,-0.8619484131774695,TIME_LIMIT,124117,0,0,15,13
5,8,461952.0,-1.1587482598815637,-0.8619484131774695,TIME_LIMIT,124147,0,0,11,4
5,8,462101.0,-1.1587482598815637,-0.8619484131774695,TIME_LIMIT,124173,0,0,14,6
5,8,462276.0,-1.1587172680462254,-0.8619484131774695,TIME_LIMIT,124209,0,0,17,8
5,8,462415.0,-1.1587172680462254,-0.8619484131774695,TIME_LIMIT,124231,0,0,19,29
5,8,462593.0,-1.158685549710456,-0.8619484131774695,TIME_LIMIT,124262,0,0,10,9
5,8,462607.0,-1.158685549710456,-0.8619484131774695,TIME_LIMIT,124276,0,0,7,3
5,8,462711.0,-1.1586805537218676,-0.8619484131774695,TIME_LIMIT,124303,0,0,8,4
5,8,462778.0,-1.1586805537218676,-0.8619484131774695,TIME_LIMIT,124327,0,0,10,9
5,8,462885.0,-1.1586762926756746,-0.8619484131774695,TIME_LIMIT,124351,0,0,11,13
5,8,463001.0,-1.1586762926756746,-0.8619484131774695,TIME_LIMIT,124375,0,0,13,7
5,8,463146.0,-1.1586215869758871,-0.8619484131774695,TIME_LIMIT,124400,0,0,14,6
5,8,463219.0,-1.1586215869758871,-0.8619484131774695,TIME_LIMIT,124422,0,0,18,5
5,8,463283.0,-1.1586211134765478,-0.8619484131774695,TIME_LIMIT,124448,0,0,4,6
5,8,463347.0,-1.1586211134765478,-0.8619484131774695,TIME_LIMIT,124469,0,0,6,11
5,8,463403.0,-1.158617726269711,-0.8619484131774695,TIME_LIMIT,124484,0,0,6,3
5,8,463524.0,-1.158617726269711,-0.8619484131774695,TIME_LIMIT,124503,0,0,14,18
5,8,463597.0,-1.158588378059633,-0.8619484131774695,TIME_LIMIT,124536,0,0,12,7
5,8,463712.0,-1.158588378059633,-0.8619484131774695,TIME_LIMIT,124563,0,0,18,12
5,8,463864.0,-1.158580098723404,-0.8619484131774695,TIME_LIMIT,124591,0,0,10,17
5,8,463917.0,-1.158580098723404,-0.8619484131774695,TIME_LIMIT,124612,0,0,13,9
5,8,463965.0,-1.1585726373987484,-0.8619484131774695,TIME_LIMIT,124635,0,0,8,5
5,8,464035.0,-1.1585726373987484,-0.8619484131774695,TIME_LIMIT,124655,0,0,15,8
5,8,464087.0,-1.158562430483663,-0.8619484131774695,TIME_LIMIT,124676,0,0,6,3
5,8,464149.0,-1.158562430483663,-0.8619484131774695,TIME_LIMIT,124696,0,0,6,11
5,8,464257.0,-1.158556033683628,-0.8619484131774695,TIME_LIMIT,124719,0,0,5,3
5,8,464380.0,-1.158556033683628,-0.8619484131774695,TIME_LIMIT,124736,0,0,7,10
5,8,464533.0,-1.1585454816656755,-0.8619484131774695,TIME_LIMIT,124767,0,0,15,8
5,8,464618.0,-1.1585454816656755,-0.8619484131774695,TIME_LIMIT,124798,0,0,18,8
5,8,464731.0,-1.158538033689851,-0.8619484131774695,TIME_LIMIT,124827,0,0,18,12
5,8,464811.0,-1.158538033689851,-0.8619484131774695,TIME_LIMIT,124852,0,0,11,12
5,8,464860.0,-1.1585318365354316,-0.8619484131774695,TIME_LIMIT,124872,0,0,9,4
5,8,465017.0,-1.1585318365354316,-0.8619484131774695,TIME_LIMIT,124895,0,0,20,10
5,8,465115.0,-1.1585187461582385,-0.8619484131774695,TIME_LIMIT,124922,0,0,20,7
5,8,465181.0,-1.1585187461582385,-0.8619484131774695,TIME_LIMIT,124942,0,0,10,14
5,8,465358.0,-1.1584977639130167,-0.8619484131774695,TIME_LIMIT,124979,0,0,7,6
5,8,465500.0,-1.1584977639130167,-0.8619484131774695,TIME_LIMIT,125003,0,0,24,24
5,8,465649.0,-1.1584730460879096,-0.8619484131774695,TIME_LIMIT,125039,0,0,13,6
5,8,465772.0,-1.1584730460879096,-0.8619484131774695,TIME_LIMIT,125070,0,0,19,12
5,8,465869.0,-1.1584703651325974,-0.8619484131774695,TIME_LIMIT,125096,0,0,13,5
5,8,465947.0,-1.1584703651325974,-0.8619484131774695,TIME_LIMIT,125120,0,0,11,15
5,8,466004.0,-1.1584669507795387,-0.8619484131774695,TIME_LIMIT,125136,0,0,9,7
5,8,466072.0,-1.1584669507795387,-0.8619484131774695,TIME_LIMIT,125160,0,0,7,10
5,8,466170.0,-1.158463451608797,-0.8619484131774695,TIME_LIMIT,125195,0,0,11,7
5,8,466227.0,-1.158463451608797,-0.8619484131774695,TIME_LIMIT,125219,0,0,15,10
5,8,466326.0,-1.1584020624755014,-0.8619484131774695,TIME_LIMIT,125244,0,0,6,2
5,8,466413.0,-1.1584020624755014,-0.8619484131774695,TIME_LIMIT,125272,0,0,6,11
5,8,466574.0,-1.1583755717347102,-0.8619484131774695,TIME_LIMIT,125295,0,0,12,10
5,8,466646.0,-1.1583755717347102,-0.8619484131774695,TIME_LIMIT,125316,0,0,12,12
5,8,466779.0,-1.1583752369453746,-0.8619484131774695,TIME_LIMIT,125339,0,0,14,4
5,8,466847.0,-1.1583752369453746,-0.8619484131774695,TIME_LIMIT,125358,0,0,9,9
5,8,466935.0,-1.1583579359822331,-0.8619484131774695,TIME_LIMIT,125388,0,0,8,6
5,8,467015.0,-1.1583579359822331,-0.8619484131774695,TIME_LIMIT,125415,0,0,9,19
5,8,467223.0,-1.158354399471126,-0.8619484131774695,TIME_LIMIT,125452,0,0,12,12
5,8,467296.0,-1.158354399471126,-0.8619484131774695,TIME_LIMIT,125480,0,0,14,5
5,8,467382.0,-1.1583461542254583,-0.8619484131774695,TIME_LIMIT,125498,0,0,4,4
5,8,467510.0,-1.1583461542254583,-0.8619484131774695,TIME_LIMIT,125523,0,0,16,6
5,8,467602.0,-1.1583417808119407,-0.8619484131774695,TIME_LIMIT,125554,0,0,11,6
5,8,467709.0,-1.1583417808119407,-0.8619484131774695,TIME_LIMIT,125581,0,0,12,7
5,8,467800.0,-1.1583412327586915,-0.8619484131774695,TIME_LIMIT,125602,0,0,9,5
5,8,467961.0,-1.1583412327586915,-0.8619484131774695,TIME_LIMIT,125624,0,0,15,18
5,8,468060.0,-1.1583399247018065,-0.8619484131774695,TIME_LIMIT,125650,0,0,9,8
5,8,468125.0,-1.1583399247018065,-0.8619484131774695,TIME_LIMIT,125667,0,0,8,6
5,8,468150.0,-1.1583006010689698,-0.8619484131774695,TIME_LIMIT,125683,0,0,7,5
5,8,468213.0,-1.1583006010689698,-0.8619484131774695,TIME_LIMIT,125702,0,0,17,13
5,8,468283.0,-1.1582926359929568,-0.8619484131774695,TIME_LIMIT,125728,0,0,10,7
5,8,468352.0,-1.1582926359929568,-0.8619484131774695,TIME_LIMIT,125745,0,0,10,9
5,8,468395.0,-1.158291049903704,-0.8619484131774695,TIME_LIMIT,125765,0,0,6,3
5,8,468478.0,-1.158291049903704,-0.8619484131774695,TIME_LIMIT,125790,0,0,17,22
5,8,468611.0,-1.1582825408582116,-0.8619484131774695,TIME_LIMIT,125832,0,0,18,15
5,8,468735.0,-1.1582825408582116,-0.8619484131774695,TIME_LIMIT,125857,0,0,16,30
5,8,468836.0,-1.1582796209678146,-0.8619484131774695,TIME_LIMIT,125883,0,0,16,8
5,8,468946.0,-1.1582796209678146,-0.8619484131774695,TIME_LIMIT,125910,0,0,15,10
5,8,469065.0,-1.158251392279502,-0.8619484131774695,TIME_LIMIT,125932,0,0,11,5
5,8,469203.0,-1.158251392279502,-0.8619484131774695,TIME_LIMIT,125955,0,0,14,6
5,8,469290.0,-1.158242178306002,-0.8619484131774695,TIME_LIMIT,125983,0,0,15,2
5,8,469400.0,-1.158242178306002,-0.8619484131774695,TIME_LIMIT,126006,0,0,13,8
5,8,469569.0,-1.1582245451812754,-0.8619484131774695,TIME_LIMIT,126028,0,0,11,7
5,8,469692.0,-1.1582245451812754,-0.8619484131774695,TIME_LIMIT,126050,0,0,13,12
5,8,469709.0,-1.1581922554820965,-0.8619484131774695,TIME_LIMIT,126067,0,0,9,10
5,8,469784.0,-1.1581922554820965,-0.8619484131774695,TIME_LIMIT,126092,0,0,5,7
5,8,469884.0,-1.158183299165311,-0.8619484131774695,TIME_LIMIT,126119,0,0,18,4
5,8,469961.0,-1.158183299165311,-0.8619484131774695,TIME_LIMIT,126142,0,0,11,23
5,8,470127.0,-1.158183285279956,-0.8619484131774695,TIME_LIMIT,126178,0,0,12,11
5,8,470270.0,-1.158183285279956,-0.8619484131774695,TIME_LIMIT,126209,0,0,13,10
5,8,470318.0,-1.1581779150946254,-0.8619484131774695,TIME_LIMIT,126225,0,0,9,12
5,8,470444.0,-1.1581779150946254,-0.8619484131774695,TIME_LIMIT,126248,0,0,8,18
5,8,470649.0,-1.158148557844168,-0.8619484131774695,TIME_LIMIT,126286,0,0,12,9
5,8,470732.0,-1.158148557844168,-0.8619484131774695,TIME_LIMIT,126306,0,0,8,6
5,8,470789.0,-1.1581355403045939,-0.8619484131774695,TIME_LIMIT,126327,0,0,8,2
5,8,470812.0,-1.1581355403045939,-0.8619484131774695,TIME_LIMIT,126344,0,0,12,9
5,8,470874.0,-1.1581238712998008,-0.8619484131774695,TIME_LIMIT,126366,0,0,8,4
5,8,470944.0,-1.1581238712998008,-0.8619484131774695,TIME_LIMIT,126393,0,0,16,11
5,8,471031.0,-1.1581117863959134,-0.8619484131774695,TIME_LIMIT,126424,0,0,7,7
5,8,471154.0,-1.1581117863959134,-0.8619484131774695,TIME_LIMIT,126445,0,0,11,16
5,8,471187.0,-1.15808695637534,-0.8619484131774695,TIME_LIMIT,126462,0,0,4,4
5,8,471386.0,-1.15808695637534,-0.8619484131774695,TIME_LIMIT,126492,0,0,12,18
5,8,471511.0,-1.158070537247531,-0.8619484131774695,TIME_LIMIT,126515,0,0,11,12
5,8,471645.0,-1.158070537247531,-0.8619484131774695,TIME_LIMIT,126540,0,0,9,7
5,8,471719.0,-1.1580668809005237,-0.8619484131774695,TIME_LIMIT,126570,0,0,10,6
5,8,471849.0,-1.1580668809005237,-0.8619484131774695,TIME_LIMIT,126605,0,0,12,13
5,8,472004.0,-1.1580227802442966,-0.8619484131774695,TIME_LIMIT,126635,0,0,9,6
5,8,472184.0,-1.1580227802442966,-0.8619484131774695,TIME_LIMIT,126670,0,0,19,13
5,8,472258.0,-1.1580101925975999,-0.8619484131774695,TIME_LIMIT,126691,0,0,10,5
5,8,472337.0,-1.1580101925975999,-0.8619484131774695,TIME_LIMIT,126716,0,0,12,9
5,8,472426.0,-1.1579878580990197,-0.8619484131774695,TIME_LIMIT,126736,0,0,7,12
5,8,472538.0,-1.1579878580990197,-0.8619484131774695,TIME_LIMIT,126763,0,0,6,9
5,8,472585.0,-1.157984594608746,-0.8619484131774695,TIME_LIMIT,126783,0,0,15,8
5,8,472784.0,-1.157984594608746,-0.8619484131774695,TIME_LIMIT,126812,0,0,19,29
5,8,473051.0,-1.1579590695353392,-0.8619484131774695,TIME_LIMIT,126852,0,0,18,18
5,8,473314.0,-1.1579590695353392,-0.8619484131774695,TIME_LIMIT,126887,0,0,12,16
5,8,473576.0,-1.1579532009703226,-0.8619484131774695,TIME_LIMIT,126908,0,0,18,15
5,8,473640.0,-1.1579532009703226,-0.8619484131774695,TIME_LIMIT,126929,0,0,10,7
5,8,473663.0,-1.15792998657871,-0.8619484131774695,TIME_LIMIT,126939,0,0,1,2
5,8,473838.0,-1.15792998657871,-0.8619484131774695,TIME_LIMIT,126972,0,0,23,18
5,8,474082.0,-1.1579283560652847,-0.8619484131774695,TIME_LIMIT,126998,0,0,11,9
5,8,474191.0,-1.1579283560652847,-0.8619484131774695,TIME_LIMIT,127020,0,0,12,10
5,8,474306.0,-1.1579005308501287,-0.8619484131774695,TIME_LIMIT,127046,0,0,9,2
5,8,474446.0,-1.1579005308501287,-0.8619484131774695,TIME_LIMIT,127072,0,0,20,23
5,8,474640.0,-1.1578931591524118,-0.8619484131774695,TIME_LIMIT,127113,0,0,11,10
5,8,474733.0,-1.1578931591524118,-0.8619484131774695,TIME_LIMIT,127137,0,0,17,6
5,8,474797.0,-1.15785173457007,-0.8619484131774695,TIME_LIMIT,127156,0,0,11,4
5,8,474902.0,-1.15785173457007,-0.8619484131774695,TIME_LIMIT,127171,0,0,7,7
5,8,474987.0,-1.1578347144247174,-0.8619484131774695,TIME_LIMIT,127198,0,0,6,9
5,8,475180.0,-1.1578347144247174,-0.8619484131774695,TIME_LIMIT,127231,0,0,9,30
5,8,475279.0,-1.1578025894915596,-0.8619484131774695,TIME_LIMIT,127262,0,0,11,10
5,8,475326.0,-1.1578025894915596,-0.8619484131774695,TIME_LIMIT,127276,0,0,12,9
5,8,475363.0,-1.1578021087584134,-0.8619484131774695,TIME_LIMIT,127295,0,0,7,3
5,8,475415.0,-1.1578021087584134,-0.8619484131774695,TIME_LIMIT,127314,0,0,9,9
5,8,475490.0,-1.1577824350250088,-0.8619484131774695,TIME_LIMIT,127340,0,0,10,4
5,8,475542.0,-1.1577824350250088,-0.8619484131774695,TIME_LIMIT,127356,0,0,14,8
5,8,475564.0,-1.15775124448772,-0.8619484131774695,TIME_LIMIT,127378,0,0,11,3
5,8,475703.0,-1.15775124448772,-0.8619484131774695,TIME_LIMIT,127405,0,0,14,17
5,8,475779.0,-1.1577227356675037,-0.8619484131774695,TIME_LIMIT,127433,0,0,10,9
5,8,475857.0,-1.1577227356675037,-0.8619484131774695,TIME_LIMIT,127454,0,0,16,4
5,8,475896.0,-1.1577080376019568,-0.8619484131774695,TIME_LIMIT,127473,0,0,10,4
5,8,476107.0,-1.1577080376019568,-0.8619484131774695,TIME_LIMIT,127494,0,0,12,12
5,8,476245.0,-1.1576765735081074,-0.8619484131774695,TIME_LIMIT,127520,0,0,15,6
5,8,476290.0,-1.1576765735081074,-0.8619484131774695,TIME_LIMIT,127538,0,0,19,13
5,8,476403.0,-1.157673956957248,-0.8619484131774695,TIME_LIMIT,127574,0,0,12,10
5,8,476512.0,-1.157673956957248,-0.8619484131774695,TIME_LIMIT,127599,0,0,12,13
5,8,476585.0,-1.157662896405871,-0.8619484131774695,TIME_LIMIT,127621,0,0,16,7
5,8,476673.0,-1.157662896405871,-0.8619484131774695,TIME_LIMIT,127641,0,0,9,10
5,8,476736.0,-1.1576339784262464,-0.8619484131774695,TIME_LIMIT,127664,0,0,9,2
5,8,476936.0,-1.1576339784262464,-0.8619484131774695,TIME_LIMIT,127690,0,0,12,14
5,8,477011.0,-1.157624049572193,-0.8619484131774695,TIME_LIMIT,127713,0,0,11,6
5,8,477139.0,-1.157624049572193,-0.8619484131774695,TIME_LIMIT,127740,0,0,19,11
5,8,477222.0,-1.1576056144696558,-0.8619484131774695,TIME_LIMIT,127764,0,0,14,2
5,8,477277.0,-1.1576056144696558,-0.8619484131774695,TIME_LIMIT,127786,0,0,9,10
5,8,477419.0,-1.1575532005792841,-0.8619484131774695,TIME_LIMIT,127808,0,0,7,9
5,8,477502.0,-1.1575532005792841,-0.8619484131774695,TIME_LIMIT,127834,0,0,5,8
5,8,477643.0,-1.1575518965572336,-0.8619484131774695,TIME_LIMIT,127855,0,0,12,4
5,8,477811.0,-1.1575518965572336,-0.8619484131774695,TIME_LIMIT,127880,0,0,11,24
5,8,478045.0,-1.1575429994950706,-0.8619484131774695,TIME_LIMIT,127921,0,0,10,7
5,8,478114.0,-1.1575429994950706,-0.8619484131774695,TIME_LIMIT,127944,0,0,17,11
5,8,478264.0,-1.157529158066962,-0.8619484131774695,TIME_LIMIT,127976,0,0,4,6
5,8,478363.0,-1.157529158066962,-0.8619484131774695,TIME_LIMIT,128001,0,0,9,12
5,8,478426.0,-1.1574743017581755,-0.8619484131774695,TIME_LIMIT,128025,0,0,2,4
5,8,478646.0,-1.1574743017581755,-0.8619484131774695,TIME_LIMIT,128046,0,0,7,7
5,8,478753.0,-1.157468792858726,-0.8619484131774695,TIME_LIMIT,128072,0,0,17,5
5,8,478920.0,-1.157468792858726,-0.8619484131774695,TIME_LIMIT,128105,0,0,15,13
5,8,479033.0,-1.1574599216208084,-0.8619484131774695,TIME_LIMIT,128134,0,0,13,8
5,8,479185.0,-1.1574599216208084,-0.8619484131774695,TIME_LIMIT,128158,0,0,17,19
5,8,479367.0,-1.1574470463301543,-0.8619484131774695,TIME_LIMIT,128193,0,0,14,12
5,8,479628.0,-1.1574470463301543,-0.8619484131774695,TIME_LIMIT,128223,0,0,15,7
5,8,479877.0,-1.1574442877678899,-0.8619484131774695,TIME_LIMIT,128257,0,0,18,12
5,8,479980.0,-1.1574442877678899,-0.8619484131774695,TIME_LIMIT,128286,0,0,16,12
5,8,480029.0,-1.157443734589485,-0.8619484131774695,TIME_LIMIT,128312,0,0,7,6
5,8,480095.0,-1.157443734589485,-0.8619484131774695,TIME_LIMIT,128329,0,0,7,19
5,8,480228.0,-1.1574129776952342,-0.8619484131774695,TIME_LIMIT,128363,0,0,15,11
5,8,480339.0,-1.1574129776952342,-0.8619484131774695,TIME_LIMIT,128392,0,0,11,8
5,8,480454.0,-1.1573963058332408,-0.8619484131774695,TIME_LIMIT,128415,0,0,14,6
5,8,480518.0,-1.1573963058332408,-0.8619484131774695,TIME_LIMIT,128435,0,0,12,13
5,8,480606.0,-1.1573910121329345,-0.8619484131774695,TIME_LIMIT,128459,0,0,7,10
5,8,480671.0,-1.1573910121329345,-0.8619484131774695,TIME_LIMIT,128482,0,0,11,8
5,8,480777.0,-1.1573848033488021,-0.8619484131774695,TIME_LIMIT,128513,0,0,9,8
5,8,480988.0,-1.1573848033488021,-0.8619484131774695,TIME_LIMIT,128536,0,0,16,16
5,8,481093.0,-1.1573718728887883,-0.8619484131774695,TIME_LIMIT,128557,0,0,14,10
5,8,481165.0,-1.1573718728887883,-0.8619484131774695,TIME_LIMIT,128575,0,0,10,9
5,8,481194.0,-1.1573321420826042,-0.8619484131774695,TIME_LIMIT,128591,0,0,10,8
5,8,481392.0,-1.1573321420826042,-0.8619484131774695,TIME_LIMIT,128620,0,0,21,25
5,8,481493.0,-1.1572977866969365,-0.8619484131774695,TIME_LIMIT,128641,0,0,11,6
5,8,481626.0,-1.1572977866969365,-0.8619484131774695,TIME_LIMIT,128665,0,0,14,18
5,8,481835.0,-1.1572563806188045,-0.8619484131774695,TIME_LIMIT,128706,0,0,14,8
5,8,481963.0,-1.1572563806188045,-0.8619484131774695,TIME_LIMIT,128727,0,0,11,19
5,8,482029.0,-1.1572467305842595,-0.8619484131774695,TIME_LIMIT,128749,0,0,9,3
5,8,482126.0,-1.1572467305842595,-0.8619484131774695,TIME_LIMIT,128776,0,0,15,7
5,8,482173.0,-1.1572268223026703,-0.8619484131774695,TIME_LIMIT,128795,0,0,6,8
5,8,482221.0,-1.1572268223026703,-0.8619484131774695,TIME_LIMIT,128809,0,0,7,7
5,8,482258.0,-1.157222787896597,-0.8619484131774695,TIME_LIMIT,128825,0,0,6,5
5,8,482337.0,-1.157222787896597,-0.8619484131774695,TIME_LIMIT,128846,0,0,11,14
5,8,482410.0,-1.1571945568711113,-0.8619484131774695,TIME_LIMIT,128870,0,0,9,7
5,8,482523.0,-1.1571945568711113,-0.8619484131774695,TIME_LIMIT,128895,0,0,12,12
5,8,482659.0,-1.1571869844560305,-0.8619484131774695,TIME_LIMIT,128932,0,0,15,10
5,8,482731.0,-1.1571869844560305,-0.8619484131774695,TIME_LIMIT,128952,0,0,10,8
5,8,482754.0,-1.157172812657568,-0.8619484131774695,TIME_LIMIT,128968,0,0,11,5
5,8,482908.0,-1.157172812657568,-0.8619484131774695,TIME_LIMIT,128995,0,0,10,7
5,8,483069.0,-1.157171768504968,-0.8619484131774695,TIME_LIMIT,129031,0,0,22,12
5,8,483177.0,-1.157171768504968,-0.8619484131774695,TIME_LIMIT,129054,0,0,16,11
5,8,483324.0,-1.1571580376813966,-0.8619484131774695,TIME_LIMIT,129092,0,0,16,6
5,8,483521.0,-1.1571580376813966,-0.8619484131774695,TIME_LIMIT,129120,0,0,12,14
5,8,483634.0,-1.157151444812172,-0.8619484131774695,TIME_LIMIT,129147,0,0,13,17
5,8,483778.0,-1.157151444812172,-0.8619484131774695,TIME_LIMIT,129174,0,0,6,10
5,8,483944.0,-1.157148436891251,-0.8619484131774695,TIME_LIMIT,129204,0,0,15,8
5,8,484042.0,-1.157148436891251,-0.8619484131774695,TIME_LIMIT,129224,0,0,9,23
5,8,484160.0,-1.157130430389588,-0.8619484131774695,TIME_LIMIT,129261,0,0,9,9
5,8,484202.0,-1.157130430389588,-0.8619484131774695,TIME_LIMIT,129283,0,0,17,14
5,8,484324.0,-1.1571215711170195,-0.8619484131774695,TIME_LIMIT,129310,0,0,12,9
5,8,484395.0,-1.1571215711170195,-0.8619484131774695,TIME_LIMIT,129331,0,0,8,4
5,8,484437.0,-1.1571200447397916,-0.8619484131774695,TIME_LIMIT,129351,0,0,7,5
5,8,484501.0,-1.1571200447397916,-0.8619484131774695,TIME_LIMIT,129372,0,0,11,4
5,8,484553.0,-1.1570623278617518,-0.8619484131774695,TIME_LIMIT,129397,0,0,11,5
5,8,484740.0,-1.1570623278617518,-0.8619484131774695,TIME_LIMIT,129428,0,0,16,13
5,8,484837.0,-1.157049656142188,-0.8619484131774695,TIME_LIMIT,129449,0,0,9,10
5,8,484942.0,-1.157049656142188,-0.8619484131774695,TIME_LIMIT,129476,0,0,5,19
5,8,485072.0,-1.1570494063375176,-0.8619484131774695,TIME_LIMIT,129504,0,0,6,7
5,8,485285.0,-1.1570494063375176,-0.8619484131774695,TIME_LIMIT,129529,0,0,8,12
5,8,485482.0,-1.1570296758708025,-0.8619484131774695,TIME_LIMIT,129553,0,0,14,13
5,8,485587.0,-1.1570296758708025,-0.8619484131774695,TIME_LIMIT,129582,0,0,12,13
5,8,485660.0,-1.1570259151684479,-0.8619484131774695,TIME_LIMIT,129604,0,0,11,11
5,8,485780.0,-1.1570259151684479,-0.8619484131774695,TIME_LIMIT,129628,0,0,8,11
5,8,485827.0,-1.157018898491821,-0.8619484131774695,TIME_LIMIT,129649,0,0,10,6
5,8,485908.0,-1.157018898491821,-0.8619484131774695,TIME_LIMIT,129668,0,0,18,10
5,8,485991.0,-1.1570128431885884,-0.8619484131774695,TIME_LIMIT,129703,0,0,14,8
5,8,486112.0,-1.1570128431885884,-0.8619484131774695,TIME_LIMIT,129726,0,0,11,14
5,8,486301.0,-1.157009630546409,-0.8619484131774695,TIME_LIMIT,129764,0,0,17,10
5,8,486428.0,-1.157009630546409,-0.8619484131774695,TIME_LIMIT,129783,0,0,14,4
5,8,486474.0,-1.1570059245334858,-0.8619484131774695,TIME_LIMIT,129806,0,0,8,3
5,8,486671.0,-1.1570059245334858,-0.8619484131774695,TIME_LIMIT,129826,0,0,18,43
5,8,486896.0,-1.1570023957094424,-0.8619484131774695,TIME_LIMIT,129863,0,0,11,13
5,8,486963.0,-1.1570023957094424,-0.8619484131774695,TIME_LIMIT,129891,0,0,18,9
5,8,487079.0,-1.1569892709248744,-0.8619484131774695,TIME_LIMIT,129916,0,0,12,12
5,8,487213.0,-1.1569892709248744,-0.8619484131774695,TIME_LIMIT,129942,0,0,19,19
5,8,487360.0,-1.1569836376700091,-0.8619484131774695,TIME_LIMIT,129967,0,0,18,12
5,8,487498.0,-1.1569836376700091,-0.8619484131774695,TIME_LIMIT,129991,0,0,20,13
5,8,487654.0,-1.1569567601547388,-0.8619484131774695,TIME_LIMIT,130028,0,0,19,15
5,8,487774.0,-1.1569567601547388,-0.8619484131774695,TIME_LIMIT,130052,0,0,19,22
5,8,487944.0,-1.1569548720527862,-0.8619484131774695,TIME_LIMIT,130092,0,0,7,14
5,8,488038.0,-1.1569548720527862,-0.8619484131774695,TIME_LIMIT,130124,0,0,11,14
5,8,488184.0,-1.1569228026344587,-0.8619484131774695,TIME_LIMIT,130140,0,0,10,7
5,8,488342.0,-1.1569228026344587,-0.8619484131774695,TIME_LIMIT,130171,0,0,18,30
5,8,488431.0,-1.1569219329190714,-0.8619484131774695,TIME_LIMIT,130195,0,0,13,6
5,8,488628.0,-1.1569219329190714,-0.8619484131774695,TIME_LIMIT,130230,0,0,24,14
5,8,488775.0,-1.1568991615850956,-0.8619484131774695,TIME_LIMIT,130267,0,0,11,14
5,8,488827.0,-1.1568991615850956,-0.8619484131774695,TIME_LIMIT,130285,0,0,16,8
5,8,488920.0,-1.1568589759808687,-0.8619484131774695,TIME_LIMIT,130316,0,0,12,4
5,8,488996.0,-1.1568589759808687,-0.8619484131774695,TIME_LIMIT,130339,0,0,8,6
5,8,489111.0,-1.1568371595255114,-0.8619484131774695,TIME_LIMIT,130363,0,0,8,7
5,8,489232.0,-1.1568371595255114,-0.8619484131774695,TIME_LIMIT,130399,0,0,20,12
5,8,489364.0,-1.1568081426695076,-0.8619484131774695,TIME_LIMIT,130426,0,0,11,16
5,8,489513.0,-1.1568081426695076,-0.8619484131774695,TIME_LIMIT,130459,0,0,15,19
5,8,489656.0,-1.1568043886084562,-0.8619484131774695,TIME_LIMIT,130487,0,0,16,9
5,8,489719.0,-1.1568043886084562,-0.8619484131774695,TIME_LIMIT,130504,0,0,11,9
5,8,489768.0,-1.156803033624508,-0.8619484131774695,TIME_LIMIT,130531,0,0,6,7
5,8,489915.0,-1.156803033624508,-0.8619484131774695,TIME_LIMIT,130556,0,0,10,23
5,8,490029.0,-1.1568017370171237,-0.8619484131774695,TIME_LIMIT,130588,0,0,11,8
5,8,490096.0,-1.1568017370171237,-0.8619484131774695,TIME_LIMIT,130613,0,0,12,7
5,8,490147.0,-1.1568014650675056,-0.8619484131774695,TIME_LIMIT,130632,0,0,4,5
5,8,490232.0,-1.1568014650675056,-0.8619484131774695,TIME_LIMIT,130657,0,0,13,26
5,8,490423.0,-1.1567786060482117,-0.8619484131774695,TIME_LIMIT,130684,0,0,8,9
5,8,490514.0,-1.1567786060482117,-0.8619484131774695,TIME_LIMIT,130708,0,0,18,12
5,8,490610.0,-1.1567675660986678,-0.8619484131774695,TIME_LIMIT,130733,0,0,12,2
5,8,490819.0,-1.1567675660986678,-0.8619484131774695,TIME_LIMIT,130759,0,0,18,10
5,8,490984.0,-1.1567422802693017,-0.8619484131774695,TIME_LIMIT,130799,0,0,18,15
5,8,491133.0,-1.1567422802693017,-0.8619484131774695,TIME_LIMIT,130829,0,0,17,14
5,8,491245.0,-1.1567390942389977,-0.8619484131774695,TIME_LIMIT,130852,0,0,8,7
5,8,491450.0,-1.1567390942389977,-0.8619484131774695,TIME_LIMIT,130878,0,0,16,14
5,8,491533.0,-1.1566892075595383,-0.8619484131774695,TIME_LIMIT,130898,0,0,10,8
5,8,491588.0,-1.1566892075595383,-0.8619484131774695,TIME_LIMIT,130913,0,0,8,11
5,8,491616.0,-1.1566727923910873,-0.8619484131774695,TIME_LIMIT,130938,0,0,8,5
5,8,491826.0,-1.1566727923910873,-0.8619484131774695,TIME_LIMIT,130964,0,0,20,27
5,8,492031.0,-1.1566506337301583,-0.8619484131774695,TIME_LIMIT,130998,0,0,13,6
5,8,492225.0,-1.1566506337301583,-0.8619484131774695,TIME_LIMIT,131026,0,0,10,22
5,8,492435.0,-1.156648306700857,-0.8619484131774695,TIME_LIMIT,131051,0,0,15,12
5,8,492638.0,-1.156648306700857,-0.8619484131774695,TIME_LIMIT,131087,0,0,13,23
5,8,492776.0,-1.156611912782988,-0.8619484131774695,TIME_LIMIT,131125,0,0,13,12
5,8,492929.0,-1.156611912782988,-0.8619484131774695,TIME_LIMIT,131154,0,0,8,13
5,8,493001.0,-1.1565616162783365,-0.8619484131774695,TIME_LIMIT,131187,0,0,9,8
5,8,493085.0,-1.1565616162783365,-0.8619484131774695,TIME_LIMIT,131211,0,0,12,8
5,8,493201.0,-1.156561032220014,-0.8619484131774695,TIME_LIMIT,131234,0,0,11,6
5,8,493290.0,-1.156561032220014,-0.8619484131774695,TIME_LIMIT,131263,0,0,8,7
5,8,493378.0,-1.156547033868101,-0.8619484131774695,TIME_LIMIT,131281,0,0,11,6
5,8,493472.0,-1.156547033868101,-0.8619484131774695,TIME_LIMIT,131304,0,0,11,14
5,8,493576.0,-1.1565356330210976,-0.8619484131774695,TIME_LIMIT,131336,0,0,8,10
5,8,493662.0,-1.1565356330210976,-0.8619484131774695,TIME_LIMIT,131359,0,0,10,8
5,8,493724.0,-1.1565186510352943,-0.8619484131774695,TIME_LIMIT,131377,0,0,7,2
5,8,493930.0,-1.1565186510352943,-0.8619484131774695,TIME_LIMIT,131406,0,0,10,5
5,8,494136.0,-1.1565094177747843,-0.8619484131774695,TIME_LIMIT,131433,0,0,16,9
5,8,494325.0,-1.1565094177747843,-0.8619484131774695,TIME_LIMIT,131463,0,0,8,8
5,8,494373.0,-1.156505003731355,-0.8619484131774695,TIME_LIMIT,131477,0,0,7,2
5,8,494429.0,-1.156505003731355,-0.8619484131774695,TIME_LIMIT,131502,0,0,5,11
5,8,494504.0,-1.1564810010215831,-0.8619484131774695,TIME_LIMIT,131526,0,0,7,5
5,8,494677.0,-1.1564810010215831,-0.8619484131774695,TIME_LIMIT,131552,0,0,24,17
5,8,494777.0,-1.1564737139646855,-0.8619484131774695,TIME_LIMIT,131586,0,0,5,9
5,8,495002.0,-1.1564737139646855,-0.8619484131774695,TIME_LIMIT,131611,0,0,9,28
5,8,495150.0,-1.1564526391698182,-0.8619484131774695,TIME_LIMIT,131644,0,0,12,14
5,8,495182.0,-1.1564526391698182,-0.8619484131774695,TIME_LIMIT,131662,0,0,8,10
5,8,495306.0,-1.1564496937289748,-0.8619484131774695,TIME_LIMIT,131698,0,0,13,11
5,8,495441.0,-1.1564496937289748,-0.8619484131774695,TIME_LIMIT,131720,0,0,19,4
5,8,495532.0,-1.156437482232367,-0.8619484131774695,TIME_LIMIT,131742,0,0,11,2
5,8,495661.0,-1.156437482232367,-0.8619484131774695,TIME_LIMIT,131766,0,0,12,12
5,8,495700.0,-1.156429782977258,-0.8619484131774695,TIME_LIMIT,131786,0,0,5,3
5,8,495823.0,-1.156429782977258,-0.8619484131774695,TIME_LIMIT,131813,0,0,10,22
5,8,495949.0,-1.1564289711675044,-0.8619484131774695,TIME_LIMIT,131850,0,0,18,10
5,8,496018.0,-1.1564289711675044,-0.8619484131774695,TIME_LIMIT,131867,0,0,5,16
5,8,496039.0,-1.1564184012026906,-0.8619484131774695,TIME_LIMIT,131882,0,0,3,2
5,8,496229.0,-1.1564184012026906,-0.8619484131774695,TIME_LIMIT,131903,0,0,18,27
5,8,496318.0,-1.1564137628575133,-0.8619484131774695,TIME_LIMIT,131939,0,0,5,13
5,8,496381.0,-1.1564137628575133,-0.8619484131774695,TIME_LIMIT,131961,0,0,15,7
5,8,496443.0,-1.1564083736943473,-0.8619484131774695,TIME_LIMIT,131983,0,0,10,5
5,8,496528.0,-1.1564083736943473,-0.8619484131774695,TIME_LIMIT,132010,0,0,16,13
5,8,496616.0,-1.1564053846684017,-0.8619484131774695,TIME_LIMIT,132036,0,0,15,7
5,8,496715.0,-1.1564053846684017,-0.8619484131774695,TIME_LIMIT,132057,0,0,18,11
5,8,496870.0,-1.1564052546708226,-0.8619484131774695,TIME_LIMIT,132090,0,0,14,11
5,8,496920.0,-1.1564052546708226,-0.8619484131774695,TIME_LIMIT,132107,0,0,11,9
5,8,496984.0,-1.1563539117306596,-0.8619484131774695,TIME_LIMIT,132127,0,0,5,4
5,8,497183.0,-1.1563539117306596,-0.8619484131774695,TIME_LIMIT,132160,0,0,20,15
5,8,497333.0,-1.1563507618411273,-0.8619484131774695,TIME_LIMIT,132187,0,0,7,10
5,8,497523.0,-1.1563507618411273,-0.8619484131774695,TIME_LIMIT,132214,0,0,18,19
5,8,497602.0,-1.1563464187784778,-0.8619484131774695,TIME_LIMIT,132245,0,0,10,6
5,8,497732.0,-1.1563464187784778,-0.8619484131774695,TIME_LIMIT,132266,0,0,10,9
5,8,497897.0,-1.1563149640456334,-0.8619484131774695,TIME_LIMIT,132309,0,0,14,10
5,8,498127.0,-1.1563149640456334,-0.8619484131774695,TIME_LIMIT,132334,0,0,12,16
5,8,498208.0,-1.1563120349588096,-0.8619484131774695,TIME_LIMIT,132362,0,0,17,4
5,8,498257.0,-1.1563120349588096,-0.8619484131774695,TIME_LIMIT,132382,0,0,14,4
5,8,498361.0,-1.1562984627720896,-0.8619484131774695,TIME_LIMIT,132414,0,0,11,10
5,8,498570.0,-1.1562984627720896,-0.8619484131774695,TIME_LIMIT,132438,0,0,14,12
5,8,498763.0,-1.1562889106601244,-0.8619484131774695,TIME_LIMIT,132471,0,0,16,14
5,8,498907.0,-1.1562889106601244,-0.8619484131774695,TIME_LIMIT,132496,0,0,23,15
5,8,499009.0,-1.1562633421698063,-0.8619484131774695,TIME_LIMIT,132528,0,0,10,5
5,8,499031.0,-1.1562633421698063,-0.8619484131774695,TIME_LIMIT,132547,0,0,14,6
5,8,499093.0,-1.1562595250652792,-0.8619484131774695,TIME_LIMIT,132567,0,0,7,6
5,8,499163.0,-1.1562595250652792,-0.8619484131774695,TIME_LIMIT,132580,0,0,10,15
5,8,499206.0,-1.156258930959403,-0.8619484131774695,TIME_LIMIT,132600,0,0,7,4
5,8,499316.0,-1.156258930959403,-0.8619484131774695,TIME_LIMIT,132623,0,0,19,9
5,8,499406.0,-1.156237202325784,-0.8619484131774695,TIME_LIMIT,132649,0,0,23,9
5,8,499605.0,-1.156237202325784,-0.8619484131774695,TIME_LIMIT,132680,0,0,21,20
5,8,499858.0,-1.156234860672867,-0.8619484131774695,TIME_LIMIT,132720,0,0,17,12
5,8,499939.0,-1.156234860672867,-0.8619484131774695,TIME_LIMIT,132743,0,0,18,13
5,8,500075.0,-1.1562288110656564,-0.8619484131774695,TIME_LIMIT,132780,0,0,12,16
5,8,500141.0,-1.1562288110656564,-0.8619484131774695,TIME_LIMIT,132801,0,0,18,14
5,8,500216.0,-1.156225118862843,-0.8619484131774695,TIME_LIMIT,132830,0,0,15,6
5,8,500358.0,-1.156225118862843,-0.8619484131774695,TIME_LIMIT,132852,0,0,5,5
5,8,500399.0,-1.156222479190148,-0.8619484131774695,TIME_LIMIT,132869,0,0,10,4
5,8,500483.0,-1.156222479190148,-0.8619484131774695,TIME_LIMIT,132892,0,0,8,11
5,8,500589.0,-1.1562207291923468,-0.8619484131774695,TIME_LIMIT,132916,0,0,14,8
5,8,500689.0,-1.1562207291923468,-0.8619484131774695,TIME_LIMIT,132942,0,0,12,24
5,8,500863.0,-1.156170045715911,-0.8619484131774695,TIME_LIMIT,132979,0,0,5,6
5,8,501057.0,-1.156170045715911,-0.8619484131774695,TIME_LIMIT,133008,0,0,19,15
5,8,501257.0,-1.156169278670778,-0.8619484131774695,TIME_LIMIT,133042,0,0,21,15
5,8,501333.0,-1.156169278670778,-0.8619484131774695,TIME_LIMIT,133062,0,0,14,9
5,8,501402.0,-1.1561438682726937,-0.8619484131774695,TIME_LIMIT,133082,0,0,9,5
5,8,501611.0,-1.1561438682726937,-0.8619484131774695,TIME_LIMIT,133102,0,0,14,22
5,8,501673.0,-1.1561044466230064,-0.8619484131774695,TIME_LIMIT,133129,0,0,3,6
5,8,501774.0,-1.1561044466230064,-0.8619484131774695,TIME_LIMIT,133157,0,0,13,19
5,8,501830.0,-1.1560755946650592,-0.8619484131774695,TIME_LIMIT,133181,0,0,10,3
5,8,501945.0,-1.1560755946650592,-0.8619484131774695,TIME_LIMIT,133203,0,0,8,6
5,8,502080.0,-1.1560722097311944,-0.8619484131774695,TIME_LIMIT,133226,0,0,12,6
5,8,502168.0,-1.1560722097311944,-0.8619484131774695,TIME_LIMIT,133255,0,0,2,5
5,8,502234.0,-1.1560672545657833,-0.8619484131774695,TIME_LIMIT,133268,0,0,3,4
5,8,502369.0,-1.1560672545657833,-0.8619484131774695,TIME_LIMIT,133295,0,0,15,11
5,8,502442.0,-1.1560483457176336,-0.8619484131774695,TIME_LIMIT,133323,0,0,10,2
5,8,502485.0,-1.1560483457176336,-0.8619484131774695,TIME_LIMIT,133337,0,0,4,6
5,8,502525.0,-1.1560422641214658,-0.8619484131774695,TIME_LIMIT,133351,0,0,5,2
5,8,502602.0,-1.1560422641214658,-0.8619484131774695,TIME_LIMIT,133375,0,0,14,14
5,8,502674.0,-1.1560179812686417,-0.8619484131774695,TIME_LIMIT,133400,0,0,11,10
5,8,502767.0,-1.1560179812686417,-0.8619484131774695,TIME_LIMIT,133424,0,0,14,15
5,8,502832.0,-1.156003456870053,-0.8619484131774695,TIME_LIMIT,133449,0,0,16,8
5,8,502936.0,-1.156003456870053,-0.8619484131774695,TIME_LIMIT,133477,0,0,15,23
5,8,503128.0,-1.1559998118138637,-0.8619484131774695,TIME_LIMIT,133503,0,0,19,15
5,8,503277.0,-1.1559998118138637,-0.8619484131774695,TIME_LIMIT,133534,0,0,20,21
5,8,503460.0,-1.1559923321693466,-0.8619484131774695,TIME_LIMIT,133575,0,0,14,11
5,8,503581.0,-1.1559923321693466,-0.8619484131774695,TIME_LIMIT,133598,0,0,19,9
5,8,503776.0,-1.1559515379812813,-0.8619484131774695,TIME_LIMIT,133633,0,0,6,11
5,8,503849.0,-1.1559515379812813,-0.8619484131774695,TIME_LIMIT,133659,0,0,7,6
5,8,503880.0,-1.1559194329841664,-0.8619484131774695,TIME_LIMIT,133671,0,0,4,9
5,8,504090.0,-1.1559194329841664,-0.8619484131774695,TIME_LIMIT,133700,0,0,11,10
5,8,504258.0,-1.1559172970125067,-0.8619484131774695,TIME_LIMIT,133732,0,0,22,12
5,8,504281.0,-1.1559172970125067,-0.8619484131774695,TIME_LIMIT,133750,0,0,12,7
5,8,504329.0,-1.1558818952896703,-0.8619484131774695,TIME_LIMIT,133770,0,0,5,4
5,8,504366.0,-1.1558818952896703,-0.8619484131774695,TIME_LIMIT,133795,0,0,7,9
5,8,504493.0,-1.1558742200854364,-0.8619484131774695,TIME_LIMIT,133820,0,0,11,11
5,8,504536.0,-1.1558742200854364,-0.8619484131774695,TIME_LIMIT,133836,0,0,11,13
5,8,504602.0,-1.1558589120415037,-0.8619484131774695,TIME_LIMIT,133858,0,0,3,1
5,8,504664.0,-1.1558589120415037,-0.8619484131774695,TIME_LIMIT,133878,0,0,13,7
5,8,504698.0,-1.1558044534970087,-0.8619484131774695,TIME_LIMIT,133897,0,0,11,5
5,8,504760.0,-1.1558044534970087,-0.8619484131774695,TIME_LIMIT,133919,0,0,19,24
5,8,504878.0,-1.1557431878487598,-0.8619484131774695,TIME_LIMIT,133952,0,0,13,12
5,8,504968.0,-1.1557431878487598,-0.8619484131774695,TIME_LIMIT,133972,0,0,13,18
5,8,505034.0,-1.1557022411497129,-0.8619484131774695,TIME_LIMIT,134000,0,0,14,7
5,8,505115.0,-1.1557022411497129,-0.8619484131774695,TIME_LIMIT,134024,0,0,17,6
5,8,505189.0,-1.1556976144878623,-0.8619484131774695,TIME_LIMIT,134049,0,0,11,6
5,8,505277.0,-1.1556976144878623,-0.8619484131774695,TIME_LIMIT,134074,0,0,10,7
5,8,505323.0,-1.155696784825377,-0.8619484131774695,TIME_LIMIT,134094,0,0,15,4
5,8,505417.0,-1.155696784825377,-0.8619484131774695,TIME_LIMIT,134117,0,0,13,7
5,8,505499.0,-1.1556796667037874,-0.8619484131774695,TIME_LIMIT,134138,0,0,7,7
5,8,505627.0,-1.1556796667037874,-0.8619484131774695,TIME_LIMIT,134162,0,0,9,17
5,8,505737.0,-1.155644982454874,-0.8619484131774695,TIME_LIMIT,134195,0,0,8,11
5,8,505869.0,-1.155644982454874,-0.8619484131774695,TIME_LIMIT,134221,0,0,11,9
5,8,505911.0,-1.1555854077034415,-0.8619484131774695,TIME_LIMIT,134251,0,0,5,5
5,8,505967.0,-1.1555854077034415,-0.8619484131774695,TIME_LIMIT,134273,0,0,8,8
5,8,505989.0,-1.1555783561922657,-0.8619484131774695,TIME_LIMIT,134293,0,0,12,0
5,8,506100.0,-1.1555783561922657,-0.8619484131774695,TIME_LIMIT,134319,0,0,13,14
5,8,506253.0,-1.1555716247349426,-0.8619484131774695,TIME_LIMIT,134359,0,0,6,13
5,8,506332.0,-1.1555716247349426,-0.8619484131774695,TIME_LIMIT,134376,0,0,11,10
5,8,506355.0,-1.155550319791259,-0.8619484131774695,TIME_LIMIT,134396,0,0,4,7
5,8,506405.0,-1.155550319791259,-0.8619484131774695,TIME_LIMIT,134417,0,0,9,3
5,8,506491.0,-1.1555390225965105,-0.8619484131774695,TIME_LIMIT,134438,0,0,15,5
5,8,506551.0,-1.1555390225965105,-0.8619484131774695,TIME_LIMIT,134463,0,0,7,7
5,8,506657.0,-1.1555114609363824,-0.8619484131774695,TIME_LIMIT,134489,0,0,10,7
5,8,506747.0,-1.1555114609363824,-0.8619484131774695,TIME_LIMIT,134511,0,0,12,13
5,8,506822.0,-1.1555112763712914,-0.8619484131774695,TIME_LIMIT,134531,0,0,10,9
5,8,506862.0,-1.1555112763712914,-0.8619484131774695,TIME_LIMIT,134546,0,0,5,2
5,8,506891.0,-1.1554985130422264,-0.8619484131774695,TIME_LIMIT,134563,0,0,3,6
5,8,506981.0,-1.1554985130422264,-0.8619484131774695,TIME_LIMIT,134588,0,0,18,19
5,8,507188.0,-1.1554981393348491,-0.8619484131774695,TIME_LIMIT,134617,0,0,15,13
5,8,507247.0,-1.1554981393348491,-0.8619484131774695,TIME_LIMIT,134633,0,0,10,4
5,8,507409.0,-1.1554751898054008,-0.8619484131774695,TIME_LIMIT,134655,0,0,9,2
5,8,507602.0,-1.1554751898054008,-0.8619484131774695,TIME_LIMIT,134677,0,0,15,12
5,8,507698.0,-1.1554569043983745,-0.8619484131774695,TIME_LIMIT,134700,0,0,12,6
5,8,507902.0,-1.1554569043983745,-0.8619484131774695,TIME_LIMIT,134730,0,0,20,12
5,8,508157.0,-1.1554566147367846,-0.8619484131774695,TIME_LIMIT,134751,0,0,13,8
5,8,508409.0,-1.1554566147367846,-0.8619484131774695,TIME_LIMIT,134774,0,0,18,19
5,8,508661.0,-1.155436808365375,-0.8619484131774695,TIME_LIMIT,134818,0,0,18,10
5,8,508747.0,-1.155436808365375,-0.8619484131774695,TIME_LIMIT,134844,0,0,12,13
5,8,508811.0,-1.15540228050891,-0.8619484131774695,TIME_LIMIT,134863,0,0,10,8
5,8,508883.0,-1.15540228050891,-0.8619484131774695,TIME_LIMIT,134886,0,0,13,5
5,8,508952.0,-1.1553947108012141,-0.8619484131774695,TIME_LIMIT,134907,0,0,6,2
5,8,509063.0,-1.1553947108012141,-0.8619484131774695,TIME_LIMIT,134929,0,0,9,12
5,8,509104.0,-1.1553823990763725,-0.8619484131774695,TIME_LIMIT,134943,0,0,4,2
5,8,509185.0,-1.1553823990763725,-0.8619484131774695,TIME_LIMIT,134966,0,0,14,2
5,8,509269.0,-1.1553562122771674,-0.8619484131774695,TIME_LIMIT,134992,0,0,9,2
5,8,509408.0,-1.1553562122771674,-0.8619484131774695,TIME_LIMIT,135015,0,0,10,10
5,8,509485.0,-1.1553242794092162,-0.8619484131774695,TIME_LIMIT,135037,0,0,6,7
5,8,509533.0,-1.1553242794092162,-0.8619484131774695,TIME_LIMIT,135057,0,0,17,10
5,8,509678.0,-1.1552898127953637,-0.8619484131774695,TIME_LIMIT,135097,0,0,8,6
5,8,509810.0,-1.1552898127953637,-0.8619484131774695,TIME_LIMIT,135121,0,0,13,14
5,8,509919.0,-1.155267450753234,-0.8619484131774695,TIME_LIMIT,135153,0,0,11,16
5,8,510093.0,-1.155267450753234,-0.8619484131774695,TIME_LIMIT,135183,0,0,22,27
5,8,510232.0,-1.1552619692734059,-0.8619484131774695,TIME_LIMIT,135209,0,0,12,5
5,8,510371.0,-1.1552619692734059,-0.8619484131774695,TIME_LIMIT,135235,0,0,11,10
5,8,510498.0,-1.1552501940626674,-0.8619484131774695,TIME_LIMIT,135266,0,0,13,6
5,8,510597.0,-1.1552501940626674,-0.8619484131774695,TIME_LIMIT,135289,0,0,11,13
5,8,510664.0,-1.1552433656690428,-0.8619484131774695,TIME_LIMIT,135314,0,0,14,7
5,8,510779.0,-1.1552433656690428,-0.8619484131774695,TIME_LIMIT,135338,0,0,16,7
5,8,510866.0,-1.1552290260790754,-0.8619484131774695,TIME_LIMIT,135357,0,0,9,3
5,8,511060.0,-1.1552290260790754,-0.8619484131774695,TIME_LIMIT,135385,0,0,16,14
5,8,511205.0,-1.1552270774359903,-0.8619484131774695,TIME_LIMIT,135408,0,0,12,9
5,8,511342.0,-1.1552270774359903,-0.8619484131774695,TIME_LIMIT,135432,0,0,20,12
5,8,511512.0,-1.1551903320697114,-0.8619484131774695,TIME_LIMIT,135465,0,0,11,8
5,8,511589.0,-1.1551903320697114,-0.8619484131774695,TIME_LIMIT,135485,0,0,9,11
5,8,511646.0,-1.155176497231943,-0.8619484131774695,TIME_LIMIT,135506,0,0,9,17
5,8,511841.0,-1.155176497231943,-0.8619484131774695,TIME_LIMIT,135529,0,0,17,22
5,8,512036.0,-1.1551653052023734,-0.8619484131774695,TIME_LIMIT,135557,0,0,19,13
5,8,512077.0,-1.1551653052023734,-0.8619484131774695,TIME_LIMIT,135570,0,0,4,3
5,8,512089.0,-1.155137042036701,-0.8619484131774695,TIME_LIMIT,135583,0,0,6,0
5,8,512170.0,-1.155137042036701,-0.8619484131774695,TIME_LIMIT,135611,0,0,9,19
5,8,512326.0,-1.155105443634218,-0.8619484131774695,TIME_LIMIT,135650,0,0,12,10
5,8,512350.0,-1.155105443634218,-0.8619484131774695,TIME_LIMIT,135672,0,0,8,6
5,8,512399.0,-1.1551037961760002,-0.8619484131774695,TIME_LIMIT,135686,0,0,4,2
5,8,512422.0,-1.1551037961760002,-0.8619484131774695,TIME_LIMIT,135706,0,0,13,14
5,8,512535.0,-1.1551019816055255,-0.8619484131774695,TIME_LIMIT,135734,0,0,11,5
5,8,512577.0,-1.1551019816055255,-0.8619484131774695,TIME_LIMIT,135762,0,0,7,14
5,8,512742.0,-1.1550792389636355,-0.8619484131774695,TIME_LIMIT,135789,0,0,7,13
5,8,512844.0,-1.1550792389636355,-0.8619484131774695,TIME_LIMIT,135815,0,0,20,12
5,8,513061.0,-1.1550485465622546,-0.8619484131774695,TIME_LIMIT,135857,0,0,15,19
5,8,513239.0,-1.1550485465622546,-0.8619484131774695,TIME_LIMIT,135887,0,0,9,20
5,8,513350.0,-1.1550332256792044,-0.8619484131774695,TIME_LIMIT,135915,0,0,8,3
5,8,513427.0,-1.1550332256792044,-0.8619484131774695,TIME_LIMIT,135937,0,0,14,13
5,8,513527.0,-1.1550209717307358,-0.8619484131774695,TIME_LIMIT,135966,0,0,9,10
5,8,513585.0,-1.1550209717307358,-0.8619484131774695,TIME_LIMIT,135990,0,0,7,9
5,8,513618.0,-1.1550067707148834,-0.8619484131774695,TIME_LIMIT,136011,0,0,5,6
5,8,513784.0,-1.1550067707148834,-0.8619484131774695,TIME_LIMIT,136038,0,0,16,33
5,8,513897.0,-1.155005770991019,-0.8619484131774695,TIME_LIMIT,136070,0,0,6,7
5,8,514011.0,-1.155005770991019,-0.8619484131774695,TIME_LIMIT,136101,0,0,12,16
5,8,514131.0,-1.154981547335982,-0.8619484131774695,TIME_LIMIT,136123,0,0,12,9
5,8,514227.0,-1.154981547335982,-0.8619484131774695,TIME_LIMIT,136148,0,0,15,20
5,8,514294.0,-1.1549428708021459,-0.8619484131774695,TIME_LIMIT,136176,0,0,10,5
5,8,514378.0,-1.1549428708021459,-0.8619484131774695,TIME_LIMIT,136199,0,0,16,7
5,8,514546.0,-1.1549279610976788,-0.8619484131774695,TIME_LIMIT,136242,0,0,14,15
5,8,514651.0,-1.1549279610976788,-0.8619484131774695,TIME_LIMIT,136269,0,0,21,10
5,8,514772.0,-1.1549169438256857,-0.8619484131774695,TIME_LIMIT,136295,0,0,13,14
5,8,514837.0,-1.1549169438256857,-0.8619484131774695,TIME_LIMIT,136315,0,0,7,7
5,8,514881.0,-1.1548956915383983,-0.8619484131774695,TIME_LIMIT,136331,0,0,3,1
5,8,514923.0,-1.1548956915383983,-0.8619484131774695,TIME_LIMIT,136353,0,0,14,11
5,8,514939.0,-1.154871106564457,-0.8619484131774695,TIME_LIMIT,136369,0,0,10,7
5,8,515050.0,-1.154871106564457,-0.8619484131774695,TIME_LIMIT,136396,0,0,13,9
5,8,515155.0,-1.154817261974924,-0.8619484131774695,TIME_LIMIT,136417,0,0,10,4
5,8,515211.0,-1.154817261974924,-0.8619484131774695,TIME_LIMIT,136439,0,0,7,6
5,8,515288.0,-1.1547832312193502,-0.8619484131774695,TIME_LIMIT,136465,0,0,12,9
5,8,515362.0,-1.1547832312193502,-0.8619484131774695,TIME_LIMIT,136484,0,0,12,9
5,8,515437.0,-1.1547830916854653,-0.8619484131774695,TIME_LIMIT,136516,0,0,14,9
5,8,515519.0,-1.1547830916854653,-0.8619484131774695,TIME_LIMIT,136541,0,0,17,7
5,8,515622.0,-1.1547613663685066,-0.8619484131774695,TIME_LIMIT,136566,0,0,10,10
5,8,515725.0,-1.1547613663685066,-0.8619484131774695,TIME_LIMIT,136591,0,0,13,19
5,8,515828.0,-1.1547564682774396,-0.8619484131774695,TIME_LIMIT,136619,0,0,8,7
5,8,515905.0,-1.1547564682774396,-0.8619484131774695,TIME_LIMIT,136644,0,0,14,12
5,8,516032.0,-1.1547522164618407,-0.8619484131774695,TIME_LIMIT,136667,0,0,6,7
5,8,516242.0,-1.1547522164618407,-0.8619484131774695,TIME_LIMIT,136698,0,0,18,11
5,8,516325.0,-1.1547460829527603,-0.8619484131774695,TIME_LIMIT,136723,0,0,13,6
5,8,516498.0,-1.1547460829527603,-0.8619484131774695,TIME_LIMIT,136753,0,0,23,19
5,8,516731.0,-1.1547455543284624,-0.8619484131774695,TIME_LIMIT,136788,0,0,15,21
5,8,516960.0,-1.1547455543284624,-0.8619484131774695,TIME_LIMIT,136824,0,0,13,20
5,8,517144.0,-1.154705211685091,-0.8619484131774695,TIME_LIMIT,136870,0,0,15,7
5,8,517212.0,-1.154705211685091,-0.8619484131774695,TIME_LIMIT,136883,0,0,11,6
5,8,517276.0,-1.1546967484280697,-0.8619484131774695,TIME_LIMIT,136908,0,0,11,4
5,8,517368.0,-1.1546967484280697,-0.8619484131774695,TIME_LIMIT,136925,0,0,14,23
5,8,517486.0,-1.1546878129446827,-0.8619484131774695,TIME_LIMIT,136955,0,0,11,8
5,8,517663.0,-1.1546878129446827,-0.8619484131774695,TIME_LIMIT,136983,0,0,18,14
5,8,517759.0,-1.1546844971893604,-0.8619484131774695,TIME_LIMIT,137002,0,0,11,6
5,8,517860.0,-1.1546844971893604,-0.8619484131774695,TIME_LIMIT,137029,0,0,8,10
5,8,517888.0,-1.1546673321556182,-0.8619484131774695,TIME_LIMIT,137048,0,0,13,5
5,8,518083.0,-1.1546673321556182,-0.8619484131774695,TIME_LIMIT,137079,0,0,18,17
5,8,518229.0,-1.154654520165674,-0.8619484131774695,TIME_LIMIT,137109,0,0,11,8
5,8,518294.0,-1.154654520165674,-0.8619484131774695,TIME_LIMIT,137122,0,0,9,7
5,8,518320.0,-1.1546523884265218,-0.8619484131774695,TIME_LIMIT,137137,0,0,4,2
5,8,518389.0,-1.1546523884265218,-0.8619484131774695,TIME_LIMIT,137154,0,0,9,9
5,8,518476.0,-1.1546447939324216,-0.8619484131774695,TIME_LIMIT,137181,0,0,14,3
5,8,518708.0,-1.1546447939324216,-0.8619484131774695,TIME_LIMIT,137214,0,0,23,7
5,8,518831.0,-1.1546091971469523,-0.8619484131774695,TIME_LIMIT,137238,0,0,15,13
5,8,518928.0,-1.1546091971469523,-0.8619484131774695,TIME_LIMIT,137263,0,0,12,8
5,8,519007.0,-1.1546070883667057,-0.8619484131774695,TIME_LIMIT,137280,0,0,11,6
5,8,519054.0,-1.1546070883667057,-0.8619484131774695,TIME_LIMIT,137306,0,0,11,7
5,8,519169.0,-1.1546044940513593,-0.8619484131774695,TIME_LIMIT,137324,0,0,6,5
5,8,519253.0,-1.1546044940513593,-0.8619484131774695,TIME_LIMIT,137343,0,0,14,19
5,8,519328.0,-1.1546015356408195,-0.8619484131774695,TIME_LIMIT,137372,0,0,7,10
5,8,519374.0,-1.1546015356408195,-0.8619484131774695,TIME_LIMIT,137386,0,0,14,8
5,8,519400.0,-1.1546008764124238,-0.8619484131774695,TIME_LIMIT,137403,0,0,1,2
5,8,519522.0,-1.1546008764124238,-0.8619484131774695,TIME_LIMIT,137423,0,0,15,15
5,8,519602.0,-1.1545670288664274,-0.8619484131774695,TIME_LIMIT,137452,0,0,11,7
5,8,519685.0,-1.1545670288664274,-0.8619484131774695,TIME_LIMIT,137470,0,0,12,8
5,8,519772.0,-1.1545650507291898,-0.8619484131774695,TIME_LIMIT,137504,0,0,9,8
5,8,519880.0,-1.1545650507291898,-0.8619484131774695,TIME_LIMIT,137522,0,0,17,20
5,8,519981.0,-1.154558512303396,-0.8619484131774695,TIME_LIMIT,137556,0,0,15,9
5,8,520116.0,-1.154558512303396,-0.8619484131774695,TIME_LIMIT,137588,0,0,12,16
5,8,520284.0,-1.15454718702218,-0.8619484131774695,TIME_LIMIT,137620,0,0,17,7
5,8,520369.0,-1.15454718702218,-0.8619484131774695,TIME_LIMIT,137639,0,0,13,8
5,8,520552.0,-1.1545296949026003,-0.8619484131774695,TIME_LIMIT,137669,0,0,13,8
5,8,520623.0,-1.1545296949026003,-0.8619484131774695,TIME_LIMIT,137694,0,0,10,6
5,8,520695.0,-1.1545275819870968,-0.8619484131774695,TIME_LIMIT,137712,0,0,10,5
5,8,520784.0,-1.1545275819870968,-0.8619484131774695,TIME_LIMIT,137734,0,0,12,5
5,8,520836.0,-1.1545272943157963,-0.8619484131774695,TIME_LIMIT,137752,0,0,3,4
5,8,520894.0,-1.1545272943157963,-0.8619484131774695,TIME_LIMIT,137775,0,0,11,6
5,8,520970.0,-1.1545208992179372,-0.8619484131774695,TIME_LIMIT,137795,0,0,10,7
5,8,521093.0,-1.1545208992179372,-0.8619484131774695,TIME_LIMIT,137819,0,0,19,10
5,8,521203.0,-1.1545102834537453,-0.8619484131774695,TIME_LIMIT,137858,0,0,14,10
5,8,521272.0,-1.1545102834537453,-0.8619484131774695,TIME_LIMIT,137885,0,0,15,7
5,8,521352.0,-1.1545026309374942,-0.8619484131774695,TIME_LIMIT,137908,0,0,16,7
5,8,521428.0,-1.1545026309374942,-0.8619484131774695,TIME_LIMIT,137927,0,0,11,7
5,8,521484.0,-1.1545006565636886,-0.8619484131774695,TIME_LIMIT,137950,0,0,5,7
5,8,521500.0,-1.1545006565636886,-0.8619484131774695,TIME_LIMIT,137965,0,0,8,3
5,8,521511.0,-1.1544872638826467,-0.8619484131774695,TIME_LIMIT,137975,0,0,1,3
5,8,521627.0,-1.1544872638826467,-0.8619484131774695,TIME_LIMIT,138002,0,0,14,16
5,8,521747.0,-1.1544833442792106,-0.8619484131774695,TIME_LIMIT,138024,0,0,10,10
5,8,521799.0,-1.1544833442792106,-0.8619484131774695,TIME_LIMIT,138040,0,0,14,17
5,8,521979.0,-1.1544416944146603,-0.8619484131774695,TIME_LIMIT,138078,0,0,8,6
5,8,522116.0,-1.1544416944146603,-0.8619484131774695,TIME_LIMIT,138105,0,0,6,13
5,8,522299.0,-1.1544333409443714,-0.8619484131774695,TIME_LIMIT,138133,0,0,18,8
5,8,522377.0,-1.1544333409443714,-0.8619484131774695,TIME_LIMIT,138158,0,0,12,13
5,8,522433.0,-1.1544281588764784,-0.8619484131774695,TIME_LIMIT,138179,0,0,7,11
5,8,522592.0,-1.1544281588764784,-0.8619484131774695,TIME_LIMIT,138200,0,0,16,12
5,8,522671.0,-1.1544275107538413,-0.8619484131774695,TIME_LIMIT,138227,0,0,5,7
5,8,522730.0,-1.1544275107538413,-0.8619484131774695,TIME_LIMIT,138245,0,0,18,26
5,8,522899.0,-1.154418017055913,-0.8619484131774695,TIME_LIMIT,138290,0,0,10,6
5,8,523050.0,-1.154418017055913,-0.8619484131774695,TIME_LIMIT,138321,0,0,14,31
5,8,523175.0,-1.1544053838418438,-0.8619484131774695,TIME_LIMIT,138343,0,0,12,13
5,8,523264.0,-1.1544053838418438,-0.8619484131774695,TIME_LIMIT,138361,0,0,17,5
5,8,523340.0,-1.1543929644713522,-0.8619484131774695,TIME_LIMIT,138395,0,0,8,5
5,8,523463.0,-1.1543929644713522,-0.8619484131774695,TIME_LIMIT,138418,0,0,14,16
5,8,523526.0,-1.1543812212579074,-0.8619484131774695,TIME_LIMIT,138437,0,0,13,6
5,8,523716.0,-1.1543812212579074,-0.8619484131774695,TIME_LIMIT,138463,0,0,18,19
5,8,523960.0,-1.1543398413264558,-0.8619484131774695,TIME_LIMIT,138492,0,0,17,17
5,8,524027.0,-1.1543398413264558,-0.8619484131774695,TIME_LIMIT,138511,0,0,8,11
5,8,524050.0,-1.154337155175451,-0.8619484131774695,TIME_LIMIT,138526,0,0,8,4
5,8,524197.0,-1.154337155175451,-0.8619484131774695,TIME_LIMIT,138551,0,0,10,7
5,8,524226.0,-1.154330896859931,-0.8619484131774695,TIME_LIMIT,138567,0,0,6,0
5,8,524273.0,-1.154330896859931,-0.8619484131774695,TIME_LIMIT,138582,0,0,5,7
5,8,524298.0,-1.1543130452238122,-0.8619484131774695,TIME_LIMIT,138597,0,0,10,0
5,8,524383.0,-1.1543130452238122,-0.8619484131774695,TIME_LIMIT,138615,0,0,9,12
5,8,524534.0,-1.154294390920218,-0.8619484131774695,TIME_LIMIT,138644,0,0,10,5
5,8,524759.0,-1.154294390920218,-0.8619484131774695,TIME_LIMIT,138672,0,0,14,21
5,8,524890.0,-1.1542924140347215,-0.8619484131774695,TIME_LIMIT,138699,0,0,13,6
5,8,525143.0,-1.1542924140347215,-0.8619484131774695,TIME_LIMIT,138720,0,0,18,23
5,8,525344.0,-1.154281598424181,-0.8619484131774695,TIME_LIMIT,138758,0,0,12,7
5,8,525427.0,-1.154281598424181,-0.8619484131774695,TIME_LIMIT,138777,0,0,6,9
5,8,525555.0,-1.1542737799695808,-0.8619484131774695,TIME_LIMIT,138810,0,0,13,9
5,8,525746.0,-1.1542737799695808,-0.8619484131774695,TIME_LIMIT,138833,0,0,20,26
5,8,525940.0,-1.1542628922246585,-0.8619484131774695,TIME_LIMIT,138867,0,0,12,9
5,8,526088.0,-1.1542628922246585,-0.8619484131774695,TIME_LIMIT,138896,0,0,15,22
5,8,526254.0,-1.1542569491012566,-0.8619484131774695,TIME_LIMIT,138920,0,0,18,15
5,8,526332.0,-1.1542569491012566,-0.8619484131774695,TIME_LIMIT,138949,0,0,10,10
5,8,526421.0,-1.1542561567332905,-0.8619484131774695,TIME_LIMIT,138972,0,0,10,5
5,8,526640.0,-1.1542561567332905,-0.8619484131774695,TIME_LIMIT,138995,0,0,19,33
5,8,526809.0,-1.1542535643447915,-0.8619484131774695,TIME_LIMIT,139025,0,0,14,15
5,8,526932.0,-1.1542535643447915,-0.8619484131774695,TIME_LIMIT,139051,0,0,14,9
5,8,527015.0,-1.1541568423322628,-0.8619484131774695,TIME_LIMIT,139073,0,0,18,8
5,8,527136.0,-1.1541568423322628,-0.8619484131774695,TIME_LIMIT,139100,0,0,17,8
5,8,527226.0,-1.1541459103558898,-0.8619484131774695,TIME_LIMIT,139123,0,0,15,6
5,8,527302.0,-1.1541459103558898,-0.8619484131774695,TIME_LIMIT,139147,0,0,17,11
5,8,527400.0,-1.1541287633854171,-0.8619484131774695,TIME_LIMIT,139174,0,0,11,5
5,8,527464.0,-1.1541287633854171,-0.8619484131774695,TIME_LIMIT,139197,0,0,16,9
5,8,527556.0,-1.1541266837361388,-0.8619484131774695,TIME_LIMIT,139226,0,0,13,4
5,8,527735.0,-1.1541266837361388,-0.8619484131774695,TIME_LIMIT,139258,0,0,17,8
5,8,527898.0,-1.154125076855654,-0.8619484131774695,TIME_LIMIT,139299,0,0,13,13
5,8,527963.0,-1.154125076855654,-0.8619484131774695,TIME_LIMIT,139321,0,0,9,3
5,8,528081.0,-1.1541206875630512,-0.8619484131774695,TIME_LIMIT,139345,0,0,6,1
5,8,528177.0,-1.1541206875630512,-0.8619484131774695,TIME_LIMIT,139367,0,0,13,9
5,8,528268.0,-1.1541064604067062,-0.8619484131774695,TIME_LIMIT,139394,0,0,13,5
5,8,528387.0,-1.1541064604067062,-0.8619484131774695,TIME_LIMIT,139422,0,0,11,8
5,8,528461.0,-1.1540889496784377,-0.8619484131774695,TIME_LIMIT,139444,0,0,6,3
5,8,528548.0,-1.1540889496784377,-0.8619484131774695,TIME_LIMIT,139468,0,0,16,14
5,8,528706.0,-1.1540491582076065,-0.8619484131774695,TIME_LIMIT,139506,0,0,7,9
5,8,528771.0,-1.1540491582076065,-0.8619484131774695,TIME_LIMIT,139524,0,0,9,7
5,8,528877.0,-1.1540316816452727,-0.8619484131774695,TIME_LIMIT,139551,0,0,2,8
5,8,528939.0,-1.1540316816452727,-0.8619484131774695,TIME_LIMIT,139572,0,0,14,13
5,8,529013.0,-1.1540269181617198,-0.8619484131774695,TIME_LIMIT,139601,0,0,6,8
5,8,529075.0,-1.1540269181617198,-0.8619484131774695,TIME_LIMIT,139625,0,0,11,9
5,8,529105.0,-1.1539734216263076,-0.8619484131774695,TIME_LIMIT,139643,0,0,9,9
5,8,529167.0,-1.1539734216263076,-0.8619484131774695,TIME_LIMIT,139670,0,0,17,10
5,8,529182.0,-1.1539732892862569,-0.8619484131774695,TIME_LIMIT,139687,0,0,5,3
5,8,529380.0,-1.1539732892862569,-0.8619484131774695,TIME_LIMIT,139718,0,0,20,17
5,8,529578.0,-1.153898628385758,-0.8619484131774695,TIME_LIMIT,139745,0,0,23,12
5,8,529679.0,-1.153898628385758,-0.8619484131774695,TIME_LIMIT,139768,0,0,14,10
5,8,529808.0,-1.15388888096305,-0.8619484131774695,TIME_LIMIT,139800,0,0,12,9
5,8,529902.0,-1.15388888096305,-0.8619484131774695,TIME_LIMIT,139819,0,0,11,10
5,8,530014.0,-1.1538713104766551,-0.8619484131774695,TIME_LIMIT,139849,0,0,10,7
5,8,530186.0,-1.1538713104766551,-0.8619484131774695,TIME_LIMIT,139878,0,0,13,22
5,8,530416.0,-1.153854433348969,-0.8619484131774695,TIME_LIMIT,139917,0,0,11,18
5,8,530465.0,-1.153854433348969,-0.8619484131774695,TIME_LIMIT,139935,0,0,10,8
5,8,530496.0,-1.153849531512026,-0.8619484131774695,TIME_LIMIT,139957,0,0,5,3
5,8,530558.0,-1.153849531512026,-0.8619484131774695,TIME_LIMIT,139976,0,0,19,10
5,8,530615.0,-1.1538494297965913,-0.8619484131774695,TIME_LIMIT,140003,0,0,7,4
5,8,530776.0,-1.1538494297965913,-0.8619484131774695,TIME_LIMIT,140030,0,0,12,7
5,8,530848.0,-1.1538491139597127,-0.8619484131774695,TIME_LIMIT,140053,0,0,10,8
5,8,530904.0,-1.1538491139597127,-0.8619484131774695,TIME_LIMIT,140071,0,0,12,13
5,8,530968.0,-1.1538490921328022,-0.8619484131774695,TIME_LIMIT,140095,0,0,7,5
5,8,531039.0,-1.1538490921328022,-0.8619484131774695,TIME_LIMIT,140115,0,0,12,8
5,8,531062.0,-1.1538196737778512,-0.8619484131774695,TIME_LIMIT,140134,0,0,14,3
5,8,531103.0,-1.1538196737778512,-0.8619484131774695,TIME_LIMIT,140146,0,0,8,9
5,8,531190.0,-1.1538182609713699,-0.8619484131774695,TIME_LIMIT,140173,0,0,10,5
5,8,531291.0,-1.1538182609713699,-0.8619484131774695,TIME_LIMIT,140203,0,0,11,15
5,8,531381.0,-1.1538075795971345,-0.8619484131774695,TIME_LIMIT,140235,0,0,11,5
5,8,531499.0,-1.1538075795971345,-0.8619484131774695,TIME_LIMIT,140260,0,0,15,12
5,8,531717.0,-1.153784518493876,-0.8619484131774695,TIME_LIMIT,140291,0,0,11,9
5,8,531847.0,-1.153784518493876,-0.8619484131774695,TIME_LIMIT,140324,0,0,8,27
5,8,531998.0,-1.1537474619194765,-0.8619484131774695,TIME_LIMIT,140369,0,0,18,15
5,8,532100.0,-1.1537474619194765,-0.8619484131774695,TIME_LIMIT,140397,0,0,15,7
5,8,532224.0,-1.1537367855330447,-0.8619484131774695,TIME_LIMIT,140429,0,0,17,7
5,8,532374.0,-1.1537367855330447,-0.8619484131774695,TIME_LIMIT,140455,0,0,23,14
5,8,532544.0,-1.153733820505453,-0.8619484131774695,TIME_LIMIT,140484,0,0,9,9
5,8,532670.0,-1.153733820505453,-0.8619484131774695,TIME_LIMIT,140513,0,0,12,14
5,8,532817.0,-1.1536895150571242,-0.8619484131774695,TIME_LIMIT,140542,0,0,18,11
5,8,532987.0,-1.1536895150571242,-0.8619484131774695,TIME_LIMIT,140573,0,0,9,16
5,8,533080.0,-1.1536878764059018,-0.8619484131774695,TIME_LIMIT,140596,0,0,12,7
5,8,533279.0,-1.1536878764059018,-0.8619484131774695,TIME_LIMIT,140624,0,0,11,14
5,8,533347.0,-1.1536835823538594,-0.8619484131774695,TIME_LIMIT,140643,0,0,11,6
5,8,533421.0,-1.1536835823538594,-0.8619484131774695,TIME_LIMIT,140661,0,0,7,6
5,8,533441.0,-1.1536645255198514,-0.8619484131774695,TIME_LIMIT,140675,0,0,4,0
5,8,533601.0,-1.1536645255198514,-0.8619484131774695,TIME_LIMIT,140698,0,0,16,14
5,8,533828.0,-1.15364711299208,-0.8619484131774695,TIME_LIMIT,140734,0,0,12,6
5,8,533854.0,-1.15364711299208,-0.8619484131774695,TIME_LIMIT,140752,0,0,9,10
5,8,533873.0,-1.1536106998046187,-0.8619484131774695,TIME_LIMIT,140764,0,0,6,1
5,8,534008.0,-1.1536106998046187,-0.8619484131774695,TIME_LIMIT,140797,0,0,17,10
5,8,534030.0,-1.153595034100749,-0.8619484131774695,TIME_LIMIT,140812,0,0,6,4
5,8,534102.0,-1.153595034100749,-0.8619484131774695,TIME_LIMIT,140834,0,0,16,7
5,8,534264.0,-1.153559381170997,-0.8619484131774695,TIME_LIMIT,140870,0,0,11,6
5,8,534439.0,-1.153559381170997,-0.8619484131774695,TIME_LIMIT,140893,0,0,13,9
5,8,534620.0,-1.1535472912086717,-0.8619484131774695,TIME_LIMIT,140920,0,0,11,6
5,8,534736.0,-1.1535472912086717,-0.8619484131774695,TIME_LIMIT,140941,0,0,20,24
5,8,534944.0,-1.1535469316636393,-0.8619484131774695,TIME_LIMIT,140983,0,0,16,18
5,8,535038.0,-1.1535469316636393,-0.8619484131774695,TIME_LIMIT,141012,0,0,6,7
5,8,535113.0,-1.1535448732961768,-0.8619484131774695,TIME_LIMIT,141029,0,0,4,3
5,8,535160.0,-1.1535448732961768,-0.8619484131774695,TIME_LIMIT,141049,0,0,18,7
5,8,535281.0,-1.153514612481278,-0.8619484131774695,TIME_LIMIT,141074,0,0,18,6
5,8,535406.0,-1.153514612481278,-0.8619484131774695,TIME_LIMIT,141095,0,0,9,25
5,8,535546.0,-1.1535120790906892,-0.8619484131774695,TIME_LIMIT,141127,0,0,7,7
5,8,535619.0,-1.1535120790906892,-0.8619484131774695,TIME_LIMIT,141154,0,0,19,12
5,8,535706.0,-1.153483720997586,-0.8619484131774695,TIME_LIMIT,141178,0,0,13,12
5,8,535851.0,-1.153483720997586,-0.8619484131774695,TIME_LIMIT,141205,0,0,5,18
5,8,535912.0,-1.153443677779606,-0.8619484131774695,TIME_LIMIT,141222,0,0,5,8
5,8,536002.0,-1.153443677779606,-0.8619484131774695,TIME_LIMIT,141243,0,0,13,18
5,8,536098.0,-1.1534055299044796,-0.8619484131774695,TIME_LIMIT,141274,0,0,4,8
5,8,536241.0,-1.1534055299044796,-0.8619484131774695,TIME_LIMIT,141297,0,0,17,15
5,8,536418.0,-1.1533732296920607,-0.8619484131774695,TIME_LIMIT,141334,0,0,10,4
5,8,536505.0,-1.1533732296920607,-0.8619484131774695,TIME_LIMIT,141359,0,0,6,15
5,8,536630.0,-1.1533659232896716,-0.8619484131774695,TIME_LIMIT,141384,0,0,12,8
5,8,536813.0,-1.1533659232896716,-0.8619484131774695,TIME_LIMIT,141412,0,0,26,15
5,8,536983.0,-1.153364624117074,-0.8619484131774695,TIME_LIMIT,141437,0,0,16,10
5,8,537097.0,-1.153364624117074,-0.8619484131774695,TIME_LIMIT,141460,0,0,10,9
5,8,537240.0,-1.153354049104446,-0.8619484131774695,TIME_LIMIT,141486,0,0,14,17
5,8,537328.0,-1.153354049104446,-0.8619484131774695,TIME_LIMIT,141510,0,0,11,11
5,8,537379.0,-1.1533508630027385,-0.8619484131774695,TIME_LIMIT,141528,0,0,10,5
5,8,537451.0,-1.1533508630027385,-0.8619484131774695,TIME_LIMIT,141550,0,0,14,14
5,8,537523.0,-1.1533460307239267,-0.8619484131774695,TIME_LIMIT,141576,0,0,5,3
5,8,537635.0,-1.1533460307239267,-0.8619484131774695,TIME_LIMIT,141605,0,0,11,16
5,8,537833.0,-1.1533355571868122,-0.8619484131774695,TIME_LIMIT,141648,0,0,9,7
5,8,537973.0,-1.1533355571868122,-0.8619484131774695,TIME_LIMIT,141672,0,0,13,5
5,8,538128.0,-1.1533266379574978,-0.8619484131774695,TIME_LIMIT,141702,0,0,14,5
5,8,538172.0,-1.1533266379574978,-0.8619484131774695,TIME_LIMIT,141717,0,0,7,4
5,8,538202.0,-1.153326288832756,-0.8619484131774695,TIME_LIMIT,141735,0,0,4,2
5,8,538317.0,-1.153326288832756,-0.8619484131774695,TIME_LIMIT,141762,0,0,8,13
5,8,538459.0,-1.153310192556989,-0.8619484131774695,TIME_LIMIT,141787,0,0,14,8
5,8,538614.0,-1.153310192556989,-0.8619484131774695,TIME_LIMIT,141813,0,0,12,12
5,8,538660.0,-1.15329453889282,-0.8619484131774695,TIME_LIMIT,141834,0,0,8,3
5,8,538763.0,-1.15329453889282,-0.8619484131774695,TIME_LIMIT,141858,0,0,17,11
5,8,538860.0,-1.153291446357522,-0.8619484131774695,TIME_LIMIT,141879,0,0,6,8
5,8,538957.0,-1.153291446357522,-0.8619484131774695,TIME_LIMIT,141902,0,0,17,13
5,8,539022.0,-1.1532772514578646,-0.8619484131774695,TIME_LIMIT,141926,0,0,6,6
5,8,539108.0,-1.1532772514578646,-0.8619484131774695,TIME_LIMIT,141947,0,0,8,6
5,8,539178.0,-1.153270665213127,-0.8619484131774695,TIME_LIMIT,141967,0,0,7,4
5,8,539253.0,-1.153270665213127,-0.8619484131774695,TIME_LIMIT,141991,0,0,16,16
5,8,539317.0,-1.1532702703359698,-0.8619484131774695,TIME_LIMIT,142015,0,0,4,3
5,8,539354.0,-1.1532702703359698,-0.8619484131774695,TIME_LIMIT,142038,0,0,9,7
5,8,539401.0,-1.153270094843445,-0.8619484131774695,TIME_LIMIT,142062,0,0,9,3
5,8,539515.0,-1.153270094843445,-0.8619484131774695,TIME_LIMIT,142087,0,0,11,16
5,8,539591.0,-1.1532617277906534,-0.8619484131774695,TIME_LIMIT,142119,0,0,11,7
5,8,539699.0,-1.1532617277906534,-0.8619484131774695,TIME_LIMIT,142146,0,0,11,11
5,8,539819.0,-1.1532570058968383,-0.8619484131774695,TIME_LIMIT,142171,0,0,13,2
5,8,540017.0,-1.1532570058968383,-0.8619484131774695,TIME_LIMIT,142188,0,0,11,18
5,8,540171.0,-1.153239065885978,-0.8619484131774695,TIME_LIMIT,142215,0,0,7,8
5,8,540253.0,-1.153239065885978,-0.8619484131774695,TIME_LIMIT,142240,0,0,19,19
5,8,540332.0,-1.1532369784025516,-0.8619484131774695,TIME_LIMIT,142264,0,0,19,7
5,8,540509.0,-1.1532369784025516,-0.8619484131774695,TIME_LIMIT,142293,0,0,14,15
5,8,540702.0,-1.1532049627017211,-0.8619484131774695,TIME_LIMIT,142318,0,0,15,3
5,8,540788.0,-1.1532049627017211,-0.8619484131774695,TIME_LIMIT,142342,0,0,11,10
5,8,540910.0,-1.1531765329981212,-0.8619484131774695,TIME_LIMIT,142371,0,0,7,6
5,8,540941.0,-1.1531765329981212,-0.8619484131774695,TIME_LIMIT,142393,0,0,13,12
5,8,541118.0,-1.1531565743606753,-0.8619484131774695,TIME_LIMIT,142425,0,0,10,7
5,8,541271.0,-1.1531565743606753,-0.8619484131774695,TIME_LIMIT,142451,0,0,10,11
5,8,541357.0,-1.153131595991688,-0.8619484131774695,TIME_LIMIT,142472,0,0,5,7
5,8,541476.0,-1.153131595991688,-0.8619484131774695,TIME_LIMIT,142494,0,0,9,10
5,8,541496.0,-1.1531071668085675,-0.8619484131774695,TIME_LIMIT,142514,0,0,9,3
5,8,541613.0,-1.1531071668085675,-0.8619484131774695,TIME_LIMIT,142536,0,0,13,9
5,8,541780.0,-1.1531049577185297,-0.8619484131774695,TIME_LIMIT,142565,0,0,12,6
5,8,541853.0,-1.1531049577185297,-0.8619484131774695,TIME_LIMIT,142584,0,0,7,8
5,8,541909.0,-1.1530850162970716,-0.8619484131774695,TIME_LIMIT,142613,0,0,10,7
5,8,542011.0,-1.1530850162970716,-0.8619484131774695,TIME_LIMIT,142635,0,0,6,6
5,8,542044.0,-1.1530823633031355,-0.8619484131774695,TIME_LIMIT,142650,0,0,9,3
5,8,542138.0,-1.1530823633031355,-0.8619484131774695,TIME_LIMIT,142672,0,0,13,11
5,8,542227.0,-1.1530780230001791,-0.8619484131774695,TIME_LIMIT,142703,0,0,7,12
5,8,542300.0,-1.1530780230001791,-0.8619484131774695,TIME_LIMIT,142721,0,0,11,14
5,8,542373.0,-1.1530575679166672,-0.8619484131774695,TIME_LIMIT,142739,0,0,5,5
5,8,542479.0,-1.1530575679166672,-0.8619484131774695,TIME_LIMIT,142764,0,0,5,7
5,8,542564.0,-1.1530481444711898,-0.8619484131774695,TIME_LIMIT,142793,0,0,8,8
5,8,542701.0,-1.1530481444711898,-0.8619484131774695,TIME_LIMIT,142818,0,0,17,9
5,8,542807.0,-1.1530329476850052,-0.8619484131774695,TIME_LIMIT,142840,0,0,21,10
5,8,543012.0,-1.1530329476850052,-0.8619484131774695,TIME_LIMIT,142868,0,0,13,10
5,8,543092.0,-1.1529770286133885,-0.8619484131774695,TIME_LIMIT,142884,0,0,9,2
5,8,543202.0,-1.1529770286133885,-0.8619484131774695,TIME_LIMIT,142905,0,0,13,12
5,8,543352.0,-1.1529576588442132,-0.8619484131774695,TIME_LIMIT,142931,0,0,15,17
5,8,543440.0,-1.1529576588442132,-0.8619484131774695,TIME_LIMIT,142954,0,0,10,10
5,8,543545.0,-1.1529499713278466,-0.8619484131774695,TIME_LIMIT,142982,0,0,7,6
5,8,543711.0,-1.1529499713278466,-0.8619484131774695,TIME_LIMIT,143013,0,0,20,48
5,8,543943.0,-1.1529432603693788,-0.8619484131774695,TIME_LIMIT,143051,0,0,12,12
5,8,544140.0,-1.1529432603693788,-0.8619484131774695,TIME_LIMIT,143075,0,0,14,18
5,8,544291.0,-1.1529349844301748,-0.8619484131774695,TIME_LIMIT,143112,0,0,14,12
5,8,544352.0,-1.1529349844301748,-0.8619484131774695,TIME_LIMIT,143130,0,0,16,20
5,8,544461.0,-1.1529134296291768,-0.8619484131774695,TIME_LIMIT,143160,0,0,10,8
5,8,544580.0,-1.1529134296291768,-0.8619484131774695,TIME_LIMIT,143185,0,0,19,17
5,8,544726.0,-1.1528786993561189,-0.8619484131774695,TIME_LIMIT,143220,0,0,18,8
5,8,544968.0,-1.1528786993561189,-0.8619484131774695,TIME_LIMIT,143254,0,0,10,17
5,8,545108.0,-1.1528757902183164,-0.8619484131774695,TIME_LIMIT,143294,0,0,12,12
5,8,545236.0,-1.1528757902183164,-0.8619484131774695,TIME_LIMIT,143324,0,0,17,17
5,8,545439.0,-1.1528741177472828,-0.8619484131774695,TIME_LIMIT,143361,0,0,17,18
5,8,545631.0,-1.1528741177472828,-0.8619484131774695,TIME_LIMIT,143392,0,0,19,10
5,8,545774.0,-1.1528579685954616,-0.8619484131774695,TIME_LIMIT,143419,0,0,12,13
5,8,545924.0,-1.1528579685954616,-0.8619484131774695,TIME_LIMIT,143451,0,0,21,19
5,8,546108.0,-1.1528561190649373,-0.8619484131774695,TIME_LIMIT,143477,0,0,16,22
5,8,546166.0,-1.1528561190649373,-0.8619484131774695,TIME_LIMIT,143495,0,0,17,12
5,8,546258.0,-1.1528521926691608,-0.8619484131774695,TIME_LIMIT,143526,0,0,10,8
5,8,546308.0,-1.1528521926691608,-0.8619484131774695,TIME_LIMIT,143546,0,0,21,14
5,8,546437.0,-1.1528355119202,-0.8619484131774695,TIME_LIMIT,143581,0,0,10,10
5,8,546510.0,-1.1528355119202,-0.8619484131774695,TIME_LIMIT,143597,0,0,11,12
5,8,546567.0,-1.152827087529009,-0.8619484131774695,TIME_LIMIT,143619,0,0,8,4
5,8,546691.0,-1.152827087529009,-0.8619484131774695,TIME_LIMIT,143645,0,0,10,10
5,8,546763.0,-1.1527934635392048,-0.8619484131774695,TIME_LIMIT,143671,0,0,8,7
5,8,546867.0,-1.1527934635392048,-0.8619484131774695,TIME_LIMIT,143688,0,0,12,6
5,8,546972.0,-1.1527432682119498,-0.8619484131774695,TIME_LIMIT,143709,0,0,12,7
5,8,547004.0,-1.1527432682119498,-0.8619484131774695,TIME_LIMIT,143730,0,0,17,18
5,8,547133.0,-1.1527382417163596,-0.8619484131774695,TIME_LIMIT,143764,0,0,17,11
5,8,547218.0,-1.1527382417163596,-0.8619484131774695,TIME_LIMIT,143789,0,0,8,7
5,8,547343.0,-1.1527378739946454,-0.8619484131774695,TIME_LIMIT,143814,0,0,13,8
5,8,547459.0,-1.1527378739946454,-0.8619484131774695,TIME_LIMIT,143841,0,0,17,14
5,8,547592.0,-1.1527308772817249,-0.8619484131774695,TIME_LIMIT,143868,0,0,12,5
5,8,547679.0,-1.1527308772817249,-0.8619484131774695,TIME_LIMIT,143889,0,0,8,14
5,8,547804.0,-1.1527256899388085,-0.8619484131774695,TIME_LIMIT,143911,0,0,7,8
5,8,547846.0,-1.1527256899388085,-0.8619484131774695,TIME_LIMIT,143932,0,0,13,19
5,8,547961.0,-1.1527133218199288,-0.8619484131774695,TIME_LIMIT,143965,0,0,11,11
5,8,548127.0,-1.1527133218199288,-0.8619484131774695,TIME_LIMIT,143995,0,0,12,21
5,8,548240.0,-1.1527025090111553,-0.8619484131774695,TIME_LIMIT,144019,0,0,5,11
5,8,548495.0,-1.1527025090111553,-0.8619484131774695,TIME_LIMIT,144044,0,0,17,12
5,8,548590.0,-1.152687990798665,-0.8619484131774695,TIME_LIMIT,144068,0,0,15,7
5,8,548667.0,-1.152687990798665,-0.8619484131774695,TIME_LIMIT,144084,0,0,14,15
5,8,548789.0,-1.1526568961782977,-0.8619484131774695,TIME_LIMIT,144120,0,0,15,10
5,8,548936.0,-1.1526568961782977,-0.8619484131774695,TIME_LIMIT,144150,0,0,19,15
5,8,549010.0,-1.15265103989967,-0.8619484131774695,TIME_LIMIT,144172,0,0,11,14
5,8,549095.0,-1.15265103989967,-0.8619484131774695,TIME_LIMIT,144195,0,0,20,11
5,8,549239.0,-1.1526485653620562,-0.8619484131774695,TIME_LIMIT,144230,0,0,17,6
5,8,549418.0,-1.1526485653620562,-0.8619484131774695,TIME_LIMIT,144259,0,0,12,5
5,8,549551.0,-1.152634523450148,-0.8619484131774695,TIME_LIMIT,144284,0,0,14,7
5,8,549686.0,-1.152634523450148,-0.8619484131774695,TIME_LIMIT,144312,0,0,14,15
5,8,549764.0,-1.1526204585952446,-0.8619484131774695,TIME_LIMIT,144337,0,0,11,6
5,8,549967.0,-1.1526204585952446,-0.8619484131774695,TIME_LIMIT,144365,0,0,5,7
5,8,550039.0,-1.1526170886094271,-0.8619484131774695,TIME_LIMIT,144392,0,0,15,10
5,8,550127.0,-1.1526170886094271,-0.8619484131774695,TIME_LIMIT,144413,0,0,12,17
5,8,550291.0,-1.1526131751784032,-0.8619484131774695,TIME_LIMIT,144452,0,0,10,11
5,8,550478.0,-1.1526131751784032,-0.8619484131774695,TIME_LIMIT,144480,0,0,9,15
5,8,550723.0,-1.1526080093186233,-0.8619484131774695,TIME_LIMIT,144522,0,0,17,9
5,8,550831.0,-1.1526080093186233,-0.8619484131774695,TIME_LIMIT,144545,0,0,14,11
5,8,550964.0,-1.1525957115937149,-0.8619484131774695,TIME_LIMIT,144565,0,0,6,7
5,8,551125.0,-1.1525957115937149,-0.8619484131774695,TIME_LIMIT,144599,0,0,20,10
5,8,551307.0,-1.1525801723828524,-0.8619484131774695,TIME_LIMIT,144620,0,0,10,15
5,8,551397.0,-1.1525801723828524,-0.8619484131774695,TIME_LIMIT,144647,0,0,19,12
5,8,551476.0,-1.1525702239967415,-0.8619484131774695,TIME_LIMIT,144671,0,0,15,6
5,8,551530.0,-1.1525702239967415,-0.8619484131774695,TIME_LIMIT,144687,0,0,8,1
5,8,551562.0,-1.1525676384077024,-0.8619484131774695,TIME_LIMIT,144705,0,0,5,3
5,8,551630.0,-1.1525676384077024,-0.8619484131774695,TIME_LIMIT,144729,0,0,9,13
5,8,551668.0,-1.1525427861939412,-0.8619484131774695,TIME_LIMIT,144748,0,0,6,7
5,8,551733.0,-1.1525427861939412,-0.8619484131774695,TIME_LIMIT,144771,0,0,20,10
5,8,551817.0,-1.1525399916417305,-0.8619484131774695,TIME_LIMIT,144793,0,0,11,4
5,8,551956.0,-1.1525399916417305,-0.8619484131774695,TIME_LIMIT,144821,0,0,7,17
5,8,552093.0,-1.1525352409293372,-0.8619484131774695,TIME_LIMIT,144852,0,0,7,9
5,8,552278.0,-1.1525352409293372,-0.8619484131774695,TIME_LIMIT,144874,0,0,10,14
5,8,552406.0,-1.1525337606783164,-0.8619484131774695,TIME_LIMIT,144909,0,0,16,7
5,8,552505.0,-1.1525337606783164,-0.8619484131774695,TIME_LIMIT,144928,0,0,11,12
5,8,552645.0,-1.1525262122910918,-0.8619484131774695,TIME_LIMIT,144961,0,0,16,5
5,8,552693.0,-1.1525262122910918,-0.8619484131774695,TIME_LIMIT,144980,0,0,5,9
5,8,552707.0,-1.1525258679255201,-0.8619484131774695,TIME_LIMIT,144995,0,0,6,2
5,8,552784.0,-1.1525258679255201,-0.8619484131774695,TIME_LIMIT,145017,0,0,11,12
5,8,552860.0,-1.1525228627712498,-0.8619484131774695,TIME_LIMIT,145039,0,0,8,8
5,8,552923.0,-1.1525228627712498,-0.8619484131774695,TIME_LIMIT,145062,0,0,10,10
5,8,552991.0,-1.1525102950933088,-0.8619484131774695,TIME_LIMIT,145081,0,0,13,10
5,8,553122.0,-1.1525102950933088,-0.8619484131774695,TIME_LIMIT,145104,0,0,15,21
5,8,553281.0,-1.1525080229924258,-0.8619484131774695,TIME_LIMIT,145135,0,0,17,9
5,8,553342.0,-1.1525080229924258,-0.8619484131774695,TIME_LIMIT,145157,0,0,16,18
5,8,553450.0,-1.1524851647143175,-0.8619484131774695,TIME_LIMIT,145195,0,0,11,12
5,8,553511.0,-1.1524851647143175,-0.8619484131774695,TIME_LIMIT,145214,0,0,12,3
5,8,553633.0,-1.1524801686879704,-0.8619484131774695,TIME_LIMIT,145242,0,0,8,5
5,8,553696.0,-1.1524801686879704,-0.8619484131774695,TIME_LIMIT,145262,0,0,13,7
5,8,553741.0,-1.1524711925598408,-0.8619484131774695,TIME_LIMIT,145285,0,0,10,8
5,8,553874.0,-1.1524711925598408,-0.8619484131774695,TIME_LIMIT,145315,0,0,10,5
5,8,554019.0,-1.1524103147660292,-0.8619484131774695,TIME_LIMIT,145333,0,0,11,3
5,8,554152.0,-1.1524103147660292,-0.8619484131774695,TIME_LIMIT,145355,0,0,13,2
5,8,554194.0,-1.1524017057938416,-0.8619484131774695,TIME_LIMIT,145372,0,0,10,12
5,8,554438.0,-1.1524017057938416,-0.8619484131774695,TIME_LIMIT,145396,0,0,10,16
5,8,554588.0,-1.1523868981578724,-0.8619484131774695,TIME_LIMIT,145421,0,0,12,9
5,8,554733.0,-1.1523868981578724,-0.8619484131774695,TIME_LIMIT,145446,0,0,16,6
5,8,554820.0,-1.1523842486132838,-0.8619484131774695,TIME_LIMIT,145476,0,0,12,7
5,8,554842.0,-1.1523842486132838,-0.8619484131774695,TIME_LIMIT,145496,0,0,11,9
5,8,554860.0,-1.152382288954153,-0.8619484131774695,TIME_LIMIT,145510,0,0,5,2
5,8,554925.0,-1.152382288954153,-0.8619484131774695,TIME_LIMIT,145533,0,0,12,13
5,8,554959.0,-1.1523816019683735,-0.8619484131774695,TIME_LIMIT,145552,0,0,11,4
5,8,555031.0,-1.1523816019683735,-0.8619484131774695,TIME_LIMIT,145574,0,0,13,13
5,8,555161.0,-1.1523774302666903,-0.8619484131774695,TIME_LIMIT,145611,0,0,5,8
5,8,555222.0,-1.1523774302666903,-0.8619484131774695,TIME_LIMIT,145627,0,0,9,7
5,8,555267.0,-1.1523678950235627,-0.8619484131774695,TIME_LIMIT,145644,0,0,6,3
5,8,555405.0,-1.1523678950235627,-0.8619484131774695,TIME_LIMIT,145670,0,0,17,11
5,8,555465.0,-1.1523662765694045,-0.8619484131774695,TIME_LIMIT,145694,0,0,7,6
5,8,555547.0,-1.1523662765694045,-0.8619484131774695,TIME_LIMIT,145723,0,0,22,16
5,8,555687.0,-1.1523561025113533,-0.8619484131774695,TIME_LIMIT,145763,0,0,11,8
5,8,555749.0,-1.1523561025113533,-0.8619484131774695,TIME_LIMIT,145789,0,0,9,19
5,8,555837.0,-1.1523527002554994,-0.8619484131774695,TIME_LIMIT,145812,0,0,3,4
5,8,555935.0,-1.1523527002554994,-0.8619484131774695,TIME_LIMIT,145835,0,0,12,8
5,8,556031.0,-1.152316407524216,-0.8619484131774695,TIME_LIMIT,145861,0,0,12,8
5,8,556117.0,-1.152316407524216,-0.8619484131774695,TIME_LIMIT,145884,0,0,9,16
5,8,556241.0,-1.1522828182451321,-0.8619484131774695,TIME_LIMIT,145913,0,0,8,7
5,8,556312.0,-1.1522828182451321,-0.8619484131774695,TIME_LIMIT,145938,0,0,16,4
5,8,556343.0,-1.152281122016824,-0.8619484131774695,TIME_LIMIT,145954,0,0,8,7
5,8,556368.0,-1.152281122016824,-0.8619484131774695,TIME_LIMIT,145971,0,0,6,14
5,8,556504.0,-1.1522554223369539,-0.8619484131774695,TIME_LIMIT,146006,0,0,3,10
5,8,556606.0,-1.1522554223369539,-0.8619484131774695,TIME_LIMIT,146033,0,0,21,19
5,8,556708.0,-1.1522398301855503,-0.8619484131774695,TIME_LIMIT,146062,0,0,12,12
5,8,556771.0,-1.1522398301855503,-0.8619484131774695,TIME_LIMIT,146088,0,0,19,11
5,8,556817.0,-1.1522390434489116,-0.8619484131774695,TIME_LIMIT,146110,0,0,8,3
5,8,557055.0,-1.1522390434489116,-0.8619484131774695,TIME_LIMIT,146136,0,0,16,22
5,8,557136.0,-1.1522247164513915,-0.8619484131774695,TIME_LIMIT,146156,0,0,7,7
5,8,557234.0,-1.1522247164513915,-0.8619484131774695,TIME_LIMIT,146180,0,0,10,14
5,8,557282.0,-1.15220587821074,-0.8619484131774695,TIME_LIMIT,146202,0,0,9,3
5,8,557372.0,-1.15220587821074,-0.8619484131774695,TIME_LIMIT,146220,0,0,7,17
5,8,557455.0,-1.15220011476825,-0.8619484131774695,TIME_LIMIT,146246,0,0,10,11
5,8,557547.0,-1.15220011476825,-0.8619484131774695,TIME_LIMIT,146266,0,0,12,6
5,8,557666.0,-1.152161507030356,-0.8619484131774695,TIME_LIMIT,146297,0,0,17,12
5,8,557705.0,-1.152161507030356,-0.8619484131774695,TIME_LIMIT,146315,0,0,7,5
5,8,557746.0,-1.1521356883526517,-0.8619484131774695,TIME_LIMIT,146325,0,0,6,3
5,8,557845.0,-1.1521356883526517,-0.8619484131774695,TIME_LIMIT,146350,0,0,13,15
5,8,557926.0,-1.1521303425054084,-0.8619484131774695,TIME_LIMIT,146370,0,0,16,8
5,8,557997.0,-1.1521303425054084,-0.8619484131774695,TIME_LIMIT,146398,0,0,7,5
5,8,558085.0,-1.1521122270519462,-0.8619484131774695,TIME_LIMIT,146417,0,0,15,7
5,8,558142.0,-1.1521122270519462,-0.8619484131774695,TIME_LIMIT,146439,0,0,10,10
5,8,558210.0,-1.152107121860829,-0.8619484131774695,TIME_LIMIT,146456,0,0,3,6
5,8,558233.0,-1.152107121860829,-0.8619484131774695,TIME_LIMIT,146478,0,0,13,8
5,8,558301.0,-1.1521010592412015,-0.8619484131774695,TIME_LIMIT,146495,0,0,10,7
5,8,558385.0,-1.1521010592412015,-0.8619484131774695,TIME_LIMIT,146523,0,0,13,7
5,8,558448.0,-1.1520810575924996,-0.8619484131774695,TIME_LIMIT,146542,0,0,9,6
5,8,558528.0,-1.1520810575924996,-0.8619484131774695,TIME_LIMIT,146568,0,0,9,25
5,8,558730.0,-1.1520596644856498,-0.8619484131774695,TIME_LIMIT,146609,0,0,8,17
5,8,558778.0,-1.1520596644856498,-0.8619484131774695,TIME_LIMIT,146631,0,0,5,8
5,8,558971.0,-1.1520586337192171,-0.8619484131774695,TIME_LIMIT,146652,0,0,15,9
5,8,559003.0,-1.1520586337192171,-0.8619484131774695,TIME_LIMIT,146668,0,0,10,5
5,8,559076.0,-1.152058004592188,-0.8619484131774695,TIME_LIMIT,146693,0,0,9,7
5,8,559170.0,-1.152058004592188,-0.8619484131774695,TIME_LIMIT,146719,0,0,13,6
5,8,559247.0,-1.1520364269164625,-0.8619484131774695,TIME_LIMIT,146739,0,0,14,7
5,8,559428.0,-1.1520364269164625,-0.8619484131774695,TIME_LIMIT,146767,0,0,13,10
5,8,559599.0,-1.1520319577024196,-0.8619484131774695,TIME_LIMIT,146798,0,0,7,11
5,8,559621.0,-1.1520319577024196,-0.8619484131774695,TIME_LIMIT,146811,0,0,6,6
5,8,559645.0,-1.1520249702860437,-0.8619484131774695,TIME_LIMIT,146821,0,0,4,2
5,8,559687.0,-1.1520249702860437,-0.8619484131774695,TIME_LIMIT,146840,0,0,6,6
5,8,559749.0,-1.1520204473293252,-0.8619484131774695,TIME_LIMIT,146858,0,0,10,1
5,8,559854.0,-1.1520204473293252,-0.8619484131774695,TIME_LIMIT,146881,0,0,15,15
5,8,559933.0,-1.1520166738607214,-0.8619484131774695,TIME_LIMIT,146912,0,0,8,10
5,8,560002.0,-1.1520166738607214,-0.8619484131774695,TIME_LIMIT,146934,0,0,18,8
5,8,560144.0,-1.1520048483169636,-0.8619484131774695,TIME_LIMIT,146967,0,0,14,8
5,8,560268.0,-1.1520048483169636,-0.8619484131774695,TIME_LIMIT,146991,0,0,21,23
5,8,560467.0,-1.152000343675437,-0.8619484131774695,TIME_LIMIT,147030,0,0,16,8
5,8,560616.0,-1.152000343675437,-0.8619484131774695,TIME_LIMIT,147061,0,0,15,18
5,8,560799.0,-1.1519614386882726,-0.8619484131774695,TIME_LIMIT,147090,0,0,16,8
5,8,560923.0,-1.1519614386882726,-0.8619484131774695,TIME_LIMIT,147117,0,0,12,4
5,8,561001.0,-1.15195380611603,-0.8619484131774695,TIME_LIMIT,147142,0,0,11,7
5,8,561066.0,-1.15195380611603,-0.8619484131774695,TIME_LIMIT,147167,0,0,4,12
5,8,561148.0,-1.1519481299129777,-0.8619484131774695,TIME_LIMIT,147187,0,0,5,8
5,8,561238.0,-1.1519481299129777,-0.8619484131774695,TIME_LIMIT,147209,0,0,14,9
5,8,561365.0,-1.151931735982172,-0.8619484131774695,TIME_LIMIT,147232,0,0,17,6
5,8,561564.0,-1.151931735982172,-0.8619484131774695,TIME_LIMIT,147263,0,0,18,15
5,8,561684.0,-1.1519314494901554,-0.8619484131774695,TIME_LIMIT,147290,0,0,6,6
5,8,561760.0,-1.1519314494901554,-0.8619484131774695,TIME_LIMIT,147314,0,0,8,7
5,8,561876.0,-1.1519122403044222,-0.8619484131774695,TIME_LIMIT,147339,0,0,4,3
5,8,561911.0,-1.1519122403044222,-0.8619484131774695,TIME_LIMIT,147363,0,0,5,11
5,8,561993.0,-1.151905691603615,-0.8619484131774695,TIME_LIMIT,147390,0,0,4,11
5,8,562032.0,-1.151905691603615,-0.8619484131774695,TIME_LIMIT,147406,0,0,12,12
5,8,562068.0,-1.1518498289877563,-0.8619484131774695,TIME_LIMIT,147424,0,0,7,4
5,8,562121.0,-1.1518498289877563,-0.8619484131774695,TIME_LIMIT,147446,0,0,5,5
5,8,562184.0,-1.1518432678696997,-0.8619484131774695,TIME_LIMIT,147465,0,0,8,6
5,8,562373.0,-1.1518432678696997,-0.8619484131774695,TIME_LIMIT,147487,0,0,14,23
5,8,562440.0,-1.151836634093857,-0.8619484131774695,TIME_LIMIT,147518,0,0,4,4
5,8,562507.0,-1.151836634093857,-0.8619484131774695,TIME_LIMIT,147538,0,0,11,12
5,8,562623.0,-1.1518137476347619,-0.8619484131774695,TIME_LIMIT,147573,0,0,13,7
5,8,562696.0,-1.1518137476347619,-0.8619484131774695,TIME_LIMIT,147595,0,0,9,6
5,8,562777.0,-1.1518085758944678,-0.8619484131774695,TIME_LIMIT,147609,0,0,10,5
5,8,562891.0,-1.1518085758944678,-0.8619484131774695,TIME_LIMIT,147634,0,0,16,12
5,8,562992.0,-1.1517973380927828,-0.8619484131774695,TIME_LIMIT,147659,0,0,15,8
5,8,563120.0,-1.1517973380927828,-0.8619484131774695,TIME_LIMIT,147689,0,0,15,12
5,8,563274.0,-1.1517790845960636,-0.8619484131774695,TIME_LIMIT,147714,0,0,8,4
5,8,563428.0,-1.1517790845960636,-0.8619484131774695,TIME_LIMIT,147740,0,0,8,11
5,8,563514.0,-1.1517766509536895,-0.8619484131774695,TIME_LIMIT,147763,0,0,8,9
5,8,563775.0,-1.1517766509536895,-0.8619484131774695,TIME_LIMIT,147789,0,0,17,20
5,8,563908.0,-1.1517663114977574,-0.8619484131774695,TIME_LIMIT,147825,0,0,12,11
5,8,563996.0,-1.1517663114977574,-0.8619484131774695,TIME_LIMIT,147849,0,0,20,17
5,8,564135.0,-1.1517522217104839,-0.8619484131774695,TIME_LIMIT,147883,0,0,11,10
5,8,564222.0,-1.1517522217104839,-0.8619484131774695,TIME_LIMIT,147904,0,0,20,24
5,8,564296.0,-1.1517288273707336,-0.8619484131774695,TIME_LIMIT,147934,0,0,12,8
5,8,564335.0,-1.1517288273707336,-0.8619484131774695,TIME_LIMIT,147955,0,0,15,11
5,8,564411.0,-1.1516904304538613,-0.8619484131774695,TIME_LIMIT,147988,0,0,9,3
5,8,564484.0,-1.1516904304538613,-0.8619484131774695,TIME_LIMIT,148013,0,0,15,5
5,8,564644.0,-1.1516284837643616,-0.8619484131774695,TIME_LIMIT,148032,0,0,6,5
5,8,564738.0,-1.1516284837643616,-0.8619484131774695,TIME_LIMIT,148058,0,0,11,8
5,8,564843.0,-1.151623630265881,-0.8619484131774695,TIME_LIMIT,148075,0,0,10,9
5,8,564924.0,-1.151623630265881,-0.8619484131774695,TIME_LIMIT,148099,0,0,21,10
5,8,565006.0,-1.1515914139221246,-0.8619484131774695,TIME_LIMIT,148129,0,0,12,6
5,8,565056.0,-1.1515914139221246,-0.8619484131774695,TIME_LIMIT,148146,0,0,10,9
5,8,565119.0,-1.151584437286524,-0.8619484131774695,TIME_LIMIT,148171,0,0,10,7
5,8,565175.0,-1.151584437286524,-0.8619484131774695,TIME_LIMIT,148196,0,0,17,14
5,8,565267.0,-1.1515764879232218,-0.8619484131774695,TIME_LIMIT,148219,0,0,13,7
5,8,565448.0,-1.1515764879232218,-0.8619484131774695,TIME_LIMIT,148247,0,0,19,5
5,8,565550.0,-1.1515754938389062,-0.8619484131774695,TIME_LIMIT,148268,0,0,5,7
5,8,565635.0,-1.1515754938389062,-0.8619484131774695,TIME_LIMIT,148292,0,0,15,15
5,8,565697.0,-1.1515720652472698,-0.8619484131774695,TIME_LIMIT,148313,0,0,10,3
5,8,565866.0,-1.1515720652472698,-0.8619484131774695,TIME_LIMIT,148345,0,0,18,30
5,8,566022.0,-1.151563837326918,-0.8619484131774695,TIME_LIMIT,148379,0,0,14,12
5,8,566219.0,-1.151563837326918,-0.8619484131774695,TIME_LIMIT,148401,0,0,22,20
5,8,566460.0,-1.1515515660263458,-0.8619484131774695,TIME_LIMIT,148439,0,0,19,7
5,8,566538.0,-1.1515515660263458,-0.8619484131774695,TIME_LIMIT,148463,0,0,11,11
5,8,566597.0,-1.1515305406418987,-0.8619484131774695,TIME_LIMIT,148485,0,0,3,6
5,8,566656.0,-1.1515305406418987,-0.8619484131774695,TIME_LIMIT,148506,0,0,14,12
5,8,566695.0,-1.1515172235685633,-0.8619484131774695,TIME_LIMIT,148532,0,0,15,4
5,8,566778.0,-1.1515172235685633,-0.8619484131774695,TIME_LIMIT,148554,0,0,12,8
5,8,566835.0,-1.1515145764338361,-0.8619484131774695,TIME_LIMIT,148572,0,0,10,5
5,8,566978.0,-1.1515145764338361,-0.8619484131774695,TIME_LIMIT,148601,0,0,19,31
5,8,567121.0,-1.151507196202097,-0.8619484131774695,TIME_LIMIT,148640,0,0,24,9
5,8,567171.0,-1.151507196202097,-0.8619484131774695,TIME_LIMIT,148658,0,0,8,5
5,8,567225.0,-1.1514498212488098,-0.8619484131774695,TIME_LIMIT,148680,0,0,9,6
5,8,567442.0,-1.1514498212488098,-0.8619484131774695,TIME_LIMIT,148702,0,0,10,9
5,8,567541.0,-1.1514426745966992,-0.8619484131774695,TIME_LIMIT,148723,0,0,6,9
5,8,567640.0,-1.1514426745966992,-0.8619484131774695,TIME_LIMIT,148746,0,0,12,9
5,8,567729.0,-1.151418364571048,-0.8619484131774695,TIME_LIMIT,148768,0,0,8,3
5,8,567821.0,-1.151418364571048,-0.8619484131774695,TIME_LIMIT,148793,0,0,26,31
5,8,568020.0,-1.1513886042281058,-0.8619484131774695,TIME_LIMIT,148838,0,0,18,18
5,8,568217.0,-1.1513886042281058,-0.8619484131774695,TIME_LIMIT,148863,0,0,26,21
5,8,568459.0,-1.151387653767714,-0.8619484131774695,TIME_LIMIT,148896,0,0,16,9
5,8,568641.0,-1.151387653767714,-0.8619484131774695,TIME_LIMIT,148923,0,0,15,21
5,8,568730.0,-1.1513791768752184,-0.8619484131774695,TIME_LIMIT,148945,0,0,13,11
5,8,568831.0,-1.1513791768752184,-0.8619484131774695,TIME_LIMIT,148969,0,0,13,12
5,8,568954.0,-1.1513671124287883,-0.8619484131774695,TIME_LIMIT,149003,0,0,10,9
5,8,569020.0,-1.1513671124287883,-0.8619484131774695,TIME_LIMIT,149027,0,0,13,19
5,8,569152.0,-1.1513657319892663,-0.8619484131774695,TIME_LIMIT,149064,0,0,13,12
5,8,569187.0,-1.1513657319892663,-0.8619484131774695,TIME_LIMIT,149087,0,0,6,9
5,8,569268.0,-1.1513131735656157,-0.8619484131774695,TIME_LIMIT,149103,0,0,5,5
5,8,569387.0,-1.1513131735656157,-0.8619484131774695,TIME_LIMIT,149123,0,0,13,24
5,8,569508.0,-1.1512902421412732,-0.8619484131774695,TIME_LIMIT,149157,0,0,9,7
5,8,569592.0,-1.1512902421412732,-0.8619484131774695,TIME_LIMIT,149180,0,0,13,6
5,8,569690.0,-1.151286884114889,-0.8619484131774695,TIME_LIMIT,149202,0,0,10,4
5,8,569724.0,-1.151286884114889,-0.8619484131774695,TIME_LIMIT,149224,0,0,8,9
5,8,569789.0,-1.1512677264760076,-0.8619484131774695,TIME_LIMIT,149241,0,0,6,3
5,8,569882.0,-1.1512677264760076,-0.8619484131774695,TIME_LIMIT,149266,0,0,4,6
5,8,569934.0,-1.1512491319581255,-0.8619484131774695,TIME_LIMIT,149290,0,0,10,3
5,8,570132.0,-1.1512491319581255,-0.8619484131774695,TIME_LIMIT,149312,0,0,20,14
5,8,570204.0,-1.1512426245443823,-0.8619484131774695,TIME_LIMIT,149349,0,0,10,9
5,8,570424.0,-1.1512426245443823,-0.8619484131774695,TIME_LIMIT,149375,0,0,13,17
5,8,570571.0,-1.151241601642116,-0.8619484131774695,TIME_LIMIT,149403,0,0,12,1
5,8,570735.0,-1.151241601642116,-0.8619484131774695,TIME_LIMIT,149436,0,0,9,9
5,8,570869.0,-1.1512392241404865,-0.8619484131774695,TIME_LIMIT,149462,0,0,17,3
5,8,570965.0,-1.1512392241404865,-0.8619484131774695,TIME_LIMIT,149485,0,0,17,18
5,8,571055.0,-1.1512369802789575,-0.8619484131774695,TIME_LIMIT,149510,0,0,12,8
5,8,571131.0,-1.1512369802789575,-0.8619484131774695,TIME_LIMIT,149532,0,0,15,16
5,8,571253.0,-1.1512157216307113,-0.8619484131774695,TIME_LIMIT,149566,0,0,18,9
5,8,571306.0,-1.1512157216307113,-0.8619484131774695,TIME_LIMIT,149581,0,0,13,5
5,8,571386.0,-1.1511928083010652,-0.8619484131774695,TIME_LIMIT,149605,0,0,5,4
5,8,571503.0,-1.1511928083010652,-0.8619484131774695,TIME_LIMIT,149631,0,0,14,24
5,8,571601.0,-1.1511744712744054,-0.8619484131774695,TIME_LIMIT,149661,0,0,4,9
5,8,571664.0,-1.1511744712744054,-0.8619484131774695,TIME_LIMIT,149681,0,0,10,8
5,8,571698.0,-1.1511629169093418,-0.8619484131774695,TIME_LIMIT,149694,0,0,6,2
5,8,571762.0,-1.1511629169093418,-0.8619484131774695,TIME_LIMIT,149720,0,0,6,7
5,8,571863.0,-1.1511276448997618,-0.8619484131774695,TIME_LIMIT,149745,0,0,16,9
5,8,572091.0,-1.1511276448997618,-0.8619484131774695,TIME_LIMIT,149774,0,0,15,24
5,8,572259.0,-1.151098495240376,-0.8619484131774695,TIME_LIMIT,149806,0,0,19,11
5,8,572422.0,-1.151098495240376,-0.8619484131774695,TIME_LIMIT,149832,0,0,18,17
5,8,572483.0,-1.1510875794790698,-0.8619484131774695,TIME_LIMIT,149855,0,0,14,6
5,8,572654.0,-1.1510875794790698,-0.8619484131774695,TIME_LIMIT,149877,0,0,6,11
5,8,572810.0,-1.1510747901276868,-0.8619484131774695,TIME_LIMIT,149914,0,0,7,9
5,8,572959.0,-1.1510747901276868,-0.8619484131774695,TIME_LIMIT,149944,0,0,21,14
5,8,573068.0,-1.151071780001975,-0.8619484131774695,TIME_LIMIT,149966,0,0,8,11
5,8,573253.0,-1.151071780001975,-0.8619484131774695,TIME_LIMIT,149996,0,0,13,13
5,8,573369.0,-1.151064685413898,-0.8619484131774695,TIME_LIMIT,150028,0,0,21,10
5,8,573459.0,-1.151064685413898,-0.8619484131774695,TIME_LIMIT,150047,0,0,8,23
5,8,573580.0,-1.1510504413805398,-0.8619484131774695,TIME_LIMIT,150073,0,0,7,8
5,8,573721.0,-1.1510504413805398,-0.8619484131774695,TIME_LIMIT,150098,0,0,14,11
5,8,573848.0,-1.151048487517278,-0.8619484131774695,TIME_LIMIT,150123,0,0,16,11
5,8,573936.0,-1.151048487517278,-0.8619484131774695,TIME_LIMIT,150145,0,0,9,7
5,8,573997.0,-1.1510477821356273,-0.8619484131774695,TIME_LIMIT,150166,0,0,7,7
5,8,574079.0,-1.1510477821356273,-0.8619484131774695,TIME_LIMIT,150196,0,0,4,7
5,8,574174.0,-1.1510471876072672,-0.8619484131774695,TIME_LIMIT,150218,0,0,11,14
5,8,574268.0,-1.1510471876072672,-0.8619484131774695,TIME_LIMIT,150234,0,0,10,5
5,8,574329.0,-1.151046791241253,-0.8619484131774695,TIME_LIMIT,150250,0,0,5,6
5,8,574398.0,-1.151046791241253,-0.8619484131774695,TIME_LIMIT,150273,0,0,18,22
5,8,574455.0,-1.1510249511255555,-0.8619484131774695,TIME_LIMIT,150301,0,0,10,6
5,8,574657.0,-1.1510249511255555,-0.8619484131774695,TIME_LIMIT,150328,0,0,11,16
5,8,574706.0,-1.151012946299721,-0.8619484131774695,TIME_LIMIT,150359,0,0,18,8
5,8,574767.0,-1.151012946299721,-0.8619484131774695,TIME_LIMIT,150380,0,0,11,17
5,8,574858.0,-1.1510099568947953,-0.8619484131774695,TIME_LIMIT,150406,0,0,6,5
5,8,574943.0,-1.1510099568947953,-0.8619484131774695,TIME_LIMIT,150429,0,0,18,10
5,8,575016.0,-1.1510043590746728,-0.8619484131774695,TIME_LIMIT,150455,0,0,12,8
5,8,575103.0,-1.1510043590746728,-0.8619484131774695,TIME_LIMIT,150479,0,0,13,24
5,8,575220.0,-1.1509923599528764,-0.8619484131774695,TIME_LIMIT,150512,0,0,8,8
5,8,575418.0,-1.1509923599528764,-0.8619484131774695,TIME_LIMIT,150551,0,0,20,18
5,8,575643.0,-1.15098404838768,-0.8619484131774695,TIME_LIMIT,150576,0,0,14,4
5,8,575702.0,-1.15098404838768,-0.8619484131774695,TIME_LIMIT,150596,0,0,10,4
5,8,575741.0,-1.1509785229151817,-0.8619484131774695,TIME_LIMIT,150611,0,0,7,3
5,8,575940.0,-1.1509785229151817,-0.8619484131774695,TIME_LIMIT,150628,0,0,10,17
5,8,576151.0,-1.1509703595180398,-0.8619484131774695,TIME_LIMIT,150665,0,0,13,10
5,8,576267.0,-1.1509703595180398,-0.8619484131774695,TIME_LIMIT,150688,0,0,21,11
5,8,576355.0,-1.1509698567074007,-0.8619484131774695,TIME_LIMIT,150717,0,0,10,12
5,8,576431.0,-1.1509698567074007,-0.8619484131774695,TIME_LIMIT,150742,0,0,13,11
5,8,576627.0,-1.150962997282837,-0.8619484131774695,TIME_LIMIT,150763,0,0,8,9
5,8,576723.0,-1.150962997282837,-0.8619484131774695,TIME_LIMIT,150788,0,0,11,18
5,8,576843.0,-1.150942856832122,-0.8619484131774695,TIME_LIMIT,150821,0,0,11,12
5,8,576945.0,-1.150942856832122,-0.8619484131774695,TIME_LIMIT,150850,0,0,19,5
5,8,577108.0,-1.1509421276914602,-0.8619484131774695,TIME_LIMIT,150873,0,0,16,15
5,8,577204.0,-1.1509421276914602,-0.8619484131774695,TIME_LIMIT,150897,0,0,14,13
5,8,577283.0,-1.1509011734082595,-0.8619484131774695,TIME_LIMIT,150917,0,0,13,13
5,8,577406.0,-1.1509011734082595,-0.8619484131774695,TIME_LIMIT,150945,0,0,15,5
5,8,577522.0,-1.1508680539043286,-0.8619484131774695,TIME_LIMIT,150969,0,0,11,8
5,8,577614.0,-1.1508680539043286,-0.8619484131774695,TIME_LIMIT,150993,0,0,17,12
5,8,577754.0,-1.1508602724327348,-0.8619484131774695,TIME_LIMIT,151023,0,0,10,14
5,8,577831.0,-1.1508602724327348,-0.8619484131774695,TIME_LIMIT,151043,0,0,9,13
5,8,577871.0,-1.1508545965346517,-0.8619484131774695,TIME_LIMIT,151064,0,0,11,5
5,8,577959.0,-1.1508545965346517,-0.8619484131774695,TIME_LIMIT,151091,0,0,13,16
5,8,578030.0,-1.1508328272649184,-0.8619484131774695,TIME_LIMIT,151110,0,0,13,8
5,8,578139.0,-1.1508328272649184,-0.8619484131774695,TIME_LIMIT,151128,0,0,11,8
5,8,578202.0,-1.1508186619116447,-0.8619484131774695,TIME_LIMIT,151151,0,0,7,11
5,8,578294.0,-1.1508186619116447,-0.8619484131774695,TIME_LIMIT,151171,0,0,15,17
5,8,578417.0,-1.1507699604677661,-0.8619484131774695,TIME_LIMIT,151205,0,0,6,11
5,8,578613.0,-1.1507699604677661,-0.8619484131774695,TIME_LIMIT,151235,0,0,19,11
5,8,578690.0,-1.1507633865908347,-0.8619484131774695,TIME_LIMIT,151256,0,0,10,9
5,8,578755.0,-1.1507633865908347,-0.8619484131774695,TIME_LIMIT,151276,0,0,8,7
5,8,578798.0,-1.1507326114031269,-0.8619484131774695,TIME_LIMIT,151297,0,0,11,5
5,8,578923.0,-1.1507326114031269,-0.8619484131774695,TIME_LIMIT,151332,0,0,6,11
5,8,579072.0,-1.1507293434983987,-0.8619484131774695,TIME_LIMIT,151364,0,0,14,9
5,8,579223.0,-1.1507293434983987,-0.8619484131774695,TIME_LIMIT,151401,0,0,16,20
5,8,579296.0,-1.1507246580027817,-0.8619484131774695,TIME_LIMIT,151422,0,0,13,6
5,8,579493.0,-1.1507246580027817,-0.8619484131774695,TIME_LIMIT,151454,0,0,12,19
5,8,579639.0,-1.150723361529015,-0.8619484131774695,TIME_LIMIT,151485,0,0,20,11
5,8,579855.0,-1.150723361529015,-0.8619484131774695,TIME_LIMIT,151516,0,0,6,13
5,8,580023.0,-1.1507051882197592,-0.8619484131774695,TIME_LIMIT,151544,0,0,7,7
5,8,580085.0,-1.1507051882197592,-0.8619484131774695,TIME_LIMIT,151562,0,0,10,11
5,8,580131.0,-1.1506959171077218,-0.8619484131774695,TIME_LIMIT,151587,0,0,11,8
5,8,580208.0,-1.1506959171077218,-0.8619484131774695,TIME_LIMIT,151614,0,0,11,3
5,8,580364.0,-1.1506861526676113,-0.8619484131774695,TIME_LIMIT,151638,0,0,12,7
5,8,580430.0,-1.1506861526676113,-0.8619484131774695,TIME_LIMIT,151655,0,0,8,16
5,8,580508.0,-1.1506843166693193,-0.8619484131774695,TIME_LIMIT,151679,0,0,5,4
5,8,580613.0,-1.1506843166693193,-0.8619484131774695,TIME_LIMIT,151702,0,0,7,10
5,8,580708.0,-1.1506467415123303,-0.8619484131774695,TIME_LIMIT,151724,0,0,12,5
5,8,580741.0,-1.1506467415123303,-0.8619484131774695,TIME_LIMIT,151742,0,0,10,17
5,8,580839.0,-1.1506453718288272,-0.8619484131774695,TIME_LIMIT,151773,0,0,4,8
5,8,580908.0,-1.1506453718288272,-0.8619484131774695,TIME_LIMIT,151797,0,0,17,20
5,8,581016.0,-1.15063311083541,-0.8619484131774695,TIME_LIMIT,151822,0,0,11,10
5,8,581242.0,-1.15063311083541,-0.8619484131774695,TIME_LIMIT,151849,0,0,18,13
5,8,581359.0,-1.1505934748045374,-0.8619484131774695,TIME_LIMIT,151874,0,0,14,3
5,8,581507.0,-1.1505934748045374,-0.8619484131774695,TIME_LIMIT,151907,0,0,16,16
5,8,581608.0,-1.1505889579364694,-0.8619484131774695,TIME_LIMIT,151930,0,0,6,9
5,8,581698.0,-1.1505889579364694,-0.8619484131774695,TIME_LIMIT,151950,0,0,12,11
5,8,581860.0,-1.1505675186096669,-0.8619484131774695,TIME_LIMIT,151978,0,0,13,4
5,8,581977.0,-1.1505675186096669,-0.8619484131774695,TIME_LIMIT,152003,0,0,10,7
5,8,582089.0,-1.15055525666463,-0.8619484131774695,TIME_LIMIT,152031,0,0,9,8
5,8,582147.0,-1.15055525666463,-0.8619484131774695,TIME_LIMIT,152054,0,0,12,9
5,8,582210.0,-1.1505277401488068,-0.8619484131774695,TIME_LIMIT,152073,0,0,11,7
5,8,582407.0,-1.1505277401488068,-0.8619484131774695,TIME_LIMIT,152096,0,0,12,16
5,8,582537.0,-1.1504660074191277,-0.8619484131774695,TIME_LIMIT,152138,0,0,16,10
5,8,582688.0,-1.1504660074191277,-0.8619484131774695,TIME_LIMIT,152160,0,0,9,14
5,8,582806.0,-1.1504651092674023,-0.8619484131774695,TIME_LIMIT,152196,0,0,9,9
5,8,582955.0,-1.1504651092674023,-0.8619484131774695,TIME_LIMIT,152225,0,0,11,13
5,8,583062.0,-1.1504528398337932,-0.8619484131774695,TIME_LIMIT,152262,0,0,13,9
5,8,583137.0,-1.1504528398337932,-0.8619484131774695,TIME_LIMIT,152287,0,0,9,9
5,8,583244.0,-1.1504487294055283,-0.8619484131774695,TIME_LIMIT,152316,0,0,6,6
5,8,583411.0,-1.1504487294055283,-0.8619484131774695,TIME_LIMIT,152340,0,0,18,23
5,8,583492.0,-1.1504185201718233,-0.8619484131774695,TIME_LIMIT,152374,0,0,5,5
5,8,583590.0,-1.1504185201718233,-0.8619484131774695,TIME_LIMIT,152398,0,0,10,18
5,8,583725.0,-1.1504065627874531,-0.8619484131774695,TIME_LIMIT,152432,0,0,17,18
5,8,583853.0,-1.1504065627874531,-0.8619484131774695,TIME_LIMIT,152457,0,0,13,20
5,8,583961.0,-1.150404901908455,-0.8619484131774695,TIME_LIMIT,152482,0,0,14,3
5,8,584101.0,-1.150404901908455,-0.8619484131774695,TIME_LIMIT,152509,0,0,16,15
5,8,584210.0,-1.1504047427467,-0.8619484131774695,TIME_LIMIT,152532,0,0,6,5
5,8,584325.0,-1.1504047427467,-0.8619484131774695,TIME_LIMIT,152559,0,0,11,9
5,8,584493.0,-1.1503938794153463,-0.8619484131774695,TIME_LIMIT,152594,0,0,13,9
5,8,584631.0,-1.1503938794153463,-0.8619484131774695,TIME_LIMIT,152621,0,0,9,11
5,8,584795.0,-1.150379273328316,-0.8619484131774695,TIME_LIMIT,152643,0,0,12,14
5,8,584933.0,-1.150379273328316,-0.8619484131774695,TIME_LIMIT,152674,0,0,14,14
5,8,585086.0,-1.1503689886442943,-0.8619484131774695,TIME_LIMIT,152700,0,0,20,15
5,8,585136.0,-1.1503689886442943,-0.8619484131774695,TIME_LIMIT,152719,0,0,13,8
5,8,585200.0,-1.1503583960288892,-0.8619484131774695,TIME_LIMIT,152747,0,0,7,5
5,8,585293.0,-1.1503583960288892,-0.8619484131774695,TIME_LIMIT,152771,0,0,9,19
5,8,585351.0,-1.150341736674102,-0.8619484131774695,TIME_LIMIT,152802,0,0,13,4
5,8,585463.0,-1.150341736674102,-0.8619484131774695,TIME_LIMIT,152819,0,0,14,21
5,8,585594.0,-1.1503321247972784,-0.8619484131774695,TIME_LIMIT,152856,0,0,12,8
5,8,585719.0,-1.1503321247972784,-0.8619484131774695,TIME_LIMIT,152878,0,0,6,8
5,8,585819.0,-1.1503128554799513,-0.8619484131774695,TIME_LIMIT,152910,0,0,7,9
5,8,585913.0,-1.1503128554799513,-0.8619484131774695,TIME_LIMIT,152934,0,0,13,8
5,8,586056.0,-1.1502708865841567,-0.8619484131774695,TIME_LIMIT,152953,0,0,4,4
5,8,586223.0,-1.1502708865841567,-0.8619484131774695,TIME_LIMIT,152979,0,0,14,30
5,8,586336.0,-1.1502698937334785,-0.8619484131774695,TIME_LIMIT,153010,0,0,14,7
5,8,586470.0,-1.1502698937334785,-0.8619484131774695,TIME_LIMIT,153040,0,0,17,29
5,8,586640.0,-1.150246873236362,-0.8619484131774695,TIME_LIMIT,153076,0,0,13,10
5,8,586750.0,-1.150246873236362,-0.8619484131774695,TIME_LIMIT,153103,0,0,14,15
5,8,586940.0,-1.1502373399898298,-0.8619484131774695,TIME_LIMIT,153126,0,0,13,12
5,8,587060.0,-1.1502373399898298,-0.8619484131774695,TIME_LIMIT,153149,0,0,15,11
5,8,587191.0,-1.1502320329479259,-0.8619484131774695,TIME_LIMIT,153170,0,0,18,2
5,8,587274.0,-1.1502320329479259,-0.8619484131774695,TIME_LIMIT,153190,0,0,17,6
5,8,587338.0,-1.1502282386499205,-0.8619484131774695,TIME_LIMIT,153205,0,0,7,2
5,8,587477.0,-1.1502282386499205,-0.8619484131774695,TIME_LIMIT,153232,0,0,19,21
5,8,587639.0,-1.1502226697652422,-0.8619484131774695,TIME_LIMIT,153270,0,0,13,9
5,8,587716.0,-1.1502226697652422,-0.8619484131774695,TIME_LIMIT,153289,0,0,13,16
5,8,587800.0,-1.1502213596273716,-0.8619484131774695,TIME_LIMIT,153320,0,0,12,8
5,8,587884.0,-1.1502213596273716,-0.8619484131774695,TIME_LIMIT,153349,0,0,15,14
5,8,588010.0,-1.150208916514536,-0.8619484131774695,TIME_LIMIT,153371,0,0,10,13
5,8,588074.0,-1.150208916514536,-0.8619484131774695,TIME_LIMIT,153398,0,0,5,5
5,8,588116.0,-1.150205828729438,-0.8619484131774695,TIME_LIMIT,153419,0,0,10,17
5,8,588249.0,-1.150205828729438,-0.8619484131774695,TIME_LIMIT,153441,0,0,5,13
5,8,588316.0,-1.1501968227779515,-0.8619484131774695,TIME_LIMIT,153465,0,0,6,6
5,8,588391.0,-1.1501968227779515,-0.8619484131774695,TIME_LIMIT,153486,0,0,17,13
5,8,588464.0,-1.1501951126720618,-0.8619484131774695,TIME_LIMIT,153503,0,0,8,10
5,8,588543.0,-1.1501951126720618,-0.8619484131774695,TIME_LIMIT,153526,0,0,13,20
5,8,588662.0,-1.1501859760544124,-0.8619484131774695,TIME_LIMIT,153556,0,0,9,9
5,8,588758.0,-1.1501859760544124,-0.8619484131774695,TIME_LIMIT,153578,0,0,14,8
5,8,588807.0,-1.1501732501457458,-0.8619484131774695,TIME_LIMIT,153599,0,0,5,4
5,8,588899.0,-1.1501732501457458,-0.8619484131774695,TIME_LIMIT,153621,0,0,14,12
5,8,589011.0,-1.1501419717469539,-0.8619484131774695,TIME_LIMIT,153646,0,0,9,5
5,8,589084.0,-1.1501419717469539,-0.8619484131774695,TIME_LIMIT,153670,0,0,13,21
5,8,589250.0,-1.1501284870501232,-0.8619484131774695,TIME_LIMIT,153705,0,0,11,16
5,8,589373.0,-1.1501284870501232,-0.8619484131774695,TIME_LIMIT,153725,0,0,13,18
5,8,589480.0,-1.1500964987510898,-0.8619484131774695,TIME_LIMIT,153759,0,0,9,9
5,8,589595.0,-1.1500964987510898,-0.8619484131774695,TIME_LIMIT,153787,0,0,15,15
5,8,589825.0,-1.150096125595428,-0.8619484131774695,TIME_LIMIT,153815,0,0,19,11
5,8,589880.0,-1.150096125595428,-0.8619484131774695,TIME_LIMIT,153835,0,0,11,10
5,8,589896.0,-1.150072099041999,-0.8619484131774695,TIME_LIMIT,153850,0,0,6,2
5,8,589972.0,-1.150072099041999,-0.8619484131774695,TIME_LIMIT,153878,0,0,16,12
5,8,590035.0,-1.1500271675897482,-0.8619484131774695,TIME_LIMIT,153899,0,0,4,6
5,8,590119.0,-1.1500271675897482,-0.8619484131774695,TIME_LIMIT,153927,0,0,10,12
5,8,590203.0,-1.1500153962548934,-0.8619484131774695,TIME_LIMIT,153951,0,0,10,3
5,8,590303.0,-1.1500153962548934,-0.8619484131774695,TIME_LIMIT,153976,0,0,14,9
5,8,590367.0,-1.1499955966141933,-0.8619484131774695,TIME_LIMIT,154001,0,0,10,5
5,8,590446.0,-1.1499955966141933,-0.8619484131774695,TIME_LIMIT,154027,0,0,6,8
5,8,590517.0,-1.1499935422792935,-0.8619484131774695,TIME_LIMIT,154053,0,0,11,4
5,8,590585.0,-1.1499935422792935,-0.8619484131774695,TIME_LIMIT,154074,0,0,7,7
5,8,590622.0,-1.1499789143738588,-0.8619484131774695,TIME_LIMIT,154088,0,0,6,7
5,8,590700.0,-1.1499789143738588,-0.8619484131774695,TIME_LIMIT,154107,0,0,8,5
5,8,590766.0,-1.1499779314431908,-0.8619484131774695,TIME_LIMIT,154129,0,0,16,6
5,8,590899.0,-1.1499779314431908,-0.8619484131774695,TIME_LIMIT,154151,0,0,13,13
5,8,590932.0,-1.1499585507789676,-0.8619484131774695,TIME_LIMIT,154170,0,0,5,4
5,8,591003.0,-1.1499585507789676,-0.8619484131774695,TIME_LIMIT,154186,0,0,5,6
5,8,591030.0,-1.1499581909475296,-0.8619484131774695,TIME_LIMIT,154206,0,0,2,3
5,8,591153.0,-1.1499581909475296,-0.8619484131774695,TIME_LIMIT,154229,0,0,18,29
5,8,591333.0,-1.1499401178166044,-0.8619484131774695,TIME_LIMIT,154255,0,0,10,14
5,8,591369.0,-1.1499401178166044,-0.8619484131774695,TIME_LIMIT,154269,0,0,10,3
5,8,591413.0,-1.1499339737781016,-0.8619484131774695,TIME_LIMIT,154288,0,0,9,3
5,8,591556.0,-1.1499339737781016,-0.8619484131774695,TIME_LIMIT,154311,0,0,15,19
5,8,591762.0,-1.149925062763432,-0.8619484131774695,TIME_LIMIT,154344,0,0,11,4
5,8,591932.0,-1.149925062763432,-0.8619484131774695,TIME_LIMIT,154374,0,0,19,22
5,8,592031.0,-1.14987908027106,-0.8619484131774695,TIME_LIMIT,154400,0,0,4,5
5,8,592081.0,-1.14987908027106,-0.8619484131774695,TIME_LIMIT,154416,0,0,10,3
5,8,592114.0,-1.1498670578512293,-0.8619484131774695,TIME_LIMIT,154431,0,0,5,0
5,8,592298.0,-1.1498670578512293,-0.8619484131774695,TIME_LIMIT,154455,0,0,21,20
5,8,592445.0,-1.1498589842356295,-0.8619484131774695,TIME_LIMIT,154490,0,0,18,8
5,8,592657.0,-1.1498589842356295,-0.8619484131774695,TIME_LIMIT,154520,0,0,22,27
5,8,592866.0,-1.1498557624365568,-0.8619484131774695,TIME_LIMIT,154560,0,0,14,8
5,8,592962.0,-1.1498557624365568,-0.8619484131774695,TIME_LIMIT,154587,0,0,6,12
5,8,593045.0,-1.149845583147083,-0.8619484131774695,TIME_LIMIT,154606,0,0,3,4
5,8,593082.0,-1.149845583147083,-0.8619484131774695,TIME_LIMIT,154624,0,0,6,3
5,8,593157.0,-1.1498444761441162,-0.8619484131774695,TIME_LIMIT,154647,0,0,5,3
5,8,593274.0,-1.1498444761441162,-0.8619484131774695,TIME_LIMIT,154671,0,0,14,11
5,8,593380.0,-1.1498425393559881,-0.8619484131774695,TIME_LIMIT,154697,0,0,7,9
5,8,593523.0,-1.1498425393559881,-0.8619484131774695,TIME_LIMIT,154722,0,0,11,16
5,8,593720.0,-1.1498408332747903,-0.8619484131774695,TIME_LIMIT,154745,0,0,15,12
5,8,593822.0,-1.1498408332747903,-0.8619484131774695,TIME_LIMIT,154768,0,0,7,10
5,8,593893.0,-1.1498162840368593,-0.8619484131774695,TIME_LIMIT,154789,0,0,6,8
5,8,594006.0,-1.1498162840368593,-0.8619484131774695,TIME_LIMIT,154811,0,0,15,10
5,8,594049.0,-1.1498072365325607,-0.8619484131774695,TIME_LIMIT,154828,0,0,6,5
5,8,594124.0,-1.1498072365325607,-0.8619484131774695,TIME_LIMIT,154845,0,0,12,14
5,8,594206.0,-1.1497257628160242,-0.8619484131774695,TIME_LIMIT,154877,0,0,15,5
5,8,594394.0,-1.1497257628160242,-0.8619484131774695,TIME_LIMIT,154907,0,0,17,16
5,8,594621.0,-1.1497168236183692,-0.8619484131774695,TIME_LIMIT,154937,0,0,19,16
5,8,594880.0,-1.1497168236183692,-0.8619484131774695,TIME_LIMIT,154960,0,0,16,21
5,8,595124.0,-1.1497033863802864,-0.8619484131774695,TIME_LIMIT,155001,0,0,15,13
5,8,595359.0,-1.1497033863802864,-0.8619484131774695,TIME_LIMIT,155024,0,0,16,25
5,8,595556.0,-1.1496792694604818,-0.8619484131774695,TIME_LIMIT,155068,0,0,21,9
5,8,595649.0,-1.1496792694604818,-0.8619484131774695,TIME_LIMIT,155089,0,0,14,7
5,8,595740.0,-1.149674255824038,-0.8619484131774695,TIME_LIMIT,155113,0,0,14,11
5,8,595976.0,-1.149674255824038,-0.8619484131774695,TIME_LIMIT,155147,0,0,11,9
5,8,596129.0,-1.1496678265596492,-0.8619484131774695,TIME_LIMIT,155169,0,0,7,11
5,8,596298.0,-1.1496678265596492,-0.8619484131774695,TIME_LIMIT,155193,0,0,14,25
5,8,596417.0,-1.1496567913171056,-0.8619484131774695,TIME_LIMIT,155222,0,0,17,3
5,8,596602.0,-1.1496567913171056,-0.8619484131774695,TIME_LIMIT,155247,0,0,15,13
5,8,596675.0,-1.1496517307052325,-0.8619484131774695,TIME_LIMIT,155272,0,0,2,4
5,8,596743.0,-1.1496517307052325,-0.8619484131774695,TIME_LIMIT,155296,0,0,15,6
5,8,596801.0,-1.1496472092581445,-0.8619484131774695,TIME_LIMIT,155318,0,0,5,3
5,8,596908.0,-1.1496472092581445,-0.8619484131774695,TIME_LIMIT,155343,0,0,12,29
5,8,597081.0,-1.1496405258216984,-0.8619484131774695,TIME_LIMIT,155380,0,0,11,17
5,8,597141.0,-1.1496405258216984,-0.8619484131774695,TIME_LIMIT,155406,0,0,16,13
5,8,597207.0,-1.1496382067263398,-0.8619484131774695,TIME_LIMIT,155425,0,0,12,10
5,8,597300.0,-1.1496382067263398,-0.8619484131774695,TIME_LIMIT,155450,0,0,11,8
5,8,597342.0,-1.1496365558341015,-0.8619484131774695,TIME_LIMIT,155462,0,0,7,4
5,8,597554.0,-1.1496365558341015,-0.8619484131774695,TIME_LIMIT,155486,0,0,19,14
5,8,597609.0,-1.1496289440732812,-0.8619484131774695,TIME_LIMIT,155509,0,0,13,9
5,8,597704.0,-1.1496289440732812,-0.8619484131774695,TIME_LIMIT,155538,0,0,16,28
5,8,597789.0,-1.1496228721230777,-0.8619484131774695,TIME_LIMIT,155560,0,0,11,6
5,8,597845.0,-1.1496228721230777,-0.8619484131774695,TIME_LIMIT,155572,0,0,7,9
5,8,597901.0,-1.1495932073831936,-0.8619484131774695,TIME_LIMIT,155594,0,0,5,3
5,8,597973.0,-1.1495932073831936,-0.8619484131774695,TIME_LIMIT,155613,0,0,8,14
5,8,598023.0,-1.1495800647158836,-0.8619484131774695,TIME_LIMIT,155631,0,0,6,6
5,8,598053.0,-1.1495800647158836,-0.8619484131774695,TIME_LIMIT,155649,0,0,11,11
5,8,598194.0,-1.1495716995397796,-0.8619484131774695,TIME_LIMIT,155667,0,0,8,4
5,8,598283.0,-1.1495716995397796,-0.8619484131774695,TIME_LIMIT,155690,0,0,8,11
5,8,598430.0,-1.1495495603309487,-0.8619484131774695,TIME_LIMIT,155726,0,0,12,6
5,8,598583.0,-1.1495495603309487,-0.8619484131774695,TIME_LIMIT,155754,0,0,19,15
5,8,598688.0,-1.1495451374355083,-0.8619484131774695,TIME_LIMIT,155777,0,0,11,6
5,8,598754.0,-1.1495451374355083,-0.8619484131774695,TIME_LIMIT,155804,0,0,6,6
5,8,598846.0,-1.1495299645003725,-0.8619484131774695,TIME_LIMIT,155818,0,0,7,3
5,8,598865.0,-1.1495299645003725,-0.8619484131774695,TIME_LIMIT,155833,0,0,16,13
5,8,599092.0,-1.1495242194441644,-0.8619484131774695,TIME_LIMIT,155865,0,0,10,9
5,8,599171.0,-1.1495242194441644,-0.8619484131774695,TIME_LIMIT,155891,0,0,15,15
5,8,599291.0,-1.1494934824282839,-0.8619484131774695,TIME_LIMIT,155917,0,0,12,9
5,8,599367.0,-1.1494934824282839,-0.8619484131774695,TIME_LIMIT,155934,0,0,12,14
5,8,599453.0,-1.1494893142875808,-0.8619484131774695,TIME_LIMIT,155965,0,0,6,6
5,8,599596.0,-1.1494893142875808,-0.8619484131774695,TIME_LIMIT,155991,0,0,17,13
5,8,599742.0,-1.1494824924120195,-0.8619484131774695,TIME_LIMIT,156026,0,0,9,7
5,8,599918.0,-1.1494824924120195,-0.8619484131774695,TIME_LIMIT,156055,0,0,20,12
5,8,600017.0,-1.1494724063881328,-0.8619484131774695,TIME_LIMIT,156077,0,0,8,6
5,8,600218.0,-1.1494724063881328,-0.8619484131774695,TIME_LIMIT,156109,0,0,14,12
5,8,600385.0,-1.1494454724850454,-0.8619484131774695,TIME_LIMIT,156134,0,0,13,13
5,8,600476.0,-1.1494454724850454,-0.8619484131774695,TIME_LIMIT,156157,0,0,9,11
5,8,600584.0,-1.1494357241080313,-0.8619484131774695,TIME_LIMIT,156178,0,0,9,7
5,8,600788.0,-1.1494357241080313,-0.8619484131774695,TIME_LIMIT,156200,0,0,21,24
5,8,600930.0,-1.1494050595817245,-0.8619484131774695,TIME_LIMIT,156241,0,0,17,11
5,8,601168.0,-1.1494050595817245,-0.8619484131774695,TIME_LIMIT,156264,0,0,18,28
5,8,601395.0,-1.1493927008114089,-0.8619484131774695,TIME_LIMIT,156303,0,0,18,11
5,8,601483.0,-1.1493927008114089,-0.8619484131774695,TIME_LIMIT,156326,0,0,16,9
5,8,601533.0,-1.1493729116918667,-0.8619484131774695,TIME_LIMIT,156342,0,0,6,4
5,8,601573.0,-1.1493729116918667,-0.8619484131774695,TIME_LIMIT,156357,0,0,12,10
5,8,601682.0,-1.1493658871316188,-0.8619484131774695,TIME_LIMIT,156387,0,0,6,6
5,8,601812.0,-1.1493658871316188,-0.8619484131774695,TIME_LIMIT,156412,0,0,13,11
5,8,601831.0,-1.1493610000687522,-0.8619484131774695,TIME_LIMIT,156427,0,0,6,4
5,8,602047.0,-1.1493610000687522,-0.8619484131774695,TIME_LIMIT,156458,0,0,17,18
5,8,602104.0,-1.1493577850043564,-0.8619484131774695,TIME_LIMIT,156484,0,0,12,3
5,8,602161.0,-1.1493577850043564,-0.8619484131774695,TIME_LIMIT,156508,0,0,14,19
5,8,602348.0,-1.1493176875433306,-0.8619484131774695,TIME_LIMIT,156540,0,0,22,8
5,8,602475.0,-1.1493176875433306,-0.8619484131774695,TIME_LIMIT,156563,0,0,12,13
5,8,602668.0,-1.1492769685964226,-0.8619484131774695,TIME_LIMIT,156581,0,0,7,5
5,8,603447.0,-1.1492769685964226,-0.8619484131774695,TIME_LIMIT,156603,0,0,13,22
5,8,603632.0,-1.149275826040762,-0.8619484131774695,TIME_LIMIT,156640,0,0,9,7
5,8,603723.0,-1.149275826040762,-0.8619484131774695,TIME_LIMIT,156667,0,0,11,3
5,8,603767.0,-1.1492742375950076,-0.8619484131774695,TIME_LIMIT,156684,0,0,8,3
5,8,603911.0,-1.1492742375950076,-0.8619484131774695,TIME_LIMIT,156706,0,0,11,10
5,8,603994.0,-1.1492664332886737,-0.8619484131774695,TIME_LIMIT,156728,0,0,5,8
5,8,604026.0,-1.1492664332886737,-0.8619484131774695,TIME_LIMIT,156745,0,0,18,13
5,8,604143.0,-1.1492525971676155,-0.8619484131774695,TIME_LIMIT,156772,0,0,11,4
5,8,604202.0,-1.1492525971676155,-0.8619484131774695,TIME_LIMIT,156793,0,0,10,13
5,8,604384.0,-1.1492400439286399,-0.8619484131774695,TIME_LIMIT,156827,0,0,22,11
5,8,604567.0,-1.1492400439286399,-0.8619484131774695,TIME_LIMIT,156856,0,0,17,19
5,8,604729.0,-1.1492248440333341,-0.8619484131774695,TIME_LIMIT,156880,0,0,17,7
5,8,604820.0,-1.1492248440333341,-0.8619484131774695,TIME_LIMIT,156905,0,0,11,10
5,8,604862.0,-1.149210987630994,-0.8619484131774695,TIME_LIMIT,156917,0,0,6,1
5,8,604973.0,-1.149210987630994,-0.8619484131774695,TIME_LIMIT,156939,0,0,9,20
5,8,605185.0,-1.1492108302670818,-0.8619484131774695,TIME_LIMIT,156980,0,0,12,13
5,8,605392.0,-1.1492108302670818,-0.8619484131774695,TIME_LIMIT,157004,0,0,14,28
5,8,605539.0,-1.1491852472377548,-0.8619484131774695,TIME_LIMIT,157035,0,0,6,4
5,8,605601.0,-1.1491852472377548,-0.8619484131774695,TIME_LIMIT,157056,0,0,13,13
5,8,605691.0,-1.1491828097005916,-0.8619484131774695,TIME_LIMIT,157075,0,0,9,9
5,8,605780.0,-1.1491828097005916,-0.8619484131774695,TIME_LIMIT,157102,0,0,12,8
5,8,605873.0,-1.149180762832853,-0.8619484131774695,TIME_LIMIT,157132,0,0,7,9
5,8,606035.0,-1.149180762832853,-0.8619484131774695,TIME_LIMIT,157157,0,0,12,17
5,8,606108.0,-1.1491780579455355,-0.8619484131774695,TIME_LIMIT,157180,0,0,8,7
5,8,606192.0,-1.1491780579455355,-0.8619484131774695,TIME_LIMIT,157202,0,0,10,4
5,8,606269.0,-1.1491302202127975,-0.8619484131774695,TIME_LIMIT,157216,0,0,4,3
5,8,606445.0,-1.1491302202127975,-0.8619484131774695,TIME_LIMIT,157251,0,0,12,11
5,8,606678.0,-1.1491061062633925,-0.8619484131774695,TIME_LIMIT,157282,0,0,16,6
5,8,606766.0,-1.1491061062633925,-0.8619484131774695,TIME_LIMIT,157300,0,0,17,15
5,8,606858.0,-1.1490959261974933,-0.8619484131774695,TIME_LIMIT,157330,0,0,14,7
5,8,607062.0,-1.1490959261974933,-0.8619484131774695,TIME_LIMIT,157358,0,0,9,10
5,8,607138.0,-1.1490958420390551,-0.8619484131774695,TIME_LIMIT,157381,0,0,5,7
5,8,607222.0,-1.1490958420390551,-0.8619484131774695,TIME_LIMIT,157411,0,0,19,10
5,8,607306.0,-1.149085443069483,-0.8619484131774695,TIME_LIMIT,157433,0,0,11,7
5,8,607450.0,-1.149085443069483,-0.8619484131774695,TIME_LIMIT,157454,0,0,13,16
5,8,607552.0,-1.1490624150159934,-0.8619484131774695,TIME_LIMIT,157483,0,0,8,7
5,8,607698.0,-1.1490624150159934,-0.8619484131774695,TIME_LIMIT,157507,0,0,22,29
5,8,607859.0,-1.1490295235583134,-0.8619484131774695,TIME_LIMIT,157551,0,0,15,16
5,8,607994.0,-1.1490295235583134,-0.8619484131774695,TIME_LIMIT,157579,0,0,17,10
5,8,608116.0,-1.1490216493446521,-0.8619484131774695,TIME_LIMIT,157599,0,0,10,8
5,8,608249.0,-1.1490216493446521,-0.8619484131774695,TIME_LIMIT,157625,0,0,14,9
5,8,608388.0,-1.149013592768614,-0.8619484131774695,TIME_LIMIT,157654,0,0,15,4
5,8,608478.0,-1.149013592768614,-0.8619484131774695,TIME_LIMIT,157680,0,0,21,15
5,8,608563.0,-1.1490046281568507,-0.8619484131774695,TIME_LIMIT,157698,0,0,5,4
5,8,608735.0,-1.1490046281568507,-0.8619484131774695,TIME_LIMIT,157731,0,0,20,20
5,8,608850.0,-1.149001025590457,-0.8619484131774695,TIME_LIMIT,157761,0,0,10,3
5,8,609018.0,-1.149001025590457,-0.8619484131774695,TIME_LIMIT,157791,0,0,22,15
5,8,609231.0,-1.148980259602933,-0.8619484131774695,TIME_LIMIT,157820,0,0,11,10
5,8,609404.0,-1.148980259602933,-0.8619484131774695,TIME_LIMIT,157845,0,0,13,18
5,8,609491.0,-1.1489630023807027,-0.8619484131774695,TIME_LIMIT,157877,0,0,11,5
5,8,609626.0,-1.1489630023807027,-0.8619484131774695,TIME_LIMIT,157905,0,0,18,16
5,8,609667.0,-1.148952217586515,-0.8619484131774695,TIME_LIMIT,157925,0,0,10,2
5,8,609783.0,-1.148952217586515,-0.8619484131774695,TIME_LIMIT,157952,0,0,15,6
5,8,609855.0,-1.1489469126732876,-0.8619484131774695,TIME_LIMIT,157969,0,0,10,9
5,8,609967.0,-1.1489469126732876,-0.8619484131774695,TIME_LIMIT,157991,0,0,11,18
5,8,610058.0,-1.1489385323115895,-0.8619484131774695,TIME_LIMIT,158013,0,0,14,3
5,8,610268.0,-1.1489385323115895,-0.8619484131774695,TIME_LIMIT,158033,0,0,9,9
5,8,610453.0,-1.1489319285666069,-0.8619484131774695,TIME_LIMIT,158063,0,0,16,2
5,8,610523.0,-1.1489319285666069,-0.8619484131774695,TIME_LIMIT,158089,0,0,9,5
5,8,610571.0,-1.1489303248977856,-0.8619484131774695,TIME_LIMIT,158107,0,0,9,6
5,8,610687.0,-1.1489303248977856,-0.8619484131774695,TIME_LIMIT,158129,0,0,13,15
5,8,610728.0,-1.1489277683380743,-0.8619484131774695,TIME_LIMIT,158155,0,0,10,5
5,8,610806.0,-1.1489277683380743,-0.8619484131774695,TIME_LIMIT,158176,0,0,13,9
5,8,610907.0,-1.1489269261393908,-0.8619484131774695,TIME_LIMIT,158197,0,0,9,9
5,8,610961.0,-1.1489269261393908,-0.8619484131774695,TIME_LIMIT,158220,0,0,15,12
5,8,611103.0,-1.1489218749882955,-0.8619484131774695,TIME_LIMIT,158248,0,0,9,8
5,8,611163.0,-1.1489218749882955,-0.8619484131774695,TIME_LIMIT,158268,0,0,12,6
5,8,611195.0,-1.1489116590188906,-0.8619484131774695,TIME_LIMIT,158281,0,0,5,3
5,8,611281.0,-1.1489116590188906,-0.8619484131774695,TIME_LIMIT,158308,0,0,18,11
5,8,611333.0,-1.1489112012509637,-0.8619484131774695,TIME_LIMIT,158324,0,0,8,1
5,8,611491.0,-1.1489112012509637,-0.8619484131774695,TIME_LIMIT,158344,0,0,9,5
5,8,611508.0,-1.148901174393069,-0.8619484131774695,TIME_LIMIT,158358,0,0,6,1
5,8,611587.0,-1.148901174393069,-0.8619484131774695,TIME_LIMIT,158380,0,0,7,6
5,8,611679.0,-1.1488995113821068,-0.8619484131774695,TIME_LIMIT,158398,0,0,9,10
5,8,611888.0,-1.1488995113821068,-0.8619484131774695,TIME_LIMIT,158432,0,0,9,16
5,8,611959.0,-1.1488854363448355,-0.8619484131774695,TIME_LIMIT,158454,0,0,10,5
5,8,612052.0,-1.1488854363448355,-0.8619484131774695,TIME_LIMIT,158481,0,0,13,22
5,8,612106.0,-1.1488714897679373,-0.8619484131774695,TIME_LIMIT,158507,0,0,7,6
5,8,612244.0,-1.1488714897679373,-0.8619484131774695,TIME_LIMIT,158526,0,0,13,24
5,8,612489.0,-1.148869199323534,-0.8619484131774695,TIME_LIMIT,158562,0,0,13,16
5,8,612603.0,-1.148869199323534,-0.8619484131774695,TIME_LIMIT,158582,0,0,8,12
5,8,612658.0,-1.148859408857316,-0.8619484131774695,TIME_LIMIT,158605,0,0,2,4
5,8,612743.0,-1.148859408857316,-0.8619484131774695,TIME_LIMIT,158627,0,0,21,11
5,8,612945.0,-1.148851684151403,-0.8619484131774695,TIME_LIMIT,158662,0,0,16,6
5,8,613019.0,-1.148851684151403,-0.8619484131774695,TIME_LIMIT,158687,0,0,16,11
5,8,613082.0,-1.148830235234497,-0.8619484131774695,TIME_LIMIT,158705,0,0,8,2
5,8,613114.0,-1.148830235234497,-0.8619484131774695,TIME_LIMIT,158720,0,0,9,7
5,8,613219.0,-1.1488162915905202,-0.8619484131774695,TIME_LIMIT,158743,0,0,7,1
5,8,613365.0,-1.1488162915905202,-0.8619484131774695,TIME_LIMIT,158772,0,0,16,10
5,8,613508.0,-1.1488140547431533,-0.8619484131774695,TIME_LIMIT,158794,0,0,4,4
5,8,613618.0,-1.1488140547431533,-0.8619484131774695,TIME_LIMIT,158815,0,0,10,9
5,8,613699.0,-1.1488133829861322,-0.8619484131774695,TIME_LIMIT,158845,0,0,13,5
5,8,613908.0,-1.1488133829861322,-0.8619484131774695,TIME_LIMIT,158874,0,0,15,11
5,8,614100.0,-1.148806013788499,-0.8619484131774695,TIME_LIMIT,158900,0,0,16,13
5,8,614264.0,-1.148806013788499,-0.8619484131774695,TIME_LIMIT,158925,0,0,8,10
5,8,614434.0,-1.1487917394472786,-0.8619484131774695,TIME_LIMIT,158962,0,0,20,10
5,8,614641.0,-1.1487917394472786,-0.8619484131774695,TIME_LIMIT,158991,0,0,14,21
5,8,614741.0,-1.1487831664147758,-0.8619484131774695,TIME_LIMIT,159022,0,0,17,13
5,8,614869.0,-1.1487831664147758,-0.8619484131774695,TIME_LIMIT,159048,0,0,16,6
5,8,614898.0,-1.1487750547428464,-0.8619484131774695,TIME_LIMIT,159064,0,0,4,2
5,8,614961.0,-1.1487750547428464,-0.8619484131774695,TIME_LIMIT,159089,0,0,13,7
5,8,615070.0,-1.1487685431372787,-0.8619484131774695,TIME_LIMIT,159112,0,0,9,8
5,8,615213.0,-1.1487685431372787,-0.8619484131774695,TIME_LIMIT,159134,0,0,14,17
5,8,615360.0,-1.1487502168276673,-0.8619484131774695,TIME_LIMIT,159167,0,0,15,10
5,8,615575.0,-1.1487502168276673,-0.8619484131774695,TIME_LIMIT,159190,0,0,23,24
5,8,615799.0,-1.1487327534791922,-0.8619484131774695,TIME_LIMIT,159227,0,0,17,15
5,8,615892.0,-1.1487327534791922,-0.8619484131774695,TIME_LIMIT,159254,0,0,9,26
5,8,616157.0,-1.1487297917473105,-0.8619484131774695,TIME_LIMIT,159293,0,0,13,17
5,8,616236.0,-1.1487297917473105,-0.8619484131774695,TIME_LIMIT,159319,0,0,16,10
5,8,616297.0,-1.148728751654239,-0.8619484131774695,TIME_LIMIT,159343,0,0,17,9
5,8,616516.0,-1.148728751654239,-0.8619484131774695,TIME_LIMIT,159377,0,0,12,37
5,8,616697.0,-1.148696949679079,-0.8619484131774695,TIME_LIMIT,159418,0,0,8,8
5,8,616833.0,-1.148696949679079,-0.8619484131774695,TIME_LIMIT,159443,0,0,12,17
5,8,617024.0,-1.1486955849926246,-0.8619484131774695,TIME_LIMIT,159482,0,0,18,8
5,8,617148.0,-1.1486955849926246,-0.8619484131774695,TIME_LIMIT,159507,0,0,5,9
5,8,617223.0,-1.1486487437486368,-0.8619484131774695,TIME_LIMIT,159529,0,0,8,8
5,8,617263.0,-1.1486487437486368,-0.8619484131774695,TIME_LIMIT,159548,0,0,12,7
5,8,617321.0,-1.1486474235886748,-0.8619484131774695,TIME_LIMIT,159563,0,0,9,3
5,8,617353.0,-1.1486474235886748,-0.8619484131774695,TIME_LIMIT,159582,0,0,10,11
5,8,617429.0,-1.1486434997685744,-0.8619484131774695,TIME_LIMIT,159610,0,0,9,8
5,8,617519.0,-1.1486434997685744,-0.8619484131774695,TIME_LIMIT,159629,0,0,11,17
5,8,617607.0,-1.1486250039734949,-0.8619484131774695,TIME_LIMIT,159659,0,0,8,15
5,8,617675.0,-1.1486250039734949,-0.8619484131774695,TIME_LIMIT,159678,0,0,13,8
5,8,617745.0,-1.148621064170893,-0.8619484131774695,TIME_LIMIT,159701,0,0,9,4
5,8,617852.0,-1.148621064170893,-0.8619484131774695,TIME_LIMIT,159728,0,0,13,15
5,8,617981.0,-1.1485907917465419,-0.8619484131774695,TIME_LIMIT,159768,0,0,9,4
5,8,618135.0,-1.1485907917465419,-0.8619484131774695,TIME_LIMIT,159793,0,0,16,9
5,8,618238.0,-1.148586864194746,-0.8619484131774695,TIME_LIMIT,159821,0,0,11,3
5,8,618315.0,-1.148586864194746,-0.8619484131774695,TIME_LIMIT,159846,0,0,22,21
5,8,618465.0,-1.148577097645643,-0.8619484131774695,TIME_LIMIT,159885,0,0,7,10
5,8,618531.0,-1.148577097645643,-0.8619484131774695,TIME_LIMIT,159910,0,0,19,8
5,8,618591.0,-1.1485719099742027,-0.8619484131774695,TIME_LIMIT,159931,0,0,14,8
5,8,618676.0,-1.1485719099742027,-0.8619484131774695,TIME_LIMIT,159953,0,0,15,15
5,8,618807.0,-1.1485577506201912,-0.8619484131774695,TIME_LIMIT,159982,0,0,8,5
5,8,618969.0,-1.1485577506201912,-0.8619484131774695,TIME_LIMIT,160009,0,0,14,12
5,8,619052.0,-1.1485550272869784,-0.8619484131774695,TIME_LIMIT,160040,0,0,17,7
5,8,619183.0,-1.1485550272869784,-0.8619484131774695,TIME_LIMIT,160065,0,0,20,7
5,8,619351.0,-1.1485449395279979,-0.8619484131774695,TIME_LIMIT,160100,0,0,8,8
5,8,619607.0,-1.1485449395279979,-0.8619484131774695,TIME_LIMIT,160127,0,0,12,20
5,8,619826.0,-1.1484952050135189,-0.8619484131774695,TIME_LIMIT,160169,0,0,15,7
5,8,619981.0,-1.1484952050135189,-0.8619484131774695,TIME_LIMIT,160195,0,0,9,6
5,8,620049.0,-1.1484873659456867,-0.8619484131774695,TIME_LIMIT,160217,0,0,11,6
5,8,620218.0,-1.1484873659456867,-0.8619484131774695,TIME_LIMIT,160239,0,0,17,16
5,8,620355.0,-1.1484831640427617,-0.8619484131774695,TIME_LIMIT,160278,0,0,8,9
5,8,620397.0,-1.1484831640427617,-0.8619484131774695,TIME_LIMIT,160296,0,0,14,19
5,8,620646.0,-1.148482064803979,-0.8619484131774695,TIME_LIMIT,160330,0,0,13,8
5,8,620702.0,-1.148482064803979,-0.8619484131774695,TIME_LIMIT,160349,0,0,16,7
5,8,620732.0,-1.148479143551251,-0.8619484131774695,TIME_LIMIT,160373,0,0,9,3
5,8,620870.0,-1.148479143551251,-0.8619484131774695,TIME_LIMIT,160401,0,0,16,19
5,8,620975.0,-1.1484641298716047,-0.8619484131774695,TIME_LIMIT,160424,0,0,16,8
5,8,621062.0,-1.1484641298716047,-0.8619484131774695,TIME_LIMIT,160456,0,0,17,12
5,8,621233.0,-1.148460502153175,-0.8619484131774695,TIME_LIMIT,160484,0,0,12,14
5,8,621300.0,-1.148460502153175,-0.8619484131774695,TIME_LIMIT,160503,0,0,7,11
5,8,621394.0,-1.1484461343853698,-0.8619484131774695,TIME_LIMIT,160531,0,0,9,4
5,8,621560.0,-1.1484461343853698,-0.8619484131774695,TIME_LIMIT,160550,0,0,20,12
5,8,621608.0,-1.1484401956123946,-0.8619484131774695,TIME_LIMIT,160574,0,0,9,2
5,8,621752.0,-1.1484401956123946,-0.8619484131774695,TIME_LIMIT,160604,0,0,18,13
5,8,621883.0,-1.1484310140047478,-0.8619484131774695,TIME_LIMIT,160625,0,0,12,5
5,8,622027.0,-1.1484310140047478,-0.8619484131774695,TIME_LIMIT,160648,0,0,8,12
5,8,622111.0,-1.1484249475559398,-0.8619484131774695,TIME_LIMIT,160682,0,0,12,4
5,8,622265.0,-1.1484249475559398,-0.8619484131774695,TIME_LIMIT,160709,0,0,21,8
5,8,622364.0,-1.1483874261246252,-0.8619484131774695,TIME_LIMIT,160732,0,0,15,3
5,8,622427.0,-1.1483874261246252,-0.8619484131774695,TIME_LIMIT,160750,0,0,13,14
5,8,622522.0,-1.148384961240943,-0.8619484131774695,TIME_LIMIT,160774,0,0,14,19
5,8,622594.0,-1.148384961240943,-0.8619484131774695,TIME_LIMIT,160791,0,0,11,9
5,8,622621.0,-1.1483725923741435,-0.8619484131774695,TIME_LIMIT,160808,0,0,8,2
5,8,622692.0,-1.1483725923741435,-0.8619484131774695,TIME_LIMIT,160829,0,0,10,6
5,8,622766.0,-1.1483601493074727,-0.8619484131774695,TIME_LIMIT,160852,0,0,9,4
5,8,622877.0,-1.1483601493074727,-0.8619484131774695,TIME_LIMIT,160879,0,0,20,9
5,8,622937.0,-1.148328424108596,-0.8619484131774695,TIME_LIMIT,160896,0,0,13,7
5,8,622971.0,-1.148328424108596,-0.8619484131774695,TIME_LIMIT,160912,0,0,10,10
5,8,623096.0,-1.1483098031697743,-0.8619484131774695,TIME_LIMIT,160945,0,0,12,11
5,8,623213.0,-1.1483098031697743,-0.8619484131774695,TIME_LIMIT,160972,0,0,14,8
5,8,623330.0,-1.1483055736689494,-0.8619484131774695,TIME_LIMIT,160996,0,0,17,4
5,8,623402.0,-1.1483055736689494,-0.8619484131774695,TIME_LIMIT,161023,0,0,12,20
5,8,623501.0,-1.148304297736265,-0.8619484131774695,TIME_LIMIT,161056,0,0,13,15
5,8,623565.0,-1.148304297736265,-0.8619484131774695,TIME_LIMIT,161073,0,0,4,12
5,8,623583.0,-1.1482971299300968,-0.8619484131774695,TIME_LIMIT,161088,0,0,5,4
5,8,623658.0,-1.1482971299300968,-0.8619484131774695,TIME_LIMIT,161112,0,0,10,15
5,8,623734.0,-1.1482869505881352,-0.8619484131774695,TIME_LIMIT,161143,0,0,6,5
5,8,623769.0,-1.1482869505881352,-0.8619484131774695,TIME_LIMIT,161166,0,0,12,8
5,8,623837.0,-1.1482746280950744,-0.8619484131774695,TIME_LIMIT,161191,0,0,13,1
5,8,624017.0,-1.1482746280950744,-0.8619484131774695,TIME_LIMIT,161215,0,0,12,19
5,8,624097.0,-1.1482591275288554,-0.8619484131774695,TIME_LIMIT,161240,0,0,9,5
5,8,624228.0,-1.1482591275288554,-0.8619484131774695,TIME_LIMIT,161264,0,0,19,32
5,8,624312.0,-1.1482542389945283,-0.8619484131774695,TIME_LIMIT,161303,0,0,15,8
5,8,624443.0,-1.1482542389945283,-0.8619484131774695,TIME_LIMIT,161330,0,0,14,3
5,8,624535.0,-1.148246580108075,-0.8619484131774695,TIME_LIMIT,161349,0,0,11,5
5,8,624669.0,-1.148246580108075,-0.8619484131774695,TIME_LIMIT,161376,0,0,18,12
5,8,624755.0,-1.1482290888569966,-0.8619484131774695,TIME_LIMIT,161398,0,0,13,10
5,8,624843.0,-1.1482290888569966,-0.8619484131774695,TIME_LIMIT,161430,0,0,18,11
5,8,624969.0,-1.148214121078955,-0.8619484131774695,TIME_LIMIT,161455,0,0,11,5
5,8,625055.0,-1.148214121078955,-0.8619484131774695,TIME_LIMIT,161477,0,0,13,18
5,8,625091.0,-1.1482131472288752,-0.8619484131774695,TIME_LIMIT,161499,0,0,11,6
5,8,625290.0,-1.1482131472288752,-0.8619484131774695,TIME_LIMIT,161527,0,0,15,25
5,8,625431.0,-1.1481933632064703,-0.8619484131774695,TIME_LIMIT,161562,0,0,8,7
5,8,625586.0,-1.1481933632064703,-0.8619484131774695,TIME_LIMIT,161590,0,0,14,13
5,8,625682.0,-1.148188687941797,-0.8619484131774695,TIME_LIMIT,161614,0,0,16,12
5,8,625785.0,-1.148188687941797,-0.8619484131774695,TIME_LIMIT,161629,0,0,10,11
5,8,625990.0,-1.1481731076584687,-0.8619484131774695,TIME_LIMIT,161662,0,0,15,2
5,8,626124.0,-1.1481731076584687,-0.8619484131774695,TIME_LIMIT,161690,0,0,11,10
5,8,626223.0,-1.1481655133667525,-0.8619484131774695,TIME_LIMIT,161723,0,0,10,12
5,8,626429.0,-1.1481655133667525,-0.8619484131774695,TIME_LIMIT,161749,0,0,10,7
5,8,626601.0,-1.1481572849335433,-0.8619484131774695,TIME_LIMIT,161777,0,0,19,10
5,8,626722.0,-1.1481572849335433,-0.8619484131774695,TIME_LIMIT,161803,0,0,19,18
5,8,626849.0,-1.1481416082287017,-0.8619484131774695,TIME_LIMIT,161839,0,0,14,9
5,8,626951.0,-1.1481416082287017,-0.8619484131774695,TIME_LIMIT,161865,0,0,19,15
5,8,627143.0,-1.1481392042927914,-0.8619484131774695,TIME_LIMIT,161889,0,0,14,8
5,8,627407.0,-1.1481392042927914,-0.8619484131774695,TIME_LIMIT,161920,0,0,17,9
5,8,627507.0,-1.1481386891305803,-0.8619484131774695,TIME_LIMIT,161944,0,0,5,7
5,8,627598.0,-1.1481386891305803,-0.8619484131774695,TIME_LIMIT,161965,0,0,11,4
5,8,627676.0,-1.1481359562567877,-0.8619484131774695,TIME_LIMIT,161986,0,0,8,8
5,8,627765.0,-1.1481359562567877,-0.8619484131774695,TIME_LIMIT,162010,0,0,15,7
5,8,627829.0,-1.148133666053413,-0.8619484131774695,TIME_LIMIT,162029,0,0,10,7
5,8,627939.0,-1.148133666053413,-0.8619484131774695,TIME_LIMIT,162052,0,0,17,10
5,8,628072.0,-1.148126655340047,-0.8619484131774695,TIME_LIMIT,162079,0,0,12,9
5,8,628162.0,-1.148126655340047,-0.8619484131774695,TIME_LIMIT,162105,0,0,18,18
5,8,628241.0,-1.1481166505454716,-0.8619484131774695,TIME_LIMIT,162136,0,0,5,6
5,8,628362.0,-1.1481166505454716,-0.8619484131774695,TIME_LIMIT,162168,0,0,17,23
5,8,628491.0,-1.1481049311421307,-0.8619484131774695,TIME_LIMIT,162195,0,0,10,9
5,8,628528.0,-1.1481049311421307,-0.8619484131774695,TIME_LIMIT,162217,0,0,17,12
5,8,628660.0,-1.1480996577264835,-0.8619484131774695,TIME_LIMIT,162242,0,0,2,4
5,8,628757.0,-1.1480996577264835,-0.8619484131774695,TIME_LIMIT,162264,0,0,7,8
5,8,628905.0,-1.1480638977677768,-0.8619484131774695,TIME_LIMIT,162292,0,0,11,2
5,8,629044.0,-1.1480638977677768,-0.8619484131774695,TIME_LIMIT,162317,0,0,12,8
5,8,629089.0,-1.148063271109656,-0.8619484131774695,TIME_LIMIT,162349,0,0,7,6
5,8,629182.0,-1.148063271109656,-0.8619484131774695,TIME_LIMIT,162371,0,0,12,3
5,8,629297.0,-1.1480592286525289,-0.8619484131774695,TIME_LIMIT,162390,0,0,11,11
5,8,629570.0,-1.1480592286525289,-0.8619484131774695,TIME_LIMIT,162413,0,0,15,39
5,8,629841.0,-1.1480482166065564,-0.8619484131774695,TIME_LIMIT,162453,0,0,7,10
5,8,629933.0,-1.1480482166065564,-0.8619484131774695,TIME_LIMIT,162480,0,0,10,15
5,8,630024.0,-1.1480401757997452,-0.8619484131774695,TIME_LIMIT,162503,0,0,7,6
5,8,630166.0,-1.1480401757997452,-0.8619484131774695,TIME_LIMIT,162526,0,0,17,22
5,8,630392.0,-1.1480343565641915,-0.8619484131774695,TIME_LIMIT,162567,0,0,18,13
5,8,630526.0,-1.1480343565641915,-0.8619484131774695,TIME_LIMIT,162594,0,0,17,18
5,8,630710.0,-1.1480196849190585,-0.8619484131774695,TIME_LIMIT,162615,0,0,13,8
5,8,630797.0,-1.1480196849190585,-0.8619484131774695,TIME_LIMIT,162632,0,0,7,9
5,8,630843.0,-1.1480196784483971,-0.8619484131774695,TIME_LIMIT,162654,0,0,7,2
5,8,630970.0,-1.1480196784483971,-0.8619484131774695,TIME_LIMIT,162677,0,0,15,10
5,8,631041.0,-1.1480021353806626,-0.8619484131774695,TIME_LIMIT,162699,0,0,12,6
5,8,631113.0,-1.1480021353806626,-0.8619484131774695,TIME_LIMIT,162720,0,0,13,18
5,8,631187.0,-1.1480007084356474,-0.8619484131774695,TIME_LIMIT,162753,0,0,6,7
5,8,631263.0,-1.1480007084356474,-0.8619484131774695,TIME_LIMIT,162779,0,0,15,22
5,8,631323.0,-1.1479783312420742,-0.8619484131774695,TIME_LIMIT,162805,0,0,14,2
5,8,631502.0,-1.1479783312420742,-0.8619484131774695,TIME_LIMIT,162833,0,0,21,17
5,8,631574.0,-1.1479370473607906,-0.8619484131774695,TIME_LIMIT,162863,0,0,13,15
5,8,631595.0,-1.1479370473607906,-0.8619484131774695,TIME_LIMIT,162879,0,0,9,2
5,8,631637.0,-1.1478704389324037,-0.8619484131774695,TIME_LIMIT,162895,0,0,6,2
5,8,631840.0,-1.1478704389324037,-0.8619484131774695,TIME_LIMIT,162928,0,0,18,16
5,8,632083.0,-1.147863831033301,-0.8619484131774695,TIME_LIMIT,162956,0,0,16,15
5,8,632141.0,-1.147863831033301,-0.8619484131774695,TIME_LIMIT,162977,0,0,4,14
5,8,632275.0,-1.1478336123336237,-0.8619484131774695,TIME_LIMIT,162998,0,0,5,9
5,8,632337.0,-1.1478336123336237,-0.8619484131774695,TIME_LIMIT,163020,0,0,5,18
5,8,632473.0,-1.1478042153160875,-0.8619484131774695,TIME_LIMIT,163048,0,0,16,10
5,8,632620.0,-1.1478042153160875,-0.8619484131774695,TIME_LIMIT,163077,0,0,5,13
5,8,632724.0,-1.1478025349294032,-0.8619484131774695,TIME_LIMIT,163100,0,0,17,9
5,8,632884.0,-1.1478025349294032,-0.8619484131774695,TIME_LIMIT,163123,0,0,15,15
5,8,633100.0,-1.1477903827126397,-0.8619484131774695,TIME_LIMIT,163164,0,0,19,9
5,8,633359.0,-1.1477903827126397,-0.8619484131774695,TIME_LIMIT,163191,0,0,12,15
5,8,633603.0,-1.1477800765379207,-0.8619484131774695,TIME_LIMIT,163236,0,0,12,13
5,8,633729.0,-1.1477800765379207,-0.8619484131774695,TIME_LIMIT,163257,0,0,14,11
5,8,633804.0,-1.1477612581732566,-0.8619484131774695,TIME_LIMIT,163280,0,0,8,9
5,8,633974.0,-1.1477612581732566,-0.8619484131774695,TIME_LIMIT,163318,0,0,21,12
5,8,634118.0,-1.1477611044563887,-0.8619484131774695,TIME_LIMIT,163347,0,0,9,9
5,8,634274.0,-1.1477611044563887,-0.8619484131774695,TIME_LIMIT,163375,0,0,13,9
5,8,634373.0,-1.147759051931476,-0.8619484131774695,TIME_LIMIT,163401,0,0,19,8
5,8,634446.0,-1.147759051931476,-0.8619484131774695,TIME_LIMIT,163424,0,0,12,10
5,8,634544.0,-1.1477407789054797,-0.8619484131774695,TIME_LIMIT,163448,0,0,11,6
5,8,634626.0,-1.1477407789054797,-0.8619484131774695,TIME_LIMIT,163465,0,0,8,9
5,8,634651.0,-1.1477376054315522,-0.8619484131774695,TIME_LIMIT,163485,0,0,7,2
5,8,634806.0,-1.1477376054315522,-0.8619484131774695,TIME_LIMIT,163513,0,0,18,5
5,8,634877.0,-1.147736414893615,-0.8619484131774695,TIME_LIMIT,163533,0,0,14,5
5,8,634979.0,-1.147736414893615,-0.8619484131774695,TIME_LIMIT,163561,0,0,15,14
5,8,635183.0,-1.1477276306224653,-0.8619484131774695,TIME_LIMIT,163590,0,0,8,7
5,8,635371.0,-1.1477276306224653,-0.8619484131774695,TIME_LIMIT,163617,0,0,20,12
5,8,635492.0,-1.1476946568716182,-0.8619484131774695,TIME_LIMIT,163641,0,0,11,8
5,8,635623.0,-1.1476946568716182,-0.8619484131774695,TIME_LIMIT,163664,0,0,13,6
5,8,635688.0,-1.147687872107223,-0.8619484131774695,TIME_LIMIT,163685,0,0,13,6
5,8,635858.0,-1.147687872107223,-0.8619484131774695,TIME_LIMIT,163706,0,0,18,19
5,8,636062.0,-1.1476851868287727,-0.8619484131774695,TIME_LIMIT,163746,0,0,10,11
5,8,636196.0,-1.1476851868287727,-0.8619484131774695,TIME_LIMIT,163773,0,0,12,9
5,8,636349.0,-1.147672831045265,-0.8619484131774695,TIME_LIMIT,163798,0,0,13,11
5,8,636571.0,-1.147672831045265,-0.8619484131774695,TIME_LIMIT,163828,0,0,4,20
5,8,636728.0,-1.1476636024277338,-0.8619484131774695,TIME_LIMIT,163870,0,0,8,10
5,8,636931.0,-1.1476636024277338,-0.8619484131774695,TIME_LIMIT,163900,0,0,11,12
5,8,637137.0,-1.1476608296989599,-0.8619484131774695,TIME_LIMIT,163927,0,0,10,15
5,8,637204.0,-1.1476608296989599,-0.8619484131774695,TIME_LIMIT,163945,0,0,11,10
5,8,637279.0,-1.1476410860613724,-0.8619484131774695,TIME_LIMIT,163970,0,0,10,5
5,8,637362.0,-1.1476410860613724,-0.8619484131774695,TIME_LIMIT,163989,0,0,7,14
5,8,637423.0,-1.1476380905131025,-0.8619484131774695,TIME_LIMIT,164010,0,0,9,4
5,8,637505.0,-1.1476380905131025,-0.8619484131774695,TIME_LIMIT,164029,0,0,12,8
5,8,637577.0,-1.1476262240274036,-0.8619484131774695,TIME_LIMIT,164052,0,0,12,5
5,8,637674.0,-1.1476262240274036,-0.8619484131774695,TIME_LIMIT,164079,0,0,14,16
5,8,637754.0,-1.147626213039897,-0.8619484131774695,TIME_LIMIT,164097,0,0,11,8
5,8,637844.0,-1.147626213039897,-0.8619484131774695,TIME_LIMIT,164118,0,0,12,8
5,8,637924.0,-1.1476171248111435,-0.8619484131774695,TIME_LIMIT,164141,0,0,10,5
5,8,638044.0,-1.1476171248111435,-0.8619484131774695,TIME_LIMIT,164167,0,0,11,7
5,8,638300.0,-1.1475946402478865,-0.8619484131774695,TIME_LIMIT,164192,0,0,10,12
5,8,638395.0,-1.1475946402478865,-0.8619484131774695,TIME_LIMIT,164217,0,0,14,7
5,8,638528.0,-1.1475830560380835,-0.8619484131774695,TIME_LIMIT,164251,0,0,10,7
5,8,638662.0,-1.1475830560380835,-0.8619484131774695,TIME_LIMIT,164274,0,0,13,13
5,8,638769.0,-1.1475761785076541,-0.8619484131774695,TIME_LIMIT,164307,0,0,12,10
5,8,638843.0,-1.1475761785076541,-0.8619484131774695,TIME_LIMIT,164324,0,0,10,8
5,8,638869.0,-1.147540337102875,-0.8619484131774695,TIME_LIMIT,164342,0,0,11,1
5,8,639069.0,-1.147540337102875,-0.8619484131774695,TIME_LIMIT,164364,0,0,20,24
5,8,639257.0,-1.1475400621136265,-0.8619484131774695,TIME_LIMIT,164407,0,0,13,17
5,8,639480.0,-1.1475400621136265,-0.8619484131774695,TIME_LIMIT,164439,0,0,7,8
5,8,639583.0,-1.1475319933117079,-0.8619484131774695,TIME_LIMIT,164465,0,0,16,6
5,8,639752.0,-1.1475319933117079,-0.8619484131774695,TIME_LIMIT,164494,0,0,12,6
5,8,639804.0,-1.147524342044645,-0.8619484131774695,TIME_LIMIT,164514,0,0,8,3
5,8,639893.0,-1.147524342044645,-0.8619484131774695,TIME_LIMIT,164534,0,0,19,17
5,8,640054.0,-1.1474742516043641,-0.8619484131774695,TIME_LIMIT,164572,0,0,10,13
5,8,640143.0,-1.1474742516043641,-0.8619484131774695,TIME_LIMIT,164591,0,0,9,10
5,8,640204.0,-1.147473028919472,-0.8619484131774695,TIME_LIMIT,164609,0,0,4,4
5,8,640289.0,-1.147473028919472,-0.8619484131774695,TIME_LIMIT,164634,0,0,15,17
5,8,640427.0,-1.1474693054602063,-0.8619484131774695,TIME_LIMIT,164664,0,0,11,4
5,8,640679.0,-1.1474693054602063,-0.8619484131774695,TIME_LIMIT,164693,0,0,16,16
5,8,640782.0,-1.1474690697068863,-0.8619484131774695,TIME_LIMIT,164721,0,0,16,7
5,8,640989.0,-1.1474690697068863,-0.8619484131774695,TIME_LIMIT,164757,0,0,24,14
5,8,641036.0,-1.1474662490389806,-0.8619484131774695,TIME_LIMIT,164777,0,0,12,8
5,8,641238.0,-1.1474662490389806,-0.8619484131774695,TIME_LIMIT,164800,0,0,14,16
5,8,641468.0,-1.1474571413456558,-0.8619484131774695,TIME_LIMIT,164833,0,0,17,13
5,8,641570.0,-1.1474571413456558,-0.8619484131774695,TIME_LIMIT,164859,0,0,13,15
5,8,641635.0,-1.1474527832170682,-0.8619484131774695,TIME_LIMIT,164885,0,0,13,3
5,8,641778.0,-1.1474527832170682,-0.8619484131774695,TIME_LIMIT,164908,0,0,13,9
5,8,641838.0,-1.1474050810005174,-0.8619484131774695,TIME_LIMIT,164928,0,0,8,5
5,8,641906.0,-1.1474050810005174,-0.8619484131774695,TIME_LIMIT,164950,0,0,12,11
5,8,641989.0,-1.1473657370729344,-0.8619484131774695,TIME_LIMIT,164983,0,0,2,7
5,8,642010.0,-1.1473657370729344,-0.8619484131774695,TIME_LIMIT,165003,0,0,11,7
5,8,642051.0,-1.147346526916399,-0.8619484131774695,TIME_LIMIT,165018,0,0,6,6
5,8,642079.0,-1.147346526916399,-0.8619484131774695,TIME_LIMIT,165038,0,0,4,4
5,8,642106.0,-1.1473379224895204,-0.8619484131774695,TIME_LIMIT,165055,0,0,7,3
5,8,642179.0,-1.1473379224895204,-0.8619484131774695,TIME_LIMIT,165077,0,0,8,16
5,8,642310.0,-1.1473120927487772,-0.8619484131774695,TIME_LIMIT,165116,0,0,2,10
5,8,642334.0,-1.1473120927487772,-0.8619484131774695,TIME_LIMIT,165136,0,0,13,13
5,8,642411.0,-1.147307832206465,-0.8619484131774695,TIME_LIMIT,165165,0,0,8,5
5,8,642628.0,-1.147307832206465,-0.8619484131774695,TIME_LIMIT,165191,0,0,19,23
5,8,642713.0,-1.147291816732461,-0.8619484131774695,TIME_LIMIT,165225,0,0,12,12
5,8,642917.0,-1.147291816732461,-0.8619484131774695,TIME_LIMIT,165250,0,0,16,19
5,8,643120.0,-1.1472859352132734,-0.8619484131774695,TIME_LIMIT,165271,0,0,18,9
5,8,643382.0,-1.1472859352132734,-0.8619484131774695,TIME_LIMIT,165298,0,0,18,13
5,8,643495.0,-1.1472799312667032,-0.8619484131774695,TIME_LIMIT,165327,0,0,12,5
5,8,643610.0,-1.1472799312667032,-0.8619484131774695,TIME_LIMIT,165359,0,0,22,24
5,8,643800.0,-1.1472647430000802,-0.8619484131774695,TIME_LIMIT,165397,0,0,10,5
5,8,643885.0,-1.1472647430000802,-0.8619484131774695,TIME_LIMIT,165422,0,0,9,11
5,8,643944.0,-1.1472554640158463,-0.8619484131774695,TIME_LIMIT,165441,0,0,6,5
5,8,643988.0,-1.1472554640158463,-0.8619484131774695,TIME_LIMIT,165460,0,0,5,15
5,8,644050.0,-1.1472463531631623,-0.8619484131774695,TIME_LIMIT,165489,0,0,9,6
5,8,644182.0,-1.1472463531631623,-0.8619484131774695,TIME_LIMIT,165518,0,0,15,15
5,8,644274.0,-1.1472163344736497,-0.8619484131774695,TIME_LIMIT,165546,0,0,18,14
5,8,644445.0,-1.1472163344736497,-0.8619484131774695,TIME_LIMIT,165576,0,0,14,10
5,8,644642.0,-1.1472155862350901,-0.8619484131774695,TIME_LIMIT,165609,0,0,13,7
5,8,644802.0,-1.1472155862350901,-0.8619484131774695,TIME_LIMIT,165637,0,0,16,16
5,8,644929.0,-1.1472004562998486,-0.8619484131774695,TIME_LIMIT,165662,0,0,9,4
5,8,645049.0,-1.1472004562998486,-0.8619484131774695,TIME_LIMIT,165683,0,0,6,7
5,8,645127.0,-1.14719144709006,-0.8619484131774695,TIME_LIMIT,165710,0,0,8,4
5,8,645209.0,-1.14719144709006,-0.8619484131774695,TIME_LIMIT,165737,0,0,13,12
5,8,645277.0,-1.1471800158447807,-0.8619484131774695,TIME_LIMIT,165759,0,0,10,5
5,8,645485.0,-1.1471800158447807,-0.8619484131774695,TIME_LIMIT,165783,0,0,17,25
5,8,645579.0,-1.1471699318684443,-0.8619484131774695,TIME_LIMIT,165809,0,0,10,9
5,8,645770.0,-1.1471699318684443,-0.8619484131774695,TIME_LIMIT,165829,0,0,17,14
5,8,645892.0,-1.1471583369130502,-0.8619484131774695,TIME_LIMIT,165871,0,0,21,8
5,8,645967.0,-1.1471583369130502,-0.8619484131774695,TIME_LIMIT,165895,0,0,14,12
5,8,645996.0,-1.1471454442857434,-0.8619484131774695,TIME_LIMIT,165916,0,0,3,3
5,8,646065.0,-1.1471454442857434,-0.8619484131774695,TIME_LIMIT,165935,0,0,13,17
5,8,646100.0,-1.1471374006986323,-0.8619484131774695,TIME_LIMIT,165952,0,0,8,8
5,8,646156.0,-1.1471374006986323,-0.8619484131774695,TIME_LIMIT,165973,0,0,11,9
5,8,646238.0,-1.1471006557884973,-0.8619484131774695,TIME_LIMIT,165996,0,0,12,9
5,8,646307.0,-1.1471006557884973,-0.8619484131774695,TIME_LIMIT,166018,0,0,9,5
5,8,646367.0,-1.147085825653939,-0.8619484131774695,TIME_LIMIT,166038,0,0,6,4
5,8,646457.0,-1.147085825653939,-0.8619484131774695,TIME_LIMIT,166064,0,0,17,13
5,8,646528.0,-1.147060104995497,-0.8619484131774695,TIME_LIMIT,166084,0,0,9,11
5,8,646572.0,-1.147060104995497,-0.8619484131774695,TIME_LIMIT,166103,0,0,15,9
5,8,646615.0,-1.1470425568846458,-0.8619484131774695,TIME_LIMIT,166124,0,0,6,4
5,8,646700.0,-1.1470425568846458,-0.8619484131774695,TIME_LIMIT,166144,0,0,8,8
5,8,646734.0,-1.1470417870197562,-0.8619484131774695,TIME_LIMIT,166164,0,0,3,4
5,8,646884.0,-1.1470417870197562,-0.8619484131774695,TIME_LIMIT,166194,0,0,14,11
5,8,646974.0,-1.1470376248988723,-0.8619484131774695,TIME_LIMIT,166222,0,0,8,5
5,8,647190.0,-1.1470376248988723,-0.8619484131774695,TIME_LIMIT,166247,0,0,9,7
5,8,647433.0,-1.1470373238219709,-0.8619484131774695,TIME_LIMIT,166276,0,0,8,4
5,8,647571.0,-1.1470373238219709,-0.8619484131774695,TIME_LIMIT,166297,0,0,13,13
5,8,647667.0,-1.1470373218062064,-0.8619484131774695,TIME_LIMIT,166317,0,0,14,7
5,8,647819.0,-1.1470373218062064,-0.8619484131774695,TIME_LIMIT,166347,0,0,12,10
5,8,647890.0,-1.1470286598875628,-0.8619484131774695,TIME_LIMIT,166371,0,0,5,6
5,8,647976.0,-1.1470286598875628,-0.8619484131774695,TIME_LIMIT,166387,0,0,11,4
5,8,648052.0,-1.1470185274733427,-0.8619484131774695,TIME_LIMIT,166405,0,0,12,6
5,8,648084.0,-1.1470185274733427,-0.8619484131774695,TIME_LIMIT,166425,0,0,6,7
5,8,648163.0,-1.1470175666999745,-0.8619484131774695,TIME_LIMIT,166445,0,0,7,7
5,8,648276.0,-1.1470175666999745,-0.8619484131774695,TIME_LIMIT,166469,0,0,18,23
5,8,648341.0,-1.147013180356776,-0.8619484131774695,TIME_LIMIT,166500,0,0,17,6
5,8,648473.0,-1.147013180356776,-0.8619484131774695,TIME_LIMIT,166526,0,0,7,17
5,8,648534.0,-1.1470082623735165,-0.8619484131774695,TIME_LIMIT,166555,0,0,2,4
5,8,648735.0,-1.1470082623735165,-0.8619484131774695,TIME_LIMIT,166585,0,0,19,11
5,8,648866.0,-1.1470046877479096,-0.8619484131774695,TIME_LIMIT,166608,0,0,18,14
5,8,649078.0,-1.1470046877479096,-0.8619484131774695,TIME_LIMIT,166638,0,0,17,12
5,8,649289.0,-1.1470002497194902,-0.8619484131774695,TIME_LIMIT,166676,0,0,11,12
5,8,649385.0,-1.1470002497194902,-0.8619484131774695,TIME_LIMIT,166701,0,0,10,15
5,8,649620.0,-1.1469986789845736,-0.8619484131774695,TIME_LIMIT,166738,0,0,10,10
5,8,649804.0,-1.1469986789845736,-0.8619484131774695,TIME_LIMIT,166767,0,0,15,15
5,8,649873.0,-1.1469956038089821,-0.8619484131774695,TIME_LIMIT,166788,0,0,12,12
5,8,649905.0,-1.1469956038089821,-0.8619484131774695,TIME_LIMIT,166803,0,0,13,16
5,8,649990.0,-1.1469740670593767,-0.8619484131774695,TIME_LIMIT,166826,0,0,6,6
5,8,650118.0,-1.1469740670593767,-0.8619484131774695,TIME_LIMIT,166847,0,0,22,12
5,8,650304.0,-1.1469542983042562,-0.8619484131774695,TIME_LIMIT,166881,0,0,11,10
5,8,650345.0,-1.1469542983042562,-0.8619484131774695,TIME_LIMIT,166897,0,0,5,9
5,8,650395.0,-1.1469436190221314,-0.8619484131774695,TIME_LIMIT,166916,0,0,3,5
5,8,650504.0,-1.1469436190221314,-0.8619484131774695,TIME_LIMIT,166934,0,0,18,15
5,8,650530.0,-1.1469263671498786,-0.8619484131774695,TIME_LIMIT,166957,0,0,9,8
5,8,650590.0,-1.1469263671498786,-0.8619484131774695,TIME_LIMIT,166976,0,0,11,10
5,8,650632.0,-1.1469017784328848,-0.8619484131774695,TIME_LIMIT,166990,0,0,3,1
5,8,650748.0,-1.1469017784328848,-0.8619484131774695,TIME_LIMIT,167011,0,0,18,6
5,8,650783.0,-1.146900900808455,-0.8619484131774695,TIME_LIMIT,167038,0,0,10,4
5,8,650947.0,-1.146900900808455,-0.8619484131774695,TIME_LIMIT,167062,0,0,8,9
5,8,651039.0,-1.1468765607382316,-0.8619484131774695,TIME_LIMIT,167084,0,0,14,16
5,8,651131.0,-1.1468765607382316,-0.8619484131774695,TIME_LIMIT,167103,0,0,14,7
5,8,651204.0,-1.1468458731381717,-0.8619484131774695,TIME_LIMIT,167123,0,0,15,4
5,8,651375.0,-1.1468458731381717,-0.8619484131774695,TIME_LIMIT,167158,0,0,14,13
5,8,651487.0,-1.1468318079810371,-0.8619484131774695,TIME_LIMIT,167183,0,0,18,14
5,8,651607.0,-1.1468318079810371,-0.8619484131774695,TIME_LIMIT,167207,0,0,9,13
5,8,651696.0,-1.146805549310307,-0.8619484131774695,TIME_LIMIT,167235,0,0,8,10
5,8,651776.0,-1.146805549310307,-0.8619484131774695,TIME_LIMIT,167259,0,0,13,11
5,8,651842.0,-1.1467889081058438,-0.8619484131774695,TIME_LIMIT,167281,0,0,10,5
5,8,652035.0,-1.1467889081058438,-0.8619484131774695,TIME_LIMIT,167313,0,0,13,14
5,8,652269.0,-1.1467808293185666,-0.8619484131774695,TIME_LIMIT,167344,0,0,13,16
5,8,652365.0,-1.1467808293185666,-0.8619484131774695,TIME_LIMIT,167373,0,0,8,4
5,8,652470.0,-1.1467426016587747,-0.8619484131774695,TIME_LIMIT,167395,0,0,8,7
5,8,652576.0,-1.1467426016587747,-0.8619484131774695,TIME_LIMIT,167418,0,0,17,14
5,8,652830.0,-1.1467412184600314,-0.8619484131774695,TIME_LIMIT,167456,0,0,14,16
5,8,652973.0,-1.1467412184600314,-0.8619484131774695,TIME_LIMIT,167480,0,0,3,12
5,8,653071.0,-1.1467270998691905,-0.8619484131774695,TIME_LIMIT,167500,0,0,12,6
5,8,653142.0,-1.1467270998691905,-0.8619484131774695,TIME_LIMIT,167517,0,0,9,7
5,8,653161.0,-1.1467122991158634,-0.8619484131774695,TIME_LIMIT,167532,0,0,8,5
5,8,653278.0,-1.1467122991158634,-0.8619484131774695,TIME_LIMIT,167559,0,0,24,24
5,8,653391.0,-1.1466718331281107,-0.8619484131774695,TIME_LIMIT,167592,0,0,12,12
5,8,653523.0,-1.1466718331281107,-0.8619484131774695,TIME_LIMIT,167618,0,0,11,9
5,8,653683.0,-1.1466701597048847,-0.8619484131774695,TIME_LIMIT,167651,0,0,6,6
5,8,653815.0,-1.1466701597048847,-0.8619484131774695,TIME_LIMIT,167674,0,0,10,10
5,8,653895.0,-1.1466629952387217,-0.8619484131774695,TIME_LIMIT,167702,0,0,2,7
5,8,653975.0,-1.1466629952387217,-0.8619484131774695,TIME_LIMIT,167729,0,0,15,18
5,8,654016.0,-1.1466492213247603,-0.8619484131774695,TIME_LIMIT,167753,0,0,6,1
5,8,654071.0,-1.1466492213247603,-0.8619484131774695,TIME_LIMIT,167768,0,0,7,6
5,8,654092.0,-1.1466381997849084,-0.8619484131774695,TIME_LIMIT,167786,0,0,6,1
5,8,654244.0,-1.1466381997849084,-0.8619484131774695,TIME_LIMIT,167813,0,0,16,13
5,8,654331.0,-1.1466309700390729,-0.8619484131774695,TIME_LIMIT,167836,0,0,13,6
5,8,654467.0,-1.1466309700390729,-0.8619484131774695,TIME_LIMIT,167861,0,0,10,10
5,8,654507.0,-1.146625958288688,-0.8619484131774695,TIME_LIMIT,167876,0,0,11,4
5,8,654672.0,-1.146625958288688,-0.8619484131774695,TIME_LIMIT,167906,0,0,16,13
5,8,654836.0,-1.1466209851944,-0.8619484131774695,TIME_LIMIT,167927,0,0,14,10
5,8,654932.0,-1.1466209851944,-0.8619484131774695,TIME_LIMIT,167949,0,0,12,4
5,8,654979.0,-1.146620895596456,-0.8619484131774695,TIME_LIMIT,167965,0,0,7,4
5,8,655094.0,-1.146620895596456,-0.8619484131774695,TIME_LIMIT,167993,0,0,15,14
5,8,655120.0,-1.146619800660453,-0.8619484131774695,TIME_LIMIT,168020,0,0,14,9
5,8,655172.0,-1.146619800660453,-0.8619484131774695,TIME_LIMIT,168033,0,0,7,3
5,8,655239.0,-1.146609475912737,-0.8619484131774695,TIME_LIMIT,168054,0,0,3,3
5,8,655347.0,-1.146609475912737,-0.8619484131774695,TIME_LIMIT,168079,0,0,13,12
5,8,655439.0,-1.1466057372452978,-0.8619484131774695,TIME_LIMIT,168106,0,0,6,3
5,8,655516.0,-1.1466057372452978,-0.8619484131774695,TIME_LIMIT,168128,0,0,16,14
5,8,655622.0,-1.1465989787268096,-0.8619484131774695,TIME_LIMIT,168155,0,0,19,6
5,8,655711.0,-1.1465989787268096,-0.8619484131774695,TIME_LIMIT,168177,0,0,15,12
5,8,655774.0,-1.1465895840612434,-0.8619484131774695,TIME_LIMIT,168207,0,0,6,15
5,8,655891.0,-1.1465895840612434,-0.8619484131774695,TIME_LIMIT,168228,0,0,7,8
5,8,656001.0,-1.1465856139085533,-0.8619484131774695,TIME_LIMIT,168260,0,0,9,5
5,8,656064.0,-1.1465856139085533,-0.8619484131774695,TIME_LIMIT,168285,0,0,13,14
5,8,656199.0,-1.1465766815793872,-0.8619484131774695,TIME_LIMIT,168313,0,0,3,8
5,8,656294.0,-1.1465766815793872,-0.8619484131774695,TIME_LIMIT,168338,0,0,19,9
5,8,656388.0,-1.1465757587368568,-0.8619484131774695,TIME_LIMIT,168367,0,0,11,4
5,8,656570.0,-1.1465757587368568,-0.8619484131774695,TIME_LIMIT,168395,0,0,14,12
5,8,656652.0,-1.1465650412901434,-0.8619484131774695,TIME_LIMIT,168422,0,0,10,4
5,8,656832.0,-1.1465650412901434,-0.8619484131774695,TIME_LIMIT,168452,0,0,13,8
5,8,657016.0,-1.146550072439409,-0.8619484131774695,TIME_LIMIT,168477,0,0,8,7
5,8,657067.0,-1.146550072439409,-0.8619484131774695,TIME_LIMIT,168492,0,0,7,15
5,8,657129.0,-1.1465132095478092,-0.8619484131774695,TIME_LIMIT,168517,0,0,9,4
5,8,657150.0,-1.1465132095478092,-0.8619484131774695,TIME_LIMIT,168528,0,0,8,10
5,8,657195.0,-1.146499485723294,-0.8619484131774695,TIME_LIMIT,168543,0,0,2,1
5,8,657371.0,-1.146499485723294,-0.8619484131774695,TIME_LIMIT,168563,0,0,9,13
5,8,657481.0,-1.1464743929602408,-0.8619484131774695,TIME_LIMIT,168584,0,0,7,7
5,8,657639.0,-1.1464743929602408,-0.8619484131774695,TIME_LIMIT,168609,0,0,17,10
5,8,657764.0,-1.1464352063851537,-0.8619484131774695,TIME_LIMIT,168634,0,0,8,6
5,8,657816.0,-1.1464352063851537,-0.8619484131774695,TIME_LIMIT,168655,0,0,9,16
5,8,657917.0,-1.146425760887443,-0.8619484131774695,TIME_LIMIT,168677,0,0,10,6
5,8,658027.0,-1.146425760887443,-0.8619484131774695,TIME_LIMIT,168704,0,0,17,15
5,8,658099.0,-1.1464175357424187,-0.8619484131774695,TIME_LIMIT,168732,0,0,15,8
5,8,658215.0,-1.1464175357424187,-0.8619484131774695,TIME_LIMIT,168758,0,0,16,13
5,8,658360.0,-1.1464152295950625,-0.8619484131774695,TIME_LIMIT,168788,0,0,14,4
5,8,658391.0,-1.1464152295950625,-0.8619484131774695,TIME_LIMIT,168803,0,0,13,8
5,8,658443.0,-1.146412034867122,-0.8619484131774695,TIME_LIMIT,168825,0,0,11,4
5,8,658554.0,-1.146412034867122,-0.8619484131774695,TIME_LIMIT,168851,0,0,12,6
5,8,658656.0,-1.1463855039889452,-0.8619484131774695,TIME_LIMIT,168879,0,0,9,8
5,8,658743.0,-1.1463855039889452,-0.8619484131774695,TIME_LIMIT,168904,0,0,8,12
5,8,658828.0,-1.1463587981062844,-0.8619484131774695,TIME_LIMIT,168928,0,0,14,5
5,8,658879.0,-1.1463587981062844,-0.8619484131774695,TIME_LIMIT,168945,0,0,9,5
5,8,658907.0,-1.1463436627396453,-0.8619484131774695,TIME_LIMIT,168967,0,0,5,5
5,8,658963.0,-1.1463436627396453,-0.8619484131774695,TIME_LIMIT,168991,0,0,11,8
5,8,659132.0,-1.146316235849831,-0.8619484131774695,TIME_LIMIT,169024,0,0,5,9
5,8,659219.0,-1.146316235849831,-0.8619484131774695,TIME_LIMIT,169044,0,0,13,9
5,8,659238.0,-1.1463038396353116,-0.8619484131774695,TIME_LIMIT,169062,0,0,8,1
5,8,659315.0,-1.1463038396353116,-0.8619484131774695,TIME_LIMIT,169090,0,0,15,1
5,8,659352.0,-1.1462914865929754,-0.8619484131774695,TIME_LIMIT,169101,0,0,7,6
5,8,659515.0,-1.1462914865929754,-0.8619484131774695,TIME_LIMIT,169124,0,0,8,17
5,8,659706.0,-1.1462897723065217,-0.8619484131774695,TIME_LIMIT,169163,0,0,14,15
5,8,659744.0,-1.1462897723065217,-0.8619484131774695,TIME_LIMIT,169180,0,0,7,2
5,8,659784.0,-1.1462755495631578,-0.8619484131774695,TIME_LIMIT,169195,0,0,8,6
5,8,659872.0,-1.1462755495631578,-0.8619484131774695,TIME_LIMIT,169217,0,0,14,10
5,8,659952.0,-1.146272508235659,-0.8619484131774695,TIME_LIMIT,169245,0,0,9,5
5,8,660073.0,-1.146272508235659,-0.8619484131774695,TIME_LIMIT,169269,0,0,17,10
5,8,660108.0,-1.1462638852232285,-0.8619484131774695,TIME_LIMIT,169287,0,0,9,7
5,8,660246.0,-1.1462638852232285,-0.8619484131774695,TIME_LIMIT,169311,0,0,12,6
5,8,660320.0,-1.1462610654038028,-0.8619484131774695,TIME_LIMIT,169335,0,0,11,10
5,8,660443.0,-1.1462610654038028,-0.8619484131774695,TIME_LIMIT,169348,0,0,11,12
5,8,660545.0,-1.14625130877569,-0.8619484131774695,TIME_LIMIT,169376,0,0,9,11
5,8,660685.0,-1.14625130877569,-0.8619484131774695,TIME_LIMIT,169404,0,0,7,7
5,8,660778.0,-1.1462510344822587,-0.8619484131774695,TIME_LIMIT,169429,0,0,8,6
5,8,660914.0,-1.1462510344822587,-0.8619484131774695,TIME_LIMIT,169456,0,0,10,7
5,8,661002.0,-1.1462228981570686,-0.8619484131774695,TIME_LIMIT,169478,0,0,12,2
5,8,661076.0,-1.1462228981570686,-0.8619484131774695,TIME_LIMIT,169497,0,0,6,3
5,8,661113.0,-1.1462192118182677,-0.8619484131774695,TIME_LIMIT,169515,0,0,5,3
5,8,661179.0,-1.1462192118182677,-0.8619484131774695,TIME_LIMIT,169540,0,0,9,2
5,8,661239.0,-1.146188572450701,-0.8619484131774695,TIME_LIMIT,169562,0,0,9,3
5,8,661445.0,-1.146188572450701,-0.8619484131774695,TIME_LIMIT,169589,0,0,16,21
5,8,661555.0,-1.146187999406212,-0.8619484131774695,TIME_LIMIT,169619,0,0,12,10
5,8,661709.0,-1.146187999406212,-0.8619484131774695,TIME_LIMIT,169642,0,0,23,22
5,8,661914.0,-1.1461780655259,-0.8619484131774695,TIME_LIMIT,169681,0,0,9,11
5,8,662100.0,-1.1461780655259,-0.8619484131774695,TIME_LIMIT,169707,0,0,27,27
5,8,662346.0,-1.1461743893197482,-0.8619484131774695,TIME_LIMIT,169746,0,0,16,10
5,8,662419.0,-1.1461743893197482,-0.8619484131774695,TIME_LIMIT,169768,0,0,15,11
5,8,662516.0,-1.146171327374912,-0.8619484131774695,TIME_LIMIT,169788,0,0,13,8
5,8,662598.0,-1.146171327374912,-0.8619484131774695,TIME_LIMIT,169810,0,0,13,13
5,8,662660.0,-1.1461681796069496,-0.8619484131774695,TIME_LIMIT,169831,0,0,13,5
5,8,662686.0,-1.1461681796069496,-0.8619484131774695,TIME_LIMIT,169848,0,0,6,7
5,8,662829.0,-1.146141201087608,-0.8619484131774695,TIME_LIMIT,169883,0,0,7,5
5,8,662892.0,-1.146141201087608,-0.8619484131774695,TIME_LIMIT,169899,0,0,17,14
5,8,663108.0,-1.1461349880561655,-0.8619484131774695,TIME_LIMIT,169933,0,0,14,6
5,8,663206.0,-1.1461349880561655,-0.8619484131774695,TIME_LIMIT,169958,0,0,15,6
5,8,663376.0,-1.1461165238893083,-0.8619484131774695,TIME_LIMIT,169995,0,0,6,7
5,8,663430.0,-1.1461165238893083,-0.8619484131774695,TIME_LIMIT,170013,0,0,12,5
5,8,663458.0,-1.1460913515823623,-0.8619484131774695,TIME_LIMIT,170034,0,0,6,6
5,8,663550.0,-1.1460913515823623,-0.8619484131774695,TIME_LIMIT,170061,0,0,10,11
5,8,663611.0,-1.1460906749715538,-0.8619484131774695,TIME_LIMIT,170076,0,0,2,4
5,8,663662.0,-1.1460906749715538,-0.8619484131774695,TIME_LIMIT,170092,0,0,6,4
5,8,663706.0,-1.146090400899967,-0.8619484131774695,TIME_LIMIT,170102,0,0,6,2
5,8,663762.0,-1.146090400899967,-0.8619484131774695,TIME_LIMIT,170114,0,0,8,6
5,8,663817.0,-1.146088518770528,-0.8619484131774695,TIME_LIMIT,170132,0,0,8,5
5,8,663884.0,-1.146088518770528,-0.8619484131774695,TIME_LIMIT,170151,0,0,9,20
5,8,663981.0,-1.1460801710398074,-0.8619484131774695,TIME_LIMIT,170179,0,0,8,14
5,8,664131.0,-1.1460801710398074,-0.8619484131774695,TIME_LIMIT,170200,0,0,23,24
5,8,664336.0,-1.1460746359729796,-0.8619484131774695,TIME_LIMIT,170241,0,0,16,18
5,8,664360.0,-1.1460746359729796,-0.8619484131774695,TIME_LIMIT,170256,0,0,5,12
5,8,664444.0,-1.1460650949667135,-0.8619484131774695,TIME_LIMIT,170286,0,0,12,10
5,8,664503.0,-1.1460650949667135,-0.8619484131774695,TIME_LIMIT,170310,0,0,12,9
5,8,664563.0,-1.146062272009713,-0.8619484131774695,TIME_LIMIT,170328,0,0,10,5
5,8,664664.0,-1.146062272009713,-0.8619484131774695,TIME_LIMIT,170354,0,0,11,15
5,8,664725.0,-1.146020995801413,-0.8619484131774695,TIME_LIMIT,170378,0,0,12,2
5,8,664890.0,-1.146020995801413,-0.8619484131774695,TIME_LIMIT,170413,0,0,18,11
5,8,665029.0,-1.1459950387691502,-0.8619484131774695,TIME_LIMIT,170437,0,0,17,5
5,8,665122.0,-1.1459950387691502,-0.8619484131774695,TIME_LIMIT,170463,0,0,12,14
5,8,665243.0,-1.1459845697060065,-0.8619484131774695,TIME_LIMIT,170490,0,0,6,3
5,8,665408.0,-1.1459845697060065,-0.8619484131774695,TIME_LIMIT,170511,0,0,11,8
5,8,665586.0,-1.1459673299254378,-0.8619484131774695,TIME_LIMIT,170548,0,0,10,7
5,8,665710.0,-1.1459673299254378,-0.8619484131774695,TIME_LIMIT,170573,0,0,7,11
5,8,665949.0,-1.1459662566136835,-0.8619484131774695,TIME_LIMIT,170611,0,0,18,12
5,8,666018.0,-1.1459662566136835,-0.8619484131774695,TIME_LIMIT,170633,0,0,13,12
5,8,666062.0,-1.1459600182082093,-0.8619484131774695,TIME_LIMIT,170659,0,0,9,3
5,8,666133.0,-1.1459600182082093,-0.8619484131774695,TIME_LIMIT,170683,0,0,13,13
5,8,666163.0,-1.1459519217780814,-0.8619484131774695,TIME_LIMIT,170711,0,0,11,8
5,8,666281.0,-1.1459519217780814,-0.8619484131774695,TIME_LIMIT,170736,0,0,7,17
5,8,666505.0,-1.1459430041153051,-0.8619484131774695,TIME_LIMIT,170774,0,0,16,17
5,8,666626.0,-1.1459430041153051,-0.8619484131774695,TIME_LIMIT,170797,0,0,11,15
5,8,666864.0,-1.1459291974844887,-0.8619484131774695,TIME_LIMIT,170829,0,0,5,13
5,8,667071.0,-1.1459291974844887,-0.8619484131774695,TIME_LIMIT,170857,0,0,16,7
5,8,667111.0,-1.1459244933449138,-0.8619484131774695,TIME_LIMIT,170874,0,0,9,1
5,8,667299.0,-1.1459244933449138,-0.8619484131774695,TIME_LIMIT,170904,0,0,11,9
5,8,667414.0,-1.1459176108083458,-0.8619484131774695,TIME_LIMIT,170930,0,0,7,8
5,8,667628.0,-1.1459176108083458,-0.8619484131774695,TIME_LIMIT,170955,0,0,14,18
5,8,667698.0,-1.145916860341989,-0.8619484131774695,TIME_LIMIT,170979,0,0,6,7
5,8,667784.0,-1.145916860341989,-0.8619484131774695,TIME_LIMIT,171001,0,0,18,17
5,8,667853.0,-1.1459079549626794,-0.8619484131774695,TIME_LIMIT,171024,0,0,9,5
5,8,667975.0,-1.1459079549626794,-0.8619484131774695,TIME_LIMIT,171048,0,0,5,7
5,8,668003.0,-1.1458807737580619,-0.8619484131774695,TIME_LIMIT,171065,0,0,10,4
5,8,668147.0,-1.1458807737580619,-0.8619484131774695,TIME_LIMIT,171099,0,0,14,14
5,8,668258.0,-1.1458802486673656,-0.8619484131774695,TIME_LIMIT,171123,0,0,14,7
5,8,668339.0,-1.1458802486673656,-0.8619484131774695,TIME_LIMIT,171143,0,0,11,13
5,8,668434.0,-1.1458737383964084,-0.8619484131774695,TIME_LIMIT,171170,0,0,10,6
5,8,668491.0,-1.1458737383964084,-0.8619484131774695,TIME_LIMIT,171194,0,0,17,21
5,8,668582.0,-1.145859233887575,-0.8619484131774695,TIME_LIMIT,171223,0,0,10,8
5,8,668690.0,-1.145859233887575,-0.8619484131774695,TIME_LIMIT,171247,0,0,21,16
5,8,668816.0,-1.1458483204436785,-0.8619484131774695,TIME_LIMIT,171278,0,0,12,9
5,8,668853.0,-1.1458483204436785,-0.8619484131774695,TIME_LIMIT,171291,0,0,17,11
5,8,668908.0,-1.1458336982688324,-0.8619484131774695,TIME_LIMIT,171314,0,0,9,4
5,8,668958.0,-1.1458336982688324,-0.8619484131774695,TIME_LIMIT,171337,0,0,12,4
5,8,669042.0,-1.1458305062796779,-0.8619484131774695,TIME_LIMIT,171353,0,0,5,4
5,8,669201.0,-1.1458305062796779,-0.8619484131774695,TIME_LIMIT,171383,0,0,11,17
5,8,669330.0,-1.145819084244863,-0.8619484131774695,TIME_LIMIT,171418,0,0,12,10
5,8,669421.0,-1.145819084244863,-0.8619484131774695,TIME_LIMIT,171439,0,0,17,11
5,8,669522.0,-1.1458187091476435,-0.8619484131774695,TIME_LIMIT,171460,0,0,14,4
5,8,669624.0,-1.1458187091476435,-0.8619484131774695,TIME_LIMIT,171486,0,0,22,15
5,8,669677.0,-1.1458165880503368,-0.8619484131774695,TIME_LIMIT,171514,0,0,13,2
5,8,669720.0,-1.1458165880503368,-0.8619484131774695,TIME_LIMIT,171535,0,0,9,8
5,8,669814.0,-1.1458115614511837,-0.8619484131774695,TIME_LIMIT,171564,0,0,7,6
5,8,669945.0,-1.1458115614511837,-0.8619484131774695,TIME_LIMIT,171588,0,0,20,24
5,8,670041.0,-1.1458048026936423,-0.8619484131774695,TIME_LIMIT,171622,0,0,11,12
5,8,670162.0,-1.1458048026936423,-0.8619484131774695,TIME_LIMIT,171646,0,0,18,11
5,8,670232.0,-1.145777406278029,-0.8619484131774695,TIME_LIMIT,171670,0,0,7,7
5,8,670385.0,-1.145777406278029,-0.8619484131774695,TIME_LIMIT,171703,0,0,16,12
5,8,670507.0,-1.1457186797592869,-0.8619484131774695,TIME_LIMIT,171732,0,0,8,7
5,8,670714.0,-1.1457186797592869,-0.8619484131774695,TIME_LIMIT,171752,0,0,20,15
5,8,670787.0,-1.145690178082439,-0.8619484131774695,TIME_LIMIT,171774,0,0,11,6
5,8,670843.0,-1.145690178082439,-0.8619484131774695,TIME_LIMIT,171788,0,0,7,9
5,8,670926.0,-1.1456895203332396,-0.8619484131774695,TIME_LIMIT,171812,0,0,11,4
5,8,671003.0,-1.1456895203332396,-0.8619484131774695,TIME_LIMIT,171836,0,0,8,32
5,8,671195.0,-1.145688067012413,-0.8619484131774695,TIME_LIMIT,171874,0,0,8,7
5,8,671296.0,-1.145688067012413,-0.8619484131774695,TIME_LIMIT,171895,0,0,11,1
5,8,671354.0,-1.1456864285166979,-0.8619484131774695,TIME_LIMIT,171909,0,0,11,5
5,8,671489.0,-1.1456864285166979,-0.8619484131774695,TIME_LIMIT,171937,0,0,15,21
5,8,671677.0,-1.1456818144016019,-0.8619484131774695,TIME_LIMIT,171974,0,0,10,9
5,8,671814.0,-1.1456818144016019,-0.8619484131774695,TIME_LIMIT,172004,0,0,16,11
5,8,671952.0,-1.1456807141751217,-0.8619484131774695,TIME_LIMIT,172036,0,0,16,9
5,8,672066.0,-1.1456807141751217,-0.8619484131774695,TIME_LIMIT,172062,0,0,6,9
5,8,672134.0,-1.1456781373417475,-0.8619484131774695,TIME_LIMIT,172086,0,0,11,6
5,8,672278.0,-1.1456781373417475,-0.8619484131774695,TIME_LIMIT,172111,0,0,18,24
5,8,672462.0,-1.145678136455746,-0.8619484131774695,TIME_LIMIT,172141,0,0,20,6
5,8,672505.0,-1.145678136455746,-0.8619484131774695,TIME_LIMIT,172155,0,0,14,18
5,8,672675.0,-1.1456618377764947,-0.8619484131774695,TIME_LIMIT,172184,0,0,7,13
5,8,672826.0,-1.1456618377764947,-0.8619484131774695,TIME_LIMIT,172212,0,0,8,14
5,8,673049.0,-1.1456559380116327,-0.8619484131774695,TIME_LIMIT,172239,0,0,12,11
5,8,673170.0,-1.1456559380116327,-0.8619484131774695,TIME_LIMIT,172258,0,0,17,31
5,8,673394.0,-1.1456486898334655,-0.8619484131774695,TIME_LIMIT,172296,0,0,9,10
5,8,673475.0,-1.1456486898334655,-0.8619484131774695,TIME_LIMIT,172322,0,0,10,3
5,8,673493.0,-1.1456181374255303,-0.8619484131774695,TIME_LIMIT,172334,0,0,9,2
5,8,673596.0,-1.1456181374255303,-0.8619484131774695,TIME_LIMIT,172356,0,0,18,16
5,8,673697.0,-1.1456126031195601,-0.8619484131774695,TIME_LIMIT,172384,0,0,9,2
5,8,673885.0,-1.1456126031195601,-0.8619484131774695,TIME_LIMIT,172414,0,0,25,13
5,8,674087.0,-1.145585071701564,-0.8619484131774695,TIME_LIMIT,172445,0,0,15,16
5,8,674336.0,-1.145585071701564,-0.8619484131774695,TIME_LIMIT,172472,0,0,19,12
5,8,674419.0,-1.1455674270827543,-0.8619484131774695,TIME_LIMIT,172496,0,0,12,6
5,8,674572.0,-1.1455674270827543,-0.8619484131774695,TIME_LIMIT,172529,0,0,17,19
5,8,674650.0,-1.1455664017358453,-0.8619484131774695,TIME_LIMIT,172550,0,0,11,11
5,8,674671.0,-1.1455664017358453,-0.8619484131774695,TIME_LIMIT,172569,0,0,8,6
5,8,674719.0,-1.1455662373244746,-0.8619484131774695,TIME_LIMIT,172593,0,0,6,9
5,8,674840.0,-1.1455662373244746,-0.8619484131774695,TIME_LIMIT,172615,0,0,15,16
5,8,674932.0,-1.1455650976334675,-0.8619484131774695,TIME_LIMIT,172638,0,0,8,6
5,8,675030.0,-1.1455650976334675,-0.8619484131774695,TIME_LIMIT,172665,0,0,17,13
5,8,675237.0,-1.145517155175363,-0.8619484131774695,TIME_LIMIT,172703,0,0,9,12
5,8,675474.0,-1.145517155175363,-0.8619484131774695,TIME_LIMIT,172732,0,0,21,25
5,8,675677.0,-1.1454959466788588,-0.8619484131774695,TIME_LIMIT,172765,0,0,14,9
5,8,675774.0,-1.1454959466788588,-0.8619484131774695,TIME_LIMIT,172788,0,0,8,14
5,8,675861.0,-1.145495600160948,-0.8619484131774695,TIME_LIMIT,172807,0,0,13,3
5,8,675974.0,-1.145495600160948,-0.8619484131774695,TIME_LIMIT,172830,0,0,15,11
5,8,676067.0,-1.145486371780778,-0.8619484131774695,TIME_LIMIT,172863,0,0,12,7
5,8,676198.0,-1.145486371780778,-0.8619484131774695,TIME_LIMIT,172888,0,0,18,5
5,8,676383.0,-1.145486165746627,-0.8619484131774695,TIME_LIMIT,172914,0,0,16,11
5,8,676440.0,-1.145486165746627,-0.8619484131774695,TIME_LIMIT,172929,0,0,8,9
5,8,676475.0,-1.1454645246509758,-0.8619484131774695,TIME_LIMIT,172950,0,0,8,4
5,8,676546.0,-1.1454645246509758,-0.8619484131774695,TIME_LIMIT,172971,0,0,15,5
5,8,676738.0,-1.145452921872117,-0.8619484131774695,TIME_LIMIT,173007,0,0,14,15
5,8,676811.0,-1.145452921872117,-0.8619484131774695,TIME_LIMIT,173024,0,0,12,11
5,8,676892.0,-1.1454310083185215,-0.8619484131774695,TIME_LIMIT,173048,0,0,10,4
5,8,676957.0,-1.1454310083185215,-0.8619484131774695,TIME_LIMIT,173069,0,0,18,13
5,8,677141.0,-1.1454305731156302,-0.8619484131774695,TIME_LIMIT,173102,0,0,7,7
5,8,677267.0,-1.1454305731156302,-0.8619484131774695,TIME_LIMIT,173130,0,0,15,19
5,8,677326.0,-1.1454238207198904,-0.8619484131774695,TIME_LIMIT,173150,0,0,13,13
5,8,677412.0,-1.1454238207198904,-0.8619484131774695,TIME_LIMIT,173171,0,0,13,17
5,8,677535.0,-1.1454194294729743,-0.8619484131774695,TIME_LIMIT,173189,0,0,7,6
5,8,677591.0,-1.1454194294729743,-0.8619484131774695,TIME_LIMIT,173219,0,0,17,13
5,8,677692.0,-1.1454170253952995,-0.8619484131774695,TIME_LIMIT,173245,0,0,19,11
5,8,677790.0,-1.1454170253952995,-0.8619484131774695,TIME_LIMIT,173265,0,0,17,20
5,8,677876.0,-1.145412378422178,-0.8619484131774695,TIME_LIMIT,173295,0,0,8,9
5,8,678094.0,-1.145412378422178,-0.8619484131774695,TIME_LIMIT,173317,0,0,8,11
5,8,678276.0,-1.1454049039814604,-0.8619484131774695,TIME_LIMIT,173352,0,0,10,10
5,8,678348.0,-1.1454049039814604,-0.8619484131774695,TIME_LIMIT,173373,0,0,13,9
5,8,678470.0,-1.1453916000334519,-0.8619484131774695,TIME_LIMIT,173401,0,0,13,6
5,8,678529.0,-1.1453916000334519,-0.8619484131774695,TIME_LIMIT,173421,0,0,4,12
5,8,678604.0,-1.145360694945714,-0.8619484131774695,TIME_LIMIT,173448,0,0,5,5
5,8,678680.0,-1.145360694945714,-0.8619484131774695,TIME_LIMIT,173476,0,0,14,6
5,8,678768.0,-1.1453319108259614,-0.8619484131774695,TIME_LIMIT,173499,0,0,17,5
5,8,678969.0,-1.1453319108259614,-0.8619484131774695,TIME_LIMIT,173525,0,0,9,19
5,8,679125.0,-1.145323503797307,-0.8619484131774695,TIME_LIMIT,173557,0,0,8,8
5,8,679321.0,-1.145323503797307,-0.8619484131774695,TIME_LIMIT,173586,0,0,14,14
5,8,679502.0,-1.1453162757094455,-0.8619484131774695,TIME_LIMIT,173610,0,0,15,9
5,8,679619.0,-1.1453162757094455,-0.8619484131774695,TIME_LIMIT,173632,0,0,15,19
5,8,679665.0,-1.145313115228588,-0.8619484131774695,TIME_LIMIT,173658,0,0,15,7
5,8,679788.0,-1.145313115228588,-0.8619484131774695,TIME_LIMIT,173673,0,0,7,9
5,8,679936.0,-1.1452996125686732,-0.8619484131774695,TIME_LIMIT,173703,0,0,4,4
5,8,680111.0,-1.1452996125686732,-0.8619484131774695,TIME_LIMIT,173721,0,0,15,12
5,8,680149.0,-1.1452931364554695,-0.8619484131774695,TIME_LIMIT,173736,0,0,6,0
5,8,680336.0,-1.1452931364554695,-0.8619484131774695,TIME_LIMIT,173769,0,0,7,9
5,8,680541.0,-1.1452840746954172,-0.8619484131774695,TIME_LIMIT,173796,0,0,17,10
5,8,680690.0,-1.1452840746954172,-0.8619484131774695,TIME_LIMIT,173821,0,0,21,17
5,8,680938.0,-1.1452726886882536,-0.8619484131774695,TIME_LIMIT,173863,0,0,14,22
5,8,681043.0,-1.1452726886882536,-0.8619484131774695,TIME_LIMIT,173882,0,0,9,9
5,8,681125.0,-1.1452711416382564,-0.8619484131774695,TIME_LIMIT,173907,0,0,14,9
5,8,681170.0,-1.1452711416382564,-0.8619484131774695,TIME_LIMIT,173929,0,0,11,8
5,8,681220.0,-1.1452694056814345,-0.8619484131774695,TIME_LIMIT,173954,0,0,8,2
5,8,681366.0,-1.1452694056814345,-0.8619484131774695,TIME_LIMIT,173983,0,0,11,10
5,8,681501.0,-1.1452636591210092,-0.8619484131774695,TIME_LIMIT,174017,0,0,8,6
5,8,681580.0,-1.1452636591210092,-0.8619484131774695,TIME_LIMIT,174042,0,0,13,16
5,8,681734.0,-1.1452576361265352,-0.8619484131774695,TIME_LIMIT,174076,0,0,15,8
5,8,681806.0,-1.1452576361265352,-0.8619484131774695,TIME_LIMIT,174094,0,0,9,12
5,8,681844.0,-1.145256143738539,-0.8619484131774695,TIME_LIMIT,174116,0,0,5,2
5,8,681921.0,-1.145256143738539,-0.8619484131774695,TIME_LIMIT,174135,0,0,13,5
5,8,681981.0,-1.1452523853139165,-0.8619484131774695,TIME_LIMIT,174152,0,0,11,8
5,8,682154.0,-1.1452523853139165,-0.8619484131774695,TIME_LIMIT,174187,0,0,10,10
5,8,682233.0,-1.1452367371651258,-0.8619484131774695,TIME_LIMIT,174212,0,0,15,9
5,8,682348.0,-1.1452367371651258,-0.8619484131774695,TIME_LIMIT,174240,0,0,17,10
5,8,682496.0,-1.145230481592822,-0.8619484131774695,TIME_LIMIT,174267,0,0,13,6
5,8,682565.0,-1.145230481592822,-0.8619484131774695,TIME_LIMIT,174294,0,0,6,12
5,8,682641.0,-1.1452149928466526,-0.8619484131774695,TIME_LIMIT,174316,0,0,10,6
5,8,682700.0,-1.1452149928466526,-0.8619484131774695,TIME_LIMIT,174334,0,0,6,2
5,8,682753.0,-1.145193543373277,-0.8619484131774695,TIME_LIMIT,174356,0,0,10,2
5,8,682854.0,-1.145193543373277,-0.8619484131774695,TIME_LIMIT,174377,0,0,15,12
5,8,682933.0,-1.1451826219143837,-0.8619484131774695,TIME_LIMIT,174408,0,0,12,14
5,8,683072.0,-1.1451826219143837,-0.8619484131774695,TIME_LIMIT,174435,0,0,11,19
5,8,683213.0,-1.1451772865275307,-0.8619484131774695,TIME_LIMIT,174462,0,0,6,9
5,8,683354.0,-1.1451772865275307,-0.8619484131774695,TIME_LIMIT,174488,0,0,11,16
5,8,683420.0,-1.1451460616261506,-0.8619484131774695,TIME_LIMIT,174508,0,0,9,5
5,8,683494.0,-1.1451460616261506,-0.8619484131774695,TIME_LIMIT,174526,0,0,10,5
5,8,683624.0,-1.1451287988578485,-0.8619484131774695,TIME_LIMIT,174553,0,0,11,1
5,8,683809.0,-1.1451287988578485,-0.8619484131774695,TIME_LIMIT,174584,0,0,15,13
5,8,683892.0,-1.1451265963795563,-0.8619484131774695,TIME_LIMIT,174603,0,0,14,6
5,8,684057.0,-1.1451265963795563,-0.8619484131774695,TIME_LIMIT,174623,0,0,14,10
5,8,684127.0,-1.1451071190423114,-0.8619484131774695,TIME_LIMIT,174647,0,0,9,3
5,8,684275.0,-1.1451071190423114,-0.8619484131774695,TIME_LIMIT,174676,0,0,12,10
5,8,684428.0,-1.1451043742489768,-0.8619484131774695,TIME_LIMIT,174701,0,0,18,8
5,8,684526.0,-1.1451043742489768,-0.8619484131774695,TIME_LIMIT,174725,0,0,8,7
5,8,684630.0,-1.145101991668524,-0.8619484131774695,TIME_LIMIT,174753,0,0,15,5
5,8,684704.0,-1.145101991668524,-0.8619484131774695,TIME_LIMIT,174771,0,0,10,6
5,8,684753.0,-1.1450840920287084,-0.8619484131774695,TIME_LIMIT,174787,0,0,10,3
5,8,684852.0,-1.1450840920287084,-0.8619484131774695,TIME_LIMIT,174815,0,0,20,13
5,8,684932.0,-1.1450708858375314,-0.8619484131774695,TIME_LIMIT,174848,0,0,7,7
5,8,685057.0,-1.1450708858375314,-0.8619484131774695,TIME_LIMIT,174868,0,0,16,10
5,8,685157.0,-1.1450684726455975,-0.8619484131774695,TIME_LIMIT,174897,0,0,5,4
5,8,685240.0,-1.1450684726455975,-0.8619484131774695,TIME_LIMIT,174919,0,0,19,17
5,8,685429.0,-1.1450560648510923,-0.8619484131774695,TIME_LIMIT,174949,0,0,11,11
5,8,685484.0,-1.1450560648510923,-0.8619484131774695,TIME_LIMIT,174976,0,0,13,5
5,8,685591.0,-1.1450427275833193,-0.8619484131774695,TIME_LIMIT,174995,0,0,5,9
5,8,685685.0,-1.1450427275833193,-0.8619484131774695,TIME_LIMIT,175015,0,0,9,12
5,8,685749.0,-1.1450361213275644,-0.8619484131774695,TIME_LIMIT,175039,0,0,18,6
5,8,685850.0,-1.1450361213275644,-0.8619484131774695,TIME_LIMIT,175056,0,0,16,23
5,8,685939.0,-1.145020395356896,-0.8619484131774695,TIME_LIMIT,175077,0,0,14,7
5,8,686081.0,-1.145020395356896,-0.8619484131774695,TIME_LIMIT,175101,0,0,11,14
5,8,686250.0,-1.1449870292133264,-0.8619484131774695,TIME_LIMIT,175136,0,0,15,12
5,8,686326.0,-1.1449870292133264,-0.8619484131774695,TIME_LIMIT,175153,0,0,7,6
5,8,686362.0,-1.1449865225850582,-0.8619484131774695,TIME_LIMIT,175169,0,0,8,8
5,8,686389.0,-1.1449865225850582,-0.8619484131774695,TIME_LIMIT,175187,0,0,13,9
5,8,686453.0,-1.144963052031549,-0.8619484131774695,TIME_LIMIT,175206,0,0,4,2
5,8,686535.0,-1.144963052031549,-0.8619484131774695,TIME_LIMIT,175231,0,0,13,8
5,8,686601.0,-1.1449191767090103,-0.8619484131774695,TIME_LIMIT,175249,0,0,11,10
5,8,686726.0,-1.1449191767090103,-0.8619484131774695,TIME_LIMIT,175271,0,0,7,15
5,8,686848.0,-1.1449022100891564,-0.8619484131774695,TIME_LIMIT,175299,0,0,12,8
5,8,686973.0,-1.1449022100891564,-0.8619484131774695,TIME_LIMIT,175327,0,0,17,11
5,8,687068.0,-1.1448968588996349,-0.8619484131774695,TIME_LIMIT,175345,0,0,9,6
5,8,687155.0,-1.1448968588996349,-0.8619484131774695,TIME_LIMIT,175367,0,0,24,29
5,8,687395.0,-1.1448913949961301,-0.8619484131774695,TIME_LIMIT,175407,0,0,13,12
5,8,687480.0,-1.1448913949961301,-0.8619484131774695,TIME_LIMIT,175431,0,0,10,7
5,8,687573.0,-1.144886908595962,-0.8619484131774695,TIME_LIMIT,175448,0,0,12,6
5,8,687646.0,-1.144886908595962,-0.8619484131774695,TIME_LIMIT,175477,0,0,16,13
5,8,687682.0,-1.1448636703485437,-0.8619484131774695,TIME_LIMIT,175495,0,0,6,9
5,8,687774.0,-1.1448636703485437,-0.8619484131774695,TIME_LIMIT,175524,0,0,13,22
5,8,687901.0,-1.1448549747291388,-0.8619484131774695,TIME_LIMIT,175556,0,0,17,10
5,8,687955.0,-1.1448549747291388,-0.8619484131774695,TIME_LIMIT,175578,0,0,9,9
5,8,688056.0,-1.1448449738961206,-0.8619484131774695,TIME_LIMIT,175604,0,0,15,8
5,8,688134.0,-1.1448449738961206,-0.8619484131774695,TIME_LIMIT,175629,0,0,13,12
5,8,688215.0,-1.1448436702755218,-0.8619484131774695,TIME_LIMIT,175652,0,0,10,1
5,8,688358.0,-1.1448436702755218,-0.8619484131774695,TIME_LIMIT,175677,0,0,13,20
5,8,688564.0,-1.1448321615596733,-0.8619484131774695,TIME_LIMIT,175702,0,0,9,8
5,8,688617.0,-1.1448321615596733,-0.8619484131774695,TIME_LIMIT,175722,0,0,10,10
5,8,688717.0,-1.1448131900026437,-0.8619484131774695,TIME_LIMIT,175749,0,0,4,9
5,8,688819.0,-1.1448131900026437,-0.8619484131774695,TIME_LIMIT,175775,0,0,12,4
5,8,688858.0,-1.1448016831872114,-0.8619484131774695,TIME_LIMIT,175795,0,0,7,6
5,8,688892.0,-1.1448016831872114,-0.8619484131774695,TIME_LIMIT,175815,0,0,7,11
5,8,688944.0,-1.144787758771395,-0.8619484131774695,TIME_LIMIT,175841,0,0,10,5
5,8,689064.0,-1.144787758771395,-0.8619484131774695,TIME_LIMIT,175866,0,0,8,20
5,8,689280.0,-1.144774695998296,-0.8619484131774695,TIME_LIMIT,175903,0,0,13,11
5,8,689349.0,-1.144774695998296,-0.8619484131774695,TIME_LIMIT,175926,0,0,11,16
5,8,689397.0,-1.1447686201389125,-0.8619484131774695,TIME_LIMIT,175952,0,0,11,5
5,8,689469.0,-1.1447686201389125,-0.8619484131774695,TIME_LIMIT,175970,0,0,11,2
5,8,689532.0,-1.1447513153436524,-0.8619484131774695,TIME_LIMIT,175991,0,0,5,2
5,8,689718.0,-1.1447513153436524,-0.8619484131774695,TIME_LIMIT,176013,0,0,14,6
5,8,689833.0,-1.144672748959311,-0.8619484131774695,TIME_LIMIT,176033,0,0,11,6
5,8,689976.0,-1.144672748959311,-0.8619484131774695,TIME_LIMIT,176057,0,0,14,10
5,8,690193.0,-1.1446682230995873,-0.8619484131774695,TIME_LIMIT,176099,0,0,11,8
5,8,690396.0,-1.1446682230995873,-0.8619484131774695,TIME_LIMIT,176122,0,0,6,12
5,8,690572.0,-1.1446442328596615,-0.8619484131774695,TIME_LIMIT,176158,0,0,15,9
5,8,690644.0,-1.1446442328596615,-0.8619484131774695,TIME_LIMIT,176179,0,0,17,16
5,8,690751.0,-1.1446421897351164,-0.8619484131774695,TIME_LIMIT,176217,0,0,5,9
5,8,690886.0,-1.1446421897351164,-0.8619484131774695,TIME_LIMIT,176240,0,0,21,13
5,8,691031.0,-1.1446368165915977,-0.8619484131774695,TIME_LIMIT,176271,0,0,12,12
5,8,691129.0,-1.1446368165915977,-0.8619484131774695,TIME_LIMIT,176298,0,0,5,17
5,8,691266.0,-1.1446102446962714,-0.8619484131774695,TIME_LIMIT,176323,0,0,11,10
5,8,691329.0,-1.1446102446962714,-0.8619484131774695,TIME_LIMIT,176344,0,0,11,12
5,8,691454.0,-1.14460892288335,-0.8619484131774695,TIME_LIMIT,176366,0,0,11,4
5,8,691537.0,-1.14460892288335,-0.8619484131774695,TIME_LIMIT,176395,0,0,7,14
5,8,691662.0,-1.1445903059767644,-0.8619484131774695,TIME_LIMIT,176414,0,0,9,11
5,8,691756.0,-1.1445903059767644,-0.8619484131774695,TIME_LIMIT,176439,0,0,20,21
5,8,691851.0,-1.1445886377134098,-0.8619484131774695,TIME_LIMIT,176479,0,0,12,9
5,8,691983.0,-1.1445886377134098,-0.8619484131774695,TIME_LIMIT,176505,0,0,21,12
5,8,692200.0,-1.1445859003943115,-0.8619484131774695,TIME_LIMIT,176539,0,0,14,7
5,8,692390.0,-1.1445859003943115,-0.8619484131774695,TIME_LIMIT,176565,0,0,20,20
5,8,692481.0,-1.144572559284391,-0.8619484131774695,TIME_LIMIT,176598,0,0,10,9
5,8,692563.0,-1.144572559284391,-0.8619484131774695,TIME_LIMIT,176622,0,0,14,11
5,8,692644.0,-1.1445669618013552,-0.8619484131774695,TIME_LIMIT,176648,0,0,15,7
5,8,692734.0,-1.1445669618013552,-0.8619484131774695,TIME_LIMIT,176671,0,0,18,15
5,8,692818.0,-1.144557844296461,-0.8619484131774695,TIME_LIMIT,176704,0,0,13,10
5,8,692994.0,-1.144557844296461,-0.8619484131774695,TIME_LIMIT,176731,0,0,20,14
5,8,693099.0,-1.1445576197177125,-0.8619484131774695,TIME_LIMIT,176755,0,0,14,9
5,8,693151.0,-1.1445576197177125,-0.8619484131774695,TIME_LIMIT,176771,0,0,10,8
5,8,693193.0,-1.1445561685398569,-0.8619484131774695,TIME_LIMIT,176790,0,0,10,8
5,8,693265.0,-1.1445561685398569,-0.8619484131774695,TIME_LIMIT,176808,0,0,11,4
5,8,693330.0,-1.1445501543086958,-0.8619484131774695,TIME_LIMIT,176826,0,0,8,3
5,8,693380.0,-1.1445501543086958,-0.8619484131774695,TIME_LIMIT,176851,0,0,13,7
5,8,693434.0,-1.144518567976271,-0.8619484131774695,TIME_LIMIT,176866,0,0,4,4
5,8,693516.0,-1.144518567976271,-0.8619484131774695,TIME_LIMIT,176885,0,0,10,14
5,8,693615.0,-1.144504346525094,-0.8619484131774695,TIME_LIMIT,176915,0,0,9,5
5,8,693765.0,-1.144504346525094,-0.8619484131774695,TIME_LIMIT,176937,0,0,10,17
5,8,693945.0,-1.1445003536994578,-0.8619484131774695,TIME_LIMIT,176974,0,0,15,11
5,8,694044.0,-1.1445003536994578,-0.8619484131774695,TIME_LIMIT,176998,0,0,18,20
5,8,694146.0,-1.144493636716662,-0.8619484131774695,TIME_LIMIT,177028,0,0,14,11
5,8,694397.0,-1.144493636716662,-0.8619484131774695,TIME_LIMIT,177060,0,0,18,19
5,8,694520.0,-1.1444905888844181,-0.8619484131774695,TIME_LIMIT,177090,0,0,13,17
5,8,694644.0,-1.1444905888844181,-0.8619484131774695,TIME_LIMIT,177110,0,0,7,3
5,8,694702.0,-1.1444877910997917,-0.8619484131774695,TIME_LIMIT,177128,0,0,13,3
5,8,694794.0,-1.1444877910997917,-0.8619484131774695,TIME_LIMIT,177150,0,0,17,9
5,8,694865.0,-1.1444631080374537,-0.8619484131774695,TIME_LIMIT,177168,0,0,6,3
5,8,694958.0,-1.1444631080374537,-0.8619484131774695,TIME_LIMIT,177193,0,0,15,19
5,8,695039.0,-1.1444468237336165,-0.8619484131774695,TIME_LIMIT,177218,0,0,15,16
5,8,695215.0,-1.1444468237336165,-0.8619484131774695,TIME_LIMIT,177240,0,0,10,9
5,8,695238.0,-1.1444450636834362,-0.8619484131774695,TIME_LIMIT,177257,0,0,9,4
5,8,695412.0,-1.1444450636834362,-0.8619484131774695,TIME_LIMIT,177283,0,0,13,14
5,8,695490.0,-1.1444404170212108,-0.8619484131774695,TIME_LIMIT,177308,0,0,9,7
5,8,695578.0,-1.1444404170212108,-0.8619484131774695,TIME_LIMIT,177331,0,0,9,4
5,8,695644.0,-1.144437601813534,-0.8619484131774695,TIME_LIMIT,177347,0,0,2,8
5,8,695773.0,-1.144437601813534,-0.8619484131774695,TIME_LIMIT,177378,0,0,23,14
5,8,695890.0,-1.1444353427225322,-0.8619484131774695,TIME_LIMIT,177415,0,0,12,8
5,8,696081.0,-1.1444353427225322,-0.8619484131774695,TIME_LIMIT,177443,0,0,19,18
5,8,696144.0,-1.1444320661273153,-0.8619484131774695,TIME_LIMIT,177462,0,0,15,3
5,8,696202.0,-1.1444320661273153,-0.8619484131774695,TIME_LIMIT,177482,0,0,11,5
5,8,696269.0,-1.1444162208963151,-0.8619484131774695,TIME_LIMIT,177513,0,0,12,3
5,8,696374.0,-1.1444162208963151,-0.8619484131774695,TIME_LIMIT,177539,0,0,14,13
5,8,696417.0,-1.1443980966206024,-0.8619484131774695,TIME_LIMIT,177559,0,0,12,5
5,8,696546.0,-1.1443980966206024,-0.8619484131774695,TIME_LIMIT,177582,0,0,22,24
5,8,696712.0,-1.1443815708906475,-0.8619484131774695,TIME_LIMIT,177625,0,0,12,14
5,8,696871.0,-1.1443815708906475,-0.8619484131774695,TIME_LIMIT,177648,0,0,17,20
5,8,696985.0,-1.144381510747602,-0.8619484131774695,TIME_LIMIT,177673,0,0,9,7
5,8,697134.0,-1.144381510747602,-0.8619484131774695,TIME_LIMIT,177698,0,0,16,16
5,8,697352.0,-1.144363038498457,-0.8619484131774695,TIME_LIMIT,177734,0,0,13,8
5,8,697551.0,-1.144363038498457,-0.8619484131774695,TIME_LIMIT,177759,0,0,16,12
5,8,697650.0,-1.1443607776503708,-0.8619484131774695,TIME_LIMIT,177777,0,0,8,3
5,8,697781.0,-1.1443607776503708,-0.8619484131774695,TIME_LIMIT,177802,0,0,23,16
5,8,697919.0,-1.1443525459588204,-0.8619484131774695,TIME_LIMIT,177841,0,0,16,10
5,8,697974.0,-1.1443525459588204,-0.8619484131774695,TIME_LIMIT,177862,0,0,11,5
5,8,697995.0,-1.144335037928871,-0.8619484131774695,TIME_LIMIT,177877,0,0,7,3
5,8,698060.0,-1.144335037928871,-0.8619484131774695,TIME_LIMIT,177898,0,0,10,7
5,8,698144.0,-1.1443175565244945,-0.8619484131774695,TIME_LIMIT,177923,0,0,12,7
5,8,698225.0,-1.1443175565244945,-0.8619484131774695,TIME_LIMIT,177944,0,0,5,13
5,8,698280.0,-1.1443126120686034,-0.8619484131774695,TIME_LIMIT,177967,0,0,11,3
5,8,698382.0,-1.1443126120686034,-0.8619484131774695,TIME_LIMIT,177985,0,0,9,9
5,8,698475.0,-1.1443075061662344,-0.8619484131774695,TIME_LIMIT,178009,0,0,8,4
5,8,698518.0,-1.1443075061662344,-0.8619484131774695,TIME_LIMIT,178023,0,0,5,1
5,8,698534.0,-1.1442836152502138,-0.8619484131774695,TIME_LIMIT,178037,0,0,5,2
5,8,698593.0,-1.1442836152502138,-0.8619484131774695,TIME_LIMIT,178058,0,0,7,3
5,8,698671.0,-1.1442819121251464,-0.8619484131774695,TIME_LIMIT,178075,0,0,7,5
5,8,698760.0,-1.1442819121251464,-0.8619484131774695,TIME_LIMIT,178099,0,0,9,7
5,8,698798.0,-1.1442636110892073,-0.8619484131774695,TIME_LIMIT,178118,0,0,11,5
5,8,698867.0,-1.1442636110892073,-0.8619484131774695,TIME_LIMIT,178145,0,0,24,14
5,8,698967.0,-1.1442539316331501,-0.8619484131774695,TIME_LIMIT,178168,0,0,13,7
5,8,699000.0,-1.1442539316331501,-0.8619484131774695,TIME_LIMIT,178187,0,0,13,10
5,8,699151.0,-1.1442478127463616,-0.8619484131774695,TIME_LIMIT,178214,0,0,10,8
5,8,699185.0,-1.1442478127463616,-0.8619484131774695,TIME_LIMIT,178233,0,0,13,11
5,8,699241.0,-1.1442257739676105,-0.8619484131774695,TIME_LIMIT,178252,0,0,6,3
5,8,699330.0,-1.1442257739676105,-0.8619484131774695,TIME_LIMIT,178280,0,0,20,11
5,8,699363.0,-1.1442241404076843,-0.8619484131774695,TIME_LIMIT,178298,0,0,6,0
5,8,699479.0,-1.1442241404076843,-0.8619484131774695,TIME_LIMIT,178321,0,0,15,17
5,8,699576.0,-1.1442150757665985,-0.8619484131774695,TIME_LIMIT,178351,0,0,9,9
5,8,699743.0,-1.1442150757665985,-0.8619484131774695,TIME_LIMIT,178375,0,0,17,11
5,8,699805.0,-1.1442147833565124,-0.8619484131774695,TIME_LIMIT,178402,0,0,10,9
5,8,699897.0,-1.1442147833565124,-0.8619484131774695,TIME_LIMIT,178425,0,0,11,6
5,8,699925.0,-1.144202982063457,-0.8619484131774695,TIME_LIMIT,178444,0,0,8,4
5,8,699989.0,-1.144202982063457,-0.8619484131774695,TIME_LIMIT,178462,0,0,16,15
5,8,700168.0,-1.1441908083072063,-0.8619484131774695,TIME_LIMIT,178501,0,0,13,12
5,8,700238.0,-1.1441908083072063,-0.8619484131774695,TIME_LIMIT,178520,0,0,10,9
5,8,700293.0,-1.144171986616012,-0.8619484131774695,TIME_LIMIT,178546,0,0,12,5
5,8,700394.0,-1.144171986616012,-0.8619484131774695,TIME_LIMIT,178569,0,0,20,17
5,8,700547.0,-1.1441645349443696,-0.8619484131774695,TIME_LIMIT,178601,0,0,10,3
5,8,700613.0,-1.1441645349443696,-0.8619484131774695,TIME_LIMIT,178622,0,0,8,16
5,8,700787.0,-1.1441612765125546,-0.8619484131774695,TIME_LIMIT,178660,0,0,6,9
5,8,700928.0,-1.1441612765125546,-0.8619484131774695,TIME_LIMIT,178690,0,0,12,7
5,8,700957.0,-1.1441455044876607,-0.8619484131774695,TIME_LIMIT,178701,0,0,4,1
5,8,701102.0,-1.1441455044876607,-0.8619484131774695,TIME_LIMIT,178734,0,0,20,22
5,8,701227.0,-1.1441201671891037,-0.8619484131774695,TIME_LIMIT,178763,0,0,8,7
5,8,701362.0,-1.1441201671891037,-0.8619484131774695,TIME_LIMIT,178787,0,0,21,19
5,8,701456.0,-1.1441047595181844,-0.8619484131774695,TIME_LIMIT,178819,0,0,9,5
5,8,701612.0,-1.1441047595181844,-0.8619484131774695,TIME_LIMIT,178848,0,0,16,15
5,8,701661.0,-1.1440547288729996,-0.8619484131774695,TIME_LIMIT,178868,0,0,9,5
5,8,701776.0,-1.1440547288729996,-0.8619484131774695,TIME_LIMIT,178890,0,0,13,15
5,8,701979.0,-1.1440447729725585,-0.8619484131774695,TIME_LIMIT,178921,0,0,8,5
5,8,702239.0,-1.1440447729725585,-0.8619484131774695,TIME_LIMIT,178951,0,0,19,19
5,8,702417.0,-1.1440292984896434,-0.8619484131774695,TIME_LIMIT,178987,0,0,13,9
5,8,702622.0,-1.1440292984896434,-0.8619484131774695,TIME_LIMIT,179015,0,0,14,20
5,8,702756.0,-1.144021739711728,-0.8619484131774695,TIME_LIMIT,179040,0,0,18,10
5,8,702944.0,-1.144021739711728,-0.8619484131774695,TIME_LIMIT,179077,0,0,14,15
5,8,703064.0,-1.144007582154301,-0.8619484131774695,TIME_LIMIT,179100,0,0,7,9
5,8,703147.0,-1.144007582154301,-0.8619484131774695,TIME_LIMIT,179123,0,0,9,7
5,8,703273.0,-1.1440052893038533,-0.8619484131774695,TIME_LIMIT,179152,0,0,5,8
5,8,703372.0,-1.1440052893038533,-0.8619484131774695,TIME_LIMIT,179176,0,0,17,10
5,8,703431.0,-1.1439998358101473,-0.8619484131774695,TIME_LIMIT,179196,0,0,9,4
5,8,703626.0,-1.1439998358101473,-0.8619484131774695,TIME_LIMIT,179221,0,0,13,20
5,8,703768.0,-1.1439965723109387,-0.8619484131774695,TIME_LIMIT,179243,0,0,8,8
5,8,703841.0,-1.1439965723109387,-0.8619484131774695,TIME_LIMIT,179264,0,0,15,15
5,8,703938.0,-1.1439869732573846,-0.8619484131774695,TIME_LIMIT,179286,0,0,10,14
5,8,704104.0,-1.1439869732573846,-0.8619484131774695,TIME_LIMIT,179307,0,0,17,10
5,8,704152.0,-1.1439781319231292,-0.8619484131774695,TIME_LIMIT,179329,0,0,13,3
5,8,704267.0,-1.1439781319231292,-0.8619484131774695,TIME_LIMIT,179360,0,0,15,7
5,8,704390.0,-1.143975741910072,-0.8619484131774695,TIME_LIMIT,179391,0,0,9,11
5,8,704597.0,-1.143975741910072,-0.8619484131774695,TIME_LIMIT,179419,0,0,19,12
5,8,704693.0,-1.1439507958329753,-0.8619484131774695,TIME_LIMIT,179442,0,0,11,8
5,8,704817.0,-1.1439507958329753,-0.8619484131774695,TIME_LIMIT,179468,0,0,18,14
5,8,704917.0,-1.1439477885369773,-0.8619484131774695,TIME_LIMIT,179499,0,0,13,10
5,8,704996.0,-1.1439477885369773,-0.8619484131774695,TIME_LIMIT,179515,0,0,8,6
5,8,705121.0,-1.1439438421885992,-0.8619484131774695,TIME_LIMIT,179537,0,0,4,5
5,8,705238.0,-1.1439438421885992,-0.8619484131774695,TIME_LIMIT,179562,0,0,19,12
5,8,705441.0,-1.1438938304512936,-0.8619484131774695,TIME_LIMIT,179595,0,0,6,8
5,8,705477.0,-1.1438938304512936,-0.8619484131774695,TIME_LIMIT,179613,0,0,9,19
5,8,705663.0,-1.1438931587172252,-0.8619484131774695,TIME_LIMIT,179651,0,0,14,10
5,8,705784.0,-1.1438931587172252,-0.8619484131774695,TIME_LIMIT,179669,0,0,18,7
5,8,705917.0,-1.143890261877173,-0.8619484131774695,TIME_LIMIT,179703,0,0,15,7
5,8,706033.0,-1.143890261877173,-0.8619484131774695,TIME_LIMIT,179731,0,0,20,22
5,8,706257.0,-1.1438699024826722,-0.8619484131774695,TIME_LIMIT,179769,0,0,10,7
5,8,706335.0,-1.1438699024826722,-0.8619484131774695,TIME_LIMIT,179789,0,0,16,19
5,8,706521.0,-1.1438665219742485,-0.8619484131774695,TIME_LIMIT,179828,0,0,23,13
5,8,706665.0,-1.1438665219742485,-0.8619484131774695,TIME_LIMIT,179850,0,0,16,9
5,8,706886.0,-1.1438600562386092,-0.8619484131774695,TIME_LIMIT,179884,0,0,12,13
5,8,707015.0,-1.1438600562386092,-0.8619484131774695,TIME_LIMIT,179908,0,0,15,12
5,8,707029.0,-1.1438584052606457,-0.8619484131774695,TIME_LIMIT,179919,0,0,6,9
5,8,707215.0,-1.1438584052606457,-0.8619484131774695,TIME_LIMIT,179951,0,0,18,17
5,8,707284.0,-1.1438492324416702,-0.8619484131774695,TIME_LIMIT,179971,0,0,16,11
5,8,707410.0,-1.1438492324416702,-0.8619484131774695,TIME_LIMIT,179996,0,0,19,12
5,8,707499.0,-1.1438471483148462,-0.8619484131774695,TIME_LIMIT,180021,0,0,13,7
5,8,707560.0,-1.1438471483148462,-0.8619484131774695,TIME_LIMIT,180039,0,0,8,12
5,8,707592.0,-1.1438355901495056,-0.8619484131774695,TIME_LIMIT,180062,0,0,9,2
5,8,707730.0,-1.1438355901495056,-0.8619484131774695,TIME_LIMIT,180090,0,0,12,13
5,8,707776.0,-1.1438202865013587,-0.8619484131774695,TIME_LIMIT,180113,0,0,4,1
5,8,707850.0,-1.1438202865013587,-0.8619484131774695,TIME_LIMIT,180137,0,0,20,16
5,8,708025.0,-1.1438095593946547,-0.8619484131774695,TIME_LIMIT,180175,0,0,14,10
5,8,708089.0,-1.1438095593946547,-0.8619484131774695,TIME_LIMIT,180192,0,0,11,9
5,8,708216.0,-1.1438070207485584,-0.8619484131774695,TIME_LIMIT,180224,0,0,12,6
5,8,708308.0,-1.1438070207485584,-0.8619484131774695,TIME_LIMIT,180249,0,0,10,9
5,8,708388.0,-1.1438064093715385,-0.8619484131774695,TIME_LIMIT,180268,0,0,10,4
5,8,708593.0,-1.1438064093715385,-0.8619484131774695,TIME_LIMIT,180297,0,0,21,18
5,8,708735.0,-1.143791744655314,-0.8619484131774695,TIME_LIMIT,180331,0,0,17,8
5,8,708765.0,-1.143791744655314,-0.8619484131774695,TIME_LIMIT,180347,0,0,12,9
5,8,708820.0,-1.1437859222184084,-0.8619484131774695,TIME_LIMIT,180374,0,0,8,6
5,8,708864.0,-1.1437859222184084,-0.8619484131774695,TIME_LIMIT,180394,0,0,12,8
5,8,708933.0,-1.1437810500089114,-0.8619484131774695,TIME_LIMIT,180411,0,0,10,4
5,8,709133.0,-1.1437810500089114,-0.8619484131774695,TIME_LIMIT,180439,0,0,16,30
5,8,709271.0,-1.1437753278136362,-0.8619484131774695,TIME_LIMIT,180484,0,0,13,10
5,8,709348.0,-1.1437753278136362,-0.8619484131774695,TIME_LIMIT,180509,0,0,6,7
5,8,709422.0,-1.1437646743015573,-0.8619484131774695,TIME_LIMIT,180536,0,0,12,6
5,8,709653.0,-1.1437646743015573,-0.8619484131774695,TIME_LIMIT,180562,0,0,10,13
5,8,709850.0,-1.1437503107964089,-0.8619484131774695,TIME_LIMIT,180593,0,0,17,9
5,8,709924.0,-1.1437503107964089,-0.8619484131774695,TIME_LIMIT,180613,0,0,7,13
5,8,709989.0,-1.1437462805974226,-0.8619484131774695,TIME_LIMIT,180638,0,0,6,6
5,8,710178.0,-1.1437462805974226,-0.8619484131774695,TIME_LIMIT,180668,0,0,13,22
5,8,710240.0,-1.1437270628820917,-0.8619484131774695,TIME_LIMIT,180690,0,0,14,11
5,8,710369.0,-1.1437270628820917,-0.8619484131774695,TIME_LIMIT,180714,0,0,10,11
5,8,710523.0,-1.1437084044528023,-0.8619484131774695,TIME_LIMIT,180739,0,0,5,11
5,8,710570.0,-1.1437084044528023,-0.8619484131774695,TIME_LIMIT,180756,0,0,10,10
5,8,710609.0,-1.143688980195602,-0.8619484131774695,TIME_LIMIT,180771,0,0,6,1
5,8,710815.0,-1.143688980195602,-0.8619484131774695,TIME_LIMIT,180801,0,0,16,28
5,8,710893.0,-1.1436597429431457,-0.8619484131774695,TIME_LIMIT,180825,0,0,13,18
5,8,711054.0,-1.1436597429431457,-0.8619484131774695,TIME_LIMIT,180846,0,0,9,6
5,8,711109.0,-1.1436383019097875,-0.8619484131774695,TIME_LIMIT,180864,0,0,7,9
5,8,711177.0,-1.1436383019097875,-0.8619484131774695,TIME_LIMIT,180893,0,0,18,6
5,8,711239.0,-1.1436205952174114,-0.8619484131774695,TIME_LIMIT,180917,0,0,14,13
5,8,711374.0,-1.1436205952174114,-0.8619484131774695,TIME_LIMIT,180940,0,0,10,13
5,8,711494.0,-1.143603390004753,-0.8619484131774695,TIME_LIMIT,180970,0,0,11,8
5,8,711683.0,-1.143603390004753,-0.8619484131774695,TIME_LIMIT,180996,0,0,11,19
5,8,711923.0,-1.143575942271292,-0.8619484131774695,TIME_LIMIT,181030,0,0,17,11
5,8,711970.0,-1.143575942271292,-0.8619484131774695,TIME_LIMIT,181047,0,0,9,5
5,8,712047.0,-1.1435610190605974,-0.8619484131774695,TIME_LIMIT,181077,0,0,12,4
5,8,712154.0,-1.1435610190605974,-0.8619484131774695,TIME_LIMIT,181099,0,0,14,12
5,8,712324.0,-1.1435575805088853,-0.8619484131774695,TIME_LIMIT,181137,0,0,6,8
5,8,712389.0,-1.1435575805088853,-0.8619484131774695,TIME_LIMIT,181158,0,0,12,16
5,8,712455.0,-1.14355669226524,-0.8619484131774695,TIME_LIMIT,181185,0,0,9,7
5,8,712519.0,-1.14355669226524,-0.8619484131774695,TIME_LIMIT,181205,0,0,13,11
5,8,712615.0,-1.1435541034068395,-0.8619484131774695,TIME_LIMIT,181225,0,0,10,2
5,8,712706.0,-1.1435541034068395,-0.8619484131774695,TIME_LIMIT,181251,0,0,16,7
5,8,712786.0,-1.1435519711925701,-0.8619484131774695,TIME_LIMIT,181270,0,0,14,9
5,8,712872.0,-1.1435519711925701,-0.8619484131774695,TIME_LIMIT,181290,0,0,13,18
5,8,712944.0,-1.143530714945023,-0.8619484131774695,TIME_LIMIT,181313,0,0,10,9
5,8,713054.0,-1.143530714945023,-0.8619484131774695,TIME_LIMIT,181333,0,0,15,10
5,8,713368.0,-1.143496242207871,-0.8619484131774695,TIME_LIMIT,181366,0,0,12,11
5,8,713494.0,-1.143496242207871,-0.8619484131774695,TIME_LIMIT,181393,0,0,18,17
5,8,713553.0,-1.1434943081649334,-0.8619484131774695,TIME_LIMIT,181420,0,0,16,5
5,8,713654.0,-1.1434943081649334,-0.8619484131774695,TIME_LIMIT,181446,0,0,18,7
5,8,713750.0,-1.1434840586137711,-0.8619484131774695,TIME_LIMIT,181467,0,0,12,10
5,8,713968.0,-1.1434840586137711,-0.8619484131774695,TIME_LIMIT,181487,0,0,13,20
5,8,714098.0,-1.1434749411241014,-0.8619484131774695,TIME_LIMIT,181526,0,0,19,7
5,8,714176.0,-1.1434749411241014,-0.8619484131774695,TIME_LIMIT,181550,0,0,8,14
5,8,714266.0,-1.1434687004986954,-0.8619484131774695,TIME_LIMIT,181578,0,0,8,5
5,8,714359.0,-1.1434687004986954,-0.8619484131774695,TIME_LIMIT,181596,0,0,10,14
5,8,714386.0,-1.143445355206297,-0.8619484131774695,TIME_LIMIT,181619,0,0,7,4
5,8,714607.0,-1.143445355206297,-0.8619484131774695,TIME_LIMIT,181646,0,0,19,16
5,8,714747.0,-1.1434274288843076,-0.8619484131774695,TIME_LIMIT,181673,0,0,11,3
5,8,714949.0,-1.1434274288843076,-0.8619484131774695,TIME_LIMIT,181711,0,0,23,17
5,8,715146.0,-1.1434118596917895,-0.8619484131774695,TIME_LIMIT,181745,0,0,16,5
5,8,715239.0,-1.1434118596917895,-0.8619484131774695,TIME_LIMIT,181767,0,0,13,8
5,8,715267.0,-1.1434095683461163,-0.8619484131774695,TIME_LIMIT,181788,0,0,7,3
5,8,715347.0,-1.1434095683461163,-0.8619484131774695,TIME_LIMIT,181817,0,0,19,19
5,8,715415.0,-1.1434057775831763,-0.8619484131774695,TIME_LIMIT,181849,0,0,13,6
5,8,715507.0,-1.1434057775831763,-0.8619484131774695,TIME_LIMIT,181874,0,0,17,9
5,8,715560.0,-1.1434016770818163,-0.8619484131774695,TIME_LIMIT,181895,0,0,7,6
5,8,715682.0,-1.1434016770818163,-0.8619484131774695,TIME_LIMIT,181926,0,0,5,13
5,8,715823.0,-1.1433841047614604,-0.8619484131774695,TIME_LIMIT,181952,0,0,13,8
5,8,715892.0,-1.1433841047614604,-0.8619484131774695,TIME_LIMIT,181979,0,0,13,16
5,8,715995.0,-1.1433818370431115,-0.8619484131774695,TIME_LIMIT,182009,0,0,8,10
5,8,716194.0,-1.1433818370431115,-0.8619484131774695,TIME_LIMIT,182034,0,0,12,10
5,8,716347.0,-1.1433782127768743,-0.8619484131774695,TIME_LIMIT,182054,0,0,10,8
5,8,716453.0,-1.1433782127768743,-0.8619484131774695,TIME_LIMIT,182077,0,0,18,5
5,8,716580.0,-1.1433663856965621,-0.8619484131774695,TIME_LIMIT,182099,0,0,12,2
5,8,716611.0,-1.1433663856965621,-0.8619484131774695,TIME_LIMIT,182119,0,0,14,13
5,8,716803.0,-1.1433582840973802,-0.8619484131774695,TIME_LIMIT,182150,0,0,8,11
5,8,716962.0,-1.1433582840973802,-0.8619484131774695,TIME_LIMIT,182182,0,0,16,20
5,8,717196.0,-1.1433288502469758,-0.8619484131774695,TIME_LIMIT,182214,0,0,14,8
5,8,717269.0,-1.1433288502469758,-0.8619484131774695,TIME_LIMIT,182232,0,0,11,17
5,8,717467.0,-1.1433213754898601,-0.8619484131774695,TIME_LIMIT,182271,0,0,14,7
5,8,717537.0,-1.1433213754898601,-0.8619484131774695,TIME_LIMIT,182293,0,0,11,14
5,8,717715.0,-1.143320453022135,-0.8619484131774695,TIME_LIMIT,182325,0,0,11,12
5,8,717928.0,-1.143320453022135,-0.8619484131774695,TIME_LIMIT,182353,0,0,7,33
5,8,718167.0,-1.1433154260439078,-0.8619484131774695,TIME_LIMIT,182391,0,0,11,6
5,8,718370.0,-1.1433154260439078,-0.8619484131774695,TIME_LIMIT,182418,0,0,12,19
5,8,718594.0,-1.143312936485987,-0.8619484131774695,TIME_LIMIT,182455,0,0,8,12
5,8,718711.0,-1.143312936485987,-0.8619484131774695,TIME_LIMIT,182476,0,0,19,17
5,8,718765.0,-1.1433021060684974,-0.8619484131774695,TIME_LIMIT,182497,0,0,16,9
5,8,718809.0,-1.1433021060684974,-0.8619484131774695,TIME_LIMIT,182522,0,0,15,5
5,8,718929.0,-1.1432972134878034,-0.8619484131774695,TIME_LIMIT,182544,0,0,18,10
5,8,719118.0,-1.1432972134878034,-0.8619484131774695,TIME_LIMIT,182564,0,0,14,8
5,8,719188.0,-1.1432968125900378,-0.8619484131774695,TIME_LIMIT,182587,0,0,9,8
5,8,719261.0,-1.1432968125900378,-0.8619484131774695,TIME_LIMIT,182609,0,0,15,8
5,8,719342.0,-1.1432766460879742,-0.8619484131774695,TIME_LIMIT,182633,0,0,9,10
5,8,719427.0,-1.1432766460879742,-0.8619484131774695,TIME_LIMIT,182661,0,0,15,18
5,8,719653.0,-1.1432467316537387,-0.8619484131774695,TIME_LIMIT,182691,0,0,5,12
5,8,719858.0,-1.1432467316537387,-0.8619484131774695,TIME_LIMIT,182716,0,0,9,9
5,8,720042.0,-1.1432374578136155,-0.8619484131774695,TIME_LIMIT,182743,0,0,15,18
5,8,720118.0,-1.1432374578136155,-0.8619484131774695,TIME_LIMIT,182768,0,0,24,11
5,8,720198.0,-1.143224067146937,-0.8619484131774695,TIME_LIMIT,182800,0,0,11,4
5,8,720275.0,-1.143224067146937,-0.8619484131774695,TIME_LIMIT,182823,0,0,10,5
5,8,720371.0,-1.1432124053050803,-0.8619484131774695,TIME_LIMIT,182843,0,0,11,8
5,8,720420.0,-1.1432124053050803,-0.8619484131774695,TIME_LIMIT,182863,0,0,11,8
5,8,720460.0,-1.1431997507397722,-0.8619484131774695,TIME_LIMIT,182885,0,0,5,6
5,8,720538.0,-1.1431997507397722,-0.8619484131774695,TIME_LIMIT,182903,0,0,7,9
5,8,720598.0,-1.1431768253046466,-0.8619484131774695,TIME_LIMIT,182922,0,0,10,4
5,8,720786.0,-1.1431768253046466,-0.8619484131774695,TIME_LIMIT,182955,0,0,22,13
5,8,720940.0,-1.143175822255632,-0.8619484131774695,TIME_LIMIT,182984,0,0,19,10
5,8,721002.0,-1.143175822255632,-0.8619484131774695,TIME_LIMIT,183002,0,0,11,4
5,8,721027.0,-1.143168501263686,-0.8619484131774695,TIME_LIMIT,183022,0,0,8,5
5,8,721085.0,-1.143168501263686,-0.8619484131774695,TIME_LIMIT,183043,0,0,5,13
5,8,721119.0,-1.1431382152439786,-0.8619484131774695,TIME_LIMIT,183064,0,0,7,1
5,8,721193.0,-1.1431382152439786,-0.8619484131774695,TIME_LIMIT,183085,0,0,16,12
5,8,721265.0,-1.1431301947531982,-0.8619484131774695,TIME_LIMIT,183106,0,0,5,5
5,8,721312.0,-1.1431301947531982,-0.8619484131774695,TIME_LIMIT,183124,0,0,16,18
5,8,721342.0,-1.1431172017945423,-0.8619484131774695,TIME_LIMIT,183145,0,0,9,7
5,8,721441.0,-1.1431172017945423,-0.8619484131774695,TIME_LIMIT,183177,0,0,10,10
5,8,721545.0,-1.1430940198897792,-0.8619484131774695,TIME_LIMIT,183204,0,0,5,4
5,8,721624.0,-1.1430940198897792,-0.8619484131774695,TIME_LIMIT,183224,0,0,17,7
5,8,721733.0,-1.1430823295623698,-0.8619484131774695,TIME_LIMIT,183252,0,0,12,4
5,8,721798.0,-1.1430823295623698,-0.8619484131774695,TIME_LIMIT,183277,0,0,14,11
5,8,721972.0,-1.1430794468957668,-0.8619484131774695,TIME_LIMIT,183310,0,0,11,9
5,8,722095.0,-1.1430794468957668,-0.8619484131774695,TIME_LIMIT,183333,0,0,26,26
5,8,722344.0,-1.143077157387266,-0.8619484131774695,TIME_LIMIT,183370,0,0,17,16
5,8,722614.0,-1.143077157387266,-0.8619484131774695,TIME_LIMIT,183394,0,0,16,18
5,8,722883.0,-1.1430527507572557,-0.8619484131774695,TIME_LIMIT,183429,0,0,11,6
5,8,722950.0,-1.1430527507572557,-0.8619484131774695,TIME_LIMIT,183450,0,0,12,10
5,8,722999.0,-1.1430497399631325,-0.8619484131774695,TIME_LIMIT,183473,0,0,9,4
5,8,723114.0,-1.1430497399631325,-0.8619484131774695,TIME_LIMIT,183496,0,0,10,9
5,8,723191.0,-1.1430272440920246,-0.8619484131774695,TIME_LIMIT,183522,0,0,11,4
5,8,723240.0,-1.1430272440920246,-0.8619484131774695,TIME_LIMIT,183544,0,0,10,4
5,8,723296.0,-1.1430270901055903,-0.8619484131774695,TIME_LIMIT,183565,0,0,15,4
5,8,723418.0,-1.1430270901055903,-0.8619484131774695,TIME_LIMIT,183593,0,0,13,18
5,8,723473.0,-1.1430226895018103,-0.8619484131774695,TIME_LIMIT,183620,0,0,13,4
5,8,723552.0,-1.1430226895018103,-0.8619484131774695,TIME_LIMIT,183641,0,0,17,13
5,8,723626.0,-1.142949073707947,-0.8619484131774695,TIME_LIMIT,183662,0,0,4,6
5,8,723654.0,-1.142949073707947,-0.8619484131774695,TIME_LIMIT,183679,0,0,8,5
5,8,723675.0,-1.1429149063643598,-0.8619484131774695,TIME_LIMIT,183694,0,0,1,1
5,8,723814.0,-1.1429149063643598,-0.8619484131774695,TIME_LIMIT,183712,0,0,15,12
5,8,723945.0,-1.1429079881371065,-0.8619484131774695,TIME_LIMIT,183745,0,0,7,10
5,8,724014.0,-1.1429079881371065,-0.8619484131774695,TIME_LIMIT,183767,0,0,13,10
5,8,724090.0,-1.142899144734103,-0.8619484131774695,TIME_LIMIT,183794,0,0,8,8
5,8,724149.0,-1.142899144734103,-0.8619484131774695,TIME_LIMIT,183817,0,0,12,10
5,8,724233.0,-1.1428977571108723,-0.8619484131774695,TIME_LIMIT,183829,0,0,12,9
5,8,724301.0,-1.1428977571108723,-0.8619484131774695,TIME_LIMIT,183852,0,0,17,6
5,8,724336.0,-1.1428913186993621,-0.8619484131774695,TIME_LIMIT,183870,0,0,6,2
5,8,724397.0,-1.1428913186993621,-0.8619484131774695,TIME_LIMIT,183894,0,0,11,8
5,8,724426.0,-1.1428881991135873,-0.8619484131774695,TIME_LIMIT,183908,0,0,5,1
5,8,724490.0,-1.1428881991135873,-0.8619484131774695,TIME_LIMIT,183932,0,0,8,5
5,8,724582.0,-1.1428756318498787,-0.8619484131774695,TIME_LIMIT,183956,0,0,5,5
5,8,724666.0,-1.1428756318498787,-0.8619484131774695,TIME_LIMIT,183978,0,0,14,13
5,8,724720.0,-1.1428725307745484,-0.8619484131774695,TIME_LIMIT,184000,0,0,13,3
5,8,724835.0,-1.1428725307745484,-0.8619484131774695,TIME_LIMIT,184026,0,0,19,14
5,8,724888.0,-1.1428595449728662,-0.8619484131774695,TIME_LIMIT,184050,0,0,6,5
5,8,724952.0,-1.1428595449728662,-0.8619484131774695,TIME_LIMIT,184069,0,0,17,9
5,8,725081.0,-1.1428496005612252,-0.8619484131774695,TIME_LIMIT,184102,0,0,8,3
5,8,725225.0,-1.1428496005612252,-0.8619484131774695,TIME_LIMIT,184125,0,0,17,10
5,8,725354.0,-1.142832063504391,-0.8619484131774695,TIME_LIMIT,184152,0,0,12,15
5,8,725478.0,-1.142832063504391,-0.8619484131774695,TIME_LIMIT,184174,0,0,12,11
5,8,725543.0,-1.1428244146845274,-0.8619484131774695,TIME_LIMIT,184191,0,0,11,1
5,8,725623.0,-1.1428244146845274,-0.8619484131774695,TIME_LIMIT,184216,0,0,10,12
5,8,725682.0,-1.1428096099493015,-0.8619484131774695,TIME_LIMIT,184242,0,0,14,6
5,8,725699.0,-1.1428096099493015,-0.8619484131774695,TIME_LIMIT,184251,0,0,3,2
5,8,725710.0,-1.1428072697599223,-0.8619484131774695,TIME_LIMIT,184262,0,0,2,1
5,8,725783.0,-1.1428072697599223,-0.8619484131774695,TIME_LIMIT,184283,0,0,16,4
5,8,725835.0,-1.1427835580915753,-0.8619484131774695,TIME_LIMIT,184302,0,0,13,2
5,8,725999.0,-1.1427835580915753,-0.8619484131774695,TIME_LIMIT,184325,0,0,21,25
5,8,726104.0,-1.1427758226744766,-0.8619484131774695,TIME_LIMIT,184355,0,0,17,15
5,8,726207.0,-1.1427758226744766,-0.8619484131774695,TIME_LIMIT,184381,0,0,14,30
5,8,726429.0,-1.1427667219563777,-0.8619484131774695,TIME_LIMIT,184423,0,0,16,15
5,8,726627.0,-1.1427667219563777,-0.8619484131774695,TIME_LIMIT,184458,0,0,11,21
5,8,726716.0,-1.1427487247214005,-0.8619484131774695,TIME_LIMIT,184480,0,0,17,2
5,8,726944.0,-1.1427487247214005,-0.8619484131774695,TIME_LIMIT,184509,0,0,21,9
5,8,727215.0,-1.142747683149059,-0.8619484131774695,TIME_LIMIT,184534,0,0,17,12
5,8,727298.0,-1.142747683149059,-0.8619484131774695,TIME_LIMIT,184556,0,0,11,17
5,8,727424.0,-1.1427315541466536,-0.8619484131774695,TIME_LIMIT,184592,0,0,18,12
5,8,727509.0,-1.1427315541466536,-0.8619484131774695,TIME_LIMIT,184617,0,0,20,16
5,8,727602.0,-1.1427262762970785,-0.8619484131774695,TIME_LIMIT,184635,0,0,11,10
5,8,727721.0,-1.1427262762970785,-0.8619484131774695,TIME_LIMIT,184655,0,0,12,14
5,8,727814.0,-1.142720688375087,-0.8619484131774695,TIME_LIMIT,184683,0,0,12,13
5,8,727880.0,-1.142720688375087,-0.8619484131774695,TIME_LIMIT,184703,0,0,18,15
5,8,728069.0,-1.142705236001198,-0.8619484131774695,TIME_LIMIT,184735,0,0,14,10
5,8,728245.0,-1.142705236001198,-0.8619484131774695,TIME_LIMIT,184760,0,0,23,19
5,8,728384.0,-1.142658360411513,-0.8619484131774695,TIME_LIMIT,184783,0,0,9,7
5,8,728437.0,-1.142658360411513,-0.8619484131774695,TIME_LIMIT,184800,0,0,14,6
5,8,728498.0,-1.142656364264984,-0.8619484131774695,TIME_LIMIT,184831,0,0,10,10
5,8,728565.0,-1.142656364264984,-0.8619484131774695,TIME_LIMIT,184851,0,0,15,20
5,8,728754.0,-1.1426470816101688,-0.8619484131774695,TIME_LIMIT,184888,0,0,3,10
5,8,728849.0,-1.1426470816101688,-0.8619484131774695,TIME_LIMIT,184913,0,0,13,17
5,8,728922.0,-1.1426439935991075,-0.8619484131774695,TIME_LIMIT,184935,0,0,11,10
5,8,729026.0,-1.1426439935991075,-0.8619484131774695,TIME_LIMIT,184970,0,0,24,16
5,8,729217.0,-1.1426317334984692,-0.8619484131774695,TIME_LIMIT,184999,0,0,18,10
5,8,729381.0,-1.1426317334984692,-0.8619484131774695,TIME_LIMIT,185027,0,0,6,17
5,8,729498.0,-1.142615000189702,-0.8619484131774695,TIME_LIMIT,185057,0,0,12,7
5,8,729618.0,-1.142615000189702,-0.8619484131774695,TIME_LIMIT,185084,0,0,12,10
5,8,729727.0,-1.1425787339219644,-0.8619484131774695,TIME_LIMIT,185103,0,0,11,16
5,8,729809.0,-1.1425787339219644,-0.8619484131774695,TIME_LIMIT,185133,0,0,13,7
5,8,729865.0,-1.142548938259527,-0.8619484131774695,TIME_LIMIT,185150,0,0,8,2
5,8,729981.0,-1.142548938259527,-0.8619484131774695,TIME_LIMIT,185173,0,0,10,16
5,8,730185.0,-1.142517009359538,-0.8619484131774695,TIME_LIMIT,185206,0,0,6,5
5,8,730237.0,-1.142517009359538,-0.8619484131774695,TIME_LIMIT,185229,0,0,13,4
5,8,730318.0,-1.142489761086692,-0.8619484131774695,TIME_LIMIT,185248,0,0,10,4
5,8,730346.0,-1.142489761086692,-0.8619484131774695,TIME_LIMIT,185267,0,0,6,3
5,8,730398.0,-1.1424827870853036,-0.8619484131774695,TIME_LIMIT,185291,0,0,8,6
5,8,730478.0,-1.1424827870853036,-0.8619484131774695,TIME_LIMIT,185310,0,0,13,10
5,8,730519.0,-1.1424825403698453,-0.8619484131774695,TIME_LIMIT,185333,0,0,8,7
5,8,730587.0,-1.1424825403698453,-0.8619484131774695,TIME_LIMIT,185351,0,0,8,11
5,8,730633.0,-1.1424721429563622,-0.8619484131774695,TIME_LIMIT,185374,0,0,13,2
5,8,730705.0,-1.1424721429563622,-0.8619484131774695,TIME_LIMIT,185399,0,0,12,4
5,8,730755.0,-1.1424567672211288,-0.8619484131774695,TIME_LIMIT,185406,0,0,6,4
5,8,730861.0,-1.1424567672211288,-0.8619484131774695,TIME_LIMIT,185435,0,0,9,25
5,8,730999.0,-1.1424475932670024,-0.8619484131774695,TIME_LIMIT,185471,0,0,16,8
5,8,731108.0,-1.1424475932670024,-0.8619484131774695,TIME_LIMIT,185490,0,0,9,23
5,8,731313.0,-1.1424267902785108,-0.8619484131774695,TIME_LIMIT,185525,0,0,10,7
5,8,731485.0,-1.1424267902785108,-0.8619484131774695,TIME_LIMIT,185550,0,0,9,12
5,8,731555.0,-1.1424052253106431,-0.8619484131774695,TIME_LIMIT,185570,0,0,5,2
5,8,731620.0,-1.1424052253106431,-0.8619484131774695,TIME_LIMIT,185590,0,0,11,14
5,8,731722.0,-1.1423965858187985,-0.8619484131774695,TIME_LIMIT,185618,0,0,13,6
5,8,731926.0,-1.1423965858187985,-0.8619484131774695,TIME_LIMIT,185648,0,0,19,17
5,8,732145.0,-1.1423714831698155,-0.8619484131774695,TIME_LIMIT,185678,0,0,19,15
5,8,732233.0,-1.1423714831698155,-0.8619484131774695,TIME_LIMIT,185704,0,0,13,16
5,8,732371.0,-1.1423571682353728,-0.8619484131774695,TIME_LIMIT,185728,0,0,5,6
5,8,732413.0,-1.1423571682353728,-0.8619484131774695,TIME_LIMIT,185743,0,0,9,14
5,8,732493.0,-1.1423526683286869,-0.8619484131774695,TIME_LIMIT,185773,0,0,5,4
5,8,732565.0,-1.1423526683286869,-0.8619484131774695,TIME_LIMIT,185795,0,0,5,8
5,8,732663.0,-1.1423525926700941,-0.8619484131774695,TIME_LIMIT,185817,0,0,13,7
5,8,732785.0,-1.1423525926700941,-0.8619484131774695,TIME_LIMIT,185840,0,0,8,15
5,8,732936.0,-1.1423486541901373,-0.8619484131774695,TIME_LIMIT,185876,0,0,10,6
5,8,733058.0,-1.1423486541901373,-0.8619484131774695,TIME_LIMIT,185902,0,0,9,16
5,8,733183.0,-1.1423444201274338,-0.8619484131774695,TIME_LIMIT,185924,0,0,13,7
5,8,733281.0,-1.1423444201274338,-0.8619484131774695,TIME_LIMIT,185947,0,0,12,6
5,8,733370.0,-1.1423344386316518,-0.8619484131774695,TIME_LIMIT,185975,0,0,12,7
5,8,733441.0,-1.1423344386316518,-0.8619484131774695,TIME_LIMIT,185995,0,0,9,10
5,8,733533.0,-1.1423332163644524,-0.8619484131774695,TIME_LIMIT,186017,0,0,10,4
5,8,733609.0,-1.1423332163644524,-0.8619484131774695,TIME_LIMIT,186039,0,0,8,19
5,8,733682.0,-1.1422965169895003,-0.8619484131774695,TIME_LIMIT,186060,0,0,11,8
5,8,733780.0,-1.1422965169895003,-0.8619484131774695,TIME_LIMIT,186083,0,0,15,11
5,8,733974.0,-1.1422774441686623,-0.8619484131774695,TIME_LIMIT,186107,0,0,10,2
5,8,734054.0,-1.1422774441686623,-0.8619484131774695,TIME_LIMIT,186127,0,0,13,14
5,8,734083.0,-1.1422561498488357,-0.8619484131774695,TIME_LIMIT,186145,0,0,6,5
5,8,734205.0,-1.1422561498488357,-0.8619484131774695,TIME_LIMIT,186170,0,0,14,7
5,8,734389.0,-1.1422416528207222,-0.8619484131774695,TIME_LIMIT,186193,0,0,15,11
5,8,734416.0,-1.1422416528207222,-0.8619484131774695,TIME_LIMIT,186217,0,0,13,11
5,8,734543.0,-1.1422195414487049,-0.8619484131774695,TIME_LIMIT,186241,0,0,5,2
5,8,734718.0,-1.1422195414487049,-0.8619484131774695,TIME_LIMIT,186266,0,0,7,5
5,8,734786.0,-1.1422151657500925,-0.8619484131774695,TIME_LIMIT,186283,0,0,9,7
5,8,734859.0,-1.1422151657500925,-0.8619484131774695,TIME_LIMIT,186301,0,0,8,8
5,8,734955.0,-1.1422067719923035,-0.8619484131774695,TIME_LIMIT,186324,0,0,9,5
5,8,735035.0,-1.1422067719923035,-0.8619484131774695,TIME_LIMIT,186342,0,0,17,12
5,8,735171.0,-1.1422005445476076,-0.8619484131774695,TIME_LIMIT,186372,0,0,17,6
5,8,735263.0,-1.1422005445476076,-0.8619484131774695,TIME_LIMIT,186394,0,0,5,17
5,8,735418.0,-1.142199873960268,-0.8619484131774695,TIME_LIMIT,186426,0,0,15,4
5,8,735450.0,-1.142199873960268,-0.8619484131774695,TIME_LIMIT,186448,0,0,5,11
5,8,735604.0,-1.1421952393973218,-0.8619484131774695,TIME_LIMIT,186471,0,0,6,1
5,8,735675.0,-1.1421952393973218,-0.8619484131774695,TIME_LIMIT,186494,0,0,13,4
5,8,735708.0,-1.1421884023125473,-0.8619484131774695,TIME_LIMIT,186515,0,0,6,4
5,8,735773.0,-1.1421884023125473,-0.8619484131774695,TIME_LIMIT,186533,0,0,10,21
5,8,735847.0,-1.1421882668688803,-0.8619484131774695,TIME_LIMIT,186562,0,0,6,6
5,8,735892.0,-1.1421882668688803,-0.8619484131774695,TIME_LIMIT,186581,0,0,10,3
5,8,735904.0,-1.1421830074612838,-0.8619484131774695,TIME_LIMIT,186589,0,0,3,2
5,8,735971.0,-1.1421830074612838,-0.8619484131774695,TIME_LIMIT,186611,0,0,9,13
5,8,736058.0,-1.142158992243717,-0.8619484131774695,TIME_LIMIT,186641,0,0,12,8
5,8,736169.0,-1.142158992243717,-0.8619484131774695,TIME_LIMIT,186666,0,0,12,8
5,8,736210.0,-1.142142449208856,-0.8619484131774695,TIME_LIMIT,186691,0,0,15,1
5,8,736272.0,-1.142142449208856,-0.8619484131774695,TIME_LIMIT,186712,0,0,7,2
5,8,736290.0,-1.142141336379309,-0.8619484131774695,TIME_LIMIT,186727,0,0,7,2
5,8,736436.0,-1.142141336379309,-0.8619484131774695,TIME_LIMIT,186744,0,0,21,24
5,8,736588.0,-1.1421177092665222,-0.8619484131774695,TIME_LIMIT,186779,0,0,9,3
5,8,736652.0,-1.1421177092665222,-0.8619484131774695,TIME_LIMIT,186802,0,0,13,8
5,8,736696.0,-1.1421118432997526,-0.8619484131774695,TIME_LIMIT,186813,0,0,8,7
5,8,736828.0,-1.1421118432997526,-0.8619484131774695,TIME_LIMIT,186837,0,0,18,14
5,8,736978.0,-1.1421073311415975,-0.8619484131774695,TIME_LIMIT,186878,0,0,15,8
5,8,737032.0,-1.1421073311415975,-0.8619484131774695,TIME_LIMIT,186895,0,0,9,8
5,8,737093.0,-1.1420974085725693,-0.8619484131774695,TIME_LIMIT,186918,0,0,8,3
5,8,737195.0,-1.1420974085725693,-0.8619484131774695,TIME_LIMIT,186938,0,0,8,20
5,8,737261.0,-1.1420849548275591,-0.8619484131774695,TIME_LIMIT,186964,0,0,9,6
5,8,737303.0,-1.1420849548275591,-0.8619484131774695,TIME_LIMIT,186984,0,0,12,12
5,8,737394.0,-1.1420787760473243,-0.8619484131774695,TIME_LIMIT,187018,0,0,11,5
5,8,737478.0,-1.1420787760473243,-0.8619484131774695,TIME_LIMIT,187041,0,0,16,5
5,8,737576.0,-1.1420669618360444,-0.8619484131774695,TIME_LIMIT,187063,0,0,5,3
5,8,737780.0,-1.1420669618360444,-0.8619484131774695,TIME_LIMIT,187084,0,0,12,7
5,8,737911.0,-1.1420647810687548,-0.8619484131774695,TIME_LIMIT,187112,0,0,3,9
5,8,738068.0,-1.1420647810687548,-0.8619484131774695,TIME_LIMIT,187136,0,0,15,10
5,8,738223.0,-1.1420388767985254,-0.8619484131774695,TIME_LIMIT,187157,0,0,17,6
5,8,738313.0,-1.1420388767985254,-0.8619484131774695,TIME_LIMIT,187176,0,0,20,21
5,8,738431.0,-1.1420240877784498,-0.8619484131774695,TIME_LIMIT,187213,0,0,4,11
5,8,738553.0,-1.1420240877784498,-0.8619484131774695,TIME_LIMIT,187241,0,0,16,20
5,8,738686.0,-1.1419928911077863,-0.8619484131774695,TIME_LIMIT,187265,0,0,12,7
5,8,738765.0,-1.1419928911077863,-0.8619484131774695,TIME_LIMIT,187289,0,0,9,15
5,8,738858.0,-1.1419814656027147,-0.8619484131774695,TIME_LIMIT,187310,0,0,5,8
5,8,738961.0,-1.1419814656027147,-0.8619484131774695,TIME_LIMIT,187333,0,0,19,7
5,8,739054.0,-1.141980819953976,-0.8619484131774695,TIME_LIMIT,187357,0,0,11,11
5,8,739121.0,-1.141980819953976,-0.8619484131774695,TIME_LIMIT,187379,0,0,15,14
5,8,739193.0,-1.1419687232111944,-0.8619484131774695,TIME_LIMIT,187410,0,0,14,5
5,8,739385.0,-1.1419687232111944,-0.8619484131774695,TIME_LIMIT,187431,0,0,15,24
5,8,739508.0,-1.1419570963917227,-0.8619484131774695,TIME_LIMIT,187461,0,0,8,10
5,8,739661.0,-1.1419570963917227,-0.8619484131774695,TIME_LIMIT,187492,0,0,17,21
5,8,739831.0,-1.141940960630356,-0.8619484131774695,TIME_LIMIT,187518,0,0,12,9
5,8,739859.0,-1.141940960630356,-0.8619484131774695,TIME_LIMIT,187533,0,0,7,5
5,8,740027.0,-1.141934506841826,-0.8619484131774695,TIME_LIMIT,187563,0,0,15,11
5,8,740230.0,-1.141934506841826,-0.8619484131774695,TIME_LIMIT,187590,0,0,9,10
5,8,740346.0,-1.1419183454827249,-0.8619484131774695,TIME_LIMIT,187613,0,0,9,12
5,8,740391.0,-1.1419183454827249,-0.8619484131774695,TIME_LIMIT,187633,0,0,16,12
5,8,740524.0,-1.1419063628903898,-0.8619484131774695,TIME_LIMIT,187671,0,0,19,9
5,8,740603.0,-1.1419063628903898,-0.8619484131774695,TIME_LIMIT,187691,0,0,15,26
5,8,740714.0,-1.1418276278886987,-0.8619484131774695,TIME_LIMIT,187731,0,0,14,8
5,8,740856.0,-1.1418276278886987,-0.8619484131774695,TIME_LIMIT,187752,0,0,11,24
5,8,740962.0,-1.1418119178976165,-0.8619484131774695,TIME_LIMIT,187783,0,0,14,10
5,8,741112.0,-1.1418119178976165,-0.8619484131774695,TIME_LIMIT,187806,0,0,15,27
5,8,741265.0,-1.1417728403969845,-0.8619484131774695,TIME_LIMIT,187842,0,0,13,8
5,8,741405.0,-1.1417728403969845,-0.8619484131774695,TIME_LIMIT,187867,0,0,13,12
5,8,741484.0,-1.1417611432640276,-0.8619484131774695,TIME_LIMIT,187886,0,0,9,6
5,8,741685.0,-1.1417611432640276,-0.8619484131774695,TIME_LIMIT,187908,0,0,14,18
5,8,741910.0,-1.1417565349252174,-0.8619484131774695,TIME_LIMIT,187945,0,0,9,6
5,8,741973.0,-1.1417565349252174,-0.8619484131774695,TIME_LIMIT,187968,0,0,11,6
5,8,742002.0,-1.1417510087462042,-0.8619484131774695,TIME_LIMIT,187986,0,0,4,6
5,8,742076.0,-1.1417510087462042,-0.8619484131774695,TIME_LIMIT,188006,0,0,9,10
5,8,742155.0,-1.1417417661231855,-0.8619484131774695,TIME_LIMIT,188032,0,0,7,8
5,8,742302.0,-1.1417417661231855,-0.8619484131774695,TIME_LIMIT,188058,0,0,17,14
5,8,742510.0,-1.1417317052744629,-0.8619484131774695,TIME_LIMIT,188104,0,0,13,9
5,8,742653.0,-1.1417317052744629,-0.8619484131774695,TIME_LIMIT,188130,0,0,12,20
5,8,742742.0,-1.1417126658028354,-0.8619484131774695,TIME_LIMIT,188154,0,0,10,4
5,8,742911.0,-1.1417126658028354,-0.8619484131774695,TIME_LIMIT,188180,0,0,18,21
5,8,743044.0,-1.1417029949367459,-0.8619484131774695,TIME_LIMIT,188216,0,0,7,7
5,8,743204.0,-1.1417029949367459,-0.8619484131774695,TIME_LIMIT,188242,0,0,9,8
5,8,743273.0,-1.1417005128453421,-0.8619484131774695,TIME_LIMIT,188263,0,0,10,2
5,8,743477.0,-1.1417005128453421,-0.8619484131774695,TIME_LIMIT,188288,0,0,10,13
5,8,743713.0,-1.1416928337391203,-0.8619484131774695,TIME_LIMIT,188315,0,0,19,8
5,8,743967.0,-1.1416928337391203,-0.8619484131774695,TIME_LIMIT,188337,0,0,10,6
5,8,744151.0,-1.1416762026384728,-0.8619484131774695,TIME_LIMIT,188375,0,0,16,11
5,8,744249.0,-1.1416762026384728,-0.8619484131774695,TIME_LIMIT,188400,0,0,14,10
5,8,744384.0,-1.1416631885008142,-0.8619484131774695,TIME_LIMIT,188435,0,0,10,7
5,8,744462.0,-1.1416631885008142,-0.8619484131774695,TIME_LIMIT,188458,0,0,22,24
5,8,744661.0,-1.1416472832723634,-0.8619484131774695,TIME_LIMIT,188492,0,0,13,9
5,8,744853.0,-1.1416472832723634,-0.8619484131774695,TIME_LIMIT,188520,0,0,22,28
5,8,744943.0,-1.1416386643152867,-0.8619484131774695,TIME_LIMIT,188553,0,0,15,12
5,8,745051.0,-1.1416386643152867,-0.8619484131774695,TIME_LIMIT,188581,0,0,16,21
5,8,745178.0,-1.1416198906979425,-0.8619484131774695,TIME_LIMIT,188611,0,0,10,12
5,8,745222.0,-1.1416198906979425,-0.8619484131774695,TIME_LIMIT,188631,0,0,7,8
5,8,745283.0,-1.1416130357529837,-0.8619484131774695,TIME_LIMIT,188649,0,0,5,2
5,8,745425.0,-1.1416130357529837,-0.8619484131774695,TIME_LIMIT,188678,0,0,16,12
5,8,745494.0,-1.1415944132469524,-0.8619484131774695,TIME_LIMIT,188701,0,0,11,2
5,8,745587.0,-1.1415944132469524,-0.8619484131774695,TIME_LIMIT,188728,0,0,17,12
5,8,745707.0,-1.141579634822823,-0.8619484131774695,TIME_LIMIT,188764,0,0,11,14
5,8,745729.0,-1.141579634822823,-0.8619484131774695,TIME_LIMIT,188777,0,0,9,8
5,8,745797.0,-1.141559453413388,-0.8619484131774695,TIME_LIMIT,188805,0,0,5,7
5,8,745919.0,-1.141559453413388,-0.8619484131774695,TIME_LIMIT,188838,0,0,15,8
5,8,746032.0,-1.141527335976473,-0.8619484131774695,TIME_LIMIT,188859,0,0,4,14
5,8,746234.0,-1.141527335976473,-0.8619484131774695,TIME_LIMIT,188892,0,0,6,13
5,8,746328.0,-1.1414904276777844,-0.8619484131774695,TIME_LIMIT,188926,0,0,16,6
5,8,746448.0,-1.1414904276777844,-0.8619484131774695,TIME_LIMIT,188948,0,0,12,18
5,8,746562.0,-1.141465001806376,-0.8619484131774695,TIME_LIMIT,188978,0,0,9,4
5,8,746614.0,-1.141465001806376,-0.8619484131774695,TIME_LIMIT,188995,0,0,9,4
5,8,746707.0,-1.1414554680004498,-0.8619484131774695,TIME_LIMIT,189020,0,0,9,2
5,8,746885.0,-1.1414554680004498,-0.8619484131774695,TIME_LIMIT,189048,0,0,11,14
5,8,747090.0,-1.141445716952906,-0.8619484131774695,TIME_LIMIT,189083,0,0,12,10
5,8,747210.0,-1.141445716952906,-0.8619484131774695,TIME_LIMIT,189102,0,0,19,17
5,8,747421.0,-1.1414208636465089,-0.8619484131774695,TIME_LIMIT,189130,0,0,13,11
5,8,747487.0,-1.1414208636465089,-0.8619484131774695,TIME_LIMIT,189150,0,0,13,25
5,8,747618.0,-1.1414123306592563,-0.8619484131774695,TIME_LIMIT,189185,0,0,13,4
5,8,747667.0,-1.1414123306592563,-0.8619484131774695,TIME_LIMIT,189210,0,0,16,16
5,8,747755.0,-1.1414087183170434,-0.8619484131774695,TIME_LIMIT,189241,0,0,12,9
5,8,747811.0,-1.1414087183170434,-0.8619484131774695,TIME_LIMIT,189267,0,0,11,5
5,8,747981.0,-1.1413678706613608,-0.8619484131774695,TIME_LIMIT,189286,0,0,11,12
5,8,748051.0,-1.1413678706613608,-0.8619484131774695,TIME_LIMIT,189302,0,0,11,12
5,8,748274.0,-1.1413565931218455,-0.8619484131774695,TIME_LIMIT,189337,0,0,10,10
5,8,748412.0,-1.1413565931218455,-0.8619484131774695,TIME_LIMIT,189369,0,0,19,11
5,8,748569.0,-1.1413156474011206,-0.8619484131774695,TIME_LIMIT,189396,0,0,17,12
5,8,748720.0,-1.1413156474011206,-0.8619484131774695,TIME_LIMIT,189426,0,0,21,14
5,8,748884.0,-1.1412856690794253,-0.8619484131774695,TIME_LIMIT,189454,0,0,17,8
5,8,749084.0,-1.1412856690794253,-0.8619484131774695,TIME_LIMIT,189478,0,0,10,20
5,8,749286.0,-1.141275940495118,-0.8619484131774695,TIME_LIMIT,189516,0,0,9,13
5,8,749368.0,-1.141275940495118,-0.8619484131774695,TIME_LIMIT,189543,0,0,15,10
5,8,749445.0,-1.1412729359153386,-0.8619484131774695,TIME_LIMIT,189573,0,0,5,9
5,8,749630.0,-1.1412729359153386,-0.8619484131774695,TIME_LIMIT,189600,0,0,14,21
5,8,749777.0,-1.1412422453179218,-0.8619484131774695,TIME_LIMIT,189627,0,0,14,7
5,8,749852.0,-1.1412422453179218,-0.8619484131774695,TIME_LIMIT,189647,0,0,13,14
5,8,749980.0,-1.141241997423017,-0.8619484131774695,TIME_LIMIT,189683,0,0,10,9
5,8,750089.0,-1.141241997423017,-0.8619484131774695,TIME_LIMIT,189705,0,0,12,11
5,8,750249.0,-1.1412331196629726,-0.8619484131774695,TIME_LIMIT,189736,0,0,13,8
5,8,750439.0,-1.1412331196629726,-0.8619484131774695,TIME_LIMIT,189756,0,0,17,20
5,8,750640.0,-1.141206702730777,-0.8619484131774695,TIME_LIMIT,189797,0,0,15,14
5,8,750735.0,-1.141206702730777,-0.8619484131774695,TIME_LIMIT,189820,0,0,5,14
5,8,750804.0,-1.1411903710639137,-0.8619484131774695,TIME_LIMIT,189851,0,0,7,5
5,8,750852.0,-1.1411903710639137,-0.8619484131774695,TIME_LIMIT,189874,0,0,13,8
5,8,750987.0,-1.1411844730358562,-0.8619484131774695,TIME_LIMIT,189904,0,0,12,8
5,8,751057.0,-1.1411844730358562,-0.8619484131774695,TIME_LIMIT,189924,0,0,12,15
5,8,751257.0,-1.1411644862388646,-0.8619484131774695,TIME_LIMIT,189957,0,0,11,7
5,8,751305.0,-1.1411644862388646,-0.8619484131774695,TIME_LIMIT,189977,0,0,13,4
5,8,751362.0,-1.141164072488862,-0.8619484131774695,TIME_LIMIT,190001,0,0,7,4
5,8,751470.0,-1.141164072488862,-0.8619484131774695,TIME_LIMIT,190031,0,0,12,19
5,8,751589.0,-1.1411578520777992,-0.8619484131774695,TIME_LIMIT,190056,0,0,12,12
5,8,751633.0,-1.1411578520777992,-0.8619484131774695,TIME_LIMIT,190073,0,0,9,13
5,8,751805.0,-1.1411511725992374,-0.8619484131774695,TIME_LIMIT,190106,0,0,11,8
5,8,752012.0,-1.1411511725992374,-0.8619484131774695,TIME_LIMIT,190133,0,0,26,34
5,8,752162.0,-1.1411466750912527,-0.8619484131774695,TIME_LIMIT,190172,0,0,12,22
5,8,752253.0,-1.1411466750912527,-0.8619484131774695,TIME_LIMIT,190191,0,0,9,8
5,8,752404.0,-1.1411265571469769,-0.8619484131774695,TIME_LIMIT,190220,0,0,10,10
5,8,752486.0,-1.1411265571469769,-0.8619484131774695,TIME_LIMIT,190247,0,0,12,14
5,8,752602.0,-1.141102962210916,-0.8619484131774695,TIME_LIMIT,190278,0,0,8,6
5,8,752689.0,-1.141102962210916,-0.8619484131774695,TIME_LIMIT,190301,0,0,5,7
5,8,752727.0,-1.1411025200671259,-0.8619484131774695,TIME_LIMIT,190315,0,0,7,9
5,8,752770.0,-1.1411025200671259,-0.8619484131774695,TIME_LIMIT,190337,0,0,14,16
5,8,752886.0,-1.1411001701648091,-0.8619484131774695,TIME_LIMIT,190365,0,0,7,5
5,8,752952.0,-1.1411001701648091,-0.8619484131774695,TIME_LIMIT,190386,0,0,12,15
5,8,753031.0,-1.1410858086812445,-0.8619484131774695,TIME_LIMIT,190410,0,0,9,8
5,8,753111.0,-1.1410858086812445,-0.8619484131774695,TIME_LIMIT,190431,0,0,16,10
5,8,753323.0,-1.1410807875781372,-0.8619484131774695,TIME_LIMIT,190464,0,0,13,7
5,8,753581.0,-1.1410807875781372,-0.8619484131774695,TIME_LIMIT,190491,0,0,18,26
5,8,753744.0,-1.1410561823979326,-0.8619484131774695,TIME_LIMIT,190521,0,0,14,17
5,8,753859.0,-1.1410561823979326,-0.8619484131774695,TIME_LIMIT,190543,0,0,14,26
5,8,753992.0,-1.1410442693296383,-0.8619484131774695,TIME_LIMIT,190577,0,0,11,10
5,8,754123.0,-1.1410442693296383,-0.8619484131774695,TIME_LIMIT,190600,0,0,7,7
5,8,754150.0,-1.1410342246306555,-0.8619484131774695,TIME_LIMIT,190620,0,0,9,4
5,8,754224.0,-1.1410342246306555,-0.8619484131774695,TIME_LIMIT,190640,0,0,20,20
5,8,754304.0,-1.141014747536064,-0.8619484131774695,TIME_LIMIT,190670,0,0,8,5
5,8,754463.0,-1.141014747536064,-0.8619484131774695,TIME_LIMIT,190700,0,0,12,6
5,8,754642.0,-1.1410075211732797,-0.8619484131774695,TIME_LIMIT,190729,0,0,12,9
5,8,754756.0,-1.1410075211732797,-0.8619484131774695,TIME_LIMIT,190750,0,0,16,12
5,8,754938.0,-1.1409916076798874,-0.8619484131774695,TIME_LIMIT,190785,0,0,12,8
5,8,755132.0,-1.1409916076798874,-0.8619484131774695,TIME_LIMIT,190815,0,0,13,13
5,8,755278.0,-1.1409863501599662,-0.8619484131774695,TIME_LIMIT,190839,0,0,11,14
5,8,755407.0,-1.1409863501599662,-0.8619484131774695,TIME_LIMIT,190868,0,0,14,15
5,8,755550.0,-1.1409833317270628,-0.8619484131774695,TIME_LIMIT,190899,0,0,7,8
5,8,755681.0,-1.1409833317270628,-0.8619484131774695,TIME_LIMIT,190925,0,0,17,20
5,8,755752.0,-1.1409418508223317,-0.8619484131774695,TIME_LIMIT,190952,0,0,16,3
5,8,755841.0,-1.1409418508223317,-0.8619484131774695,TIME_LIMIT,190975,0,0,13,22
5,8,755969.0,-1.1409356241386202,-0.8619484131774695,TIME_LIMIT,191006,0,0,11,11
5,8,756019.0,-1.1409356241386202,-0.8619484131774695,TIME_LIMIT,191026,0,0,8,11
5,8,756122.0,-1.1409168724306924,-0.8619484131774695,TIME_LIMIT,191052,0,0,10,5
5,8,756178.0,-1.1409168724306924,-0.8619484131774695,TIME_LIMIT,191074,0,0,13,3
5,8,756249.0,-1.1409092922935342,-0.8619484131774695,TIME_LIMIT,191094,0,0,2,6
5,8,756334.0,-1.1409092922935342,-0.8619484131774695,TIME_LIMIT,191117,0,0,19,11
5,8,756414.0,-1.1408906481228387,-0.8619484131774695,TIME_LIMIT,191144,0,0,15,10
5,8,756475.0,-1.1408906481228387,-0.8619484131774695,TIME_LIMIT,191168,0,0,11,9
5,8,756545.0,-1.1408839389177132,-0.8619484131774695,TIME_LIMIT,191189,0,0,10,9
5,8,756646.0,-1.1408839389177132,-0.8619484131774695,TIME_LIMIT,191209,0,0,13,15
5,8,756820.0,-1.1408788043514995,-0.8619484131774695,TIME_LIMIT,191244,0,0,9,5
5,8,756910.0,-1.1408788043514995,-0.8619484131774695,TIME_LIMIT,191262,0,0,11,9
5,8,756984.0,-1.1408706978316134,-0.8619484131774695,TIME_LIMIT,191292,0,0,5,7
5,8,757065.0,-1.1408706978316134,-0.8619484131774695,TIME_LIMIT,191311,0,0,15,19
5,8,757158.0,-1.1408629327238402,-0.8619484131774695,TIME_LIMIT,191341,0,0,13,7
5,8,757288.0,-1.1408629327238402,-0.8619484131774695,TIME_LIMIT,191361,0,0,8,7
5,8,757365.0,-1.1408562331215188,-0.8619484131774695,TIME_LIMIT,191384,0,0,12,4
5,8,757418.0,-1.1408562331215188,-0.8619484131774695,TIME_LIMIT,191403,0,0,9,13
5,8,757442.0,-1.1408550845945526,-0.8619484131774695,TIME_LIMIT,191421,0,0,7,1
5,8,757472.0,-1.1408550845945526,-0.8619484131774695,TIME_LIMIT,191439,0,0,10,14
5,8,757593.0,-1.1408517388561392,-0.8619484131774695,TIME_LIMIT,191460,0,0,6,5
5,8,757678.0,-1.1408517388561392,-0.8619484131774695,TIME_LIMIT,191477,0,0,16,7
5,8,757722.0,-1.1408413958762624,-0.8619484131774695,TIME_LIMIT,191499,0,0,10,3
5,8,757790.0,-1.1408413958762624,-0.8619484131774695,TIME_LIMIT,191518,0,0,17,17
5,8,757877.0,-1.1407896484071365,-0.8619484131774695,TIME_LIMIT,191550,0,0,11,9
5,8,758003.0,-1.1407896484071365,-0.8619484131774695,TIME_LIMIT,191568,0,0,11,8
5,8,758028.0,-1.1407846565511077,-0.8619484131774695,TIME_LIMIT,191584,0,0,7,3
5,8,758118.0,-1.1407846565511077,-0.8619484131774695,TIME_LIMIT,191606,0,0,6,15
5,8,758263.0,-1.1407763542343519,-0.8619484131774695,TIME_LIMIT,191636,0,0,7,8
5,8,758305.0,-1.1407763542343519,-0.8619484131774695,TIME_LIMIT,191652,0,0,10,18
5,8,758512.0,-1.1407607381027032,-0.8619484131774695,TIME_LIMIT,191688,0,0,7,8
5,8,758679.0,-1.1407607381027032,-0.8619484131774695,TIME_LIMIT,191726,0,0,16,16
5,8,758884.0,-1.1407582513972379,-0.8619484131774695,TIME_LIMIT,191752,0,0,14,10
5,8,759042.0,-1.1407582513972379,-0.8619484131774695,TIME_LIMIT,191785,0,0,13,13
5,8,759234.0,-1.1407409114358324,-0.8619484131774695,TIME_LIMIT,191813,0,0,16,8
5,8,759317.0,-1.1407409114358324,-0.8619484131774695,TIME_LIMIT,191836,0,0,17,9
5,8,759379.0,-1.1407145835065675,-0.8619484131774695,TIME_LIMIT,191858,0,0,5,4
5,8,759471.0,-1.1407145835065675,-0.8619484131774695,TIME_LIMIT,191876,0,0,10,9
5,8,759610.0,-1.1406923739051635,-0.8619484131774695,TIME_LIMIT,191914,0,0,10,7
5,8,759761.0,-1.1406923739051635,-0.8619484131774695,TIME_LIMIT,191946,0,0,13,12
5,8,759852.0,-1.1406853842613733,-0.8619484131774695,TIME_LIMIT,191971,0,0,13,10
5,8,759935.0,-1.1406853842613733,-0.8619484131774695,TIME_LIMIT,191980,0,0,13,11
5,8,760014.0,-1.14068455231546,-0.8619484131774695,TIME_LIMIT,192008,0,0,2,5
5,8,760056.0,-1.14068455231546,-0.8619484131774695,TIME_LIMIT,192025,0,0,13,9
5,8,760103.0,-1.1406758089794893,-0.8619484131774695,TIME_LIMIT,192042,0,0,2,0
5,8,760132.0,-1.1406758089794893,-0.8619484131774695,TIME_LIMIT,192061,0,0,9,7
5,8,760205.0,-1.1406606561527277,-0.8619484131774695,TIME_LIMIT,192079,0,0,10,4
5,8,760258.0,-1.1406606561527277,-0.8619484131774695,TIME_LIMIT,192097,0,0,14,14
5,8,760327.0,-1.1406534244991933,-0.8619484131774695,TIME_LIMIT,192121,0,0,10,6
5,8,760486.0,-1.1406534244991933,-0.8619484131774695,TIME_LIMIT,192145,0,0,11,11
5,8,760626.0,-1.14061716219476,-0.8619484131774695,TIME_LIMIT,192180,0,0,15,12
5,8,760801.0,-1.14061716219476,-0.8619484131774695,TIME_LIMIT,192207,0,0,16,14
5,8,760982.0,-1.1406166310431998,-0.8619484131774695,TIME_LIMIT,192230,0,0,5,4
5,8,761131.0,-1.1406166310431998,-0.8619484131774695,TIME_LIMIT,192253,0,0,10,11
5,8,761211.0,-1.1406081292379284,-0.8619484131774695,TIME_LIMIT,192272,0,0,9,6
5,8,761402.0,-1.1406081292379284,-0.8619484131774695,TIME_LIMIT,192301,0,0,11,15
5,8,761601.0,-1.140607978090767,-0.8619484131774695,TIME_LIMIT,192338,0,0,14,9
5,8,761701.0,-1.140607978090767,-0.8619484131774695,TIME_LIMIT,192358,0,0,16,19
5,8,761799.0,-1.1406025625624676,-0.8619484131774695,TIME_LIMIT,192394,0,0,9,8
5,8,761881.0,-1.1406025625624676,-0.8619484131774695,TIME_LIMIT,192412,0,0,14,3
5,8,761914.0,-1.140592173333247,-0.8619484131774695,TIME_LIMIT,192432,0,0,8,5
5,8,761987.0,-1.140592173333247,-0.8619484131774695,TIME_LIMIT,192452,0,0,19,13
5,8,762147.0,-1.1405743736092318,-0.8619484131774695,TIME_LIMIT,192483,0,0,9,2
5,8,762218.0,-1.1405743736092318,-0.8619484131774695,TIME_LIMIT,192512,0,0,14,12
5,8,762254.0,-1.1405647011777695,-0.8619484131774695,TIME_LIMIT,192530,0,0,5,6
5,8,762369.0,-1.1405647011777695,-0.8619484131774695,TIME_LIMIT,192550,0,0,15,19
5,8,762410.0,-1.1405541045140688,-0.8619484131774695,TIME_LIMIT,192571,0,0,8,11
5,8,762555.0,-1.1405541045140688,-0.8619484131774695,TIME_LIMIT,192596,0,0,18,15
5,8,762702.0,-1.1405446619005166,-0.8619484131774695,TIME_LIMIT,192618,0,0,15,20
5,8,762836.0,-1.1405446619005166,-0.8619484131774695,TIME_LIMIT,192645,0,0,18,14
5,8,762935.0,-1.1405430697203403,-0.8619484131774695,TIME_LIMIT,192671,0,0,18,3
5,8,763061.0,-1.1405430697203403,-0.8619484131774695,TIME_LIMIT,192688,0,0,8,15
5,8,763203.0,-1.1405238859873674,-0.8619484131774695,TIME_LIMIT,192718,0,0,11,11
5,8,763295.0,-1.1405238859873674,-0.8619484131774695,TIME_LIMIT,192741,0,0,12,16
5,8,763425.0,-1.1405210532989905,-0.8619484131774695,TIME_LIMIT,192765,0,0,13,11
5,8,763510.0,-1.1405210532989905,-0.8619484131774695,TIME_LIMIT,192792,0,0,17,12
5,8,763543.0,-1.140520530318813,-0.8619484131774695,TIME_LIMIT,192812,0,0,10,4
5,8,763671.0,-1.140520530318813,-0.8619484131774695,TIME_LIMIT,192837,0,0,11,10
5,8,763758.0,-1.140518314051091,-0.8619484131774695,TIME_LIMIT,192868,0,0,6,7
5,8,763850.0,-1.140518314051091,-0.8619484131774695,TIME_LIMIT,192895,0,0,16,17
5,8,763934.0,-1.1405163457800838,-0.8619484131774695,TIME_LIMIT,192919,0,0,11,7
5,8,764026.0,-1.1405163457800838,-0.8619484131774695,TIME_LIMIT,192942,0,0,13,16
5,8,764150.0,-1.1405053507442358,-0.8619484131774695,TIME_LIMIT,192971,0,0,14,8
5,8,764351.0,-1.1405053507442358,-0.8619484131774695,TIME_LIMIT,192991,0,0,21,32
5,8,764524.0,-1.1404840588054812,-0.8619484131774695,TIME_LIMIT,193030,0,0,18,10
5,8,764586.0,-1.1404840588054812,-0.8619484131774695,TIME_LIMIT,193052,0,0,12,4
5,8,764629.0,-1.140478342636147,-0.8619484131774695,TIME_LIMIT,193069,0,0,6,3
5,8,764763.0,-1.140478342636147,-0.8619484131774695,TIME_LIMIT,193090,0,0,12,12
5,8,764888.0,-1.1404645707512313,-0.8619484131774695,TIME_LIMIT,193128,0,0,10,10
5,8,765031.0,-1.1404645707512313,-0.8619484131774695,TIME_LIMIT,193159,0,0,11,10
5,8,765154.0,-1.1404618469021122,-0.8619484131774695,TIME_LIMIT,193184,0,0,10,7
5,8,765302.0,-1.1404618469021122,-0.8619484131774695,TIME_LIMIT,193211,0,0,16,11
5,8,765544.0,-1.140440961973653,-0.8619484131774695,TIME_LIMIT,193239,0,0,6,5
5,8,765744.0,-1.140440961973653,-0.8619484131774695,TIME_LIMIT,193262,0,0,20,26
5,8,765987.0,-1.140424811208295,-0.8619484131774695,TIME_LIMIT,193299,0,0,10,8
5,8,766043.0,-1.140424811208295,-0.8619484131774695,TIME_LIMIT,193310,0,0,3,5
5,8,766065.0,-1.1404233788878289,-0.8619484131774695,TIME_LIMIT,193327,0,0,6,2
5,8,766184.0,-1.1404233788878289,-0.8619484131774695,TIME_LIMIT,193361,0,0,15,5
5,8,766257.0,-1.1404039290663053,-0.8619484131774695,TIME_LIMIT,193376,0,0,7,8
5,8,766340.0,-1.1404039290663053,-0.8619484131774695,TIME_LIMIT,193397,0,0,19,11
5,8,766462.0,-1.1403990533947168,-0.8619484131774695,TIME_LIMIT,193427,0,0,8,6
5,8,766549.0,-1.1403990533947168,-0.8619484131774695,TIME_LIMIT,193455,0,0,20,17
5,8,766794.0,-1.1403960828488147,-0.8619484131774695,TIME_LIMIT,193500,0,0,22,14
5,8,766891.0,-1.1403960828488147,-0.8619484131774695,TIME_LIMIT,193525,0,0,14,3
5,8,766966.0,-1.1403830168863438,-0.8619484131774695,TIME_LIMIT,193542,0,0,11,7
5,8,767009.0,-1.1403830168863438,-0.8619484131774695,TIME_LIMIT,193559,0,0,8,10
5,8,767064.0,-1.1403725451029418,-0.8619484131774695,TIME_LIMIT,193583,0,0,5,6
5,8,767265.0,-1.1403725451029418,-0.8619484131774695,TIME_LIMIT,193618,0,0,17,7
5,8,767439.0,-1.1403607325269973,-0.8619484131774695,TIME_LIMIT,193646,0,0,21,14
5,8,767485.0,-1.1403607325269973,-0.8619484131774695,TIME_LIMIT,193659,0,0,12,4
5,8,767515.0,-1.140352047207433,-0.8619484131774695,TIME_LIMIT,193677,0,0,7,3
5,8,767588.0,-1.140352047207433,-0.8619484131774695,TIME_LIMIT,193704,0,0,17,26
5,8,767751.0,-1.1403147339425548,-0.8619484131774695,TIME_LIMIT,193741,0,0,6,6
5,8,767795.0,-1.1403147339425548,-0.8619484131774695,TIME_LIMIT,193760,0,0,13,7
5,8,767861.0,-1.1403101167453142,-0.8619484131774695,TIME_LIMIT,193782,0,0,8,4
5,8,767986.0,-1.1403101167453142,-0.8619484131774695,TIME_LIMIT,193808,0,0,12,8
5,8,768011.0,-1.1403071187086704,-0.8619484131774695,TIME_LIMIT,193821,0,0,6,9
5,8,768085.0,-1.1403071187086704,-0.8619484131774695,TIME_LIMIT,193837,0,0,6,3
5,8,768126.0,-1.1403067530735331,-0.8619484131774695,TIME_LIMIT,193867,0,0,3,8
5,8,768275.0,-1.1403067530735331,-0.8619484131774695,TIME_LIMIT,193894,0,0,11,13
5,8,768379.0,-1.1403048093975423,-0.8619484131774695,TIME_LIMIT,193916,0,0,10,9
5,8,768514.0,-1.1403048093975423,-0.8619484131774695,TIME_LIMIT,193940,0,0,20,27
5,8,768635.0,-1.1402890306346016,-0.8619484131774695,TIME_LIMIT,193985,0,0,18,12
5,8,768776.0,-1.1402890306346016,-0.8619484131774695,TIME_LIMIT,194003,0,0,13,14
5,8,768893.0,-1.140288619474861,-0.8619484131774695,TIME_LIMIT,194033,0,0,13,4
5,8,769045.0,-1.140288619474861,-0.8619484131774695,TIME_LIMIT,194059,0,0,18,10
5,8,769119.0,-1.1402549782388895,-0.8619484131774695,TIME_LIMIT,194086,0,0,13,10
5,8,769166.0,-1.1402549782388895,-0.8619484131774695,TIME_LIMIT,194104,0,0,8,5
5,8,769207.0,-1.1402432913069092,-0.8619484131774695,TIME_LIMIT,194121,0,0,8,1
5,8,769243.0,-1.1402432913069092,-0.8619484131774695,TIME_LIMIT,194136,0,0,8,2
5,8,769295.0,-1.1402327118000377,-0.8619484131774695,TIME_LIMIT,194155,0,0,10,1
5,8,769379.0,-1.1402327118000377,-0.8619484131774695,TIME_LIMIT,194179,0,0,16,12
5,8,769473.0,-1.1402270426743475,-0.8619484131774695,TIME_LIMIT,194210,0,0,14,3
5,8,769650.0,-1.1402270426743475,-0.8619484131774695,TIME_LIMIT,194235,0,0,16,7
5,8,769779.0,-1.1402210496919831,-0.8619484131774695,TIME_LIMIT,194256,0,0,10,6
5,8,769839.0,-1.1402210496919831,-0.8619484131774695,TIME_LIMIT,194277,0,0,20,11
5,8,769928.0,-1.1402085324657745,-0.8619484131774695,TIME_LIMIT,194309,0,0,12,4
5,8,769994.0,-1.1402085324657745,-0.8619484131774695,TIME_LIMIT,194333,0,0,12,9
5,8,770065.0,-1.1401952233090564,-0.8619484131774695,TIME_LIMIT,194356,0,0,7,4
5,8,770208.0,-1.1401952233090564,-0.8619484131774695,TIME_LIMIT,194383,0,0,12,20
5,8,770286.0,-1.140189602935719,-0.8619484131774695,TIME_LIMIT,194416,0,0,20,6
5,8,770391.0,-1.140189602935719,-0.8619484131774695,TIME_LIMIT,194438,0,0,15,11
5,8,770471.0,-1.140187804560429,-0.8619484131774695,TIME_LIMIT,194469,0,0,10,5
5,8,770581.0,-1.140187804560429,-0.8619484131774695,TIME_LIMIT,194489,0,0,13,11
5,8,770711.0,-1.1401773225868994,-0.8619484131774695,TIME_LIMIT,194522,0,0,9,5
5,8,770846.0,-1.1401773225868994,-0.8619484131774695,TIME_LIMIT,194551,0,0,19,21
5,8,770933.0,-1.140169641967411,-0.8619484131774695,TIME_LIMIT,194585,0,0,10,9
5,8,770974.0,-1.140169641967411,-0.8619484131774695,TIME_LIMIT,194601,0,0,6,8
5,8,770998.0,-1.1401544724847443,-0.8619484131774695,TIME_LIMIT,194616,0,0,5,5
5,8,771064.0,-1.1401544724847443,-0.8619484131774695,TIME_LIMIT,194633,0,0,18,11
5,8,771155.0,-1.1401251102246706,-0.8619484131774695,TIME_LIMIT,194657,0,0,11,6
5,8,771243.0,-1.1401251102246706,-0.8619484131774695,TIME_LIMIT,194678,0,0,6,8
5,8,771353.0,-1.1401232238874488,-0.8619484131774695,TIME_LIMIT,194709,0,0,11,5
5,8,771542.0,-1.1401232238874488,-0.8619484131774695,TIME_LIMIT,194733,0,0,16,17
5,8,771601.0,-1.1401180899061139,-0.8619484131774695,TIME_LIMIT,194763,0,0,6,8
5,8,771672.0,-1.1401180899061139,-0.8619484131774695,TIME_LIMIT,194788,0,0,21,11
5,8,771817.0,-1.1401143255256767,-0.8619484131774695,TIME_LIMIT,194825,0,0,13,13
5,8,771865.0,-1.1401143255256767,-0.8619484131774695,TIME_LIMIT,194838,0,0,4,7
5,8,771934.0,-1.1401111395582861,-0.8619484131774695,TIME_LIMIT,194862,0,0,5,4
5,8,772102.0,-1.1401111395582861,-0.8619484131774695,TIME_LIMIT,194884,0,0,11,15
5,8,772284.0,-1.1401048276719195,-0.8619484131774695,TIME_LIMIT,194926,0,0,11,10
5,8,772465.0,-1.1401048276719195,-0.8619484131774695,TIME_LIMIT,194948,0,0,12,13
5,8,772555.0,-1.1401001000823954,-0.8619484131774695,TIME_LIMIT,194976,0,0,11,6
5,8,772629.0,-1.1401001000823954,-0.8619484131774695,TIME_LIMIT,194999,0,0,12,8
5,8,772832.0,-1.140099442642244,-0.8619484131774695,TIME_LIMIT,195035,0,0,17,16
5,8,772933.0,-1.140099442642244,-0.8619484131774695,TIME_LIMIT,195056,0,0,5,11
5,8,772985.0,-1.1400578350802353,-0.8619484131774695,TIME_LIMIT,195077,0,0,12,6
5,8,773080.0,-1.1400578350802353,-0.8619484131774695,TIME_LIMIT,195094,0,0,10,10
5,8,773100.0,-1.140054357069678,-0.8619484131774695,TIME_LIMIT,195112,0,0,6,2
5,8,773174.0,-1.140054357069678,-0.8619484131774695,TIME_LIMIT,195135,0,0,13,7
5,8,773249.0,-1.1400458708243748,-0.8619484131774695,TIME_LIMIT,195157,0,0,11,5
5,8,773349.0,-1.1400458708243748,-0.8619484131774695,TIME_LIMIT,195186,0,0,10,9
5,8,773525.0,-1.140042268611299,-0.8619484131774695,TIME_LIMIT,195213,0,0,18,5
5,8,773678.0,-1.140042268611299,-0.8619484131774695,TIME_LIMIT,195235,0,0,16,13
5,8,773832.0,-1.1400264824699227,-0.8619484131774695,TIME_LIMIT,195271,0,0,13,14
5,8,774035.0,-1.1400264824699227,-0.8619484131774695,TIME_LIMIT,195296,0,0,12,15
5,8,774179.0,-1.140004623221939,-0.8619484131774695,TIME_LIMIT,195324,0,0,14,9
5,8,774356.0,-1.140004623221939,-0.8619484131774695,TIME_LIMIT,195348,0,0,22,21
5,8,774625.0,-1.1400000050563768,-0.8619484131774695,TIME_LIMIT,195384,0,0,13,11
5,8,774781.0,-1.1400000050563768,-0.8619484131774695,TIME_LIMIT,195406,0,0,21,19
5,8,774884.0,-1.139963838365586,-0.8619484131774695,TIME_LIMIT,195438,0,0,10,6
5,8,774936.0,-1.139963838365586,-0.8619484131774695,TIME_LIMIT,195455,0,0,13,11
5,8,774978.0,-1.1399533357623612,-0.8619484131774695,TIME_LIMIT,195479,0,0,7,4
5,8,775055.0,-1.1399533357623612,-0.8619484131774695,TIME_LIMIT,195501,0,0,13,6
5,8,775186.0,-1.1399476072737302,-0.8619484131774695,TIME_LIMIT,195530,0,0,9,6
5,8,775359.0,-1.1399476072737302,-0.8619484131774695,TIME_LIMIT,195561,0,0,22,13
5,8,775549.0,-1.1399319790360414,-0.8619484131774695,TIME_LIMIT,195599,0,0,13,13
5,8,775667.0,-1.1399319790360414,-0.8619484131774695,TIME_LIMIT,195622,0,0,11,12
5,8,775742.0,-1.1399318465327106,-0.8619484131774695,TIME_LIMIT,195651,0,0,3,7
5,8,775851.0,-1.1399318465327106,-0.8619484131774695,TIME_LIMIT,195685,0,0,18,9
5,8,775982.0,-1.1399284303954325,-0.8619484131774695,TIME_LIMIT,195707,0,0,9,9
5,8,776117.0,-1.1399284303954325,-0.8619484131774695,TIME_LIMIT,195737,0,0,17,20
5,8,776227.0,-1.1399226348568539,-0.8619484131774695,TIME_LIMIT,195761,0,0,11,11
5,8,776314.0,-1.1399226348568539,-0.8619484131774695,TIME_LIMIT,195781,0,0,17,10
5,8,776418.0,-1.1399137818560316,-0.8619484131774695,TIME_LIMIT,195812,0,0,10,10
5,8,776444.0,-1.1399137818560316,-0.8619484131774695,TIME_LIMIT,195830,0,0,7,7
5,8,776486.0,-1.139911406159333,-0.8619484131774695,TIME_LIMIT,195849,0,0,8,4
5,8,776594.0,-1.139911406159333,-0.8619484131774695,TIME_LIMIT,195870,0,0,10,13
5,8,776686.0,-1.1398943487208797,-0.8619484131774695,TIME_LIMIT,195901,0,0,9,7
5,8,776935.0,-1.1398943487208797,-0.8619484131774695,TIME_LIMIT,195927,0,0,16,16
5,8,777120.0,-1.1398831861473047,-0.8619484131774695,TIME_LIMIT,195961,0,0,10,13
5,8,777220.0,-1.1398831861473047,-0.8619484131774695,TIME_LIMIT,195984,0,0,7,14
5,8,777314.0,-1.1398604267698937,-0.8619484131774695,TIME_LIMIT,196014,0,0,7,7
5,8,777353.0,-1.1398604267698937,-0.8619484131774695,TIME_LIMIT,196034,0,0,8,11
5,8,777474.0,-1.1398539361217912,-0.8619484131774695,TIME_LIMIT,196062,0,0,6,6
5,8,777642.0,-1.1398539361217912,-0.8619484131774695,TIME_LIMIT,196093,0,0,11,19
5,8,777707.0,-1.1398389107007192,-0.8619484131774695,TIME_LIMIT,196119,0,0,15,14
5,8,777787.0,-1.1398389107007192,-0.8619484131774695,TIME_LIMIT,196143,0,0,13,14
5,8,777928.0,-1.1398140292817511,-0.8619484131774695,TIME_LIMIT,196164,0,0,10,6
5,8,778123.0,-1.1398140292817511,-0.8619484131774695,TIME_LIMIT,196197,0,0,14,16
5,8,778312.0,-1.1398075817082707,-0.8619484131774695,TIME_LIMIT,196232,0,0,14,22
5,8,778382.0,-1.1398075817082707,-0.8619484131774695,TIME_LIMIT,196254,0,0,21,8
5,8,778508.0,-1.1397961159669465,-0.8619484131774695,TIME_LIMIT,196291,0,0,7,13
5,8,778609.0,-1.1397961159669465,-0.8619484131774695,TIME_LIMIT,196320,0,0,14,12
5,8,778674.0,-1.1397959397730775,-0.8619484131774695,TIME_LIMIT,196336,0,0,8,11
5,8,778875.0,-1.1397959397730775,-0.8619484131774695,TIME_LIMIT,196362,0,0,13,7
5,8,779094.0,-1.1397655039453336,-0.8619484131774695,TIME_LIMIT,196396,0,0,19,19
5,8,779155.0,-1.1397655039453336,-0.8619484131774695,TIME_LIMIT,196415,0,0,13,11
5,8,779193.0,-1.139764503280492,-0.8619484131774695,TIME_LIMIT,196438,0,0,8,6
5,8,779263.0,-1.139764503280492,-0.8619484131774695,TIME_LIMIT,196455,0,0,10,13
5,8,779280.0,-1.1397429902961742,-0.8619484131774695,TIME_LIMIT,196473,0,0,7,4
5,8,779400.0,-1.1397429902961742,-0.8619484131774695,TIME_LIMIT,196501,0,0,15,8
5,8,779553.0,-1.1397426717900383,-0.8619484131774695,TIME_LIMIT,196534,0,0,8,7
5,8,779651.0,-1.1397426717900383,-0.8619484131774695,TIME_LIMIT,196549,0,0,6,7
5,8,779699.0,-1.1397418911842245,-0.8619484131774695,TIME_LIMIT,196568,0,0,5,4
5,8,779759.0,-1.1397418911842245,-0.8619484131774695,TIME_LIMIT,196585,0,0,6,12
5,8,779864.0,-1.139740326199062,-0.8619484131774695,TIME_LIMIT,196614,0,0,8,12
5,8,779930.0,-1.139740326199062,-0.8619484131774695,TIME_LIMIT,196633,0,0,16,22
5,8,780125.0,-1.1397265564243324,-0.8619484131774695,TIME_LIMIT,196667,0,0,12,6
5,8,780215.0,-1.1397265564243324,-0.8619484131774695,TIME_LIMIT,196685,0,0,13,6
5,8,780287.0,-1.1397209980026335,-0.8619484131774695,TIME_LIMIT,196714,0,0,11,7
5,8,780371.0,-1.1397209980026335,-0.8619484131774695,TIME_LIMIT,196738,0,0,15,12
5,8,780448.0,-1.1397189096964404,-0.8619484131774695,TIME_LIMIT,196761,0,0,8,6
5,8,780493.0,-1.1397189096964404,-0.8619484131774695,TIME_LIMIT,196779,0,0,4,9
5,8,780574.0,-1.1397024363979087,-0.8619484131774695,TIME_LIMIT,196813,0,0,13,11
5,8,780633.0,-1.1397024363979087,-0.8619484131774695,TIME_LIMIT,196832,0,0,11,20
5,8,780717.0,-1.139700317535943,-0.8619484131774695,TIME_LIMIT,196860,0,0,10,5
5,8,780814.0,-1.139700317535943,-0.8619484131774695,TIME_LIMIT,196882,0,0,11,18
5,8,780893.0,-1.13968782111424,-0.8619484131774695,TIME_LIMIT,196909,0,0,2,5
5,8,781026.0,-1.13968782111424,-0.8619484131774695,TIME_LIMIT,196927,0,0,16,27
5,8,781164.0,-1.139669823353735,-0.8619484131774695,TIME_LIMIT,196961,0,0,8,11
5,8,781258.0,-1.139669823353735,-0.8619484131774695,TIME_LIMIT,196990,0,0,21,17
5,8,781330.0,-1.1396618847526958,-0.8619484131774695,TIME_LIMIT,197016,0,0,14,9
5,8,781548.0,-1.1396618847526958,-0.8619484131774695,TIME_LIMIT,197042,0,0,21,4
5,8,781597.0,-1.1396598310632238,-0.8619484131774695,TIME_LIMIT,197064,0,0,12,4
5,8,781682.0,-1.1396598310632238,-0.8619484131774695,TIME_LIMIT,197090,0,0,16,13
5,8,781749.0,-1.1396498452259827,-0.8619484131774695,TIME_LIMIT,197114,0,0,16,12
5,8,781834.0,-1.1396498452259827,-0.8619484131774695,TIME_LIMIT,197140,0,0,18,4
5,8,782000.0,-1.139615565941226,-0.8619484131774695,TIME_LIMIT,197164,0,0,8,8
5,8,782115.0,-1.139615565941226,-0.8619484131774695,TIME_LIMIT,197189,0,0,12,4
5,8,782141.0,-1.1396023354566336,-0.8619484131774695,TIME_LIMIT,197207,0,0,6,6
5,8,782207.0,-1.1396023354566336,-0.8619484131774695,TIME_LIMIT,197227,0,0,14,11
5,8,782262.0,-1.1395846353054933,-0.8619484131774695,TIME_LIMIT,197252,0,0,8,2
5,8,782306.0,-1.1395846353054933,-0.8619484131774695,TIME_LIMIT,197270,0,0,10,7
5,8,782386.0,-1.1395826133082192,-0.8619484131774695,TIME_LIMIT,197297,0,0,8,8
5,8,782464.0,-1.1395826133082192,-0.8619484131774695,TIME_LIMIT,197321,0,0,5,24
5,8,782640.0,-1.1395755469644144,-0.8619484131774695,TIME_LIMIT,197354,0,0,11,11
5,8,782732.0,-1.1395755469644144,-0.8619484131774695,TIME_LIMIT,197369,0,0,14,12
5,8,782866.0,-1.1395697360226282,-0.8619484131774695,TIME_LIMIT,197390,0,0,14,5
5,8,782958.0,-1.1395697360226282,-0.8619484131774695,TIME_LIMIT,197412,0,0,15,11
5,8,783040.0,-1.139566730622888,-0.8619484131774695,TIME_LIMIT,197436,0,0,8,8
5,8,783261.0,-1.139566730622888,-0.8619484131774695,TIME_LIMIT,197461,0,0,22,16
5,8,783408.0,-1.139557020242504,-0.8619484131774695,TIME_LIMIT,197488,0,0,16,13
5,8,783545.0,-1.139557020242504,-0.8619484131774695,TIME_LIMIT,197507,0,0,14,24
5,8,783745.0,-1.1395535540831399,-0.8619484131774695,TIME_LIMIT,197541,0,0,10,11
5,8,783823.0,-1.1395535540831399,-0.8619484131774695,TIME_LIMIT,197554,0,0,10,15
5,8,783869.0,-1.1395343241871112,-0.8619484131774695,TIME_LIMIT,197578,0,0,10,6
5,8,783944.0,-1.1395343241871112,-0.8619484131774695,TIME_LIMIT,197605,0,0,8,25
5,8,784067.0,-1.1395269952182339,-0.8619484131774695,TIME_LIMIT,197627,0,0,16,11
5,8,784117.0,-1.1395269952182339,-0.8619484131774695,TIME_LIMIT,197644,0,0,10,12
5,8,784137.0,-1.1395189225637128,-0.8619484131774695,TIME_LIMIT,197665,0,0,8,3
5,8,784231.0,-1.1395189225637128,-0.8619484131774695,TIME_LIMIT,197689,0,0,4,10
5,8,784341.0,-1.1394920074505375,-0.8619484131774695,TIME_LIMIT,197710,0,0,3,4
5,8,784474.0,-1.1394920074505375,-0.8619484131774695,TIME_LIMIT,197738,0,0,3,18
5,8,784565.0,-1.1394852337747565,-0.8619484131774695,TIME_LIMIT,197767,0,0,9,5
5,8,784651.0,-1.1394852337747565,-0.8619484131774695,TIME_LIMIT,197787,0,0,7,6
5,8,784711.0,-1.139468278349935,-0.8619484131774695,TIME_LIMIT,197813,0,0,14,6
5,8,784796.0,-1.139468278349935,-0.8619484131774695,TIME_LIMIT,197834,0,0,8,15
5,8,785014.0,-1.1394635073765038,-0.8619484131774695,TIME_LIMIT,197857,0,0,16,15
5,8,785197.0,-1.1394635073765038,-0.8619484131774695,TIME_LIMIT,197882,0,0,13,6
5,8,785407.0,-1.1394524304176028,-0.8619484131774695,TIME_LIMIT,197912,0,0,14,7
5,8,785449.0,-1.1394524304176028,-0.8619484131774695,TIME_LIMIT,197930,0,0,2,11
5,8,785489.0,-1.1394457350214529,-0.8619484131774695,TIME_LIMIT,197949,0,0,4,3
5,8,785582.0,-1.1394457350214529,-0.8619484131774695,TIME_LIMIT,197969,0,0,14,17
5,8,785662.0,-1.1394404499454307,-0.8619484131774695,TIME_LIMIT,197999,0,0,9,4
5,8,785744.0,-1.1394404499454307,-0.8619484131774695,TIME_LIMIT,198019,0,0,9,7
5,8,785783.0,-1.1394378883228202,-0.8619484131774695,TIME_LIMIT,198043,0,0,9,5
5,8,785851.0,-1.1394378883228202,-0.8619484131774695,TIME_LIMIT,198065,0,0,16,15
5,8,785929.0,-1.1394272316745633,-0.8619484131774695,TIME_LIMIT,198086,0,0,8,7
5,8,786041.0,-1.1394272316745633,-0.8619484131774695,TIME_LIMIT,198107,0,0,16,18
5,8,786131.0,-1.1394045980045204,-0.8619484131774695,TIME_LIMIT,198135,0,0,10,6
5,8,786200.0,-1.1394045980045204,-0.8619484131774695,TIME_LIMIT,198153,0,0,8,12
5,8,786296.0,-1.1394018600453402,-0.8619484131774695,TIME_LIMIT,198180,0,0,10,8
5,8,786363.0,-1.1394018600453402,-0.8619484131774695,TIME_LIMIT,198199,0,0,12,10
5,8,786412.0,-1.1393993673316758,-0.8619484131774695,TIME_LIMIT,198230,0,0,10,10
5,8,786471.0,-1.1393993673316758,-0.8619484131774695,TIME_LIMIT,198244,0,0,11,10
5,8,786496.0,-1.1393993143192491,-0.8619484131774695,TIME_LIMIT,198261,0,0,8,1
5,8,786699.0,-1.1393993143192491,-0.8619484131774695,TIME_LIMIT,198283,0,0,15,8
5,8,786826.0,-1.1393946536069723,-0.8619484131774695,TIME_LIMIT,198320,0,0,14,10
5,8,786988.0,-1.1393946536069723,-0.8619484131774695,TIME_LIMIT,198352,0,0,18,13
5,8,787093.0,-1.1393942248039939,-0.8619484131774695,TIME_LIMIT,198381,0,0,9,6
5,8,787152.0,-1.1393942248039939,-0.8619484131774695,TIME_LIMIT,198404,0,0,17,11
5,8,787238.0,-1.1393919968483055,-0.8619484131774695,TIME_LIMIT,198439,0,0,12,10
5,8,787320.0,-1.1393919968483055,-0.8619484131774695,TIME_LIMIT,198460,0,0,12,5
5,8,787389.0,-1.1393730981715808,-0.8619484131774695,TIME_LIMIT,198481,0,0,6,9
5,8,787550.0,-1.1393730981715808,-0.8619484131774695,TIME_LIMIT,198510,0,0,13,17
5,8,787711.0,-1.139369681963763,-0.8619484131774695,TIME_LIMIT,198542,0,0,14,11
5,8,787819.0,-1.139369681963763,-0.8619484131774695,TIME_LIMIT,198563,0,0,12,5
5,8,787876.0,-1.139365921750027,-0.8619484131774695,TIME_LIMIT,198584,0,0,6,3
5,8,787958.0,-1.139365921750027,-0.8619484131774695,TIME_LIMIT,198606,0,0,9,12
5,8,788147.0,-1.1393635300271503,-0.8619484131774695,TIME_LIMIT,198630,0,0,12,6
5,8,788223.0,-1.1393635300271503,-0.8619484131774695,TIME_LIMIT,198647,0,0,14,12
5,8,788299.0,-1.1393576674348993,-0.8619484131774695,TIME_LIMIT,198672,0,0,10,6
5,8,788498.0,-1.1393576674348993,-0.8619484131774695,TIME_LIMIT,198704,0,0,19,19
5,8,788730.0,-1.1393521018105417,-0.8619484131774695,TIME_LIMIT,198745,0,0,13,24
5,8,788929.0,-1.1393521018105417,-0.8619484131774695,TIME_LIMIT,198769,0,0,7,21
5,8,789121.0,-1.1393428574548796,-0.8619484131774695,TIME_LIMIT,198799,0,0,17,14
5,8,789224.0,-1.1393428574548796,-0.8619484131774695,TIME_LIMIT,198822,0,0,5,13
5,8,789276.0,-1.1393162965904127,-0.8619484131774695,TIME_LIMIT,198838,0,0,8,9
5,8,789397.0,-1.1393162965904127,-0.8619484131774695,TIME_LIMIT,198862,0,0,9,10
5,8,789490.0,-1.1393110972233058,-0.8619484131774695,TIME_LIMIT,198890,0,0,13,14
5,8,789549.0,-1.1393110972233058,-0.8619484131774695,TIME_LIMIT,198906,0,0,8,4
5,8,789618.0,-1.1392604088285787,-0.8619484131774695,TIME_LIMIT,198930,0,0,3,4
5,8,789688.0,-1.1392604088285787,-0.8619484131774695,TIME_LIMIT,198953,0,0,14,14
5,8,789777.0,-1.139254536173139,-0.8619484131774695,TIME_LIMIT,198985,0,0,4,6
5,8,789935.0,-1.139254536173139,-0.8619484131774695,TIME_LIMIT,199015,0,0,14,13
5,8,790008.0,-1.139246665660057,-0.8619484131774695,TIME_LIMIT,199030,0,0,11,9
5,8,790105.0,-1.139246665660057,-0.8619484131774695,TIME_LIMIT,199050,0,0,16,14
5,8,790192.0,-1.139229060776527,-0.8619484131774695,TIME_LIMIT,199071,0,0,15,15
5,8,790351.0,-1.139229060776527,-0.8619484131774695,TIME_LIMIT,199096,0,0,12,8
5,8,790551.0,-1.1392288682468013,-0.8619484131774695,TIME_LIMIT,199121,0,0,15,8
5,8,790697.0,-1.1392288682468013,-0.8619484131774695,TIME_LIMIT,199146,0,0,15,16
5,8,790897.0,-1.1392286806349148,-0.8619484131774695,TIME_LIMIT,199181,0,0,13,3
5,8,791076.0,-1.1392286806349148,-0.8619484131774695,TIME_LIMIT,199210,0,0,8,15
5,8,791272.0,-1.1392256035671264,-0.8619484131774695,TIME_LIMIT,199248,0,0,14,8
5,8,791302.0,-1.1392256035671264,-0.8619484131774695,TIME_LIMIT,199264,0,0,10,3
5,8,791323.0,-1.1392165682970554,-0.8619484131774695,TIME_LIMIT,199281,0,0,7,5
5,8,791457.0,-1.1392165682970554,-0.8619484131774695,TIME_LIMIT,199304,0,0,17,23
5,8,791674.0,-1.139207722403927,-0.8619484131774695,TIME_LIMIT,199342,0,0,17,13
5,8,791845.0,-1.139207722403927,-0.8619484131774695,TIME_LIMIT,199369,0,0,20,21
5,8,792034.0,-1.1392030418608634,-0.8619484131774695,TIME_LIMIT,199413,0,0,21,16
5,8,792065.0,-1.1392030418608634,-0.8619484131774695,TIME_LIMIT,199429,0,0,14,5
5,8,792083.0,-1.1392024817992317,-0.8619484131774695,TIME_LIMIT,199442,0,0,4,1
5,8,792262.0,-1.1392024817992317,-0.8619484131774695,TIME_LIMIT,199462,0,0,11,9
5,8,792461.0,-1.1391964571709297,-0.8619484131774695,TIME_LIMIT,199489,0,0,11,6
5,8,792507.0,-1.1391964571709297,-0.8619484131774695,TIME_LIMIT,199509,0,0,9,11
5,8,792576.0,-1.1391873837664097,-0.8619484131774695,TIME_LIMIT,199531,0,0,12,3
5,8,792684.0,-1.1391873837664097,-0.8619484131774695,TIME_LIMIT,199564,0,0,22,8
5,8,792828.0,-1.1391742223985286,-0.8619484131774695,TIME_LIMIT,199591,0,0,14,17
5,8,792951.0,-1.1391742223985286,-0.8619484131774695,TIME_LIMIT,199619,0,0,17,15
5,8,793093.0,-1.139160377441275,-0.8619484131774695,TIME_LIMIT,199648,0,0,13,6
5,8,793195.0,-1.139160377441275,-0.8619484131774695,TIME_LIMIT,199671,0,0,16,16
5,8,793392.0,-1.1391527062822489,-0.8619484131774695,TIME_LIMIT,199710,0,0,17,6
5,8,793449.0,-1.1391527062822489,-0.8619484131774695,TIME_LIMIT,199733,0,0,18,5
5,8,793501.0,-1.1391447090944173,-0.8619484131774695,TIME_LIMIT,199749,0,0,5,2
5,8,793703.0,-1.1391447090944173,-0.8619484131774695,TIME_LIMIT,199774,0,0,19,19
5,8,793894.0,-1.1391427921616155,-0.8619484131774695,TIME_LIMIT,199817,0,0,20,9
5,8,794043.0,-1.1391427921616155,-0.8619484131774695,TIME_LIMIT,199849,0,0,18,24
5,8,794272.0,-1.1391177355236444,-0.8619484131774695,TIME_LIMIT,199876,0,0,19,16
5,8,794340.0,-1.1391177355236444,-0.8619484131774695,TIME_LIMIT,199893,0,0,13,8
5,8,794430.0,-1.1391161371257932,-0.8619484131774695,TIME_LIMIT,199914,0,0,11,2
5,8,794542.0,-1.1391161371257932,-0.8619484131774695,TIME_LIMIT,199937,0,0,15,8
5,8,794603.0,-1.1390788219445604,-0.8619484131774695,TIME_LIMIT,199958,0,0,11,3
5,8,794647.0,-1.1390788219445604,-0.8619484131774695,TIME_LIMIT,199984,0,0,19,10
5,8,794715.0,-1.1390739119709667,-0.8619484131774695,TIME_LIMIT,200006,0,0,13,8
5,8,794897.0,-1.1390739119709667,-0.8619484131774695,TIME_LIMIT,200035,0,0,11,22
5,8,795034.0,-1.139057473533736,-0.8619484131774695,TIME_LIMIT,200073,0,0,15,9
5,8,795237.0,-1.139057473533736,-0.8619484131774695,TIME_LIMIT,200099,0,0,10,7
5,8,795428.0,-1.139039003205713,-0.8619484131774695,TIME_LIMIT,200130,0,0,9,8
5,8,795520.0,-1.139039003205713,-0.8619484131774695,TIME_LIMIT,200151,0,0,12,4
5,8,795571.0,-1.1390195137010912,-0.8619484131774695,TIME_LIMIT,200170,0,0,11,1
5,8,795607.0,-1.1390195137010912,-0.8619484131774695,TIME_LIMIT,200185,0,0,5,5
5,8,795676.0,-1.1390194408308913,-0.8619484131774695,TIME_LIMIT,200204,0,0,9,4
5,8,795726.0,-1.1390194408308913,-0.8619484131774695,TIME_LIMIT,200224,0,0,9,7
5,8,795786.0,-1.1390034181690578,-0.8619484131774695,TIME_LIMIT,200246,0,0,7,1
5,8,795935.0,-1.1390034181690578,-0.8619484131774695,TIME_LIMIT,200269,0,0,23,23
5,8,796052.0,-1.1390026146626995,-0.8619484131774695,TIME_LIMIT,200310,0,0,17,6
5,8,796208.0,-1.1390026146626995,-0.8619484131774695,TIME_LIMIT,200332,0,0,18,10
5,8,796302.0,-1.1389880267279322,-0.8619484131774695,TIME_LIMIT,200367,0,0,11,12
5,8,796378.0,-1.1389880267279322,-0.8619484131774695,TIME_LIMIT,200385,0,0,9,9
5,8,796429.0,-1.1389734480342293,-0.8619484131774695,TIME_LIMIT,200398,0,0,6,3
5,8,796465.0,-1.1389734480342293,-0.8619484131774695,TIME_LIMIT,200417,0,0,11,6
5,8,796522.0,-1.138956282603882,-0.8619484131774695,TIME_LIMIT,200436,0,0,9,3
5,8,796625.0,-1.138956282603882,-0.8619484131774695,TIME_LIMIT,200459,0,0,15,12
5,8,796721.0,-1.1389396895678208,-0.8619484131774695,TIME_LIMIT,200481,0,0,8,3
5,8,796809.0,-1.1389396895678208,-0.8619484131774695,TIME_LIMIT,200512,0,0,8,21
5,8,796884.0,-1.138912779072654,-0.8619484131774695,TIME_LIMIT,200540,0,0,6,7
5,8,796945.0,-1.138912779072654,-0.8619484131774695,TIME_LIMIT,200560,0,0,7,7
5,8,796995.0,-1.1389036742473477,-0.8619484131774695,TIME_LIMIT,200583,0,0,11,7
5,8,797052.0,-1.1389036742473477,-0.8619484131774695,TIME_LIMIT,200607,0,0,13,10
5,8,797186.0,-1.1388932702954406,-0.8619484131774695,TIME_LIMIT,200648,0,0,6,10
5,8,797269.0,-1.1388932702954406,-0.8619484131774695,TIME_LIMIT,200664,0,0,12,10
5,8,797375.0,-1.138889212708112,-0.8619484131774695,TIME_LIMIT,200694,0,0,10,11
5,8,797515.0,-1.138889212708112,-0.8619484131774695,TIME_LIMIT,200728,0,0,19,16
5,8,797602.0,-1.1388767895962282,-0.8619484131774695,TIME_LIMIT,200757,0,0,15,9
5,8,797786.0,-1.1388767895962282,-0.8619484131774695,TIME_LIMIT,200790,0,0,18,18
5,8,797950.0,-1.1388719983505506,-0.8619484131774695,TIME_LIMIT,200821,0,0,14,6
5,8,798019.0,-1.1388719983505506,-0.8619484131774695,TIME_LIMIT,200835,0,0,13,6
5,8,798031.0,-1.1388709241669226,-0.8619484131774695,TIME_LIMIT,200849,0,0,7,0
5,8,798082.0,-1.1388709241669226,-0.8619484131774695,TIME_LIMIT,200867,0,0,9,8
5,8,798165.0,-1.1388624376360916,-0.8619484131774695,TIME_LIMIT,200894,0,0,9,5
5,8,798350.0,-1.1388624376360916,-0.8619484131774695,TIME_LIMIT,200926,0,0,16,10
5,8,798449.0,-1.1388607326890778,-0.8619484131774695,TIME_LIMIT,200958,0,0,10,6
5,8,798572.0,-1.1388607326890778,-0.8619484131774695,TIME_LIMIT,200982,0,0,18,27
5,8,798748.0,-1.1388566165502172,-0.8619484131774695,TIME_LIMIT,201011,0,0,11,9
5,8,798793.0,-1.1388566165502172,-0.8619484131774695,TIME_LIMIT,201032,0,0,4,11
5,8,798929.0,-1.1388565795159016,-0.8619484131774695,TIME_LIMIT,201056,0,0,3,6
5,8,798999.0,-1.1388565795159016,-0.8619484131774695,TIME_LIMIT,201078,0,0,10,13
5,8,799037.0,-1.1388552437974877,-0.8619484131774695,TIME_LIMIT,201098,0,0,11,4
5,8,799160.0,-1.1388552437974877,-0.8619484131774695,TIME_LIMIT,201117,0,0,9,16
5,8,799249.0,-1.138840035399142,-0.8619484131774695,TIME_LIMIT,201145,0,0,13,9
5,8,799421.0,-1.138840035399142,-0.8619484131774695,TIME_LIMIT,201169,0,0,5,18
5,8,799620.0,-1.1387891222670623,-0.8619484131774695,TIME_LIMIT,201191,0,0,14,10
5,8,799746.0,-1.1387891222670623,-0.8619484131774695,TIME_LIMIT,201217,0,0,8,9
5,8,799852.0,-1.1387489924223089,-0.8619484131774695,TIME_LIMIT,201241,0,0,11,7
5,8,799902.0,-1.1387489924223089,-0.8619484131774695,TIME_LIMIT,201263,0,0,14,13
5,8,799971.0,-1.1387130185932877,-0.8619484131774695,TIME_LIMIT,201286,0,0,8,2
5,8,800065.0,-1.1387130185932877,-0.8619484131774695,TIME_LIMIT,201311,0,0,10,7
5,8,800135.0,-1.138697299471821,-0.8619484131774695,TIME_LIMIT,201331,0,0,9,12
5,8,800194.0,-1.138697299471821,-0.8619484131774695,TIME_LIMIT,201357,0,0,8,8
5,8,800281.0,-1.1386805869477228,-0.8619484131774695,TIME_LIMIT,201382,0,0,17,9
5,8,800358.0,-1.1386805869477228,-0.8619484131774695,TIME_LIMIT,201413,0,0,23,7
5,8,800511.0,-1.138659499919599,-0.8619484131774695,TIME_LIMIT,201446,0,0,12,13
5,8,800616.0,-1.138659499919599,-0.8619484131774695,TIME_LIMIT,201468,0,0,14,7
5,8,800673.0,-1.1386571958372471,-0.8619484131774695,TIME_LIMIT,201486,0,0,4,6
5,8,800747.0,-1.1386571958372471,-0.8619484131774695,TIME_LIMIT,201505,0,0,14,12
5,8,800799.0,-1.1386554104054945,-0.8619484131774695,TIME_LIMIT,201536,0,0,3,8
5,8,801013.0,-1.1386554104054945,-0.8619484131774695,TIME_LIMIT,201563,0,0,20,9
5,8,801215.0,-1.138640430342652,-0.8619484131774695,TIME_LIMIT,201599,0,0,11,12
5,8,801353.0,-1.138640430342652,-0.8619484131774695,TIME_LIMIT,201631,0,0,17,17
5,8,801425.0,-1.1386376487523249,-0.8619484131774695,TIME_LIMIT,201662,0,0,17,13
5,8,801500.0,-1.1386376487523249,-0.8619484131774695,TIME_LIMIT,201684,0,0,8,11
5,8,801524.0,-1.1386344516560296,-0.8619484131774695,TIME_LIMIT,201699,0,0,8,6
5,8,801597.0,-1.1386344516560296,-0.8619484131774695,TIME_LIMIT,201716,0,0,10,14
5,8,801617.0,-1.1386300082267091,-0.8619484131774695,TIME_LIMIT,201732,0,0,6,3
5,8,801756.0,-1.1386300082267091,-0.8619484131774695,TIME_LIMIT,201754,0,0,9,3
5,8,801882.0,-1.1386083167555905,-0.8619484131774695,TIME_LIMIT,201787,0,0,10,9
5,8,801976.0,-1.1386083167555905,-0.8619484131774695,TIME_LIMIT,201821,0,0,21,6
5,8,802085.0,-1.1385968025350397,-0.8619484131774695,TIME_LIMIT,201845,0,0,16,11
5,8,802311.0,-1.1385968025350397,-0.8619484131774695,TIME_LIMIT,201869,0,0,16,15
5,8,802414.0,-1.1385906688463074,-0.8619484131774695,TIME_LIMIT,201902,0,0,12,8
5,8,802525.0,-1.1385906688463074,-0.8619484131774695,TIME_LIMIT,201929,0,0,11,13
5,8,802614.0,-1.1385821907787916,-0.8619484131774695,TIME_LIMIT,201958,0,0,6,5
5,8,802809.0,-1.1385821907787916,-0.8619484131774695,TIME_LIMIT,201986,0,0,13,17
5,8,802924.0,-1.138580711146423,-0.8619484131774695,TIME_LIMIT,202014,0,0,13,11
5,8,803063.0,-1.138580711146423,-0.8619484131774695,TIME_LIMIT,202035,0,0,10,17
5,8,803160.0,-1.1385693551123848,-0.8619484131774695,TIME_LIMIT,202059,0,0,10,3
5,8,803238.0,-1.1385693551123848,-0.8619484131774695,TIME_LIMIT,202080,0,0,14,14
5,8,803451.0,-1.1385541381074755,-0.8619484131774695,TIME_LIMIT,202114,0,0,16,16
5,8,803537.0,-1.1385541381074755,-0.8619484131774695,TIME_LIMIT,202136,0,0,12,9
5,8,803737.0,-1.1385357888661298,-0.8619484131774695,TIME_LIMIT,202173,0,0,14,11
5,8,803824.0,-1.1385357888661298,-0.8619484131774695,TIME_LIMIT,202194,0,0,13,10
5,8,803948.0,-1.1385197192231087,-0.8619484131774695,TIME_LIMIT,202219,0,0,7,5
5,8,804012.0,-1.1385197192231087,-0.8619484131774695,TIME_LIMIT,202234,0,0,8,2
5,8,804035.0,-1.1385194507208092,-0.8619484131774695,TIME_LIMIT,202248,0,0,6,3
5,8,804144.0,-1.1385194507208092,-0.8619484131774695,TIME_LIMIT,202273,0,0,14,7
5,8,804208.0,-1.138501348976154,-0.8619484131774695,TIME_LIMIT,202289,0,0,4,9
5,8,804302.0,-1.138501348976154,-0.8619484131774695,TIME_LIMIT,202314,0,0,14,13
5,8,804458.0,-1.1384997355549231,-0.8619484131774695,TIME_LIMIT,202348,0,0,14,12
5,8,804549.0,-1.1384997355549231,-0.8619484131774695,TIME_LIMIT,202371,0,0,11,15
5,8,804663.0,-1.138486040387445,-0.8619484131774695,TIME_LIMIT,202394,0,0,8,7
5,8,804789.0,-1.138486040387445,-0.8619484131774695,TIME_LIMIT,202422,0,0,10,8
5,8,804867.0,-1.138486028487364,-0.8619484131774695,TIME_LIMIT,202444,0,0,10,3
5,8,804978.0,-1.138486028487364,-0.8619484131774695,TIME_LIMIT,202466,0,0,15,11
5,8,805067.0,-1.1384774912606623,-0.8619484131774695,TIME_LIMIT,202485,0,0,5,5
5,8,805130.0,-1.1384774912606623,-0.8619484131774695,TIME_LIMIT,202505,0,0,10,7
5,8,805223.0,-1.1384761381844954,-0.8619484131774695,TIME_LIMIT,202529,0,0,16,4
5,8,805297.0,-1.1384761381844954,-0.8619484131774695,TIME_LIMIT,202553,0,0,13,8
5,8,805388.0,-1.138474787582861,-0.8619484131774695,TIME_LIMIT,202578,0,0,7,6
5,8,805538.0,-1.138474787582861,-0.8619484131774695,TIME_LIMIT,202601,0,0,15,21
5,8,805673.0,-1.138470582145904,-0.8619484131774695,TIME_LIMIT,202640,0,0,19,11
5,8,805717.0,-1.138470582145904,-0.8619484131774695,TIME_LIMIT,202654,0,0,5,9
5,8,805777.0,-1.1384535188105667,-0.8619484131774695,TIME_LIMIT,202681,0,0,6,6
5,8,805972.0,-1.1384535188105667,-0.8619484131774695,TIME_LIMIT,202705,0,0,13,21
5,8,806095.0,-1.1384532642076923,-0.8619484131774695,TIME_LIMIT,202733,0,0,15,8
5,8,806135.0,-1.1384532642076923,-0.8619484131774695,TIME_LIMIT,202749,0,0,14,13
5,8,806176.0,-1.1384360573379513,-0.8619484131774695,TIME_LIMIT,202776,0,0,12,2
5,8,806247.0,-1.1384360573379513,-0.8619484131774695,TIME_LIMIT,202801,0,0,9,21
5,8,806426.0,-1.1384101214597335,-0.8619484131774695,TIME_LIMIT,202834,0,0,10,6
5,8,806561.0,-1.1384101214597335,-0.8619484131774695,TIME_LIMIT,202860,0,0,19,13
5,8,806730.0,-1.1383952621643303,-0.8619484131774695,TIME_LIMIT,202891,0,0,9,8
5,8,806828.0,-1.1383952621643303,-0.8619484131774695,TIME_LIMIT,202913,0,0,12,14
5,8,806985.0,-1.1383675004461555,-0.8619484131774695,TIME_LIMIT,202946,0,0,11,6
5,8,807169.0,-1.1383675004461555,-0.8619484131774695,TIME_LIMIT,202971,0,0,20,18
5,8,807348.0,-1.1383519129822046,-0.8619484131774695,TIME_LIMIT,203001,0,0,14,6
5,8,807460.0,-1.1383519129822046,-0.8619484131774695,TIME_LIMIT,203026,0,0,10,8
5,8,807495.0,-1.1383455699937515,-0.8619484131774695,TIME_LIMIT,203040,0,0,7,5
5,8,807612.0,-1.1383455699937515,-0.8619484131774695,TIME_LIMIT,203063,0,0,12,15
5,8,807812.0,-1.1383420860366762,-0.8619484131774695,TIME_LIMIT,203096,0,0,10,8
5,8,807908.0,-1.1383420860366762,-0.8619484131774695,TIME_LIMIT,203114,0,0,10,10
5,8,808030.0,-1.1383404351345363,-0.8619484131774695,TIME_LIMIT,203132,0,0,12,5
5,8,808215.0,-1.1383404351345363,-0.8619484131774695,TIME_LIMIT,203153,0,0,18,27
5,8,808354.0,-1.138331128904931,-0.8619484131774695,TIME_LIMIT,203186,0,0,17,15
5,8,808475.0,-1.138331128904931,-0.8619484131774695,TIME_LIMIT,203219,0,0,17,22
5,8,808633.0,-1.1383268300735994,-0.8619484131774695,TIME_LIMIT,203248,0,0,20,10
5,8,808696.0,-1.1383268300735994,-0.8619484131774695,TIME_LIMIT,203270,0,0,10,8
5,8,808792.0,-1.13831408434317,-0.8619484131774695,TIME_LIMIT,203296,0,0,17,5
5,8,808883.0,-1.13831408434317,-0.8619484131774695,TIME_LIMIT,203318,0,0,12,7
5,8,808957.0,-1.1383075350841307,-0.8619484131774695,TIME_LIMIT,203339,0,0,9,4
5,8,809044.0,-1.1383075350841307,-0.8619484131774695,TIME_LIMIT,203359,0,0,14,24
5,8,809249.0,-1.138305218371848,-0.8619484131774695,TIME_LIMIT,203397,0,0,18,8
5,8,809319.0,-1.138305218371848,-0.8619484131774695,TIME_LIMIT,203424,0,0,9,11
5,8,809389.0,-1.1382722658167241,-0.8619484131774695,TIME_LIMIT,203446,0,0,7,2
5,8,809492.0,-1.1382722658167241,-0.8619484131774695,TIME_LIMIT,203467,0,0,13,8
5,8,809565.0,-1.1382564588134554,-0.8619484131774695,TIME_LIMIT,203488,0,0,13,5
5,8,809638.0,-1.1382564588134554,-0.8619484131774695,TIME_LIMIT,203513,0,0,13,20
5,8,809777.0,-1.138242426598521,-0.8619484131774695,TIME_LIMIT,203553,0,0,11,7
5,8,809816.0,-1.138242426598521,-0.8619484131774695,TIME_LIMIT,203578,0,0,14,13
5,8,809960.0,-1.1382318227759378,-0.8619484131774695,TIME_LIMIT,203608,0,0,12,9
5,8,810013.0,-1.1382318227759378,-0.8619484131774695,TIME_LIMIT,203625,0,0,9,7
5,8,810036.0,-1.1381605807472281,-0.8619484131774695,TIME_LIMIT,203645,0,0,10,2
5,8,810176.0,-1.1381605807472281,-0.8619484131774695,TIME_LIMIT,203676,0,0,11,12
5,8,810345.0,-1.1381522393578138,-0.8619484131774695,TIME_LIMIT,203709,0,0,16,8
5,8,810418.0,-1.1381522393578138,-0.8619484131774695,TIME_LIMIT,203728,0,0,14,7
5,8,810493.0,-1.1381493162344425,-0.8619484131774695,TIME_LIMIT,203749,0,0,12,6
5,8,810657.0,-1.1381493162344425,-0.8619484131774695,TIME_LIMIT,203771,0,0,11,10
5,8,810698.0,-1.138133337640919,-0.8619484131774695,TIME_LIMIT,203787,0,0,6,11
5,8,810835.0,-1.138133337640919,-0.8619484131774695,TIME_LIMIT,203814,0,0,20,4
5,8,810899.0,-1.138120973520556,-0.8619484131774695,TIME_LIMIT,203834,0,0,16,5
5,8,810963.0,-1.138120973520556,-0.8619484131774695,TIME_LIMIT,203858,0,0,9,11
5,8,811126.0,-1.138105412717052,-0.8619484131774695,TIME_LIMIT,203876,0,0,14,9
5,8,811196.0,-1.138105412717052,-0.8619484131774695,TIME_LIMIT,203897,0,0,13,14
5,8,811278.0,-1.1380995063200066,-0.8619484131774695,TIME_LIMIT,203921,0,0,13,8
5,8,811410.0,-1.1380995063200066,-0.8619484131774695,TIME_LIMIT,203946,0,0,13,7
5,8,811525.0,-1.138096475926631,-0.8619484131774695,TIME_LIMIT,203969,0,0,11,4
5,8,811782.0,-1.138096475926631,-0.8619484131774695,TIME_LIMIT,203992,0,0,17,27
5,8,811988.0,-1.138092591448031,-0.8619484131774695,TIME_LIMIT,204020,0,0,17,16
5,8,812188.0,-1.138092591448031,-0.8619484131774695,TIME_LIMIT,204050,0,0,15,8
5,8,812388.0,-1.1380804281904047,-0.8619484131774695,TIME_LIMIT,204085,0,0,10,10
5,8,812555.0,-1.1380804281904047,-0.8619484131774695,TIME_LIMIT,204102,0,0,18,15
5,8,812630.0,-1.1380738254859848,-0.8619484131774695,TIME_LIMIT,204133,0,0,12,8
5,8,812688.0,-1.1380738254859848,-0.8619484131774695,TIME_LIMIT,204152,0,0,6,5
5,8,812719.0,-1.13803927701558,-0.8619484131774695,TIME_LIMIT,204170,0,0,9,1
5,8,812847.0,-1.13803927701558,-0.8619484131774695,TIME_LIMIT,204197,0,0,16,16
5,8,812923.0,-1.1380391198290731,-0.8619484131774695,TIME_LIMIT,204223,0,0,21,8
5,8,813086.0,-1.1380391198290731,-0.8619484131774695,TIME_LIMIT,204249,0,0,13,23
5,8,813256.0,-1.138015162866247,-0.8619484131774695,TIME_LIMIT,204284,0,0,13,11
5,8,813348.0,-1.138015162866247,-0.8619484131774695,TIME_LIMIT,204302,0,0,14,13
5,8,813423.0,-1.1379732955373856,-0.8619484131774695,TIME_LIMIT,204332,0,0,11,7
5,8,813608.0,-1.1379732955373856,-0.8619484131774695,TIME_LIMIT,204365,0,0,19,16
5,8,813816.0,-1.137969409357085,-0.8619484131774695,TIME_LIMIT,204395,0,0,18,16
5,8,813896.0,-1.137969409357085,-0.8619484131774695,TIME_LIMIT,204409,0,0,8,14
5,8,813953.0,-1.137958301322234,-0.8619484131774695,TIME_LIMIT,204429,0,0,6,3
5,8,814079.0,-1.137958301322234,-0.8619484131774695,TIME_LIMIT,204459,0,0,14,19
5,8,814124.0,-1.1379570952497677,-0.8619484131774695,TIME_LIMIT,204476,0,0,7,3
5,8,814306.0,-1.1379570952497677,-0.8619484131774695,TIME_LIMIT,204503,0,0,22,14
5,8,814378.0,-1.1379467707228128,-0.8619484131774695,TIME_LIMIT,204536,0,0,10,6
5,8,814589.0,-1.1379467707228128,-0.8619484131774695,TIME_LIMIT,204564,0,0,18,22
5,8,814707.0,-1.1379364861184027,-0.8619484131774695,TIME_LIMIT,204594,0,0,10,9
5,8,814782.0,-1.1379364861184027,-0.8619484131774695,TIME_LIMIT,204611,0,0,6,10
5,8,814980.0,-1.137933296134638,-0.8619484131774695,TIME_LIMIT,204651,0,0,15,4
5,8,815042.0,-1.137933296134638,-0.8619484131774695,TIME_LIMIT,204667,0,0,11,7
5,8,815196.0,-1.1379282520711098,-0.8619484131774695,TIME_LIMIT,204703,0,0,15,12
5,8,815339.0,-1.1379282520711098,-0.8619484131774695,TIME_LIMIT,204728,0,0,9,17
5,8,815478.0,-1.1379275600969354,-0.8619484131774695,TIME_LIMIT,204760,0,0,15,8
5,8,815625.0,-1.1379275600969354,-0.8619484131774695,TIME_LIMIT,204793,0,0,21,11
5,8,815764.0,-1.1379271382244955,-0.8619484131774695,TIME_LIMIT,204820,0,0,14,7
5,8,815963.0,-1.1379271382244955,-0.8619484131774695,TIME_LIMIT,204851,0,0,11,24
5,8,816204.0,-1.1379115062548384,-0.8619484131774695,TIME_LIMIT,204878,0,0,19,23
5,8,816301.0,-1.1379115062548384,-0.8619484131774695,TIME_LIMIT,204901,0,0,10,16
5,8,816376.0,-1.1379093647260263,-0.8619484131774695,TIME_LIMIT,204921,0,0,6,8
5,8,816444.0,-1.1379093647260263,-0.8619484131774695,TIME_LIMIT,204940,0,0,17,17
5,8,816555.0,-1.1378967925483807,-0.8619484131774695,TIME_LIMIT,204963,0,0,9,9
5,8,816733.0,-1.1378967925483807,-0.8619484131774695,TIME_LIMIT,204986,0,0,11,9
5,8,816792.0,-1.1378868162630513,-0.8619484131774695,TIME_LIMIT,205009,0,0,2,2
5,8,816894.0,-1.1378868162630513,-0.8619484131774695,TIME_LIMIT,205031,0,0,18,14
5,8,817017.0,-1.13788440295748,-0.8619484131774695,TIME_LIMIT,205057,0,0,13,8
5,8,817100.0,-1.13788440295748,-0.8619484131774695,TIME_LIMIT,205075,0,0,13,10
5,8,817191.0,-1.1378828375995,-0.8619484131774695,TIME_LIMIT,205094,0,0,7,6
5,8,817286.0,-1.1378828375995,-0.8619484131774695,TIME_LIMIT,205117,0,0,12,24
5,8,817391.0,-1.1378710028375734,-0.8619484131774695,TIME_LIMIT,205151,0,0,8,7
5,8,817475.0,-1.1378710028375734,-0.8619484131774695,TIME_LIMIT,205166,0,0,10,17
5,8,817570.0,-1.1378584027995666,-0.8619484131774695,TIME_LIMIT,205195,0,0,7,7
5,8,817646.0,-1.1378584027995666,-0.8619484131774695,TIME_LIMIT,205220,0,0,11,17
5,8,817744.0,-1.1378537141718326,-0.8619484131774695,TIME_LIMIT,205253,0,0,10,4
5,8,817823.0,-1.1378537141718326,-0.8619484131774695,TIME_LIMIT,205280,0,0,13,10
5,8,817901.0,-1.1378394164340924,-0.8619484131774695,TIME_LIMIT,205299,0,0,11,10
5,8,817978.0,-1.1378394164340924,-0.8619484131774695,TIME_LIMIT,205320,0,0,7,11
5,8,818147.0,-1.1378351089417167,-0.8619484131774695,TIME_LIMIT,205356,0,0,12,8
5,8,818269.0,-1.1378351089417167,-0.8619484131774695,TIME_LIMIT,205386,0,0,21,20
5,8,818413.0,-1.1378324923688867,-0.8619484131774695,TIME_LIMIT,205410,0,0,15,9
5,8,818600.0,-1.1378324923688867,-0.8619484131774695,TIME_LIMIT,205436,0,0,18,25
5,8,818825.0,-1.1378314430014655,-0.8619484131774695,TIME_LIMIT,205473,0,0,18,12
5,8,818896.0,-1.1378314430014655,-0.8619484131774695,TIME_LIMIT,205496,0,0,18,20
5,8,818973.0,-1.1378289325061477,-0.8619484131774695,TIME_LIMIT,205528,0,0,14,7
5,8,819154.0,-1.1378289325061477,-0.8619484131774695,TIME_LIMIT,205551,0,0,6,23
5,8,819307.0,-1.1378269145306883,-0.8619484131774695,TIME_LIMIT,205586,0,0,9,3
5,8,819363.0,-1.1378269145306883,-0.8619484131774695,TIME_LIMIT,205608,0,0,12,16
5,8,819447.0,-1.1378198084977937,-0.8619484131774695,TIME_LIMIT,205632,0,0,13,4
5,8,819558.0,-1.1378198084977937,-0.8619484131774695,TIME_LIMIT,205653,0,0,12,12
5,8,819731.0,-1.137816931174555,-0.8619484131774695,TIME_LIMIT,205685,0,0,14,4
5,8,819866.0,-1.137816931174555,-0.8619484131774695,TIME_LIMIT,205713,0,0,14,16
5,8,819975.0,-1.1378096828392952,-0.8619484131774695,TIME_LIMIT,205740,0,0,19,13
5,8,820037.0,-1.1378096828392952,-0.8619484131774695,TIME_LIMIT,205758,0,0,14,13
5,8,820098.0,-1.1378093456177079,-0.8619484131774695,TIME_LIMIT,205778,0,0,12,3
5,8,820190.0,-1.1378093456177079,-0.8619484131774695,TIME_LIMIT,205800,0,0,9,19
5,8,820307.0,-1.137809020610998,-0.8619484131774695,TIME_LIMIT,205836,0,0,16,10
5,8,820418.0,-1.137809020610998,-0.8619484131774695,TIME_LIMIT,205859,0,0,16,16
5,8,820525.0,-1.1378064905249285,-0.8619484131774695,TIME_LIMIT,205891,0,0,14,9
5,8,820664.0,-1.1378064905249285,-0.8619484131774695,TIME_LIMIT,205915,0,0,17,33
5,8,820831.0,-1.137802177499427,-0.8619484131774695,TIME_LIMIT,205941,0,0,14,13
5,8,820919.0,-1.137802177499427,-0.8619484131774695,TIME_LIMIT,205967,0,0,14,7
5,8,820985.0,-1.1378008860730637,-0.8619484131774695,TIME_LIMIT,205989,0,0,14,6
5,8,821073.0,-1.1378008860730637,-0.8619484131774695,TIME_LIMIT,206014,0,0,21,19
5,8,821221.0,-1.1377920461054716,-0.8619484131774695,TIME_LIMIT,206046,0,0,14,9
5,8,821451.0,-1.1377920461054716,-0.8619484131774695,TIME_LIMIT,206076,0,0,20,14
5,8,821578.0,-1.1377821037946372,-0.8619484131774695,TIME_LIMIT,206098,0,0,8,12
5,8,821650.0,-1.1377821037946372,-0.8619484131774695,TIME_LIMIT,206123,0,0,11,6
5,8,821733.0,-1.1377608201245946,-0.8619484131774695,TIME_LIMIT,206144,0,0,8,8
5,8,821894.0,-1.1377608201245946,-0.8619484131774695,TIME_LIMIT,206169,0,0,15,25
5,8,821951.0,-1.137744526127582,-0.8619484131774695,TIME_LIMIT,206197,0,0,19,12
5,8,822178.0,-1.137744526127582,-0.8619484131774695,TIME_LIMIT,206225,0,0,20,17
5,8,822375.0,-1.1377374172140216,-0.8619484131774695,TIME_LIMIT,206260,0,0,9,4
5,8,822483.0,-1.1377374172140216,-0.8619484131774695,TIME_LIMIT,206290,0,0,2,11
5,8,822600.0,-1.137715456140379,-0.8619484131774695,TIME_LIMIT,206314,0,0,15,9
5,8,822707.0,-1.137715456140379,-0.8619484131774695,TIME_LIMIT,206342,0,0,20,21
5,8,822903.0,-1.1377122538772797,-0.8619484131774695,TIME_LIMIT,206380,0,0,12,15
5,8,822977.0,-1.1377122538772797,-0.8619484131774695,TIME_LIMIT,206400,0,0,15,12
5,8,823124.0,-1.1377083748969645,-0.8619484131774695,TIME_LIMIT,206433,0,0,16,8
5,8,823326.0,-1.1377083748969645,-0.8619484131774695,TIME_LIMIT,206459,0,0,5,24
5,8,823427.0,-1.1377032146799302,-0.8619484131774695,TIME_LIMIT,206488,0,0,14,10
5,8,823546.0,-1.1377032146799302,-0.8619484131774695,TIME_LIMIT,206509,0,0,14,9
5,8,823626.0,-1.1376932094403518,-0.8619484131774695,TIME_LIMIT,206539,0,0,9,6
5,8,823742.0,-1.1376932094403518,-0.8619484131774695,TIME_LIMIT,206567,0,0,17,14
5,8,823857.0,-1.137686362712711,-0.8619484131774695,TIME_LIMIT,206599,0,0,12,9
5,8,823969.0,-1.137686362712711,-0.8619484131774695,TIME_LIMIT,206628,0,0,10,11
5,8,824129.0,-1.1376725051967818,-0.8619484131774695,TIME_LIMIT,206661,0,0,7,8
5,8,824237.0,-1.1376725051967818,-0.8619484131774695,TIME_LIMIT,206685,0,0,10,22
5,8,824414.0,-1.1376702877621332,-0.8619484131774695,TIME_LIMIT,206722,0,0,19,8
5,8,824482.0,-1.1376702877621332,-0.8619484131774695,TIME_LIMIT,206747,0,0,13,6
5,8,824569.0,-1.1376666919069112,-0.8619484131774695,TIME_LIMIT,206766,0,0,10,5
5,8,824658.0,-1.1376666919069112,-0.8619484131774695,TIME_LIMIT,206798,0,0,17,19
5,8,824744.0,-1.1376610295292928,-0.8619484131774695,TIME_LIMIT,206822,0,0,13,15
5,8,824817.0,-1.1376610295292928,-0.8619484131774695,TIME_LIMIT,206844,0,0,16,11
5,8,824838.0,-1.1376568118427293,-0.8619484131774695,TIME_LIMIT,206862,0,0,8,2
5,8,824930.0,-1.1376568118427293,-0.8619484131774695,TIME_LIMIT,206889,0,0,18,12
5,8,825059.0,-1.1376562310985894,-0.8619484131774695,TIME_LIMIT,206913,0,0,17,7
5,8,825246.0,-1.1376562310985894,-0.8619484131774695,TIME_LIMIT,206940,0,0,18,28
5,8,825389.0,-1.1376518050731081,-0.8619484131774695,TIME_LIMIT,206976,0,0,18,6
5,8,825458.0,-1.1376518050731081,-0.8619484131774695,TIME_LIMIT,206997,0,0,12,8
5,8,825540.0,-1.1376497939706476,-0.8619484131774695,TIME_LIMIT,207015,0,0,10,4
5,8,825621.0,-1.1376497939706476,-0.8619484131774695,TIME_LIMIT,207036,0,0,12,3
5,8,825698.0,-1.1376432013548652,-0.8619484131774695,TIME_LIMIT,207058,0,0,19,3
5,8,825775.0,-1.1376432013548652,-0.8619484131774695,TIME_LIMIT,207076,0,0,10,9
5,8,825807.0,-1.1376403728363862,-0.8619484131774695,TIME_LIMIT,207095,0,0,9,6
5,8,825937.0,-1.1376403728363862,-0.8619484131774695,TIME_LIMIT,207118,0,0,18,15
5,8,826037.0,-1.1376360827855236,-0.8619484131774695,TIME_LIMIT,207144,0,0,14,8
5,8,826107.0,-1.1376360827855236,-0.8619484131774695,TIME_LIMIT,207162,0,0,8,10
5,8,826149.0,-1.1376360624186106,-0.8619484131774695,TIME_LIMIT,207187,0,0,12,6
5,8,826264.0,-1.1376360624186106,-0.8619484131774695,TIME_LIMIT,207213,0,0,19,11
5,8,826337.0,-1.137611901392119,-0.8619484131774695,TIME_LIMIT,207228,0,0,14,4
5,8,826557.0,-1.137611901392119,-0.8619484131774695,TIME_LIMIT,207257,0,0,13,13
5,8,826745.0,-1.1375514403352323,-0.8619484131774695,TIME_LIMIT,207290,0,0,7,15
5,8,826904.0,-1.1375514403352323,-0.8619484131774695,TIME_LIMIT,207311,0,0,12,8
5,8,826963.0,-1.1375403541464102,-0.8619484131774695,TIME_LIMIT,207333,0,0,11,1
5,8,827120.0,-1.1375403541464102,-0.8619484131774695,TIME_LIMIT,207361,0,0,14,11
5,8,827191.0,-1.137536894890413,-0.8619484131774695,TIME_LIMIT,207378,0,0,11,4
5,8,827290.0,-1.137536894890413,-0.8619484131774695,TIME_LIMIT,207404,0,0,14,18
5,8,827452.0,-1.1374807003010068,-0.8619484131774695,TIME_LIMIT,207439,0,0,10,8
5,8,827558.0,-1.1374807003010068,-0.8619484131774695,TIME_LIMIT,207461,0,0,14,7
5,8,827660.0,-1.137478802522764,-0.8619484131774695,TIME_LIMIT,207487,0,0,9,6
5,8,827778.0,-1.137478802522764,-0.8619484131774695,TIME_LIMIT,207513,0,0,9,8
5,8,827816.0,-1.1374663497037654,-0.8619484131774695,TIME_LIMIT,207536,0,0,9,5
5,8,827916.0,-1.1374663497037654,-0.8619484131774695,TIME_LIMIT,207557,0,0,15,17
5,8,827983.0,-1.1374509855488177,-0.8619484131774695,TIME_LIMIT,207585,0,0,7,4
5,8,828077.0,-1.1374509855488177,-0.8619484131774695,TIME_LIMIT,207613,0,0,19,24
5,8,828281.0,-1.1374328785690972,-0.8619484131774695,TIME_LIMIT,207650,0,0,12,7
5,8,828375.0,-1.1374328785690972,-0.8619484131774695,TIME_LIMIT,207671,0,0,15,15
5,8,828426.0,-1.1374263182063755,-0.8619484131774695,TIME_LIMIT,207692,0,0,11,6
5,8,828516.0,-1.1374263182063755,-0.8619484131774695,TIME_LIMIT,207716,0,0,12,10
5,8,828586.0,-1.1374232550629004,-0.8619484131774695,TIME_LIMIT,207732,0,0,7,2
5,8,828732.0,-1.1374232550629004,-0.8619484131774695,TIME_LIMIT,207758,0,0,14,11
5,8,828803.0,-1.1373967870783883,-0.8619484131774695,TIME_LIMIT,207780,0,0,7,7
5,8,828962.0,-1.1373967870783883,-0.8619484131774695,TIME_LIMIT,207807,0,0,10,11
5,8,829085.0,-1.1373912012595102,-0.8619484131774695,TIME_LIMIT,207842,0,0,9,13
5,8,829263.0,-1.1373912012595102,-0.8619484131774695,TIME_LIMIT,207864,0,0,14,19
5,8,829483.0,-1.137387167662726,-0.8619484131774695,TIME_LIMIT,207905,0,0,14,8
5,8,829581.0,-1.137387167662726,-0.8619484131774695,TIME_LIMIT,207927,0,0,9,6
5,8,829666.0,-1.137383166811647,-0.8619484131774695,TIME_LIMIT,207954,0,0,7,1
5,8,829757.0,-1.137383166811647,-0.8619484131774695,TIME_LIMIT,207977,0,0,15,4
5,8,829879.0,-1.1373819230325837,-0.8619484131774695,TIME_LIMIT,208001,0,0,13,9
5,8,830001.0,-1.1373819230325837,-0.8619484131774695,TIME_LIMIT,208025,0,0,11,17
5,8,830063.0,-1.1373702134135042,-0.8619484131774695,TIME_LIMIT,208048,0,0,11,5
5,8,830169.0,-1.1373702134135042,-0.8619484131774695,TIME_LIMIT,208067,0,0,13,5
5,8,830238.0,-1.1373513071728365,-0.8619484131774695,TIME_LIMIT,208088,0,0,9,6
5,8,830317.0,-1.1373513071728365,-0.8619484131774695,TIME_LIMIT,208112,0,0,14,15
5,8,830356.0,-1.137343317094755,-0.8619484131774695,TIME_LIMIT,208132,0,0,6,7
5,8,830539.0,-1.137343317094755,-0.8619484131774695,TIME_LIMIT,208161,0,0,11,8
5,8,830742.0,-1.1373161890980112,-0.8619484131774695,TIME_LIMIT,208200,0,0,7,5
5,8,830904.0,-1.1373161890980112,-0.8619484131774695,TIME_LIMIT,208231,0,0,17,16
5,8,831023.0,-1.1373091802729325,-0.8619484131774695,TIME_LIMIT,208257,0,0,10,9
5,8,831056.0,-1.1373091802729325,-0.8619484131774695,TIME_LIMIT,208277,0,0,11,8
5,8,831130.0,-1.1372938761712912,-0.8619484131774695,TIME_LIMIT,208301,0,0,7,5
5,8,831294.0,-1.1372938761712912,-0.8619484131774695,TIME_LIMIT,208326,0,0,16,9
5,8,831502.0,-1.1372905638551625,-0.8619484131774695,TIME_LIMIT,208364,0,0,6,12
5,8,831682.0,-1.1372905638551625,-0.8619484131774695,TIME_LIMIT,208393,0,0,9,15
5,8,831775.0,-1.1372894935822109,-0.8619484131774695,TIME_LIMIT,208425,0,0,12,11
5,8,831882.0,-1.1372894935822109,-0.8619484131774695,TIME_LIMIT,208447,0,0,16,15
5,8,832061.0,-1.1372790581902934,-0.8619484131774695,TIME_LIMIT,208486,0,0,11,11
5,8,832139.0,-1.1372790581902934,-0.8619484131774695,TIME_LIMIT,208512,0,0,16,13
5,8,832230.0,-1.137276547548986,-0.8619484131774695,TIME_LIMIT,208541,0,0,10,8
5,8,832383.0,-1.137276547548986,-0.8619484131774695,TIME_LIMIT,208570,0,0,22,17
5,8,832499.0,-1.1372759125826248,-0.8619484131774695,TIME_LIMIT,208594,0,0,16,11
5,8,832620.0,-1.1372759125826248,-0.8619484131774695,TIME_LIMIT,208621,0,0,6,5
5,8,832660.0,-1.1372723846336166,-0.8619484131774695,TIME_LIMIT,208639,0,0,3,3
5,8,832800.0,-1.1372723846336166,-0.8619484131774695,TIME_LIMIT,208667,0,0,21,23
5,8,833004.0,-1.1372700167025234,-0.8619484131774695,TIME_LIMIT,208709,0,0,17,10
5,8,833273.0,-1.1372700167025234,-0.8619484131774695,TIME_LIMIT,208733,0,0,11,7
5,8,833329.0,-1.137267682781927,-0.8619484131774695,TIME_LIMIT,208754,0,0,14,8
5,8,833425.0,-1.137267682781927,-0.8619484131774695,TIME_LIMIT,208778,0,0,11,7
5,8,833585.0,-1.1372633265161523,-0.8619484131774695,TIME_LIMIT,208815,0,0,12,7
5,8,833682.0,-1.1372633265161523,-0.8619484131774695,TIME_LIMIT,208835,0,0,7,11
5,8,833768.0,-1.13725744544077,-0.8619484131774695,TIME_LIMIT,208858,0,0,12,4
5,8,833967.0,-1.13725744544077,-0.8619484131774695,TIME_LIMIT,208882,0,0,15,17
5,8,834054.0,-1.1372245775680903,-0.8619484131774695,TIME_LIMIT,208909,0,0,9,6
5,8,834317.0,-1.1372245775680903,-0.8619484131774695,TIME_LIMIT,208940,0,0,15,19
5,8,834408.0,-1.137185886384711,-0.8619484131774695,TIME_LIMIT,208968,0,0,7,9
5,8,834473.0,-1.137185886384711,-0.8619484131774695,TIME_LIMIT,208991,0,0,5,6
5,8,834513.0,-1.1371801597210691,-0.8619484131774695,TIME_LIMIT,209005,0,0,8,4
5,8,834679.0,-1.1371801597210691,-0.8619484131774695,TIME_LIMIT,209026,0,0,12,11
5,8,834781.0,-1.1371771553133205,-0.8619484131774695,TIME_LIMIT,209055,0,0,16,8
5,8,834873.0,-1.1371771553133205,-0.8619484131774695,TIME_LIMIT,209076,0,0,10,5
5,8,834951.0,-1.1371488054304935,-0.8619484131774695,TIME_LIMIT,209094,0,0,12,3
5,8,835159.0,-1.1371488054304935,-0.8619484131774695,TIME_LIMIT,209120,0,0,16,20
5,8,835266.0,-1.1371454331630892,-0.8619484131774695,TIME_LIMIT,209145,0,0,10,5
5,8,835418.0,-1.1371454331630892,-0.8619484131774695,TIME_LIMIT,209170,0,0,11,15
5,8,835552.0,-1.1371276225904143,-0.8619484131774695,TIME_LIMIT,209192,0,0,9,8
5,8,835596.0,-1.1371276225904143,-0.8619484131774695,TIME_LIMIT,209206,0,0,3,4
5,8,835635.0,-1.1371249739728126,-0.8619484131774695,TIME_LIMIT,209224,0,0,6,3
5,8,835774.0,-1.1371249739728126,-0.8619484131774695,TIME_LIMIT,209245,0,0,23,15
5,8,835952.0,-1.1371240901813813,-0.8619484131774695,TIME_LIMIT,209286,0,0,9,8
5,8,836005.0,-1.1371240901813813,-0.8619484131774695,TIME_LIMIT,209304,0,0,9,9
5,8,836051.0,-1.1371197179330959,-0.8619484131774695,TIME_LIMIT,209320,0,0,10,4
5,8,836145.0,-1.1371197179330959,-0.8619484131774695,TIME_LIMIT,209343,0,0,11,13
5,8,836327.0,-1.1371077976329165,-0.8619484131774695,TIME_LIMIT,209380,0,0,9,9
5,8,836404.0,-1.1371077976329165,-0.8619484131774695,TIME_LIMIT,209408,0,0,16,20
5,8,836604.0,-1.137106520688623,-0.8619484131774695,TIME_LIMIT,209444,0,0,12,12
5,8,836695.0,-1.137106520688623,-0.8619484131774695,TIME_LIMIT,209464,0,0,8,16
5,8,836786.0,-1.1371057958016586,-0.8619484131774695,TIME_LIMIT,209499,0,0,16,4
5,8,836947.0,-1.1371057958016586,-0.8619484131774695,TIME_LIMIT,209533,0,0,11,12
5,8,837157.0,-1.137073804575889,-0.8619484131774695,TIME_LIMIT,209560,0,0,12,14
5,8,837220.0,-1.137073804575889,-0.8619484131774695,TIME_LIMIT,209583,0,0,6,16
5,8,837372.0,-1.1370672798456596,-0.8619484131774695,TIME_LIMIT,209621,0,0,4,8
5,8,837397.0,-1.1370672798456596,-0.8619484131774695,TIME_LIMIT,209636,0,0,5,4
5,8,837409.0,-1.1370603041200529,-0.8619484131774695,TIME_LIMIT,209648,0,0,3,2
5,8,837459.0,-1.1370603041200529,-0.8619484131774695,TIME_LIMIT,209669,0,0,13,12
5,8,837527.0,-1.1370418158369193,-0.8619484131774695,TIME_LIMIT,209689,0,0,10,5
5,8,837621.0,-1.1370418158369193,-0.8619484131774695,TIME_LIMIT,209718,0,0,12,19
5,8,837802.0,-1.1370293128120748,-0.8619484131774695,TIME_LIMIT,209754,0,0,14,7
5,8,837863.0,-1.1370293128120748,-0.8619484131774695,TIME_LIMIT,209773,0,0,5,5
5,8,837980.0,-1.1370201449295327,-0.8619484131774695,TIME_LIMIT,209797,0,0,4,3
5,8,838061.0,-1.1370201449295327,-0.8619484131774695,TIME_LIMIT,209825,0,0,15,7
5,8,838191.0,-1.137018145521055,-0.8619484131774695,TIME_LIMIT,209845,0,0,7,10
5,8,838351.0,-1.137018145521055,-0.8619484131774695,TIME_LIMIT,209870,0,0,7,7
5,8,838476.0,-1.1369955182896738,-0.8619484131774695,TIME_LIMIT,209899,0,0,11,4
5,8,838570.0,-1.1369955182896738,-0.8619484131774695,TIME_LIMIT,209923,0,0,19,14
5,8,838743.0,-1.1369950719613264,-0.8619484131774695,TIME_LIMIT,209968,0,0,18,12
5,8,838860.0,-1.1369950719613264,-0.8619484131774695,TIME_LIMIT,209987,0,0,14,11
5,8,838929.0,-1.1369620916496705,-0.8619484131774695,TIME_LIMIT,210014,0,0,4,5
5,8,839068.0,-1.1369620916496705,-0.8619484131774695,TIME_LIMIT,210043,0,0,10,7
5,8,839147.0,-1.1369600886481657,-0.8619484131774695,TIME_LIMIT,210063,0,0,13,8
5,8,839354.0,-1.1369600886481657,-0.8619484131774695,TIME_LIMIT,210086,0,0,19,10
5,8,839427.0,-1.136947404852811,-0.8619484131774695,TIME_LIMIT,210118,0,0,8,7
5,8,839563.0,-1.136947404852811,-0.8619484131774695,TIME_LIMIT,210143,0,0,17,12
5,8,839642.0,-1.1369331401022682,-0.8619484131774695,TIME_LIMIT,210165,0,0,9,7
5,8,839727.0,-1.1369331401022682,-0.8619484131774695,TIME_LIMIT,210191,0,0,12,16
5,8,839941.0,-1.1369311120960182,-0.8619484131774695,TIME_LIMIT,210230,0,0,11,15
5,8,840049.0,-1.1369311120960182,-0.8619484131774695,TIME_LIMIT,210252,0,0,16,12
5,8,840205.0,-1.1369275893060602,-0.8619484131774695,TIME_LIMIT,210284,0,0,15,7
5,8,840299.0,-1.1369275893060602,-0.8619484131774695,TIME_LIMIT,210303,0,0,19,13
5,8,840496.0,-1.136927008238358,-0.8619484131774695,TIME_LIMIT,210337,0,0,9,6
5,8,840562.0,-1.136927008238358,-0.8619484131774695,TIME_LIMIT,210358,0,0,12,10
5,8,840700.0,-1.1369250323209723,-0.8619484131774695,TIME_LIMIT,210389,0,0,5,8
5,8,840903.0,-1.1369250323209723,-0.8619484131774695,TIME_LIMIT,210411,0,0,21,22
5,8,841150.0,-1.1369157246387958,-0.8619484131774695,TIME_LIMIT,210455,0,0,9,11
5,8,841286.0,-1.1369157246387958,-0.8619484131774695,TIME_LIMIT,210478,0,0,20,11
5,8,841402.0,-1.1368755018295942,-0.8619484131774695,TIME_LIMIT,210504,0,0,9,6
5,8,841505.0,-1.1368755018295942,-0.8619484131774695,TIME_LIMIT,210521,0,0,8,11
5,8,841578.0,-1.1368662595817838,-0.8619484131774695,TIME_LIMIT,210548,0,0,10,5
5,8,841769.0,-1.1368662595817838,-0.8619484131774695,TIME_LIMIT,210573,0,0,18,22
5,8,841922.0,-1.1368617248096617,-0.8619484131774695,TIME_LIMIT,210615,0,0,13,7
5,8,842022.0,-1.1368617248096617,-0.8619484131774695,TIME_LIMIT,210634,0,0,15,11
5,8,842072.0,-1.136860009792429,-0.8619484131774695,TIME_LIMIT,210653,0,0,7,6
5,8,842177.0,-1.136860009792429,-0.8619484131774695,TIME_LIMIT,210672,0,0,13,16
5,8,842296.0,-1.1368564590176473,-0.8619484131774695,TIME_LIMIT,210704,0,0,7,6
5,8,842446.0,-1.1368564590176473,-0.8619484131774695,TIME_LIMIT,210732,0,0,16,22
5,8,842492.0,-1.1368370817037952,-0.8619484131774695,TIME_LIMIT,210760,0,0,6,4
5,8,842648.0,-1.1368370817037952,-0.8619484131774695,TIME_LIMIT,210785,0,0,7,7
5,8,842757.0,-1.1368337394905446,-0.8619484131774695,TIME_LIMIT,210813,0,0,6,6
5,8,842807.0,-1.1368337394905446,-0.8619484131774695,TIME_LIMIT,210831,0,0,10,3
5,8,842887.0,-1.136821777754358,-0.8619484131774695,TIME_LIMIT,210846,0,0,6,4
5,8,843088.0,-1.136821777754358,-0.8619484131774695,TIME_LIMIT,210874,0,0,10,12
5,8,843313.0,-1.136799556402352,-0.8619484131774695,TIME_LIMIT,210901,0,0,16,12
5,8,843399.0,-1.136799556402352,-0.8619484131774695,TIME_LIMIT,210921,0,0,8,8
5,8,843498.0,-1.1367963126534915,-0.8619484131774695,TIME_LIMIT,210940,0,0,6,7
5,8,843683.0,-1.1367963126534915,-0.8619484131774695,TIME_LIMIT,210968,0,0,14,13
5,8,843804.0,-1.136793097752241,-0.8619484131774695,TIME_LIMIT,211002,0,0,18,7
5,8,843866.0,-1.136793097752241,-0.8619484131774695,TIME_LIMIT,211027,0,0,9,6
5,8,843882.0,-1.1367906026902022,-0.8619484131774695,TIME_LIMIT,211039,0,0,4,2
5,8,843955.0,-1.1367906026902022,-0.8619484131774695,TIME_LIMIT,211060,0,0,16,14
5,8,844107.0,-1.136769344820059,-0.8619484131774695,TIME_LIMIT,211099,0,0,4,7
5,8,844297.0,-1.136769344820059,-0.8619484131774695,TIME_LIMIT,211126,0,0,21,8
5,8,844347.0,-1.1367682796582677,-0.8619484131774695,TIME_LIMIT,211145,0,0,13,9
5,8,844520.0,-1.1367682796582677,-0.8619484131774695,TIME_LIMIT,211175,0,0,14,7
5,8,844620.0,-1.1367567186011573,-0.8619484131774695,TIME_LIMIT,211194,0,0,13,3
5,8,844771.0,-1.1367567186011573,-0.8619484131774695,TIME_LIMIT,211220,0,0,8,11
5,8,844853.0,-1.1367460112886725,-0.8619484131774695,TIME_LIMIT,211246,0,0,10,8
5,8,844913.0,-1.1367460112886725,-0.8619484131774695,TIME_LIMIT,211258,0,0,9,19
5,8,844959.0,-1.1367203807972415,-0.8619484131774695,TIME_LIMIT,211284,0,0,4,7
5,8,845119.0,-1.1367203807972415,-0.8619484131774695,TIME_LIMIT,211310,0,0,9,5
5,8,845252.0,-1.1367185976810905,-0.8619484131774695,TIME_LIMIT,211333,0,0,10,6
5,8,845399.0,-1.1367185976810905,-0.8619484131774695,TIME_LIMIT,211363,0,0,19,14
5,8,845560.0,-1.1367057432298013,-0.8619484131774695,TIME_LIMIT,211385,0,0,13,7
5,8,845796.0,-1.1367057432298013,-0.8619484131774695,TIME_LIMIT,211415,0,0,13,16
5,8,845879.0,-1.1366735203783072,-0.8619484131774695,TIME_LIMIT,211437,0,0,4,6
5,8,845974.0,-1.1366735203783072,-0.8619484131774695,TIME_LIMIT,211462,0,0,15,15
5,8,846175.0,-1.1366469501618053,-0.8619484131774695,TIME_LIMIT,211492,0,0,16,19
5,8,846263.0,-1.1366469501618053,-0.8619484131774695,TIME_LIMIT,211519,0,0,23,13
5,8,846332.0,-1.1366359257211762,-0.8619484131774695,TIME_LIMIT,211543,0,0,15,5
5,8,846471.0,-1.1366359257211762,-0.8619484131774695,TIME_LIMIT,211565,0,0,13,10
5,8,846617.0,-1.1366186221166306,-0.8619484131774695,TIME_LIMIT,211579,0,0,6,3
5,8,846715.0,-1.1366186221166306,-0.8619484131774695,TIME_LIMIT,211605,0,0,16,15
5,8,846802.0,-1.1366106549217676,-0.8619484131774695,TIME_LIMIT,211626,0,0,4,6
5,8,846889.0,-1.1366106549217676,-0.8619484131774695,TIME_LIMIT,211653,0,0,20,8
5,8,846954.0,-1.1366064845659347,-0.8619484131774695,TIME_LIMIT,211670,0,0,8,7
5,8,847173.0,-1.1366064845659347,-0.8619484131774695,TIME_LIMIT,211693,0,0,19,27
5,8,847431.0,-1.1365824830122624,-0.8619484131774695,TIME_LIMIT,211729,0,0,14,12
5,8,847582.0,-1.1365824830122624,-0.8619484131774695,TIME_LIMIT,211759,0,0,23,11
5,8,847636.0,-1.1365623540026428,-0.8619484131774695,TIME_LIMIT,211782,0,0,15,9
5,8,847746.0,-1.1365623540026428,-0.8619484131774695,TIME_LIMIT,211804,0,0,13,2
5,8,847811.0,-1.1365470900615566,-0.8619484131774695,TIME_LIMIT,211836,0,0,8,4
5,8,847890.0,-1.1365470900615566,-0.8619484131774695,TIME_LIMIT,211858,0,0,13,13
5,8,848026.0,-1.1365405820386303,-0.8619484131774695,TIME_LIMIT,211883,0,0,16,4
5,8,848059.0,-1.1365405820386303,-0.8619484131774695,TIME_LIMIT,211906,0,0,14,22
5,8,848141.0,-1.1365277349494507,-0.8619484131774695,TIME_LIMIT,211928,0,0,10,9
5,8,848280.0,-1.1365277349494507,-0.8619484131774695,TIME_LIMIT,211956,0,0,17,17
5,8,848361.0,-1.1365174758340677,-0.8619484131774695,TIME_LIMIT,211978,0,0,11,6
5,8,848449.0,-1.1365174758340677,-0.8619484131774695,TIME_LIMIT,212000,0,0,13,14
5,8,848651.0,-1.1365165939209523,-0.8619484131774695,TIME_LIMIT,212032,0,0,6,10
5,8,848716.0,-1.1365165939209523,-0.8619484131774695,TIME_LIMIT,212052,0,0,6,3
5,8,848788.0,-1.1365128504436905,-0.8619484131774695,TIME_LIMIT,212070,0,0,9,8
5,8,848924.0,-1.1365128504436905,-0.8619484131774695,TIME_LIMIT,212101,0,0,16,12
5,8,849016.0,-1.1365072109178298,-0.8619484131774695,TIME_LIMIT,212120,0,0,12,9
5,8,849071.0,-1.1365072109178298,-0.8619484131774695,TIME_LIMIT,212137,0,0,11,6
5,8,849166.0,-1.1365036001757023,-0.8619484131774695,TIME_LIMIT,212163,0,0,10,8
5,8,849301.0,-1.1365036001757023,-0.8619484131774695,TIME_LIMIT,212192,0,0,17,19
5,8,849428.0,-1.1364812588464306,-0.8619484131774695,TIME_LIMIT,212228,0,0,7,16
5,8,849557.0,-1.1364812588464306,-0.8619484131774695,TIME_LIMIT,212252,0,0,19,17
5,8,849616.0,-1.1364746353694206,-0.8619484131774695,TIME_LIMIT,212286,0,0,9,12
5,8,849824.0,-1.1364746353694206,-0.8619484131774695,TIME_LIMIT,212319,0,0,19,15
5,8,849992.0,-1.136434919419771,-0.8619484131774695,TIME_LIMIT,212345,0,0,15,8
5,8,850084.0,-1.136434919419771,-0.8619484131774695,TIME_LIMIT,212367,0,0,10,10
5,8,850109.0,-1.1364343801717611,-0.8619484131774695,TIME_LIMIT,212375,0,0,6,0
5,8,850190.0,-1.1364343801717611,-0.8619484131774695,TIME_LIMIT,212395,0,0,11,4
5,8,850230.0,-1.1364257414435601,-0.8619484131774695,TIME_LIMIT,212416,0,0,5,1
5,8,850436.0,-1.1364257414435601,-0.8619484131774695,TIME_LIMIT,212441,0,0,9,14
5,8,850578.0,-1.1364150448627304,-0.8619484131774695,TIME_LIMIT,212465,0,0,12,6
5,8,850690.0,-1.1364150448627304,-0.8619484131774695,TIME_LIMIT,212485,0,0,10,7
5,8,850752.0,-1.1363988980511786,-0.8619484131774695,TIME_LIMIT,212513,0,0,15,5
5,8,850822.0,-1.1363988980511786,-0.8619484131774695,TIME_LIMIT,212532,0,0,7,12
5,8,850915.0,-1.1363581106004315,-0.8619484131774695,TIME_LIMIT,212550,0,0,13,13
5,8,850977.0,-1.1363581106004315,-0.8619484131774695,TIME_LIMIT,212574,0,0,8,15
5,8,851086.0,-1.1363415726343804,-0.8619484131774695,TIME_LIMIT,212598,0,0,11,5
5,8,851120.0,-1.1363415726343804,-0.8619484131774695,TIME_LIMIT,212622,0,0,17,5
5,8,851203.0,-1.1363304786347157,-0.8619484131774695,TIME_LIMIT,212644,0,0,9,2
5,8,851327.0,-1.1363304786347157,-0.8619484131774695,TIME_LIMIT,212671,0,0,13,10
5,8,851427.0,-1.1363293602238111,-0.8619484131774695,TIME_LIMIT,212692,0,0,10,11
5,8,851509.0,-1.1363293602238111,-0.8619484131774695,TIME_LIMIT,212714,0,0,15,9
5,8,851619.0,-1.136328267595613,-0.8619484131774695,TIME_LIMIT,212741,0,0,12,4
5,8,851759.0,-1.136328267595613,-0.8619484131774695,TIME_LIMIT,212762,0,0,13,13
5,8,851861.0,-1.1363181855528943,-0.8619484131774695,TIME_LIMIT,212786,0,0,12,3
5,8,852074.0,-1.1363181855528943,-0.8619484131774695,TIME_LIMIT,212810,0,0,18,23
5,8,852308.0,-1.1363109456183784,-0.8619484131774695,TIME_LIMIT,212849,0,0,8,8
5,8,852448.0,-1.1363109456183784,-0.8619484131774695,TIME_LIMIT,212877,0,0,7,11
5,8,852594.0,-1.136310055666567,-0.8619484131774695,TIME_LIMIT,212907,0,0,14,10
5,8,852796.0,-1.136310055666567,-0.8619484131774695,TIME_LIMIT,212937,0,0,9,17
5,8,852943.0,-1.1363039829395731,-0.8619484131774695,TIME_LIMIT,212965,0,0,13,9
5,8,853043.0,-1.1363039829395731,-0.8619484131774695,TIME_LIMIT,212987,0,0,4,16
5,8,853128.0,-1.1363014950245636,-0.8619484131774695,TIME_LIMIT,213016,0,0,8,12
5,8,853143.0,-1.1363014950245636,-0.8619484131774695,TIME_LIMIT,213031,0,0,8,8
5,8,853187.0,-1.1362712710386422,-0.8619484131774695,TIME_LIMIT,213047,0,0,4,3
5,8,853387.0,-1.1362712710386422,-0.8619484131774695,TIME_LIMIT,213070,0,0,22,25
5,8,853616.0,-1.1362662902921181,-0.8619484131774695,TIME_LIMIT,213098,0,0,8,5
5,8,853743.0,-1.1362662902921181,-0.8619484131774695,TIME_LIMIT,213121,0,0,15,11
5,8,853833.0,-1.1362650688145906,-0.8619484131774695,TIME_LIMIT,213149,0,0,14,10
5,8,854017.0,-1.1362650688145906,-0.8619484131774695,TIME_LIMIT,213176,0,0,10,7
5,8,854111.0,-1.1362601743922063,-0.8619484131774695,TIME_LIMIT,213202,0,0,10,4
5,8,854208.0,-1.1362601743922063,-0.8619484131774695,TIME_LIMIT,213228,0,0,6,20
5,8,854323.0,-1.1362403100529375,-0.8619484131774695,TIME_LIMIT,213267,0,0,14,7
5,8,854374.0,-1.1362403100529375,-0.8619484131774695,TIME_LIMIT,213283,0,0,11,7
5,8,854404.0,-1.1362388437145094,-0.8619484131774695,TIME_LIMIT,213299,0,0,6,1
5,8,854569.0,-1.1362388437145094,-0.8619484131774695,TIME_LIMIT,213321,0,0,20,16
5,8,854718.0,-1.1362266597117392,-0.8619484131774695,TIME_LIMIT,213344,0,0,14,9
5,8,854862.0,-1.1362266597117392,-0.8619484131774695,TIME_LIMIT,213375,0,0,14,8
5,8,855044.0,-1.136220573085768,-0.8619484131774695,TIME_LIMIT,213408,0,0,10,14
5,8,855181.0,-1.136220573085768,-0.8619484131774695,TIME_LIMIT,213437,0,0,19,12
5,8,855339.0,-1.1362192213435858,-0.8619484131774695,TIME_LIMIT,213462,0,0,13,12
5,8,855540.0,-1.1362192213435858,-0.8619484131774695,TIME_LIMIT,213487,0,0,14,4
5,8,855593.0,-1.1362125824813343,-0.8619484131774695,TIME_LIMIT,213503,0,0,11,9
5,8,855695.0,-1.1362125824813343,-0.8619484131774695,TIME_LIMIT,213526,0,0,13,14
5,8,855828.0,-1.136207024669745,-0.8619484131774695,TIME_LIMIT,213563,0,0,15,9
5,8,856022.0,-1.136207024669745,-0.8619484131774695,TIME_LIMIT,213590,0,0,17,7
5,8,856108.0,-1.136187888215596,-0.8619484131774695,TIME_LIMIT,213620,0,0,16,9
5,8,856172.0,-1.136187888215596,-0.8619484131774695,TIME_LIMIT,213640,0,0,16,17
5,8,856252.0,-1.136178916803977,-0.8619484131774695,TIME_LIMIT,213668,0,0,13,6
5,8,856328.0,-1.136178916803977,-0.8619484131774695,TIME_LIMIT,213690,0,0,16,13
5,8,856419.0,-1.1361546498682422,-0.8619484131774695,TIME_LIMIT,213726,0,0,16,7
5,8,856505.0,-1.1361546498682422,-0.8619484131774695,TIME_LIMIT,213745,0,0,10,11
5,8,856614.0,-1.1361489306619965,-0.8619484131774695,TIME_LIMIT,213771,0,0,8,6
5,8,856715.0,-1.1361489306619965,-0.8619484131774695,TIME_LIMIT,213794,0,0,19,19
5,8,856785.0,-1.1361439827360886,-0.8619484131774695,TIME_LIMIT,213825,0,0,8,6
5,8,856994.0,-1.1361439827360886,-0.8619484131774695,TIME_LIMIT,213846,0,0,17,32
5,8,857093.0,-1.1361425687526743,-0.8619484131774695,TIME_LIMIT,213880,0,0,9,12
5,8,857174.0,-1.1361425687526743,-0.8619484131774695,TIME_LIMIT,213902,0,0,15,9
5,8,857244.0,-1.136136085222255,-0.8619484131774695,TIME_LIMIT,213927,0,0,16,1
5,8,857355.0,-1.136136085222255,-0.8619484131774695,TIME_LIMIT,213952,0,0,11,16
5,8,857456.0,-1.1361286440643177,-0.8619484131774695,TIME_LIMIT,213971,0,0,10,9
5,8,857530.0,-1.1361286440643177,-0.8619484131774695,TIME_LIMIT,213989,0,0,14,10
5,8,857576.0,-1.1361223891950563,-0.8619484131774695,TIME_LIMIT,214020,0,0,8,12
5,8,857679.0,-1.1361223891950563,-0.8619484131774695,TIME_LIMIT,214045,0,0,16,11
5,8,857724.0,-1.1361221160393253,-0.8619484131774695,TIME_LIMIT,214066,0,0,8,2
5,8,857832.0,-1.1361221160393253,-0.8619484131774695,TIME_LIMIT,214089,0,0,7,18
5,8,857890.0,-1.1361214427166821,-0.8619484131774695,TIME_LIMIT,214115,0,0,4,4
5,8,858021.0,-1.1361214427166821,-0.8619484131774695,TIME_LIMIT,214142,0,0,12,22
5,8,858136.0,-1.1361195745831214,-0.8619484131774695,TIME_LIMIT,214168,0,0,8,10
5,8,858262.0,-1.1361195745831214,-0.8619484131774695,TIME_LIMIT,214197,0,0,18,15
5,8,858338.0,-1.1361186778718946,-0.8619484131774695,TIME_LIMIT,214229,0,0,22,3
5,8,858415.0,-1.1361186778718946,-0.8619484131774695,TIME_LIMIT,214244,0,0,13,7
5,8,858440.0,-1.1361064571648705,-0.8619484131774695,TIME_LIMIT,214264,0,0,6,3
5,8,858643.0,-1.1361064571648705,-0.8619484131774695,TIME_LIMIT,214294,0,0,22,13
5,8,858866.0,-1.1361064376758043,-0.8619484131774695,TIME_LIMIT,214323,0,0,12,10
5,8,858942.0,-1.1361064376758043,-0.8619484131774695,TIME_LIMIT,214344,0,0,12,7
5,8,859006.0,-1.136095838415447,-0.8619484131774695,TIME_LIMIT,214361,0,0,8,2
5,8,859035.0,-1.136095838415447,-0.8619484131774695,TIME_LIMIT,214380,0,0,6,8
5,8,859091.0,-1.1360914599381065,-0.8619484131774695,TIME_LIMIT,214401,0,0,3,5
5,8,859282.0,-1.1360914599381065,-0.8619484131774695,TIME_LIMIT,214433,0,0,19,19
5,8,859355.0,-1.1360897583698437,-0.8619484131774695,TIME_LIMIT,214455,0,0,14,11
5,8,859509.0,-1.1360897583698437,-0.8619484131774695,TIME_LIMIT,214480,0,0,21,7
5,8,859610.0,-1.1360829192560074,-0.8619484131774695,TIME_LIMIT,214507,0,0,14,4
5,8,859672.0,-1.1360829192560074,-0.8619484131774695,TIME_LIMIT,214530,0,0,16,5
5,8,859738.0,-1.1360720774615238,-0.8619484131774695,TIME_LIMIT,214558,0,0,6,3
5,8,859820.0,-1.1360720774615238,-0.8619484131774695,TIME_LIMIT,214579,0,0,3,7
5,8,859901.0,-1.1360718736135424,-0.8619484131774695,TIME_LIMIT,214596,0,0,11,5
5,8,860000.0,-1.1360718736135424,-0.8619484131774695,TIME_LIMIT,214621,0,0,13,10
5,8,860215.0,-1.1360679310995097,-0.8619484131774695,TIME_LIMIT,214654,0,0,10,16
5,8,860359.0,-1.1360679310995097,-0.8619484131774695,TIME_LIMIT,214675,0,0,10,8
5,8,860436.0,-1.1360200972294825,-0.8619484131774695,TIME_LIMIT,214694,0,0,8,5
5,8,860651.0,-1.1360200972294825,-0.8619484131774695,TIME_LIMIT,214717,0,0,14,24
5,8,860760.0,-1.1360106171381785,-0.8619484131774695,TIME_LIMIT,214753,0,0,11,8
5,8,860878.0,-1.1360106171381785,-0.8619484131774695,TIME_LIMIT,214775,0,0,18,27
5,8,861032.0,-1.1360080775227144,-0.8619484131774695,TIME_LIMIT,214812,0,0,10,12
5,8,861117.0,-1.1360080775227144,-0.8619484131774695,TIME_LIMIT,214832,0,0,7,3
5,8,861151.0,-1.1359962177478726,-0.8619484131774695,TIME_LIMIT,214859,0,0,11,4
5,8,861270.0,-1.1359962177478726,-0.8619484131774695,TIME_LIMIT,214885,0,0,7,11
5,8,861345.0,-1.1359903492037011,-0.8619484131774695,TIME_LIMIT,214910,0,0,9,2
5,8,861398.0,-1.1359903492037011,-0.8619484131774695,TIME_LIMIT,214930,0,0,7,7
5,8,861436.0,-1.135984839581679,-0.8619484131774695,TIME_LIMIT,214945,0,0,8,3
5,8,861562.0,-1.135984839581679,-0.8619484131774695,TIME_LIMIT,214966,0,0,13,9
5,8,861639.0,-1.1359846162683755,-0.8619484131774695,TIME_LIMIT,214986,0,0,11,2
5,8,861781.0,-1.1359846162683755,-0.8619484131774695,TIME_LIMIT,215011,0,0,13,13
5,8,861911.0,-1.1359714030997938,-0.8619484131774695,TIME_LIMIT,215039,0,0,14,5
5,8,861963.0,-1.1359714030997938,-0.8619484131774695,TIME_LIMIT,215063,0,0,16,22
5,8,862201.0,-1.1359577572073158,-0.8619484131774695,TIME_LIMIT,215096,0,0,11,6
5,8,862333.0,-1.1359577572073158,-0.8619484131774695,TIME_LIMIT,215121,0,0,8,8
5,8,862447.0,-1.1359468156923112,-0.8619484131774695,TIME_LIMIT,215150,0,0,10,8
5,8,862521.0,-1.1359468156923112,-0.8619484131774695,TIME_LIMIT,215173,0,0,14,7
5,8,862676.0,-1.1359367832848406,-0.8619484131774695,TIME_LIMIT,215201,0,0,13,5
5,8,862841.0,-1.1359367832848406,-0.8619484131774695,TIME_LIMIT,215230,0,0,14,14
5,8,862932.0,-1.1359347665135964,-0.8619484131774695,TIME_LIMIT,215252,0,0,14,6
5,8,863003.0,-1.1359347665135964,-0.8619484131774695,TIME_LIMIT,215274,0,0,11,10
5,8,863052.0,-1.1358411101867147,-0.8619484131774695,TIME_LIMIT,215297,0,0,10,7
5,8,863256.0,-1.1358411101867147,-0.8619484131774695,TIME_LIMIT,215320,0,0,13,18
5,8,863415.0,-1.135838616321504,-0.8619484131774695,TIME_LIMIT,215353,0,0,10,7
5,8,863480.0,-1.135838616321504,-0.8619484131774695,TIME_LIMIT,215379,0,0,16,6
5,8,863564.0,-1.1358360549214501,-0.8619484131774695,TIME_LIMIT,215399,0,0,11,7
5,8,863736.0,-1.1358360549214501,-0.8619484131774695,TIME_LIMIT,215430,0,0,15,20
5,8,863934.0,-1.1358272444459092,-0.8619484131774695,TIME_LIMIT,215463,0,0,19,13
5,8,864005.0,-1.1358272444459092,-0.8619484131774695,TIME_LIMIT,215486,0,0,14,10
5,8,864077.0,-1.1358120993112992,-0.8619484131774695,TIME_LIMIT,215515,0,0,7,10
5,8,864122.0,-1.1358120993112992,-0.8619484131774695,TIME_LIMIT,215532,0,0,14,8
5,8,864229.0,-1.1358039894784109,-0.8619484131774695,TIME_LIMIT,215558,0,0,5,6
5,8,864292.0,-1.1358039894784109,-0.8619484131774695,TIME_LIMIT,215577,0,0,8,7
5,8,864319.0,-1.1357809905374072,-0.8619484131774695,TIME_LIMIT,215597,0,0,6,2
5,8,864482.0,-1.1357809905374072,-0.8619484131774695,TIME_LIMIT,215618,0,0,10,5
5,8,864528.0,-1.1357807883251685,-0.8619484131774695,TIME_LIMIT,215633,0,0,12,3
5,8,864724.0,-1.1357807883251685,-0.8619484131774695,TIME_LIMIT,215660,0,0,14,18
5,8,864950.0,-1.1357697445018784,-0.8619484131774695,TIME_LIMIT,215698,0,0,11,11
5,8,865037.0,-1.1357697445018784,-0.8619484131774695,TIME_LIMIT,215720,0,0,16,8
5,8,865114.0,-1.1357607006976482,-0.8619484131774695,TIME_LIMIT,215747,0,0,12,6
5,8,865208.0,-1.1357607006976482,-0.8619484131774695,TIME_LIMIT,215773,0,0,25,22
5,8,865366.0,-1.1357492227842378,-0.8619484131774695,TIME_LIMIT,215816,0,0,23,8
5,8,865549.0,-1.1357492227842378,-0.8619484131774695,TIME_LIMIT,215839,0,0,20,26
5,8,865664.0,-1.135729737949088,-0.8619484131774695,TIME_LIMIT,215865,0,0,12,9
5,8,865850.0,-1.135729737949088,-0.8619484131774695,TIME_LIMIT,215888,0,0,19,24
5,8,866070.0,-1.135724745260915,-0.8619484131774695,TIME_LIMIT,215922,0,0,12,11
5,8,866169.0,-1.135724745260915,-0.8619484131774695,TIME_LIMIT,215942,0,0,7,6
5,8,866325.0,-1.13572406130003,-0.8619484131774695,TIME_LIMIT,215974,0,0,10,13
5,8,866551.0,-1.13572406130003,-0.8619484131774695,TIME_LIMIT,216003,0,0,13,8
5,8,866595.0,-1.1357186233239476,-0.8619484131774695,TIME_LIMIT,216028,0,0,15,17
5,8,866644.0,-1.1357186233239476,-0.8619484131774695,TIME_LIMIT,216046,0,0,5,5
5,8,866676.0,-1.1357160844692888,-0.8619484131774695,TIME_LIMIT,216064,0,0,2,6
5,8,866781.0,-1.1357160844692888,-0.8619484131774695,TIME_LIMIT,216085,0,0,10,8
5,8,866871.0,-1.1357101640423328,-0.8619484131774695,TIME_LIMIT,216106,0,0,10,7
5,8,866950.0,-1.1357101640423328,-0.8619484131774695,TIME_LIMIT,216126,0,0,5,7
5,8,867013.0,-1.1357094721455125,-0.8619484131774695,TIME_LIMIT,216159,0,0,5,9
5,8,867054.0,-1.1357094721455125,-0.8619484131774695,TIME_LIMIT,216183,0,0,4,8
5,8,867130.0,-1.1357060346174235,-0.8619484131774695,TIME_LIMIT,216203,0,0,11,3
5,8,867214.0,-1.1357060346174235,-0.8619484131774695,TIME_LIMIT,216230,0,0,8,11
5,8,867279.0,-1.135705031618064,-0.8619484131774695,TIME_LIMIT,216252,0,0,15,3
5,8,867369.0,-1.135705031618064,-0.8619484131774695,TIME_LIMIT,216278,0,0,20,10
5,8,867530.0,-1.1357009581589683,-0.8619484131774695,TIME_LIMIT,216303,0,0,11,9
5,8,867676.0,-1.1357009581589683,-0.8619484131774695,TIME_LIMIT,216332,0,0,16,7
5,8,867813.0,-1.1356981521839442,-0.8619484131774695,TIME_LIMIT,216354,0,0,13,9
5,8,867888.0,-1.1356981521839442,-0.8619484131774695,TIME_LIMIT,216373,0,0,11,8
5,8,867931.0,-1.1356834523146673,-0.8619484131774695,TIME_LIMIT,216390,0,0,9,7
5,8,868071.0,-1.1356834523146673,-0.8619484131774695,TIME_LIMIT,216414,0,0,15,11
5,8,868139.0,-1.135679415647078,-0.8619484131774695,TIME_LIMIT,216435,0,0,14,5
5,8,868253.0,-1.135679415647078,-0.8619484131774695,TIME_LIMIT,216456,0,0,12,10
5,8,868396.0,-1.135677426352194,-0.8619484131774695,TIME_LIMIT,216494,0,0,14,9
5,8,868481.0,-1.135677426352194,-0.8619484131774695,TIME_LIMIT,216520,0,0,9,17
5,8,868554.0,-1.1356701319898912,-0.8619484131774695,TIME_LIMIT,216545,0,0,13,9
5,8,868689.0,-1.1356701319898912,-0.8619484131774695,TIME_LIMIT,216568,0,0,15,15
5,8,868779.0,-1.1356701284512702,-0.8619484131774695,TIME_LIMIT,216598,0,0,11,5
5,8,868832.0,-1.1356701284512702,-0.8619484131774695,TIME_LIMIT,216617,0,0,14,19
5,8,868974.0,-1.135668770398993,-0.8619484131774695,TIME_LIMIT,216635,0,0,9,5
5,8,869179.0,-1.135668770398993,-0.8619484131774695,TIME_LIMIT,216660,0,0,15,7
5,8,869398.0,-1.1356572792167468,-0.8619484131774695,TIME_LIMIT,216685,0,0,12,7
5,8,869465.0,-1.1356572792167468,-0.8619484131774695,TIME_LIMIT,216706,0,0,12,9
5,8,869545.0,-1.135653109549935,-0.8619484131774695,TIME_LIMIT,216738,0,0,10,9
5,8,869629.0,-1.135653109549935,-0.8619484131774695,TIME_LIMIT,216760,0,0,10,10
5,8,869705.0,-1.135648375623846,-0.8619484131774695,TIME_LIMIT,216786,0,0,3,7
5,8,869802.0,-1.135648375623846,-0.8619484131774695,TIME_LIMIT,216807,0,0,12,19
5,8,870008.0,-1.1356356725426378,-0.8619484131774695,TIME_LIMIT,216839,0,0,17,21
5,8,870194.0,-1.1356356725426378,-0.8619484131774695,TIME_LIMIT,216862,0,0,18,13
5,8,870280.0,-1.135628803169221,-0.8619484131774695,TIME_LIMIT,216893,0,0,6,5
5,8,870364.0,-1.135628803169221,-0.8619484131774695,TIME_LIMIT,216913,0,0,11,4
5,8,870484.0,-1.1356230202697686,-0.8619484131774695,TIME_LIMIT,216945,0,0,11,8
5,8,870545.0,-1.1356230202697686,-0.8619484131774695,TIME_LIMIT,216964,0,0,5,8
5,8,870630.0,-1.1356039559603046,-0.8619484131774695,TIME_LIMIT,216981,0,0,8,9
5,8,870700.0,-1.1356039559603046,-0.8619484131774695,TIME_LIMIT,217004,0,0,15,6
5,8,870740.0,-1.1355972345963954,-0.8619484131774695,TIME_LIMIT,217020,0,0,4,1
5,8,870835.0,-1.1355972345963954,-0.8619484131774695,TIME_LIMIT,217045,0,0,7,18
5,8,871124.0,-1.1355891336196682,-0.8619484131774695,TIME_LIMIT,217089,0,0,17,15
5,8,871328.0,-1.1355891336196682,-0.8619484131774695,TIME_LIMIT,217117,0,0,18,16
5,8,871560.0,-1.1355749439342644,-0.8619484131774695,TIME_LIMIT,217153,0,0,15,11
5,8,871755.0,-1.1355749439342644,-0.8619484131774695,TIME_LIMIT,217177,0,0,15,11
5,8,871936.0,-1.1355599837600918,-0.8619484131774695,TIME_LIMIT,217201,0,0,13,8
5,8,872044.0,-1.1355599837600918,-0.8619484131774695,TIME_LIMIT,217229,0,0,14,15
5,8,872123.0,-1.1355443030760026,-0.8619484131774695,TIME_LIMIT,217251,0,0,9,12
5,8,872224.0,-1.1355443030760026,-0.8619484131774695,TIME_LIMIT,217274,0,0,20,18
5,8,872402.0,-1.1355339311125943,-0.8619484131774695,TIME_LIMIT,217315,0,0,9,8
5,8,872455.0,-1.1355339311125943,-0.8619484131774695,TIME_LIMIT,217335,0,0,10,10
5,8,872566.0,-1.1355242869225677,-0.8619484131774695,TIME_LIMIT,217354,0,0,14,6
5,8,872656.0,-1.1355242869225677,-0.8619484131774695,TIME_LIMIT,217378,0,0,18,14
5,8,872776.0,-1.1355179234426551,-0.8619484131774695,TIME_LIMIT,217398,0,0,12,8
5,8,872840.0,-1.1355179234426551,-0.8619484131774695,TIME_LIMIT,217423,0,0,7,8
5,8,872993.0,-1.1355161845968875,-0.8619484131774695,TIME_LIMIT,217455,0,0,15,10
5,8,873167.0,-1.1355161845968875,-0.8619484131774695,TIME_LIMIT,217478,0,0,18,12
5,8,873340.0,-1.1355097293216396,-0.8619484131774695,TIME_LIMIT,217506,0,0,15,9
5,8,873492.0,-1.1355097293216396,-0.8619484131774695,TIME_LIMIT,217533,0,0,13,10
5,8,873584.0,-1.1354933757075931,-0.8619484131774695,TIME_LIMIT,217556,0,0,9,8
5,8,873673.0,-1.1354933757075931,-0.8619484131774695,TIME_LIMIT,217578,0,0,14,11
5,8,873700.0,-1.1354847258812204,-0.8619484131774695,TIME_LIMIT,217597,0,0,10,8
5,8,873802.0,-1.1354847258812204,-0.8619484131774695,TIME_LIMIT,217628,0,0,8,15
5,8,873882.0,-1.1354821114280567,-0.8619484131774695,TIME_LIMIT,217651,0,0,7,4
5,8,874023.0,-1.1354821114280567,-0.8619484131774695,TIME_LIMIT,217676,0,0,17,8
5,8,874150.0,-1.1354740998278463,-0.8619484131774695,TIME_LIMIT,217698,0,0,14,7
5,8,874332.0,-1.1354740998278463,-0.8619484131774695,TIME_LIMIT,217719,0,0,15,16
5,8,874450.0,-1.13546803285793,-0.8619484131774695,TIME_LIMIT,217745,0,0,12,7
5,8,874511.0,-1.13546803285793,-0.8619484131774695,TIME_LIMIT,217762,0,0,8,9
5,8,874524.0,-1.1354489573475763,-0.8619484131774695,TIME_LIMIT,217772,0,0,4,2
5,8,874550.0,-1.1354489573475763,-0.8619484131774695,TIME_LIMIT,217795,0,0,9,8
5,8,874604.0,-1.1354432501169704,-0.8619484131774695,TIME_LIMIT,217810,0,0,5,5
5,8,874748.0,-1.1354432501169704,-0.8619484131774695,TIME_LIMIT,217836,0,0,22,14
5,8,874863.0,-1.135439142357176,-0.8619484131774695,TIME_LIMIT,217872,0,0,8,4
5,8,874970.0,-1.135439142357176,-0.8619484131774695,TIME_LIMIT,217898,0,0,13,20
5,8,875054.0,-1.135406102458973,-0.8619484131774695,TIME_LIMIT,217925,0,0,11,4
5,8,875211.0,-1.135406102458973,-0.8619484131774695,TIME_LIMIT,217945,0,0,14,20
5,8,875345.0,-1.135400586196549,-0.8619484131774695,TIME_LIMIT,217979,0,0,16,9
5,8,875452.0,-1.135400586196549,-0.8619484131774695,TIME_LIMIT,217999,0,0,9,13
5,8,875580.0,-1.135374125137154,-0.8619484131774695,TIME_LIMIT,218030,0,0,10,11
5,8,875769.0,-1.135374125137154,-0.8619484131774695,TIME_LIMIT,218058,0,0,16,16
5,8,875952.0,-1.1353592576863734,-0.8619484131774695,TIME_LIMIT,218086,0,0,16,9
5,8,876095.0,-1.1353592576863734,-0.8619484131774695,TIME_LIMIT,218111,0,0,13,11
5,8,876179.0,-1.1353501588487478,-0.8619484131774695,TIME_LIMIT,218134,0,0,12,10
5,8,876332.0,-1.1353501588487478,-0.8619484131774695,TIME_LIMIT,218164,0,0,17,9
5,8,876467.0,-1.1353372566232007,-0.8619484131774695,TIME_LIMIT,218188,0,0,12,5
5,8,876555.0,-1.1353372566232007,-0.8619484131774695,TIME_LIMIT,218210,0,0,14,16
5,8,876674.0,-1.1353298558983616,-0.8619484131774695,TIME_LIMIT,218234,0,0,14,9
5,8,876876.0,-1.1353298558983616,-0.8619484131774695,TIME_LIMIT,218261,0,0,19,17
5,8,876955.0,-1.1353270204293255,-0.8619484131774695,TIME_LIMIT,218294,0,0,14,4
5,8,877040.0,-1.1353270204293255,-0.8619484131774695,TIME_LIMIT,218314,0,0,9,10
5,8,877089.0,-1.1353156524850163,-0.8619484131774695,TIME_LIMIT,218330,0,0,10,4
5,8,877207.0,-1.1353156524850163,-0.8619484131774695,TIME_LIMIT,218353,0,0,12,13
5,8,877368.0,-1.1352997563169738,-0.8619484131774695,TIME_LIMIT,218381,0,0,8,2
5,8,877536.0,-1.1352997563169738,-0.8619484131774695,TIME_LIMIT,218407,0,0,18,11
5,8,877713.0,-1.1352839050705152,-0.8619484131774695,TIME_LIMIT,218433,0,0,18,4
5,8,877861.0,-1.1352839050705152,-0.8619484131774695,TIME_LIMIT,218450,0,0,9,10
5,8,877907.0,-1.1352653638642578,-0.8619484131774695,TIME_LIMIT,218469,0,0,11,2
5,8,877977.0,-1.1352653638642578,-0.8619484131774695,TIME_LIMIT,218488,0,0,15,9
5,8,878070.0,-1.1352580945738036,-0.8619484131774695,TIME_LIMIT,218511,0,0,10,6
5,8,878092.0,-1.1352580945738036,-0.8619484131774695,TIME_LIMIT,218530,0,0,15,12
5,8,878250.0,-1.1352561572464888,-0.8619484131774695,TIME_LIMIT,218562,0,0,11,5
5,8,878289.0,-1.1352561572464888,-0.8619484131774695,TIME_LIMIT,218578,0,0,7,4
5,8,878413.0,-1.1352454988235683,-0.8619484131774695,TIME_LIMIT,218611,0,0,10,5
5,8,878615.0,-1.1352454988235683,-0.8619484131774695,TIME_LIMIT,218632,0,0,14,22
5,8,878833.0,-1.1352380443767554,-0.8619484131774695,TIME_LIMIT,218671,0,0,11,12
5,8,878925.0,-1.1352380443767554,-0.8619484131774695,TIME_LIMIT,218694,0,0,25,11
5,8,879068.0,-1.1352370455592211,-0.8619484131774695,TIME_LIMIT,218726,0,0,5,5
5,8,879237.0,-1.1352370455592211,-0.8619484131774695,TIME_LIMIT,218747,0,0,19,26
5,8,879402.0,-1.1352326251985545,-0.8619484131774695,TIME_LIMIT,218779,0,0,15,12
5,8,879572.0,-1.1352326251985545,-0.8619484131774695,TIME_LIMIT,218807,0,0,16,10
5,8,879773.0,-1.1352219235737768,-0.8619484131774695,TIME_LIMIT,218844,0,0,13,6
5,8,879831.0,-1.1352219235737768,-0.8619484131774695,TIME_LIMIT,218865,0,0,10,11
5,8,879999.0,-1.1352173421857439,-0.8619484131774695,TIME_LIMIT,218898,0,0,8,3
5,8,880166.0,-1.1352173421857439,-0.8619484131774695,TIME_LIMIT,218931,0,0,13,18
5,8,880239.0,-1.1351996892556289,-0.8619484131774695,TIME_LIMIT,218962,0,0,19,9
5,8,880376.0,-1.1351996892556289,-0.8619484131774695,TIME_LIMIT,218990,0,0,7,7
5,8,880417.0,-1.1351972385669156,-0.8619484131774695,TIME_LIMIT,219010,0,0,5,4
5,8,880602.0,-1.1351972385669156,-0.8619484131774695,TIME_LIMIT,219037,0,0,16,16
5,8,880692.0,-1.1351915698172097,-0.8619484131774695,TIME_LIMIT,219065,0,0,6,6
5,8,880770.0,-1.1351915698172097,-0.8619484131774695,TIME_LIMIT,219085,0,0,11,10
5,8,880914.0,-1.1351742511203724,-0.8619484131774695,TIME_LIMIT,219120,0,0,13,8
5,8,880996.0,-1.1351742511203724,-0.8619484131774695,TIME_LIMIT,219142,0,0,10,10
5,8,881092.0,-1.1351732118596882,-0.8619484131774695,TIME_LIMIT,219164,0,0,10,3
5,8,881195.0,-1.1351732118596882,-0.8619484131774695,TIME_LIMIT,219182,0,0,8,11
5,8,881280.0,-1.13517208648011,-0.8619484131774695,TIME_LIMIT,219209,0,0,8,5
5,8,881482.0,-1.13517208648011,-0.8619484131774695,TIME_LIMIT,219232,0,0,12,7
5,8,881655.0,-1.1351588642785673,-0.8619484131774695,TIME_LIMIT,219255,0,0,14,7
5,8,881737.0,-1.1351588642785673,-0.8619484131774695,TIME_LIMIT,219274,0,0,11,15
5,8,881786.0,-1.1351465436161163,-0.8619484131774695,TIME_LIMIT,219296,0,0,8,4
5,8,881838.0,-1.1351465436161163,-0.8619484131774695,TIME_LIMIT,219315,0,0,7,8
5,8,881874.0,-1.1351352194225184,-0.8619484131774695,TIME_LIMIT,219334,0,0,9,5
5,8,882033.0,-1.1351352194225184,-0.8619484131774695,TIME_LIMIT,219359,0,0,15,14
5,8,882121.0,-1.1351218505553893,-0.8619484131774695,TIME_LIMIT,219385,0,0,11,9
5,8,882278.0,-1.1351218505553893,-0.8619484131774695,TIME_LIMIT,219410,0,0,8,19
5,8,882329.0,-1.1350915755398243,-0.8619484131774695,TIME_LIMIT,219437,0,0,10,6
5,8,882508.0,-1.1350915755398243,-0.8619484131774695,TIME_LIMIT,219481,0,0,9,12
5,8,882639.0,-1.1350720278473885,-0.8619484131774695,TIME_LIMIT,219504,0,0,16,22
5,8,882713.0,-1.1350720278473885,-0.8619484131774695,TIME_LIMIT,219525,0,0,11,12
5,8,882816.0,-1.1350698455404338,-0.8619484131774695,TIME_LIMIT,219556,0,0,6,8
5,8,882950.0,-1.1350698455404338,-0.8619484131774695,TIME_LIMIT,219584,0,0,13,14
5,8,883018.0,-1.135034192514364,-0.8619484131774695,TIME_LIMIT,219614,0,0,6,11
5,8,883222.0,-1.135034192514364,-0.8619484131774695,TIME_LIMIT,219646,0,0,18,15
5,8,883382.0,-1.1350276503434042,-0.8619484131774695,TIME_LIMIT,219668,0,0,15,18
5,8,883529.0,-1.1350276503434042,-0.8619484131774695,TIME_LIMIT,219696,0,0,21,23
5,8,883750.0,-1.1350252270026882,-0.8619484131774695,TIME_LIMIT,219726,0,0,18,23
5,8,883905.0,-1.1350252270026882,-0.8619484131774695,TIME_LIMIT,219757,0,0,19,11
5,8,884043.0,-1.135025038977349,-0.8619484131774695,TIME_LIMIT,219784,0,0,10,12
5,8,884147.0,-1.135025038977349,-0.8619484131774695,TIME_LIMIT,219803,0,0,13,18
5,8,884236.0,-1.1350162703433244,-0.8619484131774695,TIME_LIMIT,219830,0,0,11,5
5,8,884328.0,-1.1350162703433244,-0.8619484131774695,TIME_LIMIT,219852,0,0,15,12
5,8,884411.0,-1.1350094411205593,-0.8619484131774695,TIME_LIMIT,219871,0,0,12,3
5,8,884526.0,-1.1350094411205593,-0.8619484131774695,TIME_LIMIT,219891,0,0,13,14
5,8,884771.0,-1.1350050593499477,-0.8619484131774695,TIME_LIMIT,219925,0,0,12,3
5,8,884919.0,-1.1350050593499477,-0.8619484131774695,TIME_LIMIT,219949,0,0,6,4
5,8,884963.0,-1.1349959948428454,-0.8619484131774695,TIME_LIMIT,219967,0,0,1,1
5,8,885172.0,-1.1349959948428454,-0.8619484131774695,TIME_LIMIT,219993,0,0,16,20
5,8,885357.0,-1.1349903136327142,-0.8619484131774695,TIME_LIMIT,220023,0,0,18,10
5,8,885451.0,-1.1349903136327142,-0.8619484131774695,TIME_LIMIT,220048,0,0,13,9
5,8,885528.0,-1.1349846285449219,-0.8619484131774695,TIME_LIMIT,220073,0,0,4,4
5,8,885592.0,-1.1349846285449219,-0.8619484131774695,TIME_LIMIT,220089,0,0,10,11
5,8,885731.0,-1.1349739083055206,-0.8619484131774695,TIME_LIMIT,220113,0,0,11,5
5,8,885843.0,-1.1349739083055206,-0.8619484131774695,TIME_LIMIT,220143,0,0,11,14
5,8,885940.0,-1.1349703404698328,-0.8619484131774695,TIME_LIMIT,220171,0,0,15,7
5,8,886077.0,-1.1349703404698328,-0.8619484131774695,TIME_LIMIT,220199,0,0,17,17
5,8,886137.0,-1.134957548136352,-0.8619484131774695,TIME_LIMIT,220222,0,0,7,8
5,8,886203.0,-1.134957548136352,-0.8619484131774695,TIME_LIMIT,220246,0,0,12,6
5,8,886272.0,-1.1349566629626138,-0.8619484131774695,TIME_LIMIT,220273,0,0,10,8
5,8,886370.0,-1.1349566629626138,-0.8619484131774695,TIME_LIMIT,220291,0,0,15,10
5,8,886445.0,-1.1349447786143918,-0.8619484131774695,TIME_LIMIT,220317,0,0,13,8
5,8,886536.0,-1.1349447786143918,-0.8619484131774695,TIME_LIMIT,220340,0,0,17,13
5,8,886654.0,-1.1349294514524697,-0.8619484131774695,TIME_LIMIT,220378,0,0,5,9
5,8,886703.0,-1.1349294514524697,-0.8619484131774695,TIME_LIMIT,220391,0,0,6,5
5,8,886779.0,-1.1349292152248511,-0.8619484131774695,TIME_LIMIT,220416,0,0,8,10
5,8,886909.0,-1.1349292152248511,-0.8619484131774695,TIME_LIMIT,220448,0,0,22,35
5,8,887063.0,-1.1349222514686597,-0.8619484131774695,TIME_LIMIT,220476,0,0,17,12
5,8,887212.0,-1.1349222514686597,-0.8619484131774695,TIME_LIMIT,220504,0,0,14,5
5,8,887302.0,-1.1349218589652263,-0.8619484131774695,TIME_LIMIT,220530,0,0,16,5
5,8,887396.0,-1.1349218589652263,-0.8619484131774695,TIME_LIMIT,220555,0,0,23,23
5,8,887546.0,-1.134921545358714,-0.8619484131774695,TIME_LIMIT,220595,0,0,16,12
5,8,887640.0,-1.134921545358714,-0.8619484131774695,TIME_LIMIT,220623,0,0,11,5
5,8,887773.0,-1.1349151178449193,-0.8619484131774695,TIME_LIMIT,220656,0,0,14,18
5,8,887949.0,-1.1349151178449193,-0.8619484131774695,TIME_LIMIT,220685,0,0,10,20
5,8,888001.0,-1.1348799502371865,-0.8619484131774695,TIME_LIMIT,220709,0,0,10,5
5,8,888096.0,-1.1348799502371865,-0.8619484131774695,TIME_LIMIT,220732,0,0,13,9
5,8,888196.0,-1.1348749025637879,-0.8619484131774695,TIME_LIMIT,220764,0,0,12,9
5,8,888330.0,-1.1348749025637879,-0.8619484131774695,TIME_LIMIT,220792,0,0,15,7
5,8,888379.0,-1.1348705009118296,-0.8619484131774695,TIME_LIMIT,220815,0,0,13,4
5,8,888486.0,-1.1348705009118296,-0.8619484131774695,TIME_LIMIT,220842,0,0,19,12
5,8,888584.0,-1.1348615220942802,-0.8619484131774695,TIME_LIMIT,220876,0,0,11,11
5,8,888740.0,-1.1348615220942802,-0.8619484131774695,TIME_LIMIT,220909,0,0,8,16
5,8,888811.0,-1.1348577232616186,-0.8619484131774695,TIME_LIMIT,220931,0,0,12,5
5,8,889024.0,-1.1348577232616186,-0.8619484131774695,TIME_LIMIT,220961,0,0,12,13
5,8,889061.0,-1.1348308865089218,-0.8619484131774695,TIME_LIMIT,220985,0,0,2,3
5,8,889125.0,-1.1348308865089218,-0.8619484131774695,TIME_LIMIT,221003,0,0,11,13
5,8,889178.0,-1.1348269531533743,-0.8619484131774695,TIME_LIMIT,221025,0,0,11,1
5,8,889317.0,-1.1348269531533743,-0.8619484131774695,TIME_LIMIT,221050,0,0,11,7
5,8,889445.0,-1.1348224809295875,-0.8619484131774695,TIME_LIMIT,221076,0,0,14,7
5,8,889473.0,-1.1348224809295875,-0.8619484131774695,TIME_LIMIT,221092,0,0,8,6
5,8,889560.0,-1.1348186761445993,-0.8619484131774695,TIME_LIMIT,221107,0,0,8,5
5,8,889643.0,-1.1348186761445993,-0.8619484131774695,TIME_LIMIT,221134,0,0,11,7
5,8,889692.0,-1.1348137207026328,-0.8619484131774695,TIME_LIMIT,221157,0,0,8,7
5,8,889807.0,-1.1348137207026328,-0.8619484131774695,TIME_LIMIT,221188,0,0,13,12
5,8,889895.0,-1.134808493826728,-0.8619484131774695,TIME_LIMIT,221207,0,0,15,7
5,8,890022.0,-1.134808493826728,-0.8619484131774695,TIME_LIMIT,221234,0,0,13,14
5,8,890107.0,-1.134804249098134,-0.8619484131774695,TIME_LIMIT,221253,0,0,12,9
5,8,890253.0,-1.134804249098134,-0.8619484131774695,TIME_LIMIT,221281,0,0,20,11
5,8,890364.0,-1.1347981533486988,-0.8619484131774695,TIME_LIMIT,221306,0,0,18,8
5,8,890502.0,-1.1347981533486988,-0.8619484131774695,TIME_LIMIT,221334,0,0,21,16
5,8,890608.0,-1.1347967258497715,-0.8619484131774695,TIME_LIMIT,221357,0,0,8,7
5,8,890700.0,-1.1347967258497715,-0.8619484131774695,TIME_LIMIT,221379,0,0,7,12
5,8,890739.0,-1.1347897682356218,-0.8619484131774695,TIME_LIMIT,221398,0,0,7,2
5,8,890789.0,-1.1347897682356218,-0.8619484131774695,TIME_LIMIT,221419,0,0,15,8
5,8,890840.0,-1.1347734903613667,-0.8619484131774695,TIME_LIMIT,221438,0,0,13,3
5,8,890921.0,-1.1347734903613667,-0.8619484131774695,TIME_LIMIT,221467,0,0,13,11
5,8,890980.0,-1.1347651578020703,-0.8619484131774695,TIME_LIMIT,221482,0,0,11,18
5,8,891119.0,-1.1347651578020703,-0.8619484131774695,TIME_LIMIT,221505,0,0,18,17
5,8,891270.0,-1.1347312415726503,-0.8619484131774695,TIME_LIMIT,221542,0,0,16,13
5,8,891372.0,-1.1347312415726503,-0.8619484131774695,TIME_LIMIT,221560,0,0,7,6
5,8,891571.0,-1.1347177190216622,-0.8619484131774695,TIME_LIMIT,221594,0,0,7,6
5,8,891807.0,-1.1347177190216622,-0.8619484131774695,TIME_LIMIT,221622,0,0,15,24
5,8,892006.0,-1.134710898008123,-0.8619484131774695,TIME_LIMIT,221664,0,0,22,17
5,8,892232.0,-1.134710898008123,-0.8619484131774695,TIME_LIMIT,221690,0,0,24,29
5,8,892429.0,-1.134702734099868,-0.8619484131774695,TIME_LIMIT,221728,0,0,19,12
5,8,892524.0,-1.134702734099868,-0.8619484131774695,TIME_LIMIT,221747,0,0,10,14
5,8,892652.0,-1.1346908333174421,-0.8619484131774695,TIME_LIMIT,221774,0,0,8,4
5,8,892710.0,-1.1346908333174421,-0.8619484131774695,TIME_LIMIT,221793,0,0,9,4
5,8,892756.0,-1.1346850197858478,-0.8619484131774695,TIME_LIMIT,221810,0,0,9,13
5,8,892889.0,-1.1346850197858478,-0.8619484131774695,TIME_LIMIT,221831,0,0,21,17
5,8,893085.0,-1.1346837400790668,-0.8619484131774695,TIME_LIMIT,221872,0,0,6,5
5,8,893313.0,-1.1346837400790668,-0.8619484131774695,TIME_LIMIT,221890,0,0,18,20
5,8,893557.0,-1.1346714420569213,-0.8619484131774695,TIME_LIMIT,221929,0,0,11,11
5,8,893655.0,-1.1346714420569213,-0.8619484131774695,TIME_LIMIT,221954,0,0,16,14
5,8,893744.0,-1.1346539999174523,-0.8619484131774695,TIME_LIMIT,221976,0,0,9,6
5,8,893897.0,-1.1346539999174523,-0.8619484131774695,TIME_LIMIT,222008,0,0,11,23
5,8,893988.0,-1.1346506766596094,-0.8619484131774695,TIME_LIMIT,222039,0,0,9,12
5,8,894055.0,-1.1346506766596094,-0.8619484131774695,TIME_LIMIT,222061,0,0,12,16
5,8,894173.0,-1.1346411891231265,-0.8619484131774695,TIME_LIMIT,222089,0,0,4,6
5,8,894225.0,-1.1346411891231265,-0.8619484131774695,TIME_LIMIT,222111,0,0,8,18
5,8,894410.0,-1.1346289567810397,-0.8619484131774695,TIME_LIMIT,222148,0,0,8,12
5,8,894568.0,-1.1346289567810397,-0.8619484131774695,TIME_LIMIT,222176,0,0,16,14
5,8,894672.0,-1.134602867995696,-0.8619484131774695,TIME_LIMIT,222201,0,0,11,14
5,8,894765.0,-1.134602867995696,-0.8619484131774695,TIME_LIMIT,222226,0,0,10,9
5,8,894814.0,-1.13459059370286,-0.8619484131774695,TIME_LIMIT,222252,0,0,16,7
5,8,894945.0,-1.13459059370286,-0.8619484131774695,TIME_LIMIT,222285,0,0,10,6
5,8,895095.0,-1.1345732808926414,-0.8619484131774695,TIME_LIMIT,222310,0,0,14,15
5,8,895274.0,-1.1345732808926414,-0.8619484131774695,TIME_LIMIT,222333,0,0,17,23
5,8,895448.0,-1.1345709134487296,-0.8619484131774695,TIME_LIMIT,222374,0,0,17,8
5,8,895578.0,-1.1345709134487296,-0.8619484131774695,TIME_LIMIT,222398,0,0,17,5
5,8,895755.0,-1.134538872422778,-0.8619484131774695,TIME_LIMIT,222436,0,0,9,5
5,8,895880.0,-1.134538872422778,-0.8619484131774695,TIME_LIMIT,222461,0,0,15,16
5,8,895950.0,-1.1345002770666088,-0.8619484131774695,TIME_LIMIT,222486,0,0,14,6
5,8,896012.0,-1.1345002770666088,-0.8619484131774695,TIME_LIMIT,222510,0,0,13,8
5,8,896074.0,-1.1344979308072047,-0.8619484131774695,TIME_LIMIT,222524,0,0,9,7
5,8,896246.0,-1.1344979308072047,-0.8619484131774695,TIME_LIMIT,222551,0,0,14,15
5,8,896388.0,-1.134477952311617,-0.8619484131774695,TIME_LIMIT,222580,0,0,14,8
5,8,896607.0,-1.134477952311617,-0.8619484131774695,TIME_LIMIT,222602,0,0,10,8
5,8,896734.0,-1.1344559443546092,-0.8619484131774695,TIME_LIMIT,222635,0,0,12,12
5,8,896857.0,-1.1344559443546092,-0.8619484131774695,TIME_LIMIT,222659,0,0,18,6
5,8,897092.0,-1.1344471901289592,-0.8619484131774695,TIME_LIMIT,222698,0,0,9,11
5,8,897153.0,-1.1344471901289592,-0.8619484131774695,TIME_LIMIT,222716,0,0,18,12
5,8,897347.0,-1.134417110203286,-0.8619484131774695,TIME_LIMIT,222751,0,0,11,4
5,8,897414.0,-1.134417110203286,-0.8619484131774695,TIME_LIMIT,222770,0,0,11,3
5,8,897531.0,-1.1344146035847995,-0.8619484131774695,TIME_LIMIT,222798,0,0,8,5
5,8,897685.0,-1.1344146035847995,-0.8619484131774695,TIME_LIMIT,222830,0,0,14,18
5,8,897741.0,-1.134412306977934,-0.8619484131774695,TIME_LIMIT,222855,0,0,20,5
5,8,897868.0,-1.134412306977934,-0.8619484131774695,TIME_LIMIT,222876,0,0,13,14
5,8,897927.0,-1.1344075085200847,-0.8619484131774695,TIME_LIMIT,222903,0,0,8,2
5,8,898025.0,-1.1344075085200847,-0.8619484131774695,TIME_LIMIT,222928,0,0,15,11
5,8,898096.0,-1.1343988471228978,-0.8619484131774695,TIME_LIMIT,222948,0,0,8,6
5,8,898181.0,-1.1343988471228978,-0.8619484131774695,TIME_LIMIT,222964,0,0,10,13
5,8,898235.0,-1.134375562117309,-0.8619484131774695,TIME_LIMIT,222986,0,0,9,4
5,8,898302.0,-1.134375562117309,-0.8619484131774695,TIME_LIMIT,223006,0,0,6,3
5,8,898333.0,-1.1343434977925193,-0.8619484131774695,TIME_LIMIT,223022,0,0,7,4
5,8,898535.0,-1.1343434977925193,-0.8619484131774695,TIME_LIMIT,223056,0,0,8,20
5,8,898625.0,-1.1343384783709443,-0.8619484131774695,TIME_LIMIT,223091,0,0,9,6
5,8,898869.0,-1.1343384783709443,-0.8619484131774695,TIME_LIMIT,223115,0,0,18,12
5,8,899111.0,-1.1343327949365039,-0.8619484131774695,TIME_LIMIT,223153,0,0,5,12
5,8,899230.0,-1.1343327949365039,-0.8619484131774695,TIME_LIMIT,223181,0,0,11,13
5,8,899315.0,-1.134317583276775,-0.8619484131774695,TIME_LIMIT,223198,0,0,5,6
5,8,899381.0,-1.134317583276775,-0.8619484131774695,TIME_LIMIT,223218,0,0,10,4
5,8,899398.0,-1.1343149120226301,-0.8619484131774695,TIME_LIMIT,223233,0,0,5,6
5,8,899434.0,-1.1343149120226301,-0.8619484131774695,TIME_LIMIT,223247,0,0,10,7
5,8,899494.0,-1.134314452987969,-0.8619484131774695,TIME_LIMIT,223266,0,0,7,7
5,8,899653.0,-1.134314452987969,-0.8619484131774695,TIME_LIMIT,223286,0,0,18,11
5,8,899854.0,-1.134311682340559,-0.8619484131774695,TIME_LIMIT,223322,0,0,16,12
5,8,899937.0,-1.134311682340559,-0.8619484131774695,TIME_LIMIT,223349,0,0,11,13
5,8,900000.0,-1.134304400385063,-0.8619484131774695,TIME_LIMIT,223370,0,0,5,11
5,8,900066.0,-1.134304400385063,-0.8619484131774695,TIME_LIMIT,223390,0,0,11,9
5,8,900112.0,-1.1343035057387314,-0.8619484131774695,TIME_LIMIT,223408,0,0,3,4
5,8,900252.0,-1.1343035057387314,-0.8619484131774695,TIME_LIMIT,223433,0,0,16,7
5,8,900345.0,-1.1343005733836578,-0.8619484131774695,TIME_LIMIT,223451,0,0,14,8
5,8,900365.0,-1.1343005733836578,-0.8619484131774695,TIME_LIMIT,223467,0,0,6,11
5,8,900430.0,-1.1342767396088802,-0.8619484131774695,TIME_LIMIT,223494,0,0,11,4
5,8,900545.0,-1.1342767396088802,-0.8619484131774695,TIME_LIMIT,223527,0,0,20,10
5,8,900693.0,-1.134275462617928,-0.8619484131774695,TIME_LIMIT,223549,0,0,7,8
5,8,900812.0,-1.134275462617928,-0.8619484131774695,TIME_LIMIT,223569,0,0,9,8
5,8,900928.0,-1.1342603946767245,-0.8619484131774695,TIME_LIMIT,223599,0,0,10,7
5,8,900979.0,-1.1342603946767245,-0.8619484131774695,TIME_LIMIT,223621,0,0,8,9
5,8,901104.0,-1.1342590664139318,-0.8619484131774695,TIME_LIMIT,223645,0,0,7,4
5,8,901293.0,-1.1342590664139318,-0.8619484131774695,TIME_LIMIT,223676,0,0,10,8
5,8,901322.0,-1.1342371492645238,-0.8619484131774695,TIME_LIMIT,223695,0,0,12,5
5,8,901424.0,-1.1342371492645238,-0.8619484131774695,TIME_LIMIT,223721,0,0,14,12
5,8,901459.0,-1.1342296708185993,-0.8619484131774695,TIME_LIMIT,223737,0,0,10,4
5,8,901613.0,-1.1342296708185993,-0.8619484131774695,TIME_LIMIT,223766,0,0,20,17
5,8,901854.0,-1.1342274824652738,-0.8619484131774695,TIME_LIMIT,223798,0,0,13,11
5,8,901980.0,-1.1342274824652738,-0.8619484131774695,TIME_LIMIT,223823,0,0,19,20
5,8,902089.0,-1.1342263447258243,-0.8619484131774695,TIME_LIMIT,223848,0,0,13,12
5,8,902186.0,-1.1342263447258243,-0.8619484131774695,TIME_LIMIT,223873,0,0,16,7
5,8,902261.0,-1.1342157172679634,-0.8619484131774695,TIME_LIMIT,223897,0,0,14,1
5,8,902361.0,-1.1342157172679634,-0.8619484131774695,TIME_LIMIT,223918,0,0,8,7
5,8,902436.0,-1.134206650054924,-0.8619484131774695,TIME_LIMIT,223948,0,0,12,8
5,8,902526.0,-1.134206650054924,-0.8619484131774695,TIME_LIMIT,223972,0,0,13,12
5,8,902605.0,-1.1342059631085413,-0.8619484131774695,TIME_LIMIT,223998,0,0,15,12
5,8,902822.0,-1.1342059631085413,-0.8619484131774695,TIME_LIMIT,224028,0,0,18,23
5,8,902968.0,-1.1341983212390812,-0.8619484131774695,TIME_LIMIT,224067,0,0,17,12
5,8,903194.0,-1.1341983212390812,-0.8619484131774695,TIME_LIMIT,224094,0,0,8,12
5,8,903344.0,-1.1341577952906523,-0.8619484131774695,TIME_LIMIT,224120,0,0,5,4
5,8,903533.0,-1.1341577952906523,-0.8619484131774695,TIME_LIMIT,224149,0,0,11,7
5,8,903693.0,-1.1341554040133046,-0.8619484131774695,TIME_LIMIT,224172,0,0,12,11
5,8,903829.0,-1.1341554040133046,-0.8619484131774695,TIME_LIMIT,224192,0,0,10,15
5,8,903921.0,-1.1341272884843225,-0.8619484131774695,TIME_LIMIT,224222,0,0,17,10
5,8,904022.0,-1.1341272884843225,-0.8619484131774695,TIME_LIMIT,224251,0,0,17,10
5,8,904084.0,-1.1341265108994731,-0.8619484131774695,TIME_LIMIT,224270,0,0,5,9
5,8,904279.0,-1.1341265108994731,-0.8619484131774695,TIME_LIMIT,224296,0,0,18,17
5,8,904416.0,-1.1341139536193772,-0.8619484131774695,TIME_LIMIT,224325,0,0,13,8
5,8,904529.0,-1.1341139536193772,-0.8619484131774695,TIME_LIMIT,224345,0,0,15,11
5,8,904610.0,-1.1341026553903426,-0.8619484131774695,TIME_LIMIT,224366,0,0,12,8
5,8,904727.0,-1.1341026553903426,-0.8619484131774695,TIME_LIMIT,224396,0,0,24,14
5,8,904900.0,-1.1340958403699721,-0.8619484131774695,TIME_LIMIT,224436,0,0,14,5
5,8,904979.0,-1.1340958403699721,-0.8619484131774695,TIME_LIMIT,224453,0,0,14,12
5,8,905063.0,-1.134086269589311,-0.8619484131774695,TIME_LIMIT,224475,0,0,4,3
5,8,905126.0,-1.134086269589311,-0.8619484131774695,TIME_LIMIT,224496,0,0,14,15
5,8,905172.0,-1.134072367278953,-0.8619484131774695,TIME_LIMIT,224518,0,0,10,5
5,8,905251.0,-1.134072367278953,-0.8619484131774695,TIME_LIMIT,224545,0,0,13,11
5,8,905324.0,-1.1340716384388863,-0.8619484131774695,TIME_LIMIT,224567,0,0,16,2
5,8,905477.0,-1.1340716384388863,-0.8619484131774695,TIME_LIMIT,224588,0,0,22,19
5,8,905647.0,-1.1340701359477756,-0.8619484131774695,TIME_LIMIT,224630,0,0,10,9
5,8,905721.0,-1.1340701359477756,-0.8619484131774695,TIME_LIMIT,224645,0,0,13,12
5,8,905747.0,-1.1340574716938612,-0.8619484131774695,TIME_LIMIT,224666,0,0,8,1
5,8,905854.0,-1.1340574716938612,-0.8619484131774695,TIME_LIMIT,224683,0,0,15,13
5,8,905980.0,-1.1340531800486677,-0.8619484131774695,TIME_LIMIT,224711,0,0,9,3
5,8,906058.0,-1.1340531800486677,-0.8619484131774695,TIME_LIMIT,224728,0,0,16,16
5,8,906175.0,-1.1340481038750845,-0.8619484131774695,TIME_LIMIT,224766,0,0,8,11
5,8,906271.0,-1.1340481038750845,-0.8619484131774695,TIME_LIMIT,224786,0,0,7,14
5,8,906428.0,-1.1340404533277284,-0.8619484131774695,TIME_LIMIT,224821,0,0,6,8
5,8,906595.0,-1.1340404533277284,-0.8619484131774695,TIME_LIMIT,224852,0,0,14,18
5,8,906624.0,-1.1340345328062071,-0.8619484131774695,TIME_LIMIT,224874,0,0,10,4
5,8,906694.0,-1.1340345328062071,-0.8619484131774695,TIME_LIMIT,224899,0,0,8,13
5,8,906772.0,-1.1340242666088556,-0.8619484131774695,TIME_LIMIT,224930,0,0,9,9
5,8,906926.0,-1.1340242666088556,-0.8619484131774695,TIME_LIMIT,224955,0,0,18,25
5,8,906997.0,-1.1340060567680044,-0.8619484131774695,TIME_LIMIT,224976,0,0,15,23
5,8,907092.0,-1.1340060567680044,-0.8619484131774695,TIME_LIMIT,224997,0,0,15,16
5,8,907166.0,-1.1340032765639574,-0.8619484131774695,TIME_LIMIT,225029,0,0,13,5
5,8,907199.0,-1.1340032765639574,-0.8619484131774695,TIME_LIMIT,225043,0,0,9,11
5,8,907262.0,-1.133997697756639,-0.8619484131774695,TIME_LIMIT,225065,0,0,10,5
5,8,907366.0,-1.133997697756639,-0.8619484131774695,TIME_LIMIT,225096,0,0,7,11
5,8,907472.0,-1.1339848350158157,-0.8619484131774695,TIME_LIMIT,225120,0,0,3,8
5,8,907536.0,-1.1339848350158157,-0.8619484131774695,TIME_LIMIT,225138,0,0,22,11
5,8,907665.0,-1.133983956046431,-0.8619484131774695,TIME_LIMIT,225166,0,0,15,3
5,8,907791.0,-1.133983956046431,-0.8619484131774695,TIME_LIMIT,225185,0,0,9,14
5,8,907929.0,-1.1339779801002718,-0.8619484131774695,TIME_LIMIT,225211,0,0,11,12
5,8,908042.0,-1.1339779801002718,-0.8619484131774695,TIME_LIMIT,225227,0,0,7,6
5,8,908117.0,-1.1339765246285198,-0.8619484131774695,TIME_LIMIT,225256,0,0,7,5
5,8,908198.0,-1.1339765246285198,-0.8619484131774695,TIME_LIMIT,225275,0,0,9,9
5,8,908274.0,-1.133957024017536,-0.8619484131774695,TIME_LIMIT,225301,0,0,13,4
5,8,908357.0,-1.133957024017536,-0.8619484131774695,TIME_LIMIT,225326,0,0,12,6
5,8,908431.0,-1.1339561734586525,-0.8619484131774695,TIME_LIMIT,225350,0,0,5,5
5,8,908495.0,-1.1339561734586525,-0.8619484131774695,TIME_LIMIT,225371,0,0,12,9
5,8,908533.0,-1.1339437756340744,-0.8619484131774695,TIME_LIMIT,225385,0,0,3,6
5,8,908699.0,-1.1339437756340744,-0.8619484131774695,TIME_LIMIT,225414,0,0,16,14
5,8,908815.0,-1.1339094960219556,-0.8619484131774695,TIME_LIMIT,225435,0,0,5,7
5,8,908955.0,-1.1339094960219556,-0.8619484131774695,TIME_LIMIT,225463,0,0,13,10
5,8,909036.0,-1.1339026993676913,-0.8619484131774695,TIME_LIMIT,225483,0,0,10,1
5,8,909151.0,-1.1339026993676913,-0.8619484131774695,TIME_LIMIT,225505,0,0,10,7
5,8,909236.0,-1.1338999877682951,-0.8619484131774695,TIME_LIMIT,225531,0,0,9,3
5,8,909290.0,-1.1338999877682951,-0.8619484131774695,TIME_LIMIT,225552,0,0,11,11
5,8,909406.0,-1.1338965747208019,-0.8619484131774695,TIME_LIMIT,225575,0,0,7,3
5,8,909568.0,-1.1338965747208019,-0.8619484131774695,TIME_LIMIT,225607,0,0,15,7
5,8,909658.0,-1.1338682432832743,-0.8619484131774695,TIME_LIMIT,225634,0,0,10,7
5,8,909758.0,-1.1338682432832743,-0.8619484131774695,TIME_LIMIT,225659,0,0,11,10
5,8,909854.0,-1.1338649502666467,-0.8619484131774695,TIME_LIMIT,225692,0,0,6,6
5,8,910069.0,-1.1338649502666467,-0.8619484131774695,TIME_LIMIT,225716,0,0,17,20
5,8,910278.0,-1.133858214859718,-0.8619484131774695,TIME_LIMIT,225755,0,0,18,10
5,8,910521.0,-1.133858214859718,-0.8619484131774695,TIME_LIMIT,225780,0,0,19,15
5,8,910653.0,-1.1338425814734525,-0.8619484131774695,TIME_LIMIT,225818,0,0,12,8
5,8,910717.0,-1.1338425814734525,-0.8619484131774695,TIME_LIMIT,225844,0,0,4,8
5,8,910761.0,-1.133841559561547,-0.8619484131774695,TIME_LIMIT,225856,0,0,5,9
5,8,910941.0,-1.133841559561547,-0.8619484131774695,TIME_LIMIT,225884,0,0,14,13
5,8,911063.0,-1.133813835340512,-0.8619484131774695,TIME_LIMIT,225914,0,0,16,6
5,8,911250.0,-1.133813835340512,-0.8619484131774695,TIME_LIMIT,225947,0,0,21,8
5,8,911474.0,-1.1338073157387736,-0.8619484131774695,TIME_LIMIT,225972,0,0,7,7
5,8,911602.0,-1.1338073157387736,-0.8619484131774695,TIME_LIMIT,225993,0,0,11,18
5,8,911692.0,-1.1337924870818674,-0.8619484131774695,TIME_LIMIT,226026,0,0,15,11
5,8,911756.0,-1.1337924870818674,-0.8619484131774695,TIME_LIMIT,226051,0,0,17,15
5,8,911850.0,-1.1337862458771077,-0.8619484131774695,TIME_LIMIT,226078,0,0,11,8
5,8,911946.0,-1.1337862458771077,-0.8619484131774695,TIME_LIMIT,226099,0,0,13,8
5,8,912033.0,-1.1337753466360652,-0.8619484131774695,TIME_LIMIT,226124,0,0,9,3
5,8,912169.0,-1.1337753466360652,-0.8619484131774695,TIME_LIMIT,226146,0,0,15,12
5,8,912283.0,-1.133743326241137,-0.8619484131774695,TIME_LIMIT,226179,0,0,14,10
5,8,912430.0,-1.133743326241137,-0.8619484131774695,TIME_LIMIT,226206,0,0,22,10
5,8,912566.0,-1.1337314003834131,-0.8619484131774695,TIME_LIMIT,226229,0,0,17,10
5,8,912616.0,-1.1337314003834131,-0.8619484131774695,TIME_LIMIT,226249,0,0,6,11
5,8,912645.0,-1.1337278745384052,-0.8619484131774695,TIME_LIMIT,226265,0,0,4,3
5,8,912842.0,-1.1337278745384052,-0.8619484131774695,TIME_LIMIT,226296,0,0,16,10
5,8,912899.0,-1.1337184718519322,-0.8619484131774695,TIME_LIMIT,226307,0,0,10,7
5,8,913009.0,-1.1337184718519322,-0.8619484131774695,TIME_LIMIT,226338,0,0,17,16
5,8,913186.0,-1.133712983636565,-0.8619484131774695,TIME_LIMIT,226361,0,0,18,10
5,8,913252.0,-1.133712983636565,-0.8619484131774695,TIME_LIMIT,226383,0,0,12,17
5,8,913288.0,-1.1337121688394762,-0.8619484131774695,TIME_LIMIT,226402,0,0,7,5
5,8,913372.0,-1.1337121688394762,-0.8619484131774695,TIME_LIMIT,226425,0,0,7,8
5,8,913447.0,-1.1337056110318484,-0.8619484131774695,TIME_LIMIT,226453,0,0,8,7
5,8,913647.0,-1.1337056110318484,-0.8619484131774695,TIME_LIMIT,226481,0,0,11,15
5,8,913711.0,-1.1336807097290544,-0.8619484131774695,TIME_LIMIT,226501,0,0,10,1
5,8,913794.0,-1.1336807097290544,-0.8619484131774695,TIME_LIMIT,226526,0,0,16,4
5,8,913866.0,-1.133671110872282,-0.8619484131774695,TIME_LIMIT,226542,0,0,15,6
5,8,913948.0,-1.133671110872282,-0.8619484131774695,TIME_LIMIT,226558,0,0,11,19
5,8,914077.0,-1.1336661046949408,-0.8619484131774695,TIME_LIMIT,226601,0,0,7,11
5,8,914138.0,-1.1336661046949408,-0.8619484131774695,TIME_LIMIT,226616,0,0,5,7
5,8,914218.0,-1.1336593736817528,-0.8619484131774695,TIME_LIMIT,226638,0,0,3,4
5,8,914243.0,-1.1336593736817528,-0.8619484131774695,TIME_LIMIT,226654,0,0,3,6
5,8,914302.0,-1.1336510070163426,-0.8619484131774695,TIME_LIMIT,226669,0,0,3,5
5,8,914393.0,-1.1336510070163426,-0.8619484131774695,TIME_LIMIT,226689,0,0,17,17
5,8,914432.0,-1.1336438001970746,-0.8619484131774695,TIME_LIMIT,226709,0,0,5,7
5,8,914554.0,-1.1336438001970746,-0.8619484131774695,TIME_LIMIT,226735,0,0,11,16
5,8,914636.0,-1.1336366541491691,-0.8619484131774695,TIME_LIMIT,226761,0,0,14,13
5,8,914720.0,-1.1336366541491691,-0.8619484131774695,TIME_LIMIT,226789,0,0,7,22
5,8,914879.0,-1.1336289994771638,-0.8619484131774695,TIME_LIMIT,226822,0,0,9,8
5,8,914937.0,-1.1336289994771638,-0.8619484131774695,TIME_LIMIT,226838,0,0,9,4
5,8,914963.0,-1.1336001450877793,-0.8619484131774695,TIME_LIMIT,226850,0,0,8,2
5,8,915168.0,-1.1336001450877793,-0.8619484131774695,TIME_LIMIT,226876,0,0,14,24
5,8,915332.0,-1.1335839542952957,-0.8619484131774695,TIME_LIMIT,226920,0,0,13,17
5,8,915473.0,-1.1335839542952957,-0.8619484131774695,TIME_LIMIT,226944,0,0,12,9
5,8,915537.0,-1.1335768342812642,-0.8619484131774695,TIME_LIMIT,226966,0,0,15,14
5,8,915747.0,-1.1335768342812642,-0.8619484131774695,TIME_LIMIT,226998,0,0,17,14
5,8,915787.0,-1.1335748817072404,-0.8619484131774695,TIME_LIMIT,227016,0,0,10,6
5,8,915898.0,-1.1335748817072404,-0.8619484131774695,TIME_LIMIT,227041,0,0,17,10
5,8,915941.0,-1.1335740638382792,-0.8619484131774695,TIME_LIMIT,227066,0,0,18,11
5,8,916023.0,-1.1335740638382792,-0.8619484131774695,TIME_LIMIT,227085,0,0,13,12
5,8,916167.0,-1.133572571001825,-0.8619484131774695,TIME_LIMIT,227113,0,0,12,5
5,8,916229.0,-1.133572571001825,-0.8619484131774695,TIME_LIMIT,227134,0,0,9,8
5,8,916260.0,-1.133536164740296,-0.8619484131774695,TIME_LIMIT,227150,0,0,10,6
5,8,916411.0,-1.133536164740296,-0.8619484131774695,TIME_LIMIT,227172,0,0,10,11
5,8,916441.0,-1.1335346859366764,-0.8619484131774695,TIME_LIMIT,227188,0,0,8,2
5,8,916495.0,-1.1335346859366764,-0.8619484131774695,TIME_LIMIT,227207,0,0,8,8
5,8,916540.0,-1.133526254401443,-0.8619484131774695,TIME_LIMIT,227230,0,0,11,4
5,8,916688.0,-1.133526254401443,-0.8619484131774695,TIME_LIMIT,227259,0,0,12,21
5,8,916785.0,-1.133525056764273,-0.8619484131774695,TIME_LIMIT,227290,0,0,9,10
5,8,916948.0,-1.133525056764273,-0.8619484131774695,TIME_LIMIT,227314,0,0,7,11
5,8,917067.0,-1.133510202927166,-0.8619484131774695,TIME_LIMIT,227334,0,0,8,6
5,8,917169.0,-1.133510202927166,-0.8619484131774695,TIME_LIMIT,227355,0,0,11,9
5,8,917289.0,-1.133505076466358,-0.8619484131774695,TIME_LIMIT,227383,0,0,11,6
5,8,917358.0,-1.133505076466358,-0.8619484131774695,TIME_LIMIT,227406,0,0,13,8
5,8,917454.0,-1.1334884631865658,-0.8619484131774695,TIME_LIMIT,227434,0,0,2,6
5,8,917532.0,-1.1334884631865658,-0.8619484131774695,TIME_LIMIT,227456,0,0,11,19
5,8,917684.0,-1.1334844331047969,-0.8619484131774695,TIME_LIMIT,227486,0,0,10,7
5,8,917819.0,-1.1334844331047969,-0.8619484131774695,TIME_LIMIT,227511,0,0,18,14
5,8,917925.0,-1.1334743063671238,-0.8619484131774695,TIME_LIMIT,227546,0,0,13,11
5,8,918068.0,-1.1334743063671238,-0.8619484131774695,TIME_LIMIT,227572,0,0,12,6
5,8,918165.0,-1.1334735959816693,-0.8619484131774695,TIME_LIMIT,227594,0,0,8,6
5,8,918440.0,-1.1334735959816693,-0.8619484131774695,TIME_LIMIT,227613,0,0,18,23
5,8,918579.0,-1.1334726056346685,-0.8619484131774695,TIME_LIMIT,227652,0,0,22,9
5,8,918751.0,-1.1334726056346685,-0.8619484131774695,TIME_LIMIT,227680,0,0,20,17
5,8,918849.0,-1.1334704381530993,-0.8619484131774695,TIME_LIMIT,227703,0,0,11,9
5,8,918988.0,-1.1334704381530993,-0.8619484131774695,TIME_LIMIT,227724,0,0,14,18
5,8,919034.0,-1.1334616446962809,-0.8619484131774695,TIME_LIMIT,227746,0,0,6,6
5,8,919160.0,-1.1334616446962809,-0.8619484131774695,TIME_LIMIT,227772,0,0,13,7
5,8,919189.0,-1.1334457197923598,-0.8619484131774695,TIME_LIMIT,227791,0,0,10,9
5,8,919309.0,-1.1334457197923598,-0.8619484131774695,TIME_LIMIT,227814,0,0,13,20
5,8,919353.0,-1.1334443827959768,-0.8619484131774695,TIME_LIMIT,227838,0,0,17,8
5,8,919533.0,-1.1334443827959768,-0.8619484131774695,TIME_LIMIT,227865,0,0,13,19
5,8,919597.0,-1.1334415007909788,-0.8619484131774695,TIME_LIMIT,227883,0,0,10,4
5,8,919786.0,-1.1334415007909788,-0.8619484131774695,TIME_LIMIT,227911,0,0,12,23
5,8,919919.0,-1.133438713011647,-0.8619484131774695,TIME_LIMIT,227944,0,0,18,13
5,8,920054.0,-1.133438713011647,-0.8619484131774695,TIME_LIMIT,227963,0,0,17,18
5,8,920275.0,-1.133431053391763,-0.8619484131774695,TIME_LIMIT,227998,0,0,12,11
5,8,920412.0,-1.133431053391763,-0.8619484131774695,TIME_LIMIT,228021,0,0,9,2
5,8,920465.0,-1.1334171973180995,-0.8619484131774695,TIME_LIMIT,228041,0,0,6,3
5,8,920672.0,-1.1334171973180995,-0.8619484131774695,TIME_LIMIT,228066,0,0,13,24
5,8,920875.0,-1.1334079445244838,-0.8619484131774695,TIME_LIMIT,228108,0,0,10,12
5,8,920960.0,-1.1334079445244838,-0.8619484131774695,TIME_LIMIT,228133,0,0,18,12
5,8,921216.0,-1.1333973594128421,-0.8619484131774695,TIME_LIMIT,228171,0,0,15,12
5,8,921268.0,-1.1333973594128421,-0.8619484131774695,TIME_LIMIT,228192,0,0,16,10
5,8,921368.0,-1.1333928721325246,-0.8619484131774695,TIME_LIMIT,228217,0,0,7,5
5,8,921473.0,-1.1333928721325246,-0.8619484131774695,TIME_LIMIT,228240,0,0,15,13
5,8,921586.0,-1.133388654695287,-0.8619484131774695,TIME_LIMIT,228266,0,0,18,3
5,8,921794.0,-1.133388654695287,-0.8619484131774695,TIME_LIMIT,228290,0,0,16,22
5,8,922004.0,-1.133386616566598,-0.8619484131774695,TIME_LIMIT,228336,0,0,24,10
5,8,922238.0,-1.133386616566598,-0.8619484131774695,TIME_LIMIT,228362,0,0,10,10
5,8,922442.0,-1.133383247732894,-0.8619484131774695,TIME_LIMIT,228395,0,0,16,13
5,8,922472.0,-1.133383247732894,-0.8619484131774695,TIME_LIMIT,228409,0,0,10,14
5,8,922533.0,-1.1333785117467479,-0.8619484131774695,TIME_LIMIT,228434,0,0,5,11
5,8,922599.0,-1.1333785117467479,-0.8619484131774695,TIME_LIMIT,228458,0,0,7,9
5,8,922789.0,-1.133369742229041,-0.8619484131774695,TIME_LIMIT,228480,0,0,8,5
5,8,922949.0,-1.133369742229041,-0.8619484131774695,TIME_LIMIT,228509,0,0,18,18
5,8,923148.0,-1.133360385164615,-0.8619484131774695,TIME_LIMIT,228544,0,0,14,11
5,8,923298.0,-1.133360385164615,-0.8619484131774695,TIME_LIMIT,228569,0,0,11,14
5,8,923381.0,-1.1333515716856963,-0.8619484131774695,TIME_LIMIT,228590,0,0,16,9
5,8,923428.0,-1.1333515716856963,-0.8619484131774695,TIME_LIMIT,228614,0,0,13,9
5,8,923561.0,-1.1333515060548909,-0.8619484131774695,TIME_LIMIT,228636,0,0,14,12
5,8,923619.0,-1.1333515060548909,-0.8619484131774695,TIME_LIMIT,228654,0,0,8,6
5,8,923673.0,-1.1333317706488515,-0.8619484131774695,TIME_LIMIT,228679,0,0,5,4
5,8,923730.0,-1.1333317706488515,-0.8619484131774695,TIME_LIMIT,228703,0,0,11,11
5,8,923809.0,-1.1333232778452305,-0.8619484131774695,TIME_LIMIT,228722,0,0,13,16
5,8,923984.0,-1.1333232778452305,-0.8619484131774695,TIME_LIMIT,228746,0,0,15,20
5,8,924089.0,-1.1333161193100645,-0.8619484131774695,TIME_LIMIT,228778,0,0,14,9
5,8,924261.0,-1.1333161193100645,-0.8619484131774695,TIME_LIMIT,228808,0,0,16,21
5,8,924443.0,-1.1333038299945761,-0.8619484131774695,TIME_LIMIT,228845,0,0,6,13
5,8,924608.0,-1.1333038299945761,-0.8619484131774695,TIME_LIMIT,228869,0,0,10,18
5,8,924741.0,-1.1332999034292124,-0.8619484131774695,TIME_LIMIT,228902,0,0,6,10
5,8,924949.0,-1.1332999034292124,-0.8619484131774695,TIME_LIMIT,228924,0,0,11,15
5,8,925039.0,-1.1332922034562123,-0.8619484131774695,TIME_LIMIT,228950,0,0,15,6
5,8,925154.0,-1.1332922034562123,-0.8619484131774695,TIME_LIMIT,228973,0,0,5,10
5,8,925175.0,-1.1332898002671943,-0.8619484131774695,TIME_LIMIT,228988,0,0,7,2
5,8,925246.0,-1.1332898002671943,-0.8619484131774695,TIME_LIMIT,229012,0,0,7,12
5,8,925339.0,-1.1332852753335207,-0.8619484131774695,TIME_LIMIT,229044,0,0,12,8
5,8,925398.0,-1.1332852753335207,-0.8619484131774695,TIME_LIMIT,229066,0,0,17,18
5,8,925578.0,-1.1332719976634953,-0.8619484131774695,TIME_LIMIT,229098,0,0,12,12
5,8,925678.0,-1.1332719976634953,-0.8619484131774695,TIME_LIMIT,229124,0,0,11,17
5,8,925791.0,-1.1332718644707067,-0.8619484131774695,TIME_LIMIT,229149,0,0,9,7
5,8,925929.0,-1.1332718644707067,-0.8619484131774695,TIME_LIMIT,229170,0,0,11,10
5,8,925967.0,-1.1332659950896462,-0.8619484131774695,TIME_LIMIT,229191,0,0,10,7
5,8,926017.0,-1.1332659950896462,-0.8619484131774695,TIME_LIMIT,229210,0,0,13,12
5,8,926094.0,-1.133263711116335,-0.8619484131774695,TIME_LIMIT,229232,0,0,10,3
5,8,926284.0,-1.133263711116335,-0.8619484131774695,TIME_LIMIT,229256,0,0,19,27
5,8,926405.0,-1.1332598339198778,-0.8619484131774695,TIME_LIMIT,229294,0,0,13,3
5,8,926596.0,-1.1332598339198778,-0.8619484131774695,TIME_LIMIT,229321,0,0,11,15
5,8,926759.0,-1.1332471903187056,-0.8619484131774695,TIME_LIMIT,229346,0,0,15,9
5,8,926892.0,-1.1332471903187056,-0.8619484131774695,TIME_LIMIT,229370,0,0,13,13
5,8,927011.0,-1.1332424730978068,-0.8619484131774695,TIME_LIMIT,229405,0,0,5,8
5,8,927150.0,-1.1332424730978068,-0.8619484131774695,TIME_LIMIT,229436,0,0,15,18
5,8,927325.0,-1.133225510810877,-0.8619484131774695,TIME_LIMIT,229467,0,0,15,7
5,8,927378.0,-1.133225510810877,-0.8619484131774695,TIME_LIMIT,229488,0,0,13,10
5,8,927452.0,-1.133215940197479,-0.8619484131774695,TIME_LIMIT,229506,0,0,16,7
5,8,927531.0,-1.133215940197479,-0.8619484131774695,TIME_LIMIT,229527,0,0,14,27
5,8,927660.0,-1.1332157239653555,-0.8619484131774695,TIME_LIMIT,229564,0,0,13,18
5,8,927767.0,-1.1332157239653555,-0.8619484131774695,TIME_LIMIT,229593,0,0,5,15
5,8,927858.0,-1.1332144740258747,-0.8619484131774695,TIME_LIMIT,229629,0,0,7,11
5,8,928008.0,-1.1332144740258747,-0.8619484131774695,TIME_LIMIT,229657,0,0,16,17
5,8,928084.0,-1.133211680611936,-0.8619484131774695,TIME_LIMIT,229680,0,0,8,4
5,8,928227.0,-1.133211680611936,-0.8619484131774695,TIME_LIMIT,229708,0,0,20,18
5,8,928399.0,-1.1332105710944562,-0.8619484131774695,TIME_LIMIT,229738,0,0,10,6
5,8,928603.0,-1.1332105710944562,-0.8619484131774695,TIME_LIMIT,229755,0,0,16,20
5,8,928741.0,-1.133176730647825,-0.8619484131774695,TIME_LIMIT,229781,0,0,16,9
5,8,928832.0,-1.133176730647825,-0.8619484131774695,TIME_LIMIT,229804,0,0,16,8
5,8,928994.0,-1.1331708315969853,-0.8619484131774695,TIME_LIMIT,229838,0,0,16,8
5,8,929091.0,-1.1331708315969853,-0.8619484131774695,TIME_LIMIT,229866,0,0,12,12
5,8,929185.0,-1.1331670004692018,-0.8619484131774695,TIME_LIMIT,229889,0,0,12,16
5,8,929266.0,-1.1331670004692018,-0.8619484131774695,TIME_LIMIT,229903,0,0,6,8
5,8,929359.0,-1.1331471344599564,-0.8619484131774695,TIME_LIMIT,229925,0,0,11,5
5,8,929378.0,-1.1331471344599564,-0.8619484131774695,TIME_LIMIT,229942,0,0,11,12
5,8,929427.0,-1.1331304349374216,-0.8619484131774695,TIME_LIMIT,229958,0,0,8,4
5,8,929528.0,-1.1331304349374216,-0.8619484131774695,TIME_LIMIT,229977,0,0,16,13
5,8,929728.0,-1.1331241750778707,-0.8619484131774695,TIME_LIMIT,230009,0,0,10,6
5,8,929827.0,-1.1331241750778707,-0.8619484131774695,TIME_LIMIT,230030,0,0,14,2
5,8,929953.0,-1.1331143682024234,-0.8619484131774695,TIME_LIMIT,230050,0,0,9,8
5,8,930047.0,-1.1331143682024234,-0.8619484131774695,TIME_LIMIT,230076,0,0,13,10
5,8,930126.0,-1.133105621821659,-0.8619484131774695,TIME_LIMIT,230096,0,0,11,3
5,8,930202.0,-1.133105621821659,-0.8619484131774695,TIME_LIMIT,230117,0,0,10,10
5,8,930241.0,-1.1330890864068266,-0.8619484131774695,TIME_LIMIT,230136,0,0,9,2
5,8,930331.0,-1.1330890864068266,-0.8619484131774695,TIME_LIMIT,230157,0,0,14,14
5,8,930409.0,-1.1330810789573889,-0.8619484131774695,TIME_LIMIT,230181,0,0,6,6
5,8,930580.0,-1.1330810789573889,-0.8619484131774695,TIME_LIMIT,230209,0,0,14,20
5,8,930661.0,-1.133079167159676,-0.8619484131774695,TIME_LIMIT,230234,0,0,15,7
5,8,930799.0,-1.133079167159676,-0.8619484131774695,TIME_LIMIT,230259,0,0,8,13
5,8,931017.0,-1.1330657652977572,-0.8619484131774695,TIME_LIMIT,230294,0,0,19,12
5,8,931221.0,-1.1330657652977572,-0.8619484131774695,TIME_LIMIT,230320,0,0,7,8
5,8,931308.0,-1.1330627907906046,-0.8619484131774695,TIME_LIMIT,230342,0,0,13,11
5,8,931386.0,-1.1330627907906046,-0.8619484131774695,TIME_LIMIT,230363,0,0,10,5
5,8,931407.0,-1.133057542930073,-0.8619484131774695,TIME_LIMIT,230380,0,0,11,7
5,8,931490.0,-1.133057542930073,-0.8619484131774695,TIME_LIMIT,230400,0,0,14,7
5,8,931547.0,-1.1330503973987467,-0.8619484131774695,TIME_LIMIT,230416,0,0,7,1
5,8,931573.0,-1.1330503973987467,-0.8619484131774695,TIME_LIMIT,230436,0,0,7,7
5,8,931622.0,-1.133042991014286,-0.8619484131774695,TIME_LIMIT,230452,0,0,4,3
5,8,931669.0,-1.133042991014286,-0.8619484131774695,TIME_LIMIT,230472,0,0,16,10
5,8,931814.0,-1.133039812037473,-0.8619484131774695,TIME_LIMIT,230498,0,0,13,4
5,8,931905.0,-1.133039812037473,-0.8619484131774695,TIME_LIMIT,230527,0,0,18,15
5,8,932026.0,-1.13302897064231,-0.8619484131774695,TIME_LIMIT,230556,0,0,8,12
5,8,932210.0,-1.13302897064231,-0.8619484131774695,TIME_LIMIT,230581,0,0,5,8
5,8,932282.0,-1.133018127499645,-0.8619484131774695,TIME_LIMIT,230602,0,0,11,5
5,8,932473.0,-1.133018127499645,-0.8619484131774695,TIME_LIMIT,230632,0,0,16,17
5,8,932565.0,-1.1329929063846824,-0.8619484131774695,TIME_LIMIT,230655,0,0,11,7
5,8,932776.0,-1.1329929063846824,-0.8619484131774695,TIME_LIMIT,230679,0,0,7,6
5,8,932880.0,-1.132989909761641,-0.8619484131774695,TIME_LIMIT,230699,0,0,6,2
5,8,932945.0,-1.132989909761641,-0.8619484131774695,TIME_LIMIT,230717,0,0,16,17
5,8,933063.0,-1.1329546099340368,-0.8619484131774695,TIME_LIMIT,230744,0,0,15,9
5,8,933196.0,-1.1329546099340368,-0.8619484131774695,TIME_LIMIT,230776,0,0,14,12
5,8,933274.0,-1.1329371345180468,-0.8619484131774695,TIME_LIMIT,230791,0,0,8,6
5,8,933365.0,-1.1329371345180468,-0.8619484131774695,TIME_LIMIT,230813,0,0,10,14
5,8,933516.0,-1.1329320504197309,-0.8619484131774695,TIME_LIMIT,230844,0,0,10,4
5,8,933724.0,-1.1329320504197309,-0.8619484131774695,TIME_LIMIT,230877,0,0,8,17
5,8,933852.0,-1.1329214130834202,-0.8619484131774695,TIME_LIMIT,230900,0,0,14,17
5,8,933960.0,-1.1329214130834202,-0.8619484131774695,TIME_LIMIT,230926,0,0,11,12
5,8,934025.0,-1.13290569591071,-0.8619484131774695,TIME_LIMIT,230948,0,0,14,1
5,8,934119.0,-1.13290569591071,-0.8619484131774695,TIME_LIMIT,230980,0,0,5,13
5,8,934248.0,-1.1328825546934627,-0.8619484131774695,TIME_LIMIT,231003,0,0,9,5
5,8,934409.0,-1.1328825546934627,-0.8619484131774695,TIME_LIMIT,231034,0,0,15,12
5,8,934620.0,-1.1328739629299018,-0.8619484131774695,TIME_LIMIT,231059,0,0,11,5
5,8,934769.0,-1.1328739629299018,-0.8619484131774695,TIME_LIMIT,231083,0,0,18,24
5,8,934980.0,-1.132872703316973,-0.8619484131774695,TIME_LIMIT,231118,0,0,13,8
5,8,935188.0,-1.132872703316973,-0.8619484131774695,TIME_LIMIT,231142,0,0,16,19
5,8,935352.0,-1.1328385975717457,-0.8619484131774695,TIME_LIMIT,231167,0,0,11,4
5,8,935543.0,-1.1328385975717457,-0.8619484131774695,TIME_LIMIT,231201,0,0,12,20
5,8,935731.0,-1.1328243026326081,-0.8619484131774695,TIME_LIMIT,231237,0,0,15,12
5,8,935806.0,-1.1328243026326081,-0.8619484131774695,TIME_LIMIT,231252,0,0,11,3
5,8,935886.0,-1.132821840260907,-0.8619484131774695,TIME_LIMIT,231275,0,0,8,6
5,8,936092.0,-1.132821840260907,-0.8619484131774695,TIME_LIMIT,231303,0,0,12,7
5,8,936194.0,-1.1328139006291862,-0.8619484131774695,TIME_LIMIT,231330,0,0,14,16
5,8,936401.0,-1.1328139006291862,-0.8619484131774695,TIME_LIMIT,231355,0,0,10,16
5,8,936508.0,-1.1328017516006095,-0.8619484131774695,TIME_LIMIT,231387,0,0,14,6
5,8,936645.0,-1.1328017516006095,-0.8619484131774695,TIME_LIMIT,231412,0,0,11,15
5,8,936702.0,-1.1327919716400698,-0.8619484131774695,TIME_LIMIT,231434,0,0,12,8
5,8,936792.0,-1.1327919716400698,-0.8619484131774695,TIME_LIMIT,231452,0,0,9,19
5,8,936884.0,-1.132786376980552,-0.8619484131774695,TIME_LIMIT,231479,0,0,14,5
5,8,936958.0,-1.132786376980552,-0.8619484131774695,TIME_LIMIT,231503,0,0,12,12
5,8,936986.0,-1.1327843326778675,-0.8619484131774695,TIME_LIMIT,231523,0,0,10,2
5,8,937132.0,-1.1327843326778675,-0.8619484131774695,TIME_LIMIT,231550,0,0,8,13
5,8,937254.0,-1.1327812966783128,-0.8619484131774695,TIME_LIMIT,231574,0,0,4,14
5,8,937300.0,-1.1327812966783128,-0.8619484131774695,TIME_LIMIT,231601,0,0,11,14
5,8,937381.0,-1.1327791601187176,-0.8619484131774695,TIME_LIMIT,231623,0,0,11,3
5,8,937437.0,-1.1327791601187176,-0.8619484131774695,TIME_LIMIT,231638,0,0,7,13
5,8,937485.0,-1.1327727203326858,-0.8619484131774695,TIME_LIMIT,231661,0,0,8,5
5,8,937712.0,-1.1327727203326858,-0.8619484131774695,TIME_LIMIT,231683,0,0,17,7
5,8,937779.0,-1.1327718861171447,-0.8619484131774695,TIME_LIMIT,231703,0,0,5,7
5,8,937840.0,-1.1327718861171447,-0.8619484131774695,TIME_LIMIT,231723,0,0,11,8
5,8,937916.0,-1.132767780046453,-0.8619484131774695,TIME_LIMIT,231743,0,0,9,5
5,8,938065.0,-1.132767780046453,-0.8619484131774695,TIME_LIMIT,231765,0,0,11,11
5,8,938107.0,-1.1327661428571696,-0.8619484131774695,TIME_LIMIT,231781,0,0,15,6
5,8,938176.0,-1.1327661428571696,-0.8619484131774695,TIME_LIMIT,231800,0,0,9,10
5,8,938254.0,-1.1327418367383708,-0.8619484131774695,TIME_LIMIT,231824,0,0,8,7
5,8,938293.0,-1.1327418367383708,-0.8619484131774695,TIME_LIMIT,231839,0,0,5,4
5,8,938353.0,-1.1327361069709847,-0.8619484131774695,TIME_LIMIT,231863,0,0,8,4
5,8,938426.0,-1.1327361069709847,-0.8619484131774695,TIME_LIMIT,231882,0,0,16,5
5,8,938550.0,-1.1327358742109708,-0.8619484131774695,TIME_LIMIT,231914,0,0,13,7
5,8,938696.0,-1.1327358742109708,-0.8619484131774695,TIME_LIMIT,231943,0,0,14,21
5,8,938782.0,-1.1327261318497968,-0.8619484131774695,TIME_LIMIT,231973,0,0,11,4
5,8,938930.0,-1.1327261318497968,-0.8619484131774695,TIME_LIMIT,231996,0,0,14,17
5,8,939029.0,-1.1327230527092031,-0.8619484131774695,TIME_LIMIT,232030,0,0,7,5
5,8,939142.0,-1.1327230527092031,-0.8619484131774695,TIME_LIMIT,232056,0,0,9,13
5,8,939265.0,-1.1327203258968606,-0.8619484131774695,TIME_LIMIT,232081,0,0,9,9
5,8,939394.0,-1.1327203258968606,-0.8619484131774695,TIME_LIMIT,232107,0,0,13,22
5,8,939510.0,-1.132717332246548,-0.8619484131774695,TIME_LIMIT,232130,0,0,13,8
5,8,939582.0,-1.132717332246548,-0.8619484131774695,TIME_LIMIT,232152,0,0,13,27
5,8,939635.0,-1.1326956965993493,-0.8619484131774695,TIME_LIMIT,232181,0,0,6,8
5,8,939717.0,-1.1326956965993493,-0.8619484131774695,TIME_LIMIT,232203,0,0,8,9
5,8,939801.0,-1.1326941555958268,-0.8619484131774695,TIME_LIMIT,232230,0,0,13,2
5,8,939908.0,-1.1326941555958268,-0.8619484131774695,TIME_LIMIT,232247,0,0,18,7
5,8,940009.0,-1.1326856919927653,-0.8619484131774695,TIME_LIMIT,232277,0,0,13,6
5,8,940103.0,-1.1326856919927653,-0.8619484131774695,TIME_LIMIT,232305,0,0,12,24
5,8,940225.0,-1.132683256345168,-0.8619484131774695,TIME_LIMIT,232333,0,0,12,7
5,8,940336.0,-1.132683256345168,-0.8619484131774695,TIME_LIMIT,232360,0,0,12,14
5,8,940423.0,-1.1326557336609977,-0.8619484131774695,TIME_LIMIT,232385,0,0,11,8
5,8,940605.0,-1.1326557336609977,-0.8619484131774695,TIME_LIMIT,232410,0,0,15,17
5,8,940716.0,-1.13265409250849,-0.8619484131774695,TIME_LIMIT,232446,0,0,12,6
5,8,940771.0,-1.13265409250849,-0.8619484131774695,TIME_LIMIT,232460,0,0,6,12
5,8,940831.0,-1.1326375127675625,-0.8619484131774695,TIME_LIMIT,232481,0,0,9,2
5,8,940881.0,-1.1326375127675625,-0.8619484131774695,TIME_LIMIT,232502,0,0,14,12
5,8,940981.0,-1.1326297054873837,-0.8619484131774695,TIME_LIMIT,232528,0,0,9,7
5,8,941044.0,-1.1326297054873837,-0.8619484131774695,TIME_LIMIT,232545,0,0,14,15
5,8,941121.0,-1.1326161585787928,-0.8619484131774695,TIME_LIMIT,232571,0,0,8,3
5,8,941216.0,-1.1326161585787928,-0.8619484131774695,TIME_LIMIT,232590,0,0,12,7
5,8,941311.0,-1.1326151833982525,-0.8619484131774695,TIME_LIMIT,232618,0,0,12,9
5,8,941343.0,-1.1326151833982525,-0.8619484131774695,TIME_LIMIT,232638,0,0,8,12
5,8,941580.0,-1.1325966331467625,-0.8619484131774695,TIME_LIMIT,232670,0,0,9,7
5,8,941711.0,-1.1325966331467625,-0.8619484131774695,TIME_LIMIT,232692,0,0,13,12
5,8,941839.0,-1.1325783681173842,-0.8619484131774695,TIME_LIMIT,232724,0,0,14,7
5,8,941955.0,-1.1325783681173842,-0.8619484131774695,TIME_LIMIT,232759,0,0,11,14
5,8,942057.0,-1.1325775374765061,-0.8619484131774695,TIME_LIMIT,232777,0,0,4,9
5,8,942234.0,-1.1325775374765061,-0.8619484131774695,TIME_LIMIT,232801,0,0,9,14
5,8,942498.0,-1.132553662709308,-0.8619484131774695,TIME_LIMIT,232830,0,0,19,7
5,8,942690.0,-1.132553662709308,-0.8619484131774695,TIME_LIMIT,232857,0,0,11,15
5,8,942830.0,-1.1325479452717324,-0.8619484131774695,TIME_LIMIT,232901,0,0,17,21
5,8,942900.0,-1.1325479452717324,-0.8619484131774695,TIME_LIMIT,232922,0,0,15,18
5,8,942992.0,-1.1325478424909354,-0.8619484131774695,TIME_LIMIT,232947,0,0,6,5
5,8,943200.0,-1.1325478424909354,-0.8619484131774695,TIME_LIMIT,232969,0,0,19,24
5,8,943344.0,-1.1325412502230119,-0.8619484131774695,TIME_LIMIT,233011,0,0,6,5
5,8,943464.0,-1.1325412502230119,-0.8619484131774695,TIME_LIMIT,233031,0,0,11,19
5,8,943695.0,-1.1325201386706394,-0.8619484131774695,TIME_LIMIT,233064,0,0,9,13
5,8,943904.0,-1.1325201386706394,-0.8619484131774695,TIME_LIMIT,233090,0,0,9,13
5,8,944135.0,-1.1325197455670186,-0.8619484131774695,TIME_LIMIT,233122,0,0,15,10
5,8,944214.0,-1.1325197455670186,-0.8619484131774695,TIME_LIMIT,233143,0,0,10,4
5,8,944309.0,-1.1325052672995561,-0.8619484131774695,TIME_LIMIT,233164,0,0,10,9
5,8,944439.0,-1.1325052672995561,-0.8619484131774695,TIME_LIMIT,233191,0,0,15,11
5,8,944693.0,-1.1324999885955156,-0.8619484131774695,TIME_LIMIT,233230,0,0,9,5
5,8,944769.0,-1.1324999885955156,-0.8619484131774695,TIME_LIMIT,233251,0,0,11,8
5,8,944843.0,-1.1324800540718476,-0.8619484131774695,TIME_LIMIT,233277,0,0,6,10
5,8,944928.0,-1.1324800540718476,-0.8619484131774695,TIME_LIMIT,233291,0,0,8,8
5,8,944971.0,-1.132470965254559,-0.8619484131774695,TIME_LIMIT,233309,0,0,3,1
5,8,945186.0,-1.132470965254559,-0.8619484131774695,TIME_LIMIT,233336,0,0,17,11
5,8,945267.0,-1.1324640817708496,-0.8619484131774695,TIME_LIMIT,233359,0,0,13,9
5,8,945373.0,-1.1324640817708496,-0.8619484131774695,TIME_LIMIT,233389,0,0,15,9
5,8,945520.0,-1.1324629832554998,-0.8619484131774695,TIME_LIMIT,233408,0,0,16,7
5,8,945636.0,-1.1324629832554998,-0.8619484131774695,TIME_LIMIT,233436,0,0,15,15
5,8,945707.0,-1.132456067478248,-0.8619484131774695,TIME_LIMIT,233456,0,0,8,7
5,8,945774.0,-1.132456067478248,-0.8619484131774695,TIME_LIMIT,233468,0,0,13,9
5,8,945819.0,-1.132449371661053,-0.8619484131774695,TIME_LIMIT,233491,0,0,7,5
5,8,945893.0,-1.132449371661053,-0.8619484131774695,TIME_LIMIT,233507,0,0,12,9
5,8,945975.0,-1.1324469328220463,-0.8619484131774695,TIME_LIMIT,233530,0,0,15,1
5,8,946049.0,-1.1324469328220463,-0.8619484131774695,TIME_LIMIT,233553,0,0,7,3
5,8,946138.0,-1.1324331781224437,-0.8619484131774695,TIME_LIMIT,233579,0,0,5,7
5,8,946210.0,-1.1324331781224437,-0.8619484131774695,TIME_LIMIT,233597,0,0,10,5
5,8,946251.0,-1.1324331501770162,-0.8619484131774695,TIME_LIMIT,233620,0,0,13,6
5,8,946364.0,-1.1324331501770162,-0.8619484131774695,TIME_LIMIT,233643,0,0,19,16
5,8,946487.0,-1.1324256304966078,-0.8619484131774695,TIME_LIMIT,233683,0,0,17,10
5,8,946557.0,-1.1324256304966078,-0.8619484131774695,TIME_LIMIT,233701,0,0,12,14
5,8,946649.0,-1.132405966870774,-0.8619484131774695,TIME_LIMIT,233733,0,0,11,3
5,8,946815.0,-1.132405966870774,-0.8619484131774695,TIME_LIMIT,233766,0,0,21,22
5,8,947023.0,-1.1324036113893816,-0.8619484131774695,TIME_LIMIT,233792,0,0,15,11
5,8,947085.0,-1.1324036113893816,-0.8619484131774695,TIME_LIMIT,233810,0,0,15,5
5,8,947146.0,-1.1323959984141725,-0.8619484131774695,TIME_LIMIT,233830,0,0,6,3
5,8,947237.0,-1.1323959984141725,-0.8619484131774695,TIME_LIMIT,233850,0,0,5,2
5,8,947316.0,-1.1323928311323312,-0.8619484131774695,TIME_LIMIT,233866,0,0,6,5
5,8,947400.0,-1.1323928311323312,-0.8619484131774695,TIME_LIMIT,233895,0,0,13,12
5,8,947483.0,-1.1323776105706644,-0.8619484131774695,TIME_LIMIT,233924,0,0,12,13
5,8,947588.0,-1.1323776105706644,-0.8619484131774695,TIME_LIMIT,233955,0,0,23,14
5,8,947671.0,-1.1323726420500855,-0.8619484131774695,TIME_LIMIT,233982,0,0,8,6
5,8,947739.0,-1.1323726420500855,-0.8619484131774695,TIME_LIMIT,233997,0,0,12,13
5,8,947830.0,-1.132368735573225,-0.8619484131774695,TIME_LIMIT,234028,0,0,10,3
5,8,948069.0,-1.132368735573225,-0.8619484131774695,TIME_LIMIT,234053,0,0,12,25
5,8,948144.0,-1.1323604043625153,-0.8619484131774695,TIME_LIMIT,234077,0,0,14,13
5,8,948224.0,-1.1323604043625153,-0.8619484131774695,TIME_LIMIT,234099,0,0,11,15
5,8,948250.0,-1.1323599778877689,-0.8619484131774695,TIME_LIMIT,234118,0,0,8,3
5,8,948334.0,-1.1323599778877689,-0.8619484131774695,TIME_LIMIT,234139,0,0,16,19
5,8,948477.0,-1.1323526974528455,-0.8619484131774695,TIME_LIMIT,234163,0,0,15,17
5,8,948549.0,-1.1323526974528455,-0.8619484131774695,TIME_LIMIT,234190,0,0,13,7
5,8,948678.0,-1.132351708285374,-0.8619484131774695,TIME_LIMIT,234211,0,0,9,9
5,8,948789.0,-1.132351708285374,-0.8619484131774695,TIME_LIMIT,234228,0,0,13,12
5,8,948861.0,-1.1323450739256873,-0.8619484131774695,TIME_LIMIT,234249,0,0,8,2
5,8,948979.0,-1.1323450739256873,-0.8619484131774695,TIME_LIMIT,234273,0,0,11,12
5,8,949055.0,-1.1323228589320515,-0.8619484131774695,TIME_LIMIT,234293,0,0,8,3
5,8,949264.0,-1.1323228589320515,-0.8619484131774695,TIME_LIMIT,234318,0,0,11,21
5,8,949373.0,-1.1323196760412113,-0.8619484131774695,TIME_LIMIT,234348,0,0,16,13
5,8,949493.0,-1.1323196760412113,-0.8619484131774695,TIME_LIMIT,234373,0,0,5,28
5,8,949577.0,-1.1323105034083436,-0.8619484131774695,TIME_LIMIT,234408,0,0,9,7
5,8,949675.0,-1.1323105034083436,-0.8619484131774695,TIME_LIMIT,234432,0,0,10,13
5,8,949739.0,-1.132299205577667,-0.8619484131774695,TIME_LIMIT,234461,0,0,13,13
5,8,949884.0,-1.132299205577667,-0.8619484131774695,TIME_LIMIT,234484,0,0,5,5
5,8,949929.0,-1.1322931983671398,-0.8619484131774695,TIME_LIMIT,234504,0,0,6,10
5,8,950132.0,-1.1322931983671398,-0.8619484131774695,TIME_LIMIT,234537,0,0,20,10
5,8,950202.0,-1.1322919441112287,-0.8619484131774695,TIME_LIMIT,234553,0,0,15,17
5,8,950349.0,-1.1322919441112287,-0.8619484131774695,TIME_LIMIT,234584,0,0,18,19
5,8,950482.0,-1.1322668603508275,-0.8619484131774695,TIME_LIMIT,234613,0,0,11,4
5,8,950533.0,-1.1322668603508275,-0.8619484131774695,TIME_LIMIT,234635,0,0,9,9
5,8,950619.0,-1.1322662618665105,-0.8619484131774695,TIME_LIMIT,234650,0,0,9,6
5,8,950735.0,-1.1322662618665105,-0.8619484131774695,TIME_LIMIT,234678,0,0,14,11
5,8,950788.0,-1.132262114970211,-0.8619484131774695,TIME_LIMIT,234695,0,0,7,3
5,8,950823.0,-1.132262114970211,-0.8619484131774695,TIME_LIMIT,234719,0,0,8,11
5,8,950870.0,-1.1322592021148072,-0.8619484131774695,TIME_LIMIT,234741,0,0,8,6
5,8,951056.0,-1.1322592021148072,-0.8619484131774695,TIME_LIMIT,234771,0,0,13,15
5,8,951198.0,-1.1322587881283055,-0.8619484131774695,TIME_LIMIT,234800,0,0,9,2
5,8,951346.0,-1.1322587881283055,-0.8619484131774695,TIME_LIMIT,234824,0,0,6,8
5,8,951431.0,-1.1322488093491485,-0.8619484131774695,TIME_LIMIT,234854,0,0,9,7
5,8,951515.0,-1.1322488093491485,-0.8619484131774695,TIME_LIMIT,234882,0,0,21,19
5,8,951669.0,-1.1322422065805706,-0.8619484131774695,TIME_LIMIT,234911,0,0,15,7
5,8,951780.0,-1.1322422065805706,-0.8619484131774695,TIME_LIMIT,234936,0,0,11,4
5,8,951872.0,-1.1322402254451163,-0.8619484131774695,TIME_LIMIT,234950,0,0,11,2
5,8,951990.0,-1.1322402254451163,-0.8619484131774695,TIME_LIMIT,234972,0,0,15,12
5,8,952063.0,-1.1322398561015927,-0.8619484131774695,TIME_LIMIT,234991,0,0,9,3
5,8,952232.0,-1.1322398561015927,-0.8619484131774695,TIME_LIMIT,235013,0,0,13,10
5,8,952457.0,-1.1322398183158948,-0.8619484131774695,TIME_LIMIT,235047,0,0,17,8
5,8,952525.0,-1.1322398183158948,-0.8619484131774695,TIME_LIMIT,235070,0,0,7,7
5,8,952654.0,-1.1322397981937926,-0.8619484131774695,TIME_LIMIT,235096,0,0,14,7
5,8,952866.0,-1.1322397981937926,-0.8619484131774695,TIME_LIMIT,235123,0,0,14,18
5,8,952983.0,-1.132234811924488,-0.8619484131774695,TIME_LIMIT,235147,0,0,14,11
5,8,953187.0,-1.132234811924488,-0.8619484131774695,TIME_LIMIT,235172,0,0,12,18
5,8,953286.0,-1.1322319952014865,-0.8619484131774695,TIME_LIMIT,235205,0,0,13,8
5,8,953484.0,-1.1322319952014865,-0.8619484131774695,TIME_LIMIT,235222,0,0,10,18
5,8,953686.0,-1.132229301918506,-0.8619484131774695,TIME_LIMIT,235256,0,0,11,5
5,8,953762.0,-1.132229301918506,-0.8619484131774695,TIME_LIMIT,235271,0,0,9,12
5,8,953878.0,-1.1322286012236469,-0.8619484131774695,TIME_LIMIT,235305,0,0,15,8
5,8,954075.0,-1.1322286012236469,-0.8619484131774695,TIME_LIMIT,235332,0,0,11,29
5,8,954369.0,-1.1322266026543126,-0.8619484131774695,TIME_LIMIT,235369,0,0,6,7
5,8,954589.0,-1.1322266026543126,-0.8619484131774695,TIME_LIMIT,235396,0,0,18,13
5,8,954750.0,-1.1322078946564043,-0.8619484131774695,TIME_LIMIT,235426,0,0,19,7
5,8,954958.0,-1.1322078946564043,-0.8619484131774695,TIME_LIMIT,235448,0,0,12,12
5,8,955073.0,-1.132207888108548,-0.8619484131774695,TIME_LIMIT,235470,0,0,13,5
5,8,955971.0,-1.132207888108548,-0.8619484131774695,TIME_LIMIT,235494,0,0,19,19
5,8,956200.0,-1.1322051415402532,-0.8619484131774695,TIME_LIMIT,235524,0,0,14,12
5,8,956290.0,-1.1322051415402532,-0.8619484131774695,TIME_LIMIT,235542,0,0,10,8
5,8,956453.0,-1.132196440487629,-0.8619484131774695,TIME_LIMIT,235578,0,0,14,7
5,8,956613.0,-1.132196440487629,-0.8619484131774695,TIME_LIMIT,235604,0,0,13,6
5,8,956667.0,-1.1321940576363443,-0.8619484131774695,TIME_LIMIT,235625,0,0,13,13
5,8,956837.0,-1.1321940576363443,-0.8619484131774695,TIME_LIMIT,235660,0,0,5,15
5,8,957044.0,-1.1321912402753975,-0.8619484131774695,TIME_LIMIT,235687,0,0,18,14
5,8,957190.0,-1.1321912402753975,-0.8619484131774695,TIME_LIMIT,235714,0,0,12,19
5,8,957291.0,-1.132186723281973,-0.8619484131774695,TIME_LIMIT,235752,0,0,15,11
5,8,957429.0,-1.132186723281973,-0.8619484131774695,TIME_LIMIT,235781,0,0,17,23
5,8,957631.0,-1.1321807853073138,-0.8619484131774695,TIME_LIMIT,235820,0,0,15,11
5,8,957699.0,-1.1321807853073138,-0.8619484131774695,TIME_LIMIT,235843,0,0,16,21
5,8,957867.0,-1.1321780821542942,-0.8619484131774695,TIME_LIMIT,235878,0,0,16,10
5,8,957920.0,-1.1321780821542942,-0.8619484131774695,TIME_LIMIT,235901,0,0,14,20
5,8,958055.0,-1.1321681432908939,-0.8619484131774695,TIME_LIMIT,235924,0,0,14,11
5,8,958215.0,-1.1321681432908939,-0.8619484131774695,TIME_LIMIT,235951,0,0,14,12
5,8,958369.0,-1.1321552514933468,-0.8619484131774695,TIME_LIMIT,235974,0,0,15,9
5,8,958455.0,-1.1321552514933468,-0.8619484131774695,TIME_LIMIT,235996,0,0,15,31
5,8,958600.0,-1.1321421997357775,-0.8619484131774695,TIME_LIMIT,236028,0,0,12,8
5,8,958687.0,-1.1321421997357775,-0.8619484131774695,TIME_LIMIT,236045,0,0,12,13
5,8,958800.0,-1.1321293729559743,-0.8619484131774695,TIME_LIMIT,236069,0,0,8,6
5,8,958939.0,-1.1321293729559743,-0.8619484131774695,TIME_LIMIT,236098,0,0,18,11
5,8,959093.0,-1.13212889039266,-0.8619484131774695,TIME_LIMIT,236122,0,0,5,3
5,8,959184.0,-1.13212889039266,-0.8619484131774695,TIME_LIMIT,236153,0,0,8,7
5,8,959215.0,-1.1321275109251296,-0.8619484131774695,TIME_LIMIT,236165,0,0,12,9
5,8,959356.0,-1.1321275109251296,-0.8619484131774695,TIME_LIMIT,236196,0,0,7,18
5,8,959441.0,-1.132122619946665,-0.8619484131774695,TIME_LIMIT,236221,0,0,15,8
5,8,959505.0,-1.132122619946665,-0.8619484131774695,TIME_LIMIT,236237,0,0,13,17
5,8,959570.0,-1.1321148659012188,-0.8619484131774695,TIME_LIMIT,236259,0,0,8,6
5,8,959615.0,-1.1321148659012188,-0.8619484131774695,TIME_LIMIT,236275,0,0,12,9
5,8,959672.0,-1.1321094799210576,-0.8619484131774695,TIME_LIMIT,236294,0,0,9,1
5,8,959824.0,-1.1321094799210576,-0.8619484131774695,TIME_LIMIT,236325,0,0,21,14
5,8,960007.0,-1.1320997454597344,-0.8619484131774695,TIME_LIMIT,236352,0,0,17,15
5,8,960059.0,-1.1320997454597344,-0.8619484131774695,TIME_LIMIT,236370,0,0,10,14
5,8,960177.0,-1.1320903654818764,-0.8619484131774695,TIME_LIMIT,236400,0,0,10,5
5,8,960278.0,-1.1320903654818764,-0.8619484131774695,TIME_LIMIT,236424,0,0,16,20
5,8,960373.0,-1.132088854821957,-0.8619484131774695,TIME_LIMIT,236457,0,0,6,5
5,8,960554.0,-1.132088854821957,-0.8619484131774695,TIME_LIMIT,236480,0,0,9,9
5,8,960651.0,-1.1320819061065504,-0.8619484131774695,TIME_LIMIT,236506,0,0,10,8
5,8,960745.0,-1.1320819061065504,-0.8619484131774695,TIME_LIMIT,236535,0,0,15,7
5,8,960819.0,-1.1320800603344408,-0.8619484131774695,TIME_LIMIT,236548,0,0,4,3
5,8,960985.0,-1.1320800603344408,-0.8619484131774695,TIME_LIMIT,236580,0,0,6,30
5,8,961197.0,-1.132068574593855,-0.8619484131774695,TIME_LIMIT,236618,0,0,5,7
5,8,961291.0,-1.132068574593855,-0.8619484131774695,TIME_LIMIT,236638,0,0,14,10
5,8,961377.0,-1.132019195998081,-0.8619484131774695,TIME_LIMIT,236663,0,0,9,4
5,8,961564.0,-1.132019195998081,-0.8619484131774695,TIME_LIMIT,236690,0,0,12,10
5,8,961715.0,-1.1319999911727057,-0.8619484131774695,TIME_LIMIT,236717,0,0,11,5
5,8,961875.0,-1.1319999911727057,-0.8619484131774695,TIME_LIMIT,236744,0,0,15,19
5,8,961976.0,-1.1319955047070371,-0.8619484131774695,TIME_LIMIT,236772,0,0,11,8
5,8,962196.0,-1.1319955047070371,-0.8619484131774695,TIME_LIMIT,236801,0,0,18,9
5,8,962323.0,-1.1319762821127302,-0.8619484131774695,TIME_LIMIT,236824,0,0,7,11
5,8,962455.0,-1.1319762821127302,-0.8619484131774695,TIME_LIMIT,236845,0,0,12,11
5,8,962516.0,-1.1319660481325642,-0.8619484131774695,TIME_LIMIT,236873,0,0,8,9
5,8,962624.0,-1.1319660481325642,-0.8619484131774695,TIME_LIMIT,236892,0,0,6,8
5,8,962651.0,-1.1319584896048474,-0.8619484131774695,TIME_LIMIT,236908,0,0,5,2
5,8,962731.0,-1.1319584896048474,-0.8619484131774695,TIME_LIMIT,236931,0,0,13,10
5,8,962792.0,-1.1319369686977836,-0.8619484131774695,TIME_LIMIT,236952,0,0,12,6
5,8,962871.0,-1.1319369686977836,-0.8619484131774695,TIME_LIMIT,236980,0,0,11,6
5,8,963068.0,-1.1319250117639115,-0.8619484131774695,TIME_LIMIT,236999,0,0,14,12
5,8,963169.0,-1.1319250117639115,-0.8619484131774695,TIME_LIMIT,237022,0,0,9,9
5,8,963249.0,-1.1319185180546618,-0.8619484131774695,TIME_LIMIT,237041,0,0,15,2
5,8,963349.0,-1.1319185180546618,-0.8619484131774695,TIME_LIMIT,237062,0,0,10,4
5,8,963498.0,-1.1319173758682375,-0.8619484131774695,TIME_LIMIT,237081,0,0,16,7
5,8,963553.0,-1.1319173758682375,-0.8619484131774695,TIME_LIMIT,237097,0,0,6,6
5,8,963667.0,-1.1319143257455153,-0.8619484131774695,TIME_LIMIT,237124,0,0,4,8
5,8,963739.0,-1.1319143257455153,-0.8619484131774695,TIME_LIMIT,237152,0,0,11,6
5,8,963802.0,-1.1319072409011328,-0.8619484131774695,TIME_LIMIT,237170,0,0,7,8
5,8,963995.0,-1.1319072409011328,-0.8619484131774695,TIME_LIMIT,237200,0,0,15,19
5,8,964068.0,-1.1318985645926838,-0.8619484131774695,TIME_LIMIT,237228,0,0,6,4
5,8,964184.0,-1.1318985645926838,-0.8619484131774695,TIME_LIMIT,237251,0,0,18,9
5,8,964254.0,-1.131885791238281,-0.8619484131774695,TIME_LIMIT,237276,0,0,14,9
5,8,964348.0,-1.131885791238281,-0.8619484131774695,TIME_LIMIT,237297,0,0,18,24
5,8,964589.0,-1.1318811066962575,-0.8619484131774695,TIME_LIMIT,237331,0,0,18,10
5,8,964797.0,-1.1318811066962575,-0.8619484131774695,TIME_LIMIT,237355,0,0,11,15
5,8,965053.0,-1.1318733144893498,-0.8619484131774695,TIME_LIMIT,237382,0,0,8,22
5,8,965256.0,-1.1318733144893498,-0.8619484131774695,TIME_LIMIT,237406,0,0,24,35
5,8,965403.0,-1.1318723346929858,-0.8619484131774695,TIME_LIMIT,237447,0,0,18,9
5,8,965500.0,-1.1318723346929858,-0.8619484131774695,TIME_LIMIT,237471,0,0,12,9
5,8,965532.0,-1.1318638851877463,-0.8619484131774695,TIME_LIMIT,237491,0,0,10,4
5,8,965599.0,-1.1318638851877463,-0.8619484131774695,TIME_LIMIT,237519,0,0,15,7
5,8,965714.0,-1.1318557906031033,-0.8619484131774695,TIME_LIMIT,237538,0,0,9,10
5,8,965854.0,-1.1318557906031033,-0.8619484131774695,TIME_LIMIT,237560,0,0,13,8
5,8,965881.0,-1.131850254640915,-0.8619484131774695,TIME_LIMIT,237575,0,0,7,1
5,8,965921.0,-1.131850254640915,-0.8619484131774695,TIME_LIMIT,237594,0,0,13,9
5,8,965991.0,-1.1318445327567672,-0.8619484131774695,TIME_LIMIT,237623,0,0,7,8
5,8,966155.0,-1.1318445327567672,-0.8619484131774695,TIME_LIMIT,237655,0,0,16,18
5,8,966368.0,-1.131844086911629,-0.8619484131774695,TIME_LIMIT,237677,0,0,9,17
5,8,966444.0,-1.131844086911629,-0.8619484131774695,TIME_LIMIT,237695,0,0,9,5
5,8,966467.0,-1.131836516342612,-0.8619484131774695,TIME_LIMIT,237712,0,0,8,2
5,8,966631.0,-1.131836516342612,-0.8619484131774695,TIME_LIMIT,237742,0,0,11,9
5,8,966714.0,-1.1318291319385971,-0.8619484131774695,TIME_LIMIT,237763,0,0,8,7
5,8,966847.0,-1.1318291319385971,-0.8619484131774695,TIME_LIMIT,237789,0,0,9,13
5,8,967068.0,-1.1318106255621423,-0.8619484131774695,TIME_LIMIT,237829,0,0,12,10
5,8,967207.0,-1.1318106255621423,-0.8619484131774695,TIME_LIMIT,237859,0,0,13,13
5,8,967337.0,-1.1318046690886303,-0.8619484131774695,TIME_LIMIT,237884,0,0,16,9
5,8,967420.0,-1.1318046690886303,-0.8619484131774695,TIME_LIMIT,237912,0,0,9,5
5,8,967498.0,-1.1318036329240209,-0.8619484131774695,TIME_LIMIT,237929,0,0,10,10
5,8,967630.0,-1.1318036329240209,-0.8619484131774695,TIME_LIMIT,237951,0,0,8,9
5,8,967683.0,-1.131760511629797,-0.8619484131774695,TIME_LIMIT,237978,0,0,15,4
5,8,967824.0,-1.131760511629797,-0.8619484131774695,TIME_LIMIT,238002,0,0,12,5
5,8,967876.0,-1.131752119266501,-0.8619484131774695,TIME_LIMIT,238019,0,0,10,4
5,8,968092.0,-1.131752119266501,-0.8619484131774695,TIME_LIMIT,238055,0,0,22,24
5,8,968334.0,-1.131734622067258,-0.8619484131774695,TIME_LIMIT,238086,0,0,17,15
5,8,968553.0,-1.131734622067258,-0.8619484131774695,TIME_LIMIT,238109,0,0,19,19
5,8,968781.0,-1.1317060117544515,-0.8619484131774695,TIME_LIMIT,238151,0,0,16,17
5,8,968839.0,-1.1317060117544515,-0.8619484131774695,TIME_LIMIT,238166,0,0,9,7
5,8,969010.0,-1.1317042566256952,-0.8619484131774695,TIME_LIMIT,238191,0,0,8,5
5,8,969099.0,-1.1317042566256952,-0.8619484131774695,TIME_LIMIT,238214,0,0,13,15
5,8,969200.0,-1.131701542837417,-0.8619484131774695,TIME_LIMIT,238250,0,0,5,9
5,8,969302.0,-1.131701542837417,-0.8619484131774695,TIME_LIMIT,238274,0,0,11,17
5,8,969374.0,-1.1316989309571963,-0.8619484131774695,TIME_LIMIT,238298,0,0,7,7
5,8,969471.0,-1.1316989309571963,-0.8619484131774695,TIME_LIMIT,238332,0,0,10,6
5,8,969609.0,-1.1316975660954955,-0.8619484131774695,TIME_LIMIT,238353,0,0,13,11
5,8,969750.0,-1.1316975660954955,-0.8619484131774695,TIME_LIMIT,238375,0,0,16,18
5,8,969870.0,-1.1316702596256314,-0.8619484131774695,TIME_LIMIT,238401,0,0,16,10
5,8,970093.0,-1.1316702596256314,-0.8619484131774695,TIME_LIMIT,238427,0,0,16,11
5,8,970206.0,-1.1316686034546983,-0.8619484131774695,TIME_LIMIT,238457,0,0,15,6
5,8,970279.0,-1.1316686034546983,-0.8619484131774695,TIME_LIMIT,238473,0,0,11,6
5,8,970301.0,-1.1316643290057615,-0.8619484131774695,TIME_LIMIT,238488,0,0,5,1
5,8,970464.0,-1.1316643290057615,-0.8619484131774695,TIME_LIMIT,238520,0,0,13,18
5,8,970549.0,-1.1316419044215715,-0.8619484131774695,TIME_LIMIT,238549,0,0,11,6
5,8,970659.0,-1.1316419044215715,-0.8619484131774695,TIME_LIMIT,238574,0,0,14,13
5,8,970796.0,-1.131632989055078,-0.8619484131774695,TIME_LIMIT,238599,0,0,16,6
5,8,971032.0,-1.131632989055078,-0.8619484131774695,TIME_LIMIT,238623,0,0,18,12
5,8,971161.0,-1.1316323233696801,-0.8619484131774695,TIME_LIMIT,238657,0,0,14,7
5,8,971417.0,-1.1316323233696801,-0.8619484131774695,TIME_LIMIT,238689,0,0,21,18
5,8,971659.0,-1.1316227190662134,-0.8619484131774695,TIME_LIMIT,238712,0,0,20,11
5,8,971744.0,-1.1316227190662134,-0.8619484131774695,TIME_LIMIT,238733,0,0,18,7
5,8,971812.0,-1.1316168034789098,-0.8619484131774695,TIME_LIMIT,238751,0,0,4,8
5,8,971924.0,-1.1316168034789098,-0.8619484131774695,TIME_LIMIT,238776,0,0,19,11
5,8,971997.0,-1.1316140289984968,-0.8619484131774695,TIME_LIMIT,238801,0,0,10,8
5,8,972042.0,-1.1316140289984968,-0.8619484131774695,TIME_LIMIT,238816,0,0,8,4
5,8,972066.0,-1.1316094121448288,-0.8619484131774695,TIME_LIMIT,238831,0,0,6,0
5,8,972279.0,-1.1316094121448288,-0.8619484131774695,TIME_LIMIT,238859,0,0,18,19
5,8,972420.0,-1.1316032143687187,-0.8619484131774695,TIME_LIMIT,238897,0,0,16,8
5,8,972501.0,-1.1316032143687187,-0.8619484131774695,TIME_LIMIT,238918,0,0,12,9
5,8,972596.0,-1.1315984116217404,-0.8619484131774695,TIME_LIMIT,238935,0,0,8,5
5,8,972770.0,-1.1315984116217404,-0.8619484131774695,TIME_LIMIT,238961,0,0,17,7
5,8,972862.0,-1.131591641777135,-0.8619484131774695,TIME_LIMIT,238995,0,0,15,10
5,8,973038.0,-1.131591641777135,-0.8619484131774695,TIME_LIMIT,239030,0,0,14,10
5,8,973123.0,-1.1315890782228144,-0.8619484131774695,TIME_LIMIT,239060,0,0,12,7
5,8,973229.0,-1.1315890782228144,-0.8619484131774695,TIME_LIMIT,239088,0,0,15,20
5,8,973364.0,-1.1315789120946946,-0.8619484131774695,TIME_LIMIT,239120,0,0,11,7
5,8,973474.0,-1.1315789120946946,-0.8619484131774695,TIME_LIMIT,239139,0,0,19,20
5,8,973602.0,-1.1315472436983645,-0.8619484131774695,TIME_LIMIT,239179,0,0,9,10
5,8,973698.0,-1.1315472436983645,-0.8619484131774695,TIME_LIMIT,239200,0,0,18,16
5,8,973789.0,-1.1315389559830815,-0.8619484131774695,TIME_LIMIT,239230,0,0,13,6
5,8,973959.0,-1.1315389559830815,-0.8619484131774695,TIME_LIMIT,239252,0,0,15,12
5,8,974070.0,-1.1315388782288731,-0.8619484131774695,TIME_LIMIT,239272,0,0,16,7
5,8,974160.0,-1.1315388782288731,-0.8619484131774695,TIME_LIMIT,239292,0,0,7,9
5,8,974241.0,-1.1315115394404236,-0.8619484131774695,TIME_LIMIT,239322,0,0,7,5
5,8,974334.0,-1.1315115394404236,-0.8619484131774695,TIME_LIMIT,239343,0,0,10,12
5,8,974417.0,-1.1315097413315112,-0.8619484131774695,TIME_LIMIT,239367,0,0,14,6
5,8,974472.0,-1.1315097413315112,-0.8619484131774695,TIME_LIMIT,239385,0,0,10,10
5,8,974570.0,-1.1314877320751007,-0.8619484131774695,TIME_LIMIT,239418,0,0,8,8
5,8,974793.0,-1.1314877320751007,-0.8619484131774695,TIME_LIMIT,239451,0,0,20,24
5,8,974950.0,-1.1314828510503732,-0.8619484131774695,TIME_LIMIT,239478,0,0,18,20
5,8,975088.0,-1.1314828510503732,-0.8619484131774695,TIME_LIMIT,239510,0,0,17,15
5,8,975173.0,-1.1314782655486997,-0.8619484131774695,TIME_LIMIT,239534,0,0,11,12
5,8,975414.0,-1.1314782655486997,-0.8619484131774695,TIME_LIMIT,239560,0,0,16,9
5,8,975656.0,-1.1314756588946624,-0.8619484131774695,TIME_LIMIT,239587,0,0,17,11
5,8,975728.0,-1.1314756588946624,-0.8619484131774695,TIME_LIMIT,239612,0,0,19,21
5,8,975886.0,-1.1314688419395673,-0.8619484131774695,TIME_LIMIT,239651,0,0,17,10
5,8,975947.0,-1.1314688419395673,-0.8619484131774695,TIME_LIMIT,239666,0,0,7,11
5,8,976025.0,-1.1314662692041066,-0.8619484131774695,TIME_LIMIT,239689,0,0,3,4
5,8,976189.0,-1.1314662692041066,-0.8619484131774695,TIME_LIMIT,239709,0,0,8,11
5,8,976405.0,-1.1314587605672797,-0.8619484131774695,TIME_LIMIT,239742,0,0,10,6
5,8,976492.0,-1.1314587605672797,-0.8619484131774695,TIME_LIMIT,239764,0,0,11,16
5,8,976617.0,-1.1314463108825277,-0.8619484131774695,TIME_LIMIT,239789,0,0,7,4
5,8,976758.0,-1.1314463108825277,-0.8619484131774695,TIME_LIMIT,239812,0,0,16,18
5,8,976930.0,-1.1314391415135798,-0.8619484131774695,TIME_LIMIT,239838,0,0,21,8
5,8,977054.0,-1.1314391415135798,-0.8619484131774695,TIME_LIMIT,239864,0,0,9,25
5,8,977273.0,-1.1314356997616795,-0.8619484131774695,TIME_LIMIT,239898,0,0,16,7
5,8,977387.0,-1.1314356997616795,-0.8619484131774695,TIME_LIMIT,239922,0,0,13,14
5,8,977440.0,-1.1314297685156456,-0.8619484131774695,TIME_LIMIT,239945,0,0,7,19
5,8,977550.0,-1.1314297685156456,-0.8619484131774695,TIME_LIMIT,239965,0,0,6,10
5,8,977632.0,-1.1314206742537969,-0.8619484131774695,TIME_LIMIT,239992,0,0,8,7
5,8,977847.0,-1.1314206742537969,-0.8619484131774695,TIME_LIMIT,240019,0,0,18,15
5,8,977966.0,-1.131415307258104,-0.8619484131774695,TIME_LIMIT,240049,0,0,21,16
5,8,978083.0,-1.131415307258104,-0.8619484131774695,TIME_LIMIT,240071,0,0,11,8
5,8,978171.0,-1.1314009675204013,-0.8619484131774695,TIME_LIMIT,240101,0,0,17,7
5,8,978255.0,-1.1314009675204013,-0.8619484131774695,TIME_LIMIT,240125,0,0,12,17
5,8,978330.0,-1.1313786489917879,-0.8619484131774695,TIME_LIMIT,240147,0,0,11,5
5,8,978475.0,-1.1313786489917879,-0.8619484131774695,TIME_LIMIT,240169,0,0,10,14
5,8,978580.0,-1.131352044259873,-0.8619484131774695,TIME_LIMIT,240197,0,0,9,6
5,8,978678.0,-1.131352044259873,-0.8619484131774695,TIME_LIMIT,240222,0,0,17,15
5,8,978866.0,-1.131336028341737,-0.8619484131774695,TIME_LIMIT,240255,0,0,8,10
5,8,978945.0,-1.131336028341737,-0.8619484131774695,TIME_LIMIT,240278,0,0,13,30
5,8,979203.0,-1.1313245122516447,-0.8619484131774695,TIME_LIMIT,240313,0,0,8,8
5,8,979338.0,-1.1313245122516447,-0.8619484131774695,TIME_LIMIT,240331,0,0,10,16
5,8,979422.0,-1.1313199360039017,-0.8619484131774695,TIME_LIMIT,240355,0,0,7,4
5,8,979537.0,-1.1313199360039017,-0.8619484131774695,TIME_LIMIT,240373,0,0,9,11
5,8,979651.0,-1.1313062781842627,-0.8619484131774695,TIME_LIMIT,240405,0,0,13,8
5,8,979781.0,-1.1313062781842627,-0.8619484131774695,TIME_LIMIT,240434,0,0,8,8
5,8,980032.0,-1.131301073244948,-0.8619484131774695,TIME_LIMIT,240459,0,0,19,14
5,8,980142.0,-1.131301073244948,-0.8619484131774695,TIME_LIMIT,240494,0,0,17,17
5,8,980351.0,-1.1312912471735888,-0.8619484131774695,TIME_LIMIT,240534,0,0,14,19
5,8,980399.0,-1.1312912471735888,-0.8619484131774695,TIME_LIMIT,240555,0,0,9,9
5,8,980466.0,-1.1312880215029166,-0.8619484131774695,TIME_LIMIT,240580,0,0,7,9
5,8,980547.0,-1.1312880215029166,-0.8619484131774695,TIME_LIMIT,240608,0,0,22,10
5,8,980629.0,-1.1312826660903446,-0.8619484131774695,TIME_LIMIT,240630,0,0,7,7
5,8,980710.0,-1.1312826660903446,-0.8619484131774695,TIME_LIMIT,240654,0,0,11,7
5,8,980825.0,-1.1312758571059272,-0.8619484131774695,TIME_LIMIT,240678,0,0,4,5
5,8,980919.0,-1.1312758571059272,-0.8619484131774695,TIME_LIMIT,240707,0,0,11,5
5,8,981034.0,-1.1312737362457452,-0.8619484131774695,TIME_LIMIT,240728,0,0,4,7
5,8,981218.0,-1.1312737362457452,-0.8619484131774695,TIME_LIMIT,240755,0,0,18,15
5,8,981365.0,-1.1312735071772815,-0.8619484131774695,TIME_LIMIT,240792,0,0,15,18
5,8,981479.0,-1.1312735071772815,-0.8619484131774695,TIME_LIMIT,240817,0,0,13,10
5,8,981552.0,-1.131259034249462,-0.8619484131774695,TIME_LIMIT,240838,0,0,13,6
5,8,981711.0,-1.131259034249462,-0.8619484131774695,TIME_LIMIT,240865,0,0,15,14
5,8,981769.0,-1.1312482918048101,-0.8619484131774695,TIME_LIMIT,240879,0,0,6,1
5,8,981859.0,-1.1312482918048101,-0.8619484131774695,TIME_LIMIT,240905,0,0,17,5
5,8,982058.0,-1.1312333768214176,-0.8619484131774695,TIME_LIMIT,240934,0,0,6,5
5,8,982249.0,-1.1312333768214176,-0.8619484131774695,TIME_LIMIT,240960,0,0,20,8
5,8,982396.0,-1.1312325701607935,-0.8619484131774695,TIME_LIMIT,240984,0,0,15,9
5,8,982526.0,-1.1312325701607935,-0.8619484131774695,TIME_LIMIT,241008,0,0,22,19
5,8,982636.0,-1.1312231815686584,-0.8619484131774695,TIME_LIMIT,241043,0,0,9,5
5,8,982703.0,-1.1312231815686584,-0.8619484131774695,TIME_LIMIT,241063,0,0,12,10
5,8,982795.0,-1.1312104385408324,-0.8619484131774695,TIME_LIMIT,241089,0,0,12,3
5,8,982959.0,-1.1312104385408324,-0.8619484131774695,TIME_LIMIT,241112,0,0,12,8
5,8,983040.0,-1.1312093653104527,-0.8619484131774695,TIME_LIMIT,241133,0,0,9,5
5,8,983188.0,-1.1312093653104527,-0.8619484131774695,TIME_LIMIT,241156,0,0,12,5
5,8,983349.0,-1.1311987771912486,-0.8619484131774695,TIME_LIMIT,241187,0,0,9,11
5,8,983441.0,-1.1311987771912486,-0.8619484131774695,TIME_LIMIT,241210,0,0,18,19
5,8,983668.0,-1.1311923975967855,-0.8619484131774695,TIME_LIMIT,241249,0,0,14,11
5,8,983744.0,-1.1311923975967855,-0.8619484131774695,TIME_LIMIT,241268,0,0,6,6
5,8,983841.0,-1.1311916245017475,-0.8619484131774695,TIME_LIMIT,241289,0,0,10,8
5,8,983911.0,-1.1311916245017475,-0.8619484131774695,TIME_LIMIT,241306,0,0,16,6
5,8,984029.0,-1.1311748308231377,-0.8619484131774695,TIME_LIMIT,241335,0,0,7,2
5,8,984178.0,-1.1311748308231377,-0.8619484131774695,TIME_LIMIT,241360,0,0,13,18
5,8,984256.0,-1.1311513643383797,-0.8619484131774695,TIME_LIMIT,241377,0,0,7,7
5,8,984323.0,-1.1311513643383797,-0.8619484131774695,TIME_LIMIT,241401,0,0,10,15
5,8,984448.0,-1.131150924262721,-0.8619484131774695,TIME_LIMIT,241425,0,0,7,4
5,8,984641.0,-1.131150924262721,-0.8619484131774695,TIME_LIMIT,241454,0,0,9,9
5,8,984775.0,-1.1311326490313385,-0.8619484131774695,TIME_LIMIT,241476,0,0,12,5
5,8,984865.0,-1.1311326490313385,-0.8619484131774695,TIME_LIMIT,241492,0,0,9,7
5,8,984987.0,-1.1311292596090292,-0.8619484131774695,TIME_LIMIT,241520,0,0,10,4
5,8,985192.0,-1.1311292596090292,-0.8619484131774695,TIME_LIMIT,241545,0,0,14,17
5,8,985382.0,-1.1311201110608784,-0.8619484131774695,TIME_LIMIT,241572,0,0,14,10
5,8,985540.0,-1.1311201110608784,-0.8619484131774695,TIME_LIMIT,241598,0,0,11,8
5,8,985752.0,-1.1311088045740605,-0.8619484131774695,TIME_LIMIT,241624,0,0,16,7
5,8,985861.0,-1.1311088045740605,-0.8619484131774695,TIME_LIMIT,241645,0,0,7,19
5,8,986075.0,-1.1310986867979151,-0.8619484131774695,TIME_LIMIT,241682,0,0,11,9
5,8,986195.0,-1.1310986867979151,-0.8619484131774695,TIME_LIMIT,241703,0,0,17,30
5,8,986305.0,-1.1310980387874412,-0.8619484131774695,TIME_LIMIT,241730,0,0,7,8
5,8,986442.0,-1.1310980387874412,-0.8619484131774695,TIME_LIMIT,241757,0,0,15,18
5,8,986555.0,-1.131093246151232,-0.8619484131774695,TIME_LIMIT,241778,0,0,11,14
5,8,986770.0,-1.131093246151232,-0.8619484131774695,TIME_LIMIT,241804,0,0,8,13
5,8,986941.0,-1.1310877784325493,-0.8619484131774695,TIME_LIMIT,241839,0,0,9,6
5,8,987039.0,-1.1310877784325493,-0.8619484131774695,TIME_LIMIT,241865,0,0,8,8
5,8,987097.0,-1.131084874185463,-0.8619484131774695,TIME_LIMIT,241883,0,0,4,5
5,8,987285.0,-1.131084874185463,-0.8619484131774695,TIME_LIMIT,241908,0,0,11,12
5,8,987308.0,-1.1310845396989586,-0.8619484131774695,TIME_LIMIT,241926,0,0,7,4
5,8,987527.0,-1.1310845396989586,-0.8619484131774695,TIME_LIMIT,241950,0,0,15,12
5,8,987590.0,-1.1310754002703176,-0.8619484131774695,TIME_LIMIT,241977,0,0,15,7
5,8,987789.0,-1.1310754002703176,-0.8619484131774695,TIME_LIMIT,242005,0,0,14,22
5,8,987949.0,-1.1310729517713656,-0.8619484131774695,TIME_LIMIT,242034,0,0,11,9
5,8,988029.0,-1.1310729517713656,-0.8619484131774695,TIME_LIMIT,242054,0,0,12,15
5,8,988119.0,-1.131060437074502,-0.8619484131774695,TIME_LIMIT,242080,0,0,15,12
5,8,988282.0,-1.131060437074502,-0.8619484131774695,TIME_LIMIT,242105,0,0,19,5
5,8,988447.0,-1.131055327280169,-0.8619484131774695,TIME_LIMIT,242126,0,0,12,4
5,8,988529.0,-1.131055327280169,-0.8619484131774695,TIME_LIMIT,242150,0,0,10,9
5,8,988565.0,-1.1310476435297603,-0.8619484131774695,TIME_LIMIT,242167,0,0,11,7
5,8,988659.0,-1.1310476435297603,-0.8619484131774695,TIME_LIMIT,242190,0,0,11,7
5,8,988734.0,-1.13102404537855,-0.8619484131774695,TIME_LIMIT,242207,0,0,9,6
5,8,988953.0,-1.13102404537855,-0.8619484131774695,TIME_LIMIT,242231,0,0,10,17
5,8,989096.0,-1.1310236941198288,-0.8619484131774695,TIME_LIMIT,242267,0,0,7,11
5,8,989185.0,-1.1310236941198288,-0.8619484131774695,TIME_LIMIT,242290,0,0,7,7
5,8,989288.0,-1.1310195846450875,-0.8619484131774695,TIME_LIMIT,242311,0,0,14,5
5,8,989395.0,-1.1310195846450875,-0.8619484131774695,TIME_LIMIT,242331,0,0,12,14
5,8,989464.0,-1.1310016158189153,-0.8619484131774695,TIME_LIMIT,242365,0,0,14,7
5,8,989675.0,-1.1310016158189153,-0.8619484131774695,TIME_LIMIT,242389,0,0,20,16
5,8,989834.0,-1.1309811504388725,-0.8619484131774695,TIME_LIMIT,242414,0,0,13,11
5,8,990042.0,-1.1309811504388725,-0.8619484131774695,TIME_LIMIT,242440,0,0,13,12
5,8,990202.0,-1.1309801270943143,-0.8619484131774695,TIME_LIMIT,242474,0,0,9,6
5,8,990427.0,-1.1309801270943143,-0.8619484131774695,TIME_LIMIT,242503,0,0,24,22
5,8,990542.0,-1.1309770827368046,-0.8619484131774695,TIME_LIMIT,242530,0,0,18,4
5,8,990678.0,-1.1309770827368046,-0.8619484131774695,TIME_LIMIT,242558,0,0,16,19
5,8,990737.0,-1.130969516112878,-0.8619484131774695,TIME_LIMIT,242592,0,0,16,6
5,8,990843.0,-1.130969516112878,-0.8619484131774695,TIME_LIMIT,242613,0,0,13,15
5,8,990948.0,-1.1309634018722414,-0.8619484131774695,TIME_LIMIT,242635,0,0,8,1
5,8,991102.0,-1.1309634018722414,-0.8619484131774695,TIME_LIMIT,242659,0,0,13,11
5,8,991203.0,-1.1309599534273396,-0.8619484131774695,TIME_LIMIT,242682,0,0,12,12
5,8,991359.0,-1.1309599534273396,-0.8619484131774695,TIME_LIMIT,242709,0,0,15,8
5,8,991422.0,-1.1309415670733693,-0.8619484131774695,TIME_LIMIT,242728,0,0,12,5
5,8,991533.0,-1.1309415670733693,-0.8619484131774695,TIME_LIMIT,242750,0,0,12,7
5,8,991611.0,-1.1309402939381736,-0.8619484131774695,TIME_LIMIT,242771,0,0,10,5
5,8,991721.0,-1.1309402939381736,-0.8619484131774695,TIME_LIMIT,242799,0,0,17,21
5,8,991806.0,-1.1309228544723842,-0.8619484131774695,TIME_LIMIT,242829,0,0,14,18
5,8,991943.0,-1.1309228544723842,-0.8619484131774695,TIME_LIMIT,242857,0,0,12,15
5,8,992054.0,-1.1309053381379301,-0.8619484131774695,TIME_LIMIT,242889,0,0,12,8
5,8,992273.0,-1.1309053381379301,-0.8619484131774695,TIME_LIMIT,242915,0,0,13,19
5,8,992514.0,-1.130904288391943,-0.8619484131774695,TIME_LIMIT,242948,0,0,15,14
5,8,992690.0,-1.130904288391943,-0.8619484131774695,TIME_LIMIT,242979,0,0,18,19
5,8,992809.0,-1.13089067457921,-0.8619484131774695,TIME_LIMIT,242996,0,0,8,2
5,8,992886.0,-1.13089067457921,-0.8619484131774695,TIME_LIMIT,243015,0,0,14,11
5,8,992967.0,-1.130890586458277,-0.8619484131774695,TIME_LIMIT,243042,0,0,12,5
5,8,993084.0,-1.130890586458277,-0.8619484131774695,TIME_LIMIT,243060,0,0,14,17
5,8,993180.0,-1.1308625166156547,-0.8619484131774695,TIME_LIMIT,243094,0,0,17,7
5,8,993272.0,-1.1308625166156547,-0.8619484131774695,TIME_LIMIT,243119,0,0,15,8
5,8,993324.0,-1.1308558373371946,-0.8619484131774695,TIME_LIMIT,243138,0,0,5,2
5,8,993431.0,-1.1308558373371946,-0.8619484131774695,TIME_LIMIT,243165,0,0,19,15
5,8,993524.0,-1.1308353952609345,-0.8619484131774695,TIME_LIMIT,243190,0,0,11,7
5,8,993643.0,-1.1308353952609345,-0.8619484131774695,TIME_LIMIT,243207,0,0,8,7
5,8,993721.0,-1.1308180443605425,-0.8619484131774695,TIME_LIMIT,243226,0,0,8,3
5,8,993836.0,-1.1308180443605425,-0.8619484131774695,TIME_LIMIT,243248,0,0,10,7
5,8,993953.0,-1.1307915343839805,-0.8619484131774695,TIME_LIMIT,243283,0,0,8,5
5,8,994113.0,-1.1307915343839805,-0.8619484131774695,TIME_LIMIT,243308,0,0,11,20
5,8,994174.0,-1.1307850566680675,-0.8619484131774695,TIME_LIMIT,243333,0,0,11,4
5,8,994253.0,-1.1307850566680675,-0.8619484131774695,TIME_LIMIT,243352,0,0,8,5
5,8,994330.0,-1.130782555077067,-0.8619484131774695,TIME_LIMIT,243371,0,0,6,3
5,8,994493.0,-1.130782555077067,-0.8619484131774695,TIME_LIMIT,243400,0,0,10,20
5,8,994716.0,-1.1307823348630663,-0.8619484131774695,TIME_LIMIT,243429,0,0,16,7
5,8,994784.0,-1.1307823348630663,-0.8619484131774695,TIME_LIMIT,243452,0,0,8,11
5,8,994920.0,-1.130781084882956,-0.8619484131774695,TIME_LIMIT,243482,0,0,4,10
5,8,994975.0,-1.130781084882956,-0.8619484131774695,TIME_LIMIT,243499,0,0,4,8
5,8,995160.0,-1.1307704375419827,-0.8619484131774695,TIME_LIMIT,243528,0,0,16,9
5,8,995298.0,-1.1307704375419827,-0.8619484131774695,TIME_LIMIT,243551,0,0,11,14
5,8,995339.0,-1.1307700629210544,-0.8619484131774695,TIME_LIMIT,243577,0,0,6,6
5,8,995544.0,-1.1307700629210544,-0.8619484131774695,TIME_LIMIT,243603,0,0,11,10
5,8,995627.0,-1.1307487555544962,-0.8619484131774695,TIME_LIMIT,243629,0,0,17,1
5,8,995899.0,-1.1307487555544962,-0.8619484131774695,TIME_LIMIT,243655,0,0,15,9
5,8,996186.0,-1.1307479105796086,-0.8619484131774695,TIME_LIMIT,243693,0,0,19,15
5,8,996399.0,-1.1307479105796086,-0.8619484131774695,TIME_LIMIT,243712,0,0,17,27
5,8,996648.0,-1.1307473407122126,-0.8619484131774695,TIME_LIMIT,243745,0,0,17,9
5,8,996832.0,-1.1307473407122126,-0.8619484131774695,TIME_LIMIT,243771,0,0,19,23
5,8,997083.0,-1.1307465154224992,-0.8619484131774695,TIME_LIMIT,243799,0,0,14,17
5,8,997178.0,-1.1307465154224992,-0.8619484131774695,TIME_LIMIT,243823,0,0,22,18
5,8,997277.0,-1.1307425680811207,-0.8619484131774695,TIME_LIMIT,243854,0,0,7,6
5,8,997497.0,-1.1307425680811207,-0.8619484131774695,TIME_LIMIT,243883,0,0,6,8
5,8,997658.0,-1.1307418542429455,-0.8619484131774695,TIME_LIMIT,243917,0,0,18,6
5,8,997890.0,-1.1307418542429455,-0.8619484131774695,TIME_LIMIT,243945,0,0,16,14
5,8,997994.0,-1.1307410854859894,-0.8619484131774695,TIME_LIMIT,243971,0,0,13,9
5,8,998252.0,-1.1307410854859894,-0.8619484131774695,TIME_LIMIT,243995,0,0,16,15
5,8,998424.0,-1.1307226342259697,-0.8619484131774695,TIME_LIMIT,244020,0,0,14,6
5,8,998557.0,-1.1307226342259697,-0.8619484131774695,TIME_LIMIT,244045,0,0,10,12
5,8,998610.0,-1.130722231137522,-0.8619484131774695,TIME_LIMIT,244072,0,0,10,4
5,8,998688.0,-1.130722231137522,-0.8619484131774695,TIME_LIMIT,244096,0,0,8,10
5,8,998793.0,-1.1306940295895216,-0.8619484131774695,TIME_LIMIT,244130,0,0,7,8
5,8,999005.0,-1.1306940295895216,-0.8619484131774695,TIME_LIMIT,244155,0,0,17,23
5,8,999223.0,-1.1306913215391037,-0.8619484131774695,TIME_LIMIT,244194,0,0,5,16
5,8,999365.0,-1.1306913215391037,-0.8619484131774695,TIME_LIMIT,244219,0,0,18,22
5,8,999479.0,-1.1306786336828942,-0.8619484131774695,TIME_LIMIT,244257,0,0,13,9
5,8,999656.0,-1.1306786336828942,-0.8619484131774695,TIME_LIMIT,244278,0,0,15,23
5,8,999848.0,-1.1306737261755733,-0.8619484131774695,TIME_LIMIT,244317,0,0,16,16
5,8,1.000087e6,-1.1306737261755733,-0.8619484131774695,TIME_LIMIT,244342,0,0,11,7
5,8,1.000261e6,-1.1306721540981384,-0.8619484131774695,TIME_LIMIT,244364,0,0,6,5
5,8,1.000417e6,-1.1306721540981384,-0.8619484131774695,TIME_LIMIT,244390,0,0,11,23
5,8,1.000555e6,-1.1306600740224972,-0.8619484131774695,TIME_LIMIT,244425,0,0,10,12
5,8,1.000692e6,-1.1306600740224972,-0.8619484131774695,TIME_LIMIT,244446,0,0,8,6
5,8,1.000802e6,-1.1306409864360312,-0.8619484131774695,TIME_LIMIT,244473,0,0,10,5
5,8,1.000877e6,-1.1306409864360312,-0.8619484131774695,TIME_LIMIT,244493,0,0,8,2
5,8,1.000964e6,-1.1306325800341066,-0.8619484131774695,TIME_LIMIT,244521,0,0,5,4
5,8,1.001009e6,-1.1306325800341066,-0.8619484131774695,TIME_LIMIT,244536,0,0,6,7
5,8,1.001133e6,-1.1306166113191738,-0.8619484131774695,TIME_LIMIT,244553,0,0,6,2
5,8,1.001322e6,-1.1306166113191738,-0.8619484131774695,TIME_LIMIT,244584,0,0,18,13
5,8,1.001396e6,-1.1306075597622582,-0.8619484131774695,TIME_LIMIT,244606,0,0,11,2
5,8,1.0015e6,-1.1306075597622582,-0.8619484131774695,TIME_LIMIT,244629,0,0,10,6
5,8,1.001589e6,-1.1305940641144878,-0.8619484131774695,TIME_LIMIT,244657,0,0,12,9
5,8,1.001788e6,-1.1305940641144878,-0.8619484131774695,TIME_LIMIT,244680,0,0,11,13
5,8,1.001926e6,-1.130592693361939,-0.8619484131774695,TIME_LIMIT,244714,0,0,8,9
5,8,1.002164e6,-1.130592693361939,-0.8619484131774695,TIME_LIMIT,244742,0,0,12,15
5,8,1.002285e6,-1.1305823962869057,-0.8619484131774695,TIME_LIMIT,244767,0,0,16,4
5,8,1.002354e6,-1.1305823962869057,-0.8619484131774695,TIME_LIMIT,244783,0,0,14,9
5,8,1.002407e6,-1.1305799950254436,-0.8619484131774695,TIME_LIMIT,244803,0,0,6,1
5,8,1.002436e6,-1.1305799950254436,-0.8619484131774695,TIME_LIMIT,244824,0,0,8,5
5,8,1.002505e6,-1.1305670342316718,-0.8619484131774695,TIME_LIMIT,244843,0,0,10,4
5,8,1.002706e6,-1.1305670342316718,-0.8619484131774695,TIME_LIMIT,244869,0,0,9,9
5,8,1.002924e6,-1.1305647201845932,-0.8619484131774695,TIME_LIMIT,244896,0,0,10,9
5,8,1.003204e6,-1.1305647201845932,-0.8619484131774695,TIME_LIMIT,244924,0,0,13,20
5,8,1.003387e6,-1.1305459202418975,-0.8619484131774695,TIME_LIMIT,244951,0,0,18,4
5,8,1.003603e6,-1.1305459202418975,-0.8619484131774695,TIME_LIMIT,244974,0,0,18,19
5,8,1.003839e6,-1.13054556834684,-0.8619484131774695,TIME_LIMIT,245011,0,0,13,6
5,8,1.004014e6,-1.13054556834684,-0.8619484131774695,TIME_LIMIT,245041,0,0,23,16
5,8,1.004145e6,-1.1305377969111345,-0.8619484131774695,TIME_LIMIT,245076,0,0,9,12
5,8,1.00422e6,-1.1305377969111345,-0.8619484131774695,TIME_LIMIT,245100,0,0,11,2
5,8,1.004279e6,-1.1305330142614247,-0.8619484131774695,TIME_LIMIT,245122,0,0,12,3
5,8,1.004374e6,-1.1305330142614247,-0.8619484131774695,TIME_LIMIT,245149,0,0,14,3
5,8,1.004471e6,-1.1305319369208657,-0.8619484131774695,TIME_LIMIT,245167,0,0,11,6
5,8,1.004593e6,-1.1305319369208657,-0.8619484131774695,TIME_LIMIT,245196,0,0,14,15
5,8,1.004727e6,-1.1305240250851936,-0.8619484131774695,TIME_LIMIT,245235,0,0,11,8
5,8,1.004813e6,-1.1305240250851936,-0.8619484131774695,TIME_LIMIT,245252,0,0,15,14
5,8,1.004899e6,-1.1305223198649212,-0.8619484131774695,TIME_LIMIT,245278,0,0,9,5
5,8,1.004981e6,-1.1305223198649212,-0.8619484131774695,TIME_LIMIT,245304,0,0,18,31
5,8,1.005194e6,-1.1305209246212626,-0.8619484131774695,TIME_LIMIT,245337,0,0,14,7
5,8,1.005246e6,-1.1305209246212626,-0.8619484131774695,TIME_LIMIT,245354,0,0,6,9
5,8,1.005403e6,-1.1305027096706306,-0.8619484131774695,TIME_LIMIT,245383,0,0,7,6
5,8,1.005621e6,-1.1305027096706306,-0.8619484131774695,TIME_LIMIT,245407,0,0,15,22
5,8,1.005747e6,-1.1305006499113495,-0.8619484131774695,TIME_LIMIT,245435,0,0,14,9
5,8,1.005824e6,-1.1305006499113495,-0.8619484131774695,TIME_LIMIT,245458,0,0,11,9
5,8,1.005953e6,-1.1304926298401736,-0.8619484131774695,TIME_LIMIT,245494,0,0,16,12
5,8,1.006049e6,-1.1304926298401736,-0.8619484131774695,TIME_LIMIT,245514,0,0,9,8
5,8,1.006089e6,-1.1304788448061607,-0.8619484131774695,TIME_LIMIT,245532,0,0,4,6
5,8,1.006306e6,-1.1304788448061607,-0.8619484131774695,TIME_LIMIT,245562,0,0,15,14
5,8,1.006487e6,-1.1304685871596831,-0.8619484131774695,TIME_LIMIT,245600,0,0,6,12
5,8,1.006723e6,-1.1304685871596831,-0.8619484131774695,TIME_LIMIT,245622,0,0,16,31
5,8,1.006954e6,-1.1304533285676566,-0.8619484131774695,TIME_LIMIT,245666,0,0,8,9
5,8,1.007066e6,-1.1304533285676566,-0.8619484131774695,TIME_LIMIT,245688,0,0,11,4
5,8,1.007176e6,-1.1304454151492855,-0.8619484131774695,TIME_LIMIT,245715,0,0,10,8
5,8,1.00738e6,-1.1304454151492855,-0.8619484131774695,TIME_LIMIT,245740,0,0,11,7
5,8,1.007537e6,-1.1304327735690307,-0.8619484131774695,TIME_LIMIT,245762,0,0,9,3
5,8,1.007754e6,-1.1304327735690307,-0.8619484131774695,TIME_LIMIT,245786,0,0,10,29
5,8,1.007857e6,-1.1304227627022434,-0.8619484131774695,TIME_LIMIT,245813,0,0,18,11
5,8,1.007884e6,-1.1304227627022434,-0.8619484131774695,TIME_LIMIT,245829,0,0,9,8
5,8,1.007971e6,-1.1304053786619042,-0.8619484131774695,TIME_LIMIT,245849,0,0,6,3
5,8,1.00808e6,-1.1304053786619042,-0.8619484131774695,TIME_LIMIT,245875,0,0,12,6
5,8,1.008223e6,-1.1303966351364703,-0.8619484131774695,TIME_LIMIT,245905,0,0,15,8
5,8,1.008278e6,-1.1303966351364703,-0.8619484131774695,TIME_LIMIT,245920,0,0,6,8
5,8,1.008339e6,-1.1303718729158532,-0.8619484131774695,TIME_LIMIT,245941,0,0,9,3
5,8,1.008368e6,-1.1303718729158532,-0.8619484131774695,TIME_LIMIT,245959,0,0,8,2
5,8,1.008447e6,-1.1303476532646926,-0.8619484131774695,TIME_LIMIT,245979,0,0,10,13
5,8,1.008508e6,-1.1303476532646926,-0.8619484131774695,TIME_LIMIT,245999,0,0,10,12
5,8,1.008597e6,-1.130342294053952,-0.8619484131774695,TIME_LIMIT,246027,0,0,8,9
5,8,1.00867e6,-1.130342294053952,-0.8619484131774695,TIME_LIMIT,246047,0,0,12,13
5,8,1.008724e6,-1.130341466765929,-0.8619484131774695,TIME_LIMIT,246072,0,0,14,4
5,8,1.008905e6,-1.130341466765929,-0.8619484131774695,TIME_LIMIT,246097,0,0,18,11
5,8,1.00912e6,-1.1303399656928392,-0.8619484131774695,TIME_LIMIT,246122,0,0,16,8
5,8,1.009235e6,-1.1303399656928392,-0.8619484131774695,TIME_LIMIT,246146,0,0,6,14
5,8,1.00928e6,-1.1303148112248889,-0.8619484131774695,TIME_LIMIT,246163,0,0,9,5
5,8,1.009388e6,-1.1303148112248889,-0.8619484131774695,TIME_LIMIT,246192,0,0,11,13
5,8,1.009599e6,-1.1303119667494985,-0.8619484131774695,TIME_LIMIT,246224,0,0,13,12
5,8,1.009662e6,-1.1303119667494985,-0.8619484131774695,TIME_LIMIT,246243,0,0,11,17
5,8,1.009826e6,-1.130291276740021,-0.8619484131774695,TIME_LIMIT,246268,0,0,7,14
5,8,1.009868e6,-1.130291276740021,-0.8619484131774695,TIME_LIMIT,246286,0,0,6,5
5,8,1.009906e6,-1.1302652353064893,-0.8619484131774695,TIME_LIMIT,246301,0,0,7,6
5,8,1.010118e6,-1.1302652353064893,-0.8619484131774695,TIME_LIMIT,246322,0,0,14,20
5,8,1.010186e6,-1.130262280230293,-0.8619484131774695,TIME_LIMIT,246346,0,0,17,9
5,8,1.010278e6,-1.130262280230293,-0.8619484131774695,TIME_LIMIT,246364,0,0,12,17
5,8,1.010416e6,-1.1302588916512901,-0.8619484131774695,TIME_LIMIT,246397,0,0,6,6
5,8,1.010604e6,-1.1302588916512901,-0.8619484131774695,TIME_LIMIT,246424,0,0,18,20
5,8,1.010804e6,-1.1302536041715752,-0.8619484131774695,TIME_LIMIT,246458,0,0,15,10
5,8,1.010918e6,-1.1302536041715752,-0.8619484131774695,TIME_LIMIT,246483,0,0,8,13
5,8,1.010998e6,-1.1302512730922516,-0.8619484131774695,TIME_LIMIT,246504,0,0,11,3
5,8,1.011038e6,-1.1302512730922516,-0.8619484131774695,TIME_LIMIT,246522,0,0,12,9
5,8,1.011099e6,-1.1302451533952314,-0.8619484131774695,TIME_LIMIT,246540,0,0,3,2
5,8,1.011222e6,-1.1302451533952314,-0.8619484131774695,TIME_LIMIT,246565,0,0,12,14
5,8,1.011296e6,-1.1302412874872583,-0.8619484131774695,TIME_LIMIT,246591,0,0,4,5
5,8,1.011428e6,-1.1302412874872583,-0.8619484131774695,TIME_LIMIT,246619,0,0,5,12
5,8,1.011585e6,-1.1302357904044786,-0.8619484131774695,TIME_LIMIT,246647,0,0,6,9
5,8,1.011692e6,-1.1302357904044786,-0.8619484131774695,TIME_LIMIT,246672,0,0,16,13
5,8,1.01183e6,-1.1302246943786758,-0.8619484131774695,TIME_LIMIT,246703,0,0,10,9
5,8,1.011937e6,-1.1302246943786758,-0.8619484131774695,TIME_LIMIT,246727,0,0,12,4
5,8,1.012098e6,-1.1302185484027973,-0.8619484131774695,TIME_LIMIT,246751,0,0,6,4
5,8,1.012196e6,-1.1302185484027973,-0.8619484131774695,TIME_LIMIT,246770,0,0,15,19
5,8,1.01223e6,-1.1302171433278267,-0.8619484131774695,TIME_LIMIT,246791,0,0,6,4
5,8,1.012364e6,-1.1302171433278267,-0.8619484131774695,TIME_LIMIT,246823,0,0,14,10
5,8,1.012459e6,-1.1302146128348065,-0.8619484131774695,TIME_LIMIT,246844,0,0,13,13
5,8,1.012584e6,-1.1302146128348065,-0.8619484131774695,TIME_LIMIT,246869,0,0,13,15
5,8,1.012653e6,-1.1302124048288436,-0.8619484131774695,TIME_LIMIT,246893,0,0,7,5
5,8,1.012868e6,-1.1302124048288436,-0.8619484131774695,TIME_LIMIT,246921,0,0,17,19
5,8,1.013057e6,-1.1301852107537496,-0.8619484131774695,TIME_LIMIT,246948,0,0,15,11
5,8,1.013101e6,-1.1301852107537496,-0.8619484131774695,TIME_LIMIT,246964,0,0,13,10
5,8,1.013124e6,-1.1301838618931779,-0.8619484131774695,TIME_LIMIT,246982,0,0,5,3
5,8,1.013252e6,-1.1301838618931779,-0.8619484131774695,TIME_LIMIT,247009,0,0,10,19
5,8,1.013469e6,-1.1301731509255069,-0.8619484131774695,TIME_LIMIT,247038,0,0,17,13
5,8,1.013603e6,-1.1301731509255069,-0.8619484131774695,TIME_LIMIT,247063,0,0,13,11
5,8,1.013799e6,-1.1301437672142358,-0.8619484131774695,TIME_LIMIT,247094,0,0,17,7
5,8,1.013863e6,-1.1301437672142358,-0.8619484131774695,TIME_LIMIT,247112,0,0,18,14
5,8,1.013984e6,-1.130139357893844,-0.8619484131774695,TIME_LIMIT,247143,0,0,11,5
5,8,1.014091e6,-1.130139357893844,-0.8619484131774695,TIME_LIMIT,247168,0,0,18,15
5,8,1.014244e6,-1.1301327876419878,-0.8619484131774695,TIME_LIMIT,247205,0,0,13,12
5,8,1.014425e6,-1.1301327876419878,-0.8619484131774695,TIME_LIMIT,247233,0,0,19,23
5,8,1.014648e6,-1.130125935546123,-0.8619484131774695,TIME_LIMIT,247267,0,0,19,15
5,8,1.014769e6,-1.130125935546123,-0.8619484131774695,TIME_LIMIT,247290,0,0,8,11
5,8,1.014892e6,-1.130114460486447,-0.8619484131774695,TIME_LIMIT,247313,0,0,10,4
5,8,1.015005e6,-1.130114460486447,-0.8619484131774695,TIME_LIMIT,247338,0,0,14,9
5,8,1.015088e6,-1.130096752387034,-0.8619484131774695,TIME_LIMIT,247363,0,0,13,12
5,8,1.015294e6,-1.130096752387034,-0.8619484131774695,TIME_LIMIT,247385,0,0,17,26
5,8,1.015508e6,-1.130096539943422,-0.8619484131774695,TIME_LIMIT,247429,0,0,16,12
5,8,1.015723e6,-1.130096539943422,-0.8619484131774695,TIME_LIMIT,247457,0,0,16,11
5,8,1.015969e6,-1.1300732325242744,-0.8619484131774695,TIME_LIMIT,247479,0,0,18,11
5,8,1.016216e6,-1.1300732325242744,-0.8619484131774695,TIME_LIMIT,247510,0,0,16,17
5,8,1.016329e6,-1.1300703132827965,-0.8619484131774695,TIME_LIMIT,247531,0,0,7,6
5,8,1.016378e6,-1.1300703132827965,-0.8619484131774695,TIME_LIMIT,247549,0,0,12,2
5,8,1.016448e6,-1.1300609861720188,-0.8619484131774695,TIME_LIMIT,247579,0,0,8,6
5,8,1.016482e6,-1.1300609861720188,-0.8619484131774695,TIME_LIMIT,247591,0,0,9,9
5,8,1.016576e6,-1.130050083710294,-0.8619484131774695,TIME_LIMIT,247614,0,0,7,6
5,8,1.016682e6,-1.130050083710294,-0.8619484131774695,TIME_LIMIT,247637,0,0,14,4
5,8,1.01686e6,-1.1300468533258692,-0.8619484131774695,TIME_LIMIT,247654,0,0,8,5
5,8,1.017054e6,-1.1300468533258692,-0.8619484131774695,TIME_LIMIT,247685,0,0,18,11
5,8,1.017196e6,-1.1300403657598586,-0.8619484131774695,TIME_LIMIT,247708,0,0,11,6
5,8,1.017317e6,-1.1300403657598586,-0.8619484131774695,TIME_LIMIT,247730,0,0,12,9
5,8,1.017415e6,-1.1300401153403978,-0.8619484131774695,TIME_LIMIT,247758,0,0,7,6
5,8,1.017556e6,-1.1300401153403978,-0.8619484131774695,TIME_LIMIT,247785,0,0,12,10
5,8,1.017601e6,-1.1300219340401254,-0.8619484131774695,TIME_LIMIT,247803,0,0,10,3
5,8,1.017742e6,-1.1300219340401254,-0.8619484131774695,TIME_LIMIT,247825,0,0,18,10
5,8,1.017885e6,-1.1300185970281642,-0.8619484131774695,TIME_LIMIT,247856,0,0,10,6
5,8,1.017937e6,-1.1300185970281642,-0.8619484131774695,TIME_LIMIT,247875,0,0,13,8
5,8,1.017971e6,-1.1299828785974706,-0.8619484131774695,TIME_LIMIT,247891,0,0,3,9
5,8,1.018136e6,-1.1299828785974706,-0.8619484131774695,TIME_LIMIT,247916,0,0,20,19
5,8,1.018218e6,-1.129973137605993,-0.8619484131774695,TIME_LIMIT,247948,0,0,15,9
5,8,1.018436e6,-1.129973137605993,-0.8619484131774695,TIME_LIMIT,247970,0,0,11,25
5,8,1.018481e6,-1.129969921591076,-0.8619484131774695,TIME_LIMIT,247993,0,0,10,9
5,8,1.018628e6,-1.129969921591076,-0.8619484131774695,TIME_LIMIT,248017,0,0,11,15
5,8,1.018722e6,-1.1299619876137683,-0.8619484131774695,TIME_LIMIT,248040,0,0,18,11
5,8,1.018852e6,-1.1299619876137683,-0.8619484131774695,TIME_LIMIT,248062,0,0,13,16
5,8,1.018982e6,-1.1299512776871148,-0.8619484131774695,TIME_LIMIT,248095,0,0,13,12
5,8,1.019149e6,-1.1299512776871148,-0.8619484131774695,TIME_LIMIT,248126,0,0,12,16
5,8,1.019365e6,-1.129936424287504,-0.8619484131774695,TIME_LIMIT,248151,0,0,14,13
5,8,1.019563e6,-1.129936424287504,-0.8619484131774695,TIME_LIMIT,248177,0,0,13,12
5,8,1.019722e6,-1.129919766516284,-0.8619484131774695,TIME_LIMIT,248210,0,0,10,12
5,8,1.019791e6,-1.129919766516284,-0.8619484131774695,TIME_LIMIT,248230,0,0,9,5
5,8,1.019869e6,-1.1299195848416401,-0.8619484131774695,TIME_LIMIT,248247,0,0,10,9
5,8,1.019972e6,-1.1299195848416401,-0.8619484131774695,TIME_LIMIT,248264,0,0,11,13
5,8,1.020102e6,-1.129918434764307,-0.8619484131774695,TIME_LIMIT,248294,0,0,4,10
5,8,1.020284e6,-1.129918434764307,-0.8619484131774695,TIME_LIMIT,248326,0,0,15,20
5,8,1.020537e6,-1.1299184294081757,-0.8619484131774695,TIME_LIMIT,248361,0,0,11,15
5,8,1.020696e6,-1.1299184294081757,-0.8619484131774695,TIME_LIMIT,248385,0,0,15,10
5,8,1.02078e6,-1.1299139478065006,-0.8619484131774695,TIME_LIMIT,248409,0,0,10,11
5,8,1.02088e6,-1.1299139478065006,-0.8619484131774695,TIME_LIMIT,248437,0,0,9,9
5,8,1.020915e6,-1.1299113277998667,-0.8619484131774695,TIME_LIMIT,248456,0,0,5,6
5,8,1.020976e6,-1.1299113277998667,-0.8619484131774695,TIME_LIMIT,248478,0,0,13,10
5,8,1.021016e6,-1.1299076531897132,-0.8619484131774695,TIME_LIMIT,248506,0,0,11,2
5,8,1.02117e6,-1.1299076531897132,-0.8619484131774695,TIME_LIMIT,248532,0,0,16,14
5,8,1.021409e6,-1.1299071898761182,-0.8619484131774695,TIME_LIMIT,248557,0,0,7,17
5,8,1.021446e6,-1.1299071898761182,-0.8619484131774695,TIME_LIMIT,248578,0,0,7,5
5,8,1.021514e6,-1.1299001643615176,-0.8619484131774695,TIME_LIMIT,248595,0,0,7,6
5,8,1.021676e6,-1.1299001643615176,-0.8619484131774695,TIME_LIMIT,248622,0,0,17,16
5,8,1.021758e6,-1.1298995453158518,-0.8619484131774695,TIME_LIMIT,248646,0,0,16,11
5,8,1.021809e6,-1.1298995453158518,-0.8619484131774695,TIME_LIMIT,248668,0,0,4,7
5,8,1.021841e6,-1.1298848720326657,-0.8619484131774695,TIME_LIMIT,248683,0,0,8,3
5,8,1.021955e6,-1.1298848720326657,-0.8619484131774695,TIME_LIMIT,248699,0,0,8,4
5,8,1.022001e6,-1.129875714013174,-0.8619484131774695,TIME_LIMIT,248714,0,0,6,2
5,8,1.0222e6,-1.129875714013174,-0.8619484131774695,TIME_LIMIT,248738,0,0,11,14
5,8,1.022369e6,-1.1298574729252344,-0.8619484131774695,TIME_LIMIT,248774,0,0,14,9
5,8,1.022403e6,-1.1298574729252344,-0.8619484131774695,TIME_LIMIT,248795,0,0,13,9
5,8,1.022435e6,-1.1298572278372614,-0.8619484131774695,TIME_LIMIT,248813,0,0,3,1
5,8,1.022486e6,-1.1298572278372614,-0.8619484131774695,TIME_LIMIT,248832,0,0,8,8
5,8,1.022507e6,-1.1298553995020957,-0.8619484131774695,TIME_LIMIT,248845,0,0,3,0
5,8,1.022652e6,-1.1298553995020957,-0.8619484131774695,TIME_LIMIT,248873,0,0,21,16
5,8,1.022739e6,-1.1298460486236588,-0.8619484131774695,TIME_LIMIT,248900,0,0,10,7
5,8,1.022787e6,-1.1298460486236588,-0.8619484131774695,TIME_LIMIT,248920,0,0,10,9
5,8,1.022939e6,-1.129833111047099,-0.8619484131774695,TIME_LIMIT,248952,0,0,15,5
5,8,1.02302e6,-1.129833111047099,-0.8619484131774695,TIME_LIMIT,248978,0,0,21,21
5,8,1.023163e6,-1.129821147472278,-0.8619484131774695,TIME_LIMIT,249018,0,0,13,8
5,8,1.023311e6,-1.129821147472278,-0.8619484131774695,TIME_LIMIT,249048,0,0,10,15
5,8,1.023469e6,-1.12981532265516,-0.8619484131774695,TIME_LIMIT,249076,0,0,6,4
5,8,1.023567e6,-1.12981532265516,-0.8619484131774695,TIME_LIMIT,249104,0,0,4,14
5,8,1.023634e6,-1.1297971845069028,-0.8619484131774695,TIME_LIMIT,249122,0,0,8,9
5,8,1.023793e6,-1.1297971845069028,-0.8619484131774695,TIME_LIMIT,249146,0,0,17,8
5,8,1.024009e6,-1.129791573658798,-0.8619484131774695,TIME_LIMIT,249168,0,0,14,6
5,8,1.02406e6,-1.129791573658798,-0.8619484131774695,TIME_LIMIT,249188,0,0,15,12
5,8,1.024148e6,-1.129763393193818,-0.8619484131774695,TIME_LIMIT,249216,0,0,10,11
5,8,1.024223e6,-1.129763393193818,-0.8619484131774695,TIME_LIMIT,249236,0,0,7,9
5,8,1.024385e6,-1.1297495093959533,-0.8619484131774695,TIME_LIMIT,249262,0,0,8,7
5,8,1.024462e6,-1.1297495093959533,-0.8619484131774695,TIME_LIMIT,249285,0,0,9,15
5,8,1.024557e6,-1.1297456684605625,-0.8619484131774695,TIME_LIMIT,249308,0,0,14,7
5,8,1.02463e6,-1.1297456684605625,-0.8619484131774695,TIME_LIMIT,249335,0,0,18,30
5,8,1.024785e6,-1.1297383118089879,-0.8619484131774695,TIME_LIMIT,249373,0,0,9,6
5,8,1.024883e6,-1.1297383118089879,-0.8619484131774695,TIME_LIMIT,249397,0,0,14,19
5,8,1.025028e6,-1.1297353184893664,-0.8619484131774695,TIME_LIMIT,249424,0,0,20,10
5,8,1.025092e6,-1.1297353184893664,-0.8619484131774695,TIME_LIMIT,249442,0,0,6,8
5,8,1.025104e6,-1.1297326801455587,-0.8619484131774695,TIME_LIMIT,249450,0,0,3,0
5,8,1.02522e6,-1.1297326801455587,-0.8619484131774695,TIME_LIMIT,249471,0,0,13,15
5,8,1.025305e6,-1.129718975659101,-0.8619484131774695,TIME_LIMIT,249493,0,0,6,8
5,8,1.025372e6,-1.129718975659101,-0.8619484131774695,TIME_LIMIT,249513,0,0,15,20
5,8,1.02546e6,-1.129713992693293,-0.8619484131774695,TIME_LIMIT,249542,0,0,10,8
5,8,1.025566e6,-1.129713992693293,-0.8619484131774695,TIME_LIMIT,249567,0,0,18,5
5,8,1.025642e6,-1.129697524163752,-0.8619484131774695,TIME_LIMIT,249586,0,0,9,3
5,8,1.025717e6,-1.129697524163752,-0.8619484131774695,TIME_LIMIT,249609,0,0,15,13
5,8,1.025826e6,-1.1296807713774313,-0.8619484131774695,TIME_LIMIT,249638,0,0,13,10
5,8,1.025856e6,-1.1296807713774313,-0.8619484131774695,TIME_LIMIT,249657,0,0,14,6
5,8,1.025949e6,-1.1296482248993074,-0.8619484131774695,TIME_LIMIT,249684,0,0,15,1
5,8,1.026118e6,-1.1296482248993074,-0.8619484131774695,TIME_LIMIT,249712,0,0,22,23
5,8,1.026231e6,-1.129647490576244,-0.8619484131774695,TIME_LIMIT,249745,0,0,10,13
5,8,1.02631e6,-1.129647490576244,-0.8619484131774695,TIME_LIMIT,249769,0,0,11,12
5,8,1.026439e6,-1.129640646348043,-0.8619484131774695,TIME_LIMIT,249791,0,0,6,8
5,8,1.026537e6,-1.129640646348043,-0.8619484131774695,TIME_LIMIT,249817,0,0,19,16
5,8,1.026683e6,-1.129627487651092,-0.8619484131774695,TIME_LIMIT,249845,0,0,11,11
5,8,1.026759e6,-1.129627487651092,-0.8619484131774695,TIME_LIMIT,249865,0,0,14,13
5,8,1.026907e6,-1.129609968868878,-0.8619484131774695,TIME_LIMIT,249897,0,0,15,6
5,8,1.027121e6,-1.129609968868878,-0.8619484131774695,TIME_LIMIT,249921,0,0,15,19
5,8,1.027247e6,-1.1295883117051424,-0.8619484131774695,TIME_LIMIT,249942,0,0,8,13
5,8,1.027488e6,-1.1295883117051424,-0.8619484131774695,TIME_LIMIT,249974,0,0,15,12
5,8,1.027733e6,-1.129549273836818,-0.8619484131774695,TIME_LIMIT,250001,0,0,4,8
5,8,1.027768e6,-1.129549273836818,-0.8619484131774695,TIME_LIMIT,250016,0,0,9,4
5,8,1.027822e6,-1.1295419330229077,-0.8619484131774695,TIME_LIMIT,250033,0,0,3,2
5,8,1.028014e6,-1.1295419330229077,-0.8619484131774695,TIME_LIMIT,250061,0,0,20,28
5,8,1.028135e6,-1.1295079973385638,-0.8619484131774695,TIME_LIMIT,250095,0,0,12,9
5,8,1.028346e6,-1.1295079973385638,-0.8619484131774695,TIME_LIMIT,250121,0,0,11,13
5,8,1.028443e6,-1.129500805612268,-0.8619484131774695,TIME_LIMIT,250145,0,0,11,8
5,8,1.02864e6,-1.129500805612268,-0.8619484131774695,TIME_LIMIT,250168,0,0,14,21
5,8,1.028786e6,-1.1294872335021289,-0.8619484131774695,TIME_LIMIT,250205,0,0,10,10
5,8,1.028856e6,-1.1294872335021289,-0.8619484131774695,TIME_LIMIT,250221,0,0,7,5
5,8,1.028879e6,-1.1294708363497834,-0.8619484131774695,TIME_LIMIT,250238,0,0,6,2
5,8,1.028964e6,-1.1294708363497834,-0.8619484131774695,TIME_LIMIT,250255,0,0,11,11
5,8,1.029195e6,-1.1294670718600495,-0.8619484131774695,TIME_LIMIT,250289,0,0,6,10
5,8,1.029224e6,-1.1294670718600495,-0.8619484131774695,TIME_LIMIT,250305,0,0,11,6
5,8,1.029293e6,-1.1294589930052787,-0.8619484131774695,TIME_LIMIT,250329,0,0,7,7
5,8,1.029317e6,-1.1294589930052787,-0.8619484131774695,TIME_LIMIT,250344,0,0,10,5
5,8,1.029348e6,-1.1294574493011758,-0.8619484131774695,TIME_LIMIT,250364,0,0,3,3
5,8,1.029412e6,-1.1294574493011758,-0.8619484131774695,TIME_LIMIT,250388,0,0,14,6
5,8,1.029513e6,-1.1294098724229655,-0.8619484131774695,TIME_LIMIT,250405,0,0,16,6
5,8,1.029684e6,-1.1294098724229655,-0.8619484131774695,TIME_LIMIT,250428,0,0,7,7
5,8,1.029734e6,-1.1293899062023687,-0.8619484131774695,TIME_LIMIT,250456,0,0,11,5
5,8,1.029814e6,-1.1293899062023687,-0.8619484131774695,TIME_LIMIT,250479,0,0,12,6
5,8,1.029885e6,-1.1293841046788817,-0.8619484131774695,TIME_LIMIT,250495,0,0,8,7
5,8,1.029969e6,-1.1293841046788817,-0.8619484131774695,TIME_LIMIT,250513,0,0,10,10
5,8,1.030036e6,-1.1293738891098584,-0.8619484131774695,TIME_LIMIT,250535,0,0,8,6
5,8,1.030105e6,-1.1293738891098584,-0.8619484131774695,TIME_LIMIT,250556,0,0,11,10
5,8,1.030149e6,-1.1293698040687365,-0.8619484131774695,TIME_LIMIT,250582,0,0,3,9
5,8,1.030226e6,-1.1293698040687365,-0.8619484131774695,TIME_LIMIT,250604,0,0,10,7
5,8,1.030294e6,-1.1293646864302775,-0.8619484131774695,TIME_LIMIT,250626,0,0,6,4
5,8,1.030431e6,-1.1293646864302775,-0.8619484131774695,TIME_LIMIT,250648,0,0,16,16
5,8,1.030571e6,-1.1293633191681764,-0.8619484131774695,TIME_LIMIT,250683,0,0,11,11
5,8,1.030677e6,-1.1293633191681764,-0.8619484131774695,TIME_LIMIT,250708,0,0,6,9
5,8,1.03078e6,-1.1293533301000216,-0.8619484131774695,TIME_LIMIT,250728,0,0,11,8
5,8,1.031001e6,-1.1293533301000216,-0.8619484131774695,TIME_LIMIT,250760,0,0,22,26
5,8,1.031215e6,-1.129346504416201,-0.8619484131774695,TIME_LIMIT,250788,0,0,16,13
5,8,1.031432e6,-1.129346504416201,-0.8619484131774695,TIME_LIMIT,250823,0,0,21,16
5,8,1.031577e6,-1.129340191961473,-0.8619484131774695,TIME_LIMIT,250850,0,0,10,10
5,8,1.031821e6,-1.129340191961473,-0.8619484131774695,TIME_LIMIT,250876,0,0,22,16
5,8,1.032077e6,-1.1293321578371034,-0.8619484131774695,TIME_LIMIT,250910,0,0,11,7
5,8,1.032247e6,-1.1293321578371034,-0.8619484131774695,TIME_LIMIT,250943,0,0,17,15
5,8,1.03243e6,-1.1293306124609699,-0.8619484131774695,TIME_LIMIT,250968,0,0,13,17
5,8,1.032492e6,-1.1293306124609699,-0.8619484131774695,TIME_LIMIT,250981,0,0,13,17
5,8,1.032607e6,-1.1293252990352223,-0.8619484131774695,TIME_LIMIT,251011,0,0,9,4
5,8,1.032716e6,-1.1293252990352223,-0.8619484131774695,TIME_LIMIT,251032,0,0,14,18
5,8,1.032886e6,-1.1293229602364347,-0.8619484131774695,TIME_LIMIT,251063,0,0,12,6
5,8,1.033099e6,-1.1293229602364347,-0.8619484131774695,TIME_LIMIT,251086,0,0,18,15
5,8,1.033331e6,-1.1293229546629737,-0.8619484131774695,TIME_LIMIT,251120,0,0,8,4
5,8,1.033584e6,-1.1293229546629737,-0.8619484131774695,TIME_LIMIT,251147,0,0,15,12
5,8,1.033636e6,-1.1293100022155946,-0.8619484131774695,TIME_LIMIT,251164,0,0,6,7
5,8,1.033814e6,-1.1293100022155946,-0.8619484131774695,TIME_LIMIT,251198,0,0,12,15
5,8,1.033845e6,-1.1293003060513884,-0.8619484131774695,TIME_LIMIT,251222,0,0,7,8
5,8,1.033915e6,-1.1293003060513884,-0.8619484131774695,TIME_LIMIT,251240,0,0,3,8
5,8,1.033958e6,-1.1292966263440753,-0.8619484131774695,TIME_LIMIT,251259,0,0,4,6
5,8,1.034123e6,-1.1292966263440753,-0.8619484131774695,TIME_LIMIT,251288,0,0,13,9
5,8,1.034226e6,-1.1292933674235213,-0.8619484131774695,TIME_LIMIT,251315,0,0,9,5
5,8,1.034272e6,-1.1292933674235213,-0.8619484131774695,TIME_LIMIT,251332,0,0,7,7
5,8,1.034307e6,-1.1292890277782843,-0.8619484131774695,TIME_LIMIT,251347,0,0,6,4
5,8,1.034503e6,-1.1292890277782843,-0.8619484131774695,TIME_LIMIT,251372,0,0,19,22
5,8,1.034625e6,-1.1292767145688607,-0.8619484131774695,TIME_LIMIT,251402,0,0,12,10
5,8,1.034746e6,-1.1292767145688607,-0.8619484131774695,TIME_LIMIT,251424,0,0,11,12
5,8,1.0348e6,-1.1292501318171129,-0.8619484131774695,TIME_LIMIT,251444,0,0,5,0
5,8,1.035007e6,-1.1292501318171129,-0.8619484131774695,TIME_LIMIT,251474,0,0,14,30
5,8,1.035141e6,-1.1292430169962286,-0.8619484131774695,TIME_LIMIT,251496,0,0,11,15
5,8,1.035312e6,-1.1292430169962286,-0.8619484131774695,TIME_LIMIT,251522,0,0,15,16
5,8,1.035449e6,-1.1292257228608127,-0.8619484131774695,TIME_LIMIT,251563,0,0,13,9
5,8,1.035474e6,-1.1292257228608127,-0.8619484131774695,TIME_LIMIT,251572,0,0,5,10
5,8,1.035498e6,-1.1292200501094247,-0.8619484131774695,TIME_LIMIT,251583,0,0,2,2
5,8,1.035606e6,-1.1292200501094247,-0.8619484131774695,TIME_LIMIT,251603,0,0,8,9
5,8,1.035792e6,-1.1292104809317276,-0.8619484131774695,TIME_LIMIT,251630,0,0,15,11
5,8,1.035849e6,-1.1292104809317276,-0.8619484131774695,TIME_LIMIT,251647,0,0,11,4
5,8,1.035871e6,-1.129209080465005,-0.8619484131774695,TIME_LIMIT,251661,0,0,3,4
5,8,1.036023e6,-1.129209080465005,-0.8619484131774695,TIME_LIMIT,251692,0,0,23,8
5,8,1.036125e6,-1.1291918916204806,-0.8619484131774695,TIME_LIMIT,251715,0,0,13,12
5,8,1.036328e6,-1.1291918916204806,-0.8619484131774695,TIME_LIMIT,251745,0,0,11,10
5,8,1.03642e6,-1.1291886032945924,-0.8619484131774695,TIME_LIMIT,251779,0,0,12,6
5,8,1.036538e6,-1.1291886032945924,-0.8619484131774695,TIME_LIMIT,251800,0,0,6,4
5,8,1.036582e6,-1.1291856151332125,-0.8619484131774695,TIME_LIMIT,251818,0,0,5,4
5,8,1.036794e6,-1.1291856151332125,-0.8619484131774695,TIME_LIMIT,251837,0,0,10,22
5,8,1.036875e6,-1.129175068473652,-0.8619484131774695,TIME_LIMIT,251861,0,0,15,15
5,8,1.036936e6,-1.129175068473652,-0.8619484131774695,TIME_LIMIT,251876,0,0,3,3
5,8,1.036949e6,-1.1291742997353618,-0.8619484131774695,TIME_LIMIT,251884,0,0,2,0
5,8,1.037117e6,-1.1291742997353618,-0.8619484131774695,TIME_LIMIT,251917,0,0,8,29
5,8,1.037331e6,-1.1291703592736195,-0.8619484131774695,TIME_LIMIT,251939,0,0,18,19
5,8,1.037572e6,-1.1291703592736195,-0.8619484131774695,TIME_LIMIT,251967,0,0,19,17
5,8,1.037692e6,-1.1291548400733218,-0.8619484131774695,TIME_LIMIT,252005,0,0,19,11
5,8,1.03792e6,-1.1291548400733218,-0.8619484131774695,TIME_LIMIT,252024,0,0,11,15
5,8,1.038009e6,-1.1291533512433258,-0.8619484131774695,TIME_LIMIT,252058,0,0,13,4
5,8,1.038069e6,-1.1291533512433258,-0.8619484131774695,TIME_LIMIT,252081,0,0,14,6
5,8,1.03811e6,-1.1291502630509838,-0.8619484131774695,TIME_LIMIT,252097,0,0,8,4
5,8,1.038191e6,-1.1291502630509838,-0.8619484131774695,TIME_LIMIT,252120,0,0,12,12
5,8,1.038285e6,-1.1291476003527714,-0.8619484131774695,TIME_LIMIT,252154,0,0,10,6
5,8,1.038361e6,-1.1291476003527714,-0.8619484131774695,TIME_LIMIT,252169,0,0,9,4
5,8,1.038378e6,-1.1291455213369415,-0.8619484131774695,TIME_LIMIT,252183,0,0,3,2
5,8,1.038455e6,-1.1291455213369415,-0.8619484131774695,TIME_LIMIT,252206,0,0,9,21
5,8,1.038601e6,-1.1291426955945911,-0.8619484131774695,TIME_LIMIT,252245,0,0,11,11
5,8,1.038758e6,-1.1291426955945911,-0.8619484131774695,TIME_LIMIT,252269,0,0,10,6
5,8,1.038805e6,-1.129135823403396,-0.8619484131774695,TIME_LIMIT,252289,0,0,8,4
5,8,1.038957e6,-1.129135823403396,-0.8619484131774695,TIME_LIMIT,252310,0,0,9,8
5,8,1.03899e6,-1.1291350563013731,-0.8619484131774695,TIME_LIMIT,252333,0,0,10,2
5,8,1.039075e6,-1.1291350563013731,-0.8619484131774695,TIME_LIMIT,252357,0,0,12,16
5,8,1.039197e6,-1.1291083732212026,-0.8619484131774695,TIME_LIMIT,252379,0,0,8,9
5,8,1.039301e6,-1.1291083732212026,-0.8619484131774695,TIME_LIMIT,252401,0,0,14,11
5,8,1.039344e6,-1.1291035659835142,-0.8619484131774695,TIME_LIMIT,252414,0,0,5,1
5,8,1.039518e6,-1.1291035659835142,-0.8619484131774695,TIME_LIMIT,252442,0,0,8,14
5,8,1.039571e6,-1.1290961942041529,-0.8619484131774695,TIME_LIMIT,252462,0,0,12,3
5,8,1.039657e6,-1.1290961942041529,-0.8619484131774695,TIME_LIMIT,252486,0,0,10,6
5,8,1.039795e6,-1.1290948563381324,-0.8619484131774695,TIME_LIMIT,252511,0,0,11,12
5,8,1.039868e6,-1.1290948563381324,-0.8619484131774695,TIME_LIMIT,252528,0,0,9,4
5,8,1.039936e6,-1.129089474715066,-0.8619484131774695,TIME_LIMIT,252548,0,0,8,0
5,8,1.040111e6,-1.129089474715066,-0.8619484131774695,TIME_LIMIT,252573,0,0,19,8
5,8,1.04018e6,-1.1290875007635823,-0.8619484131774695,TIME_LIMIT,252593,0,0,8,3
5,8,1.040282e6,-1.1290875007635823,-0.8619484131774695,TIME_LIMIT,252610,0,0,11,8
5,8,1.040316e6,-1.1290426919476761,-0.8619484131774695,TIME_LIMIT,252635,0,0,10,7
5,8,1.040462e6,-1.1290426919476761,-0.8619484131774695,TIME_LIMIT,252661,0,0,9,9
5,8,1.040625e6,-1.129037756966806,-0.8619484131774695,TIME_LIMIT,252692,0,0,3,9
5,8,1.040721e6,-1.129037756966806,-0.8619484131774695,TIME_LIMIT,252716,0,0,6,9
5,8,1.040813e6,-1.1290289693055975,-0.8619484131774695,TIME_LIMIT,252736,0,0,13,10
5,8,1.040895e6,-1.1290289693055975,-0.8619484131774695,TIME_LIMIT,252758,0,0,9,13
5,8,1.041036e6,-1.1290287128606262,-0.8619484131774695,TIME_LIMIT,252793,0,0,17,10
5,8,1.041255e6,-1.1290287128606262,-0.8619484131774695,TIME_LIMIT,252817,0,0,16,12
5,8,1.041475e6,-1.1290068063085874,-0.8619484131774695,TIME_LIMIT,252858,0,0,21,13
5,8,1.041546e6,-1.1290068063085874,-0.8619484131774695,TIME_LIMIT,252879,0,0,14,14
5,8,1.041672e6,-1.1289886961296434,-0.8619484131774695,TIME_LIMIT,252908,0,0,7,4
5,8,1.041772e6,-1.1289886961296434,-0.8619484131774695,TIME_LIMIT,252931,0,0,10,19
5,8,1.041856e6,-1.1289800197654243,-0.8619484131774695,TIME_LIMIT,252952,0,0,8,4
5,8,1.04206e6,-1.1289800197654243,-0.8619484131774695,TIME_LIMIT,252988,0,0,21,13
5,8,1.042271e6,-1.1289764386463002,-0.8619484131774695,TIME_LIMIT,253033,0,0,11,7
5,8,1.042521e6,-1.1289764386463002,-0.8619484131774695,TIME_LIMIT,253064,0,0,17,25
5,8,1.042566e6,-1.128957006016363,-0.8619484131774695,TIME_LIMIT,253086,0,0,9,6
5,8,1.042641e6,-1.128957006016363,-0.8619484131774695,TIME_LIMIT,253107,0,0,17,10
5,8,1.042794e6,-1.1289515007082005,-0.8619484131774695,TIME_LIMIT,253141,0,0,15,8
5,8,1.042873e6,-1.1289515007082005,-0.8619484131774695,TIME_LIMIT,253160,0,0,15,9
5,8,1.042966e6,-1.1289413711968,-0.8619484131774695,TIME_LIMIT,253189,0,0,7,10
5,8,1.043052e6,-1.1289413711968,-0.8619484131774695,TIME_LIMIT,253211,0,0,14,9
5,8,1.043138e6,-1.1289313650334618,-0.8619484131774695,TIME_LIMIT,253233,0,0,7,5
5,8,1.043227e6,-1.1289313650334618,-0.8619484131774695,TIME_LIMIT,253258,0,0,17,11
5,8,1.04334e6,-1.1289263327424601,-0.8619484131774695,TIME_LIMIT,253294,0,0,13,14
5,8,1.043498e6,-1.1289263327424601,-0.8619484131774695,TIME_LIMIT,253317,0,0,9,10
5,8,1.043657e6,-1.1289237434982615,-0.8619484131774695,TIME_LIMIT,253348,0,0,11,5
5,8,1.043742e6,-1.1289237434982615,-0.8619484131774695,TIME_LIMIT,253369,0,0,10,8
5,8,1.043824e6,-1.1289231046929855,-0.8619484131774695,TIME_LIMIT,253399,0,0,12,3
5,8,1.044063e6,-1.1289231046929855,-0.8619484131774695,TIME_LIMIT,253428,0,0,13,21
5,8,1.044311e6,-1.1289212936560444,-0.8619484131774695,TIME_LIMIT,253459,0,0,16,13
5,8,1.044503e6,-1.1289212936560444,-0.8619484131774695,TIME_LIMIT,253491,0,0,10,12
5,8,1.0446e6,-1.1289181782902107,-0.8619484131774695,TIME_LIMIT,253514,0,0,11,9
5,8,1.044707e6,-1.1289181782902107,-0.8619484131774695,TIME_LIMIT,253534,0,0,20,27
5,8,1.044829e6,-1.1289106001262672,-0.8619484131774695,TIME_LIMIT,253566,0,0,12,8
5,8,1.044909e6,-1.1289106001262672,-0.8619484131774695,TIME_LIMIT,253586,0,0,15,19
5,8,1.045031e6,-1.128901851340911,-0.8619484131774695,TIME_LIMIT,253611,0,0,10,5
5,8,1.045107e6,-1.128901851340911,-0.8619484131774695,TIME_LIMIT,253629,0,0,12,6
5,8,1.045348e6,-1.1289008952481245,-0.8619484131774695,TIME_LIMIT,253664,0,0,12,10
5,8,1.045559e6,-1.1289008952481245,-0.8619484131774695,TIME_LIMIT,253691,0,0,11,12
5,8,1.045711e6,-1.1288820474733514,-0.8619484131774695,TIME_LIMIT,253716,0,0,9,9
5,8,1.045877e6,-1.1288820474733514,-0.8619484131774695,TIME_LIMIT,253748,0,0,21,27
5,8,1.046076e6,-1.1288785337519853,-0.8619484131774695,TIME_LIMIT,253781,0,0,9,7
5,8,1.046276e6,-1.1288785337519853,-0.8619484131774695,TIME_LIMIT,253805,0,0,6,12
5,8,1.046356e6,-1.128869587509847,-0.8619484131774695,TIME_LIMIT,253828,0,0,6,6
5,8,1.046458e6,-1.128869587509847,-0.8619484131774695,TIME_LIMIT,253854,0,0,16,6
5,8,1.04651e6,-1.1288571100554514,-0.8619484131774695,TIME_LIMIT,253868,0,0,11,6
5,8,1.046617e6,-1.1288571100554514,-0.8619484131774695,TIME_LIMIT,253893,0,0,14,9
5,8,1.046822e6,-1.1288463593448252,-0.8619484131774695,TIME_LIMIT,253931,0,0,13,12
5,8,1.046987e6,-1.1288463593448252,-0.8619484131774695,TIME_LIMIT,253962,0,0,13,13
5,8,1.04711e6,-1.1288416244884634,-0.8619484131774695,TIME_LIMIT,253987,0,0,9,4
5,8,1.047358e6,-1.1288416244884634,-0.8619484131774695,TIME_LIMIT,254018,0,0,24,17
5,8,1.047566e6,-1.1288399659764508,-0.8619484131774695,TIME_LIMIT,254054,0,0,15,17
5,8,1.047819e6,-1.1288399659764508,-0.8619484131774695,TIME_LIMIT,254085,0,0,16,29
5,8,1.04807e6,-1.1288365309391226,-0.8619484131774695,TIME_LIMIT,254115,0,0,15,16
5,8,1.048303e6,-1.1288365309391226,-0.8619484131774695,TIME_LIMIT,254143,0,0,13,17
5,8,1.048364e6,-1.1288345815554528,-0.8619484131774695,TIME_LIMIT,254169,0,0,7,4
5,8,1.0485e6,-1.1288345815554528,-0.8619484131774695,TIME_LIMIT,254195,0,0,22,17
5,8,1.048703e6,-1.1288150668887746,-0.8619484131774695,TIME_LIMIT,254237,0,0,15,17
5,8,1.048915e6,-1.1288150668887746,-0.8619484131774695,TIME_LIMIT,254264,0,0,10,6
5,8,1.049053e6,-1.1288010869119347,-0.8619484131774695,TIME_LIMIT,254297,0,0,14,6
5,8,1.049129e6,-1.1288010869119347,-0.8619484131774695,TIME_LIMIT,254320,0,0,11,9
5,8,1.049167e6,-1.1287970893700652,-0.8619484131774695,TIME_LIMIT,254345,0,0,7,6
5,8,1.049219e6,-1.1287970893700652,-0.8619484131774695,TIME_LIMIT,254366,0,0,12,4
5,8,1.049322e6,-1.1287929571375603,-0.8619484131774695,TIME_LIMIT,254393,0,0,13,16
5,8,1.04938e6,-1.1287929571375603,-0.8619484131774695,TIME_LIMIT,254416,0,0,13,7
5,8,1.049529e6,-1.1287878957963016,-0.8619484131774695,TIME_LIMIT,254452,0,0,11,15
5,8,1.049637e6,-1.1287878957963016,-0.8619484131774695,TIME_LIMIT,254472,0,0,15,7
5,8,1.049726e6,-1.1287826181791718,-0.8619484131774695,TIME_LIMIT,254498,0,0,3,4
5,8,1.049938e6,-1.1287826181791718,-0.8619484131774695,TIME_LIMIT,254529,0,0,18,26
5,8,1.050081e6,-1.1287806587464515,-0.8619484131774695,TIME_LIMIT,254564,0,0,17,12
5,8,1.050211e6,-1.1287806587464515,-0.8619484131774695,TIME_LIMIT,254592,0,0,20,4
5,8,1.05034e6,-1.1287629924222335,-0.8619484131774695,TIME_LIMIT,254616,0,0,9,0
5,8,1.050451e6,-1.1287629924222335,-0.8619484131774695,TIME_LIMIT,254627,0,0,6,4
5,8,1.050532e6,-1.1287625030770403,-0.8619484131774695,TIME_LIMIT,254650,0,0,6,6
5,8,1.050571e6,-1.1287625030770403,-0.8619484131774695,TIME_LIMIT,254663,0,0,9,13
5,8,1.050641e6,-1.1287613681644255,-0.8619484131774695,TIME_LIMIT,254685,0,0,10,3
5,8,1.050714e6,-1.1287613681644255,-0.8619484131774695,TIME_LIMIT,254707,0,0,12,16
5,8,1.050876e6,-1.128747655607113,-0.8619484131774695,TIME_LIMIT,254729,0,0,16,5
5,8,1.050974e6,-1.128747655607113,-0.8619484131774695,TIME_LIMIT,254748,0,0,9,9
5,8,1.051059e6,-1.1287458916909063,-0.8619484131774695,TIME_LIMIT,254774,0,0,15,8
5,8,1.051242e6,-1.1287458916909063,-0.8619484131774695,TIME_LIMIT,254801,0,0,21,25
5,8,1.051466e6,-1.1287336374769519,-0.8619484131774695,TIME_LIMIT,254839,0,0,23,16
5,8,1.051587e6,-1.1287336374769519,-0.8619484131774695,TIME_LIMIT,254863,0,0,19,18
5,8,1.051754e6,-1.1287266741077016,-0.8619484131774695,TIME_LIMIT,254902,0,0,15,3
5,8,1.051828e6,-1.1287266741077016,-0.8619484131774695,TIME_LIMIT,254921,0,0,4,12
5,8,1.051884e6,-1.1287258072507822,-0.8619484131774695,TIME_LIMIT,254941,0,0,12,1
5,8,1.051956e6,-1.1287258072507822,-0.8619484131774695,TIME_LIMIT,254961,0,0,9,8
5,8,1.052009e6,-1.1287161429755788,-0.8619484131774695,TIME_LIMIT,254977,0,0,6,3
5,8,1.052052e6,-1.1287161429755788,-0.8619484131774695,TIME_LIMIT,254991,0,0,7,3
5,8,1.052063e6,-1.1287132876000339,-0.8619484131774695,TIME_LIMIT,254999,0,0,2,0
5,8,1.052132e6,-1.1287132876000339,-0.8619484131774695,TIME_LIMIT,255022,0,0,18,14
5,8,1.052297e6,-1.1287126505316107,-0.8619484131774695,TIME_LIMIT,255044,0,0,9,2
5,8,1.052506e6,-1.1287126505316107,-0.8619484131774695,TIME_LIMIT,255072,0,0,20,37
5,8,1.052752e6,-1.128688602633581,-0.8619484131774695,TIME_LIMIT,255106,0,0,9,16
5,8,1.052838e6,-1.128688602633581,-0.8619484131774695,TIME_LIMIT,255138,0,0,24,16
5,8,1.052952e6,-1.1286872585038563,-0.8619484131774695,TIME_LIMIT,255162,0,0,6,6
5,8,1.053129e6,-1.1286872585038563,-0.8619484131774695,TIME_LIMIT,255190,0,0,12,9
5,8,1.053226e6,-1.1286782723007907,-0.8619484131774695,TIME_LIMIT,255222,0,0,9,6
5,8,1.05337e6,-1.1286782723007907,-0.8619484131774695,TIME_LIMIT,255247,0,0,12,17
5,8,1.053617e6,-1.128675900997488,-0.8619484131774695,TIME_LIMIT,255284,0,0,7,9
5,8,1.053644e6,-1.128675900997488,-0.8619484131774695,TIME_LIMIT,255302,0,0,10,10
5,8,1.05377e6,-1.1286692941967373,-0.8619484131774695,TIME_LIMIT,255322,0,0,4,6
5,8,1.053983e6,-1.1286692941967373,-0.8619484131774695,TIME_LIMIT,255353,0,0,18,20
5,8,1.0541e6,-1.1286692385927026,-0.8619484131774695,TIME_LIMIT,255378,0,0,13,12
5,8,1.05422e6,-1.1286692385927026,-0.8619484131774695,TIME_LIMIT,255401,0,0,17,14
5,8,1.054437e6,-1.1286687944669511,-0.8619484131774695,TIME_LIMIT,255435,0,0,7,5
5,8,1.054649e6,-1.1286687944669511,-0.8619484131774695,TIME_LIMIT,255455,0,0,21,21
5,8,1.054792e6,-1.1286672861368632,-0.8619484131774695,TIME_LIMIT,255491,0,0,9,4
5,8,1.055041e6,-1.1286672861368632,-0.8619484131774695,TIME_LIMIT,255520,0,0,7,28
5,8,1.055216e6,-1.1286621934936325,-0.8619484131774695,TIME_LIMIT,255553,0,0,18,5
5,8,1.055392e6,-1.1286621934936325,-0.8619484131774695,TIME_LIMIT,255582,0,0,12,7
5,8,1.055517e6,-1.1286573915989861,-0.8619484131774695,TIME_LIMIT,255615,0,0,10,12
5,8,1.055659e6,-1.1286573915989861,-0.8619484131774695,TIME_LIMIT,255639,0,0,8,10
5,8,1.055722e6,-1.1286457269637067,-0.8619484131774695,TIME_LIMIT,255659,0,0,12,6
5,8,1.055753e6,-1.1286457269637067,-0.8619484131774695,TIME_LIMIT,255678,0,0,6,9
5,8,1.055788e6,-1.1286405141082683,-0.8619484131774695,TIME_LIMIT,255692,0,0,8,5
5,8,1.055861e6,-1.1286405141082683,-0.8619484131774695,TIME_LIMIT,255710,0,0,6,4
5,8,1.055914e6,-1.1286401238926862,-0.8619484131774695,TIME_LIMIT,255725,0,0,2,2
5,8,1.056007e6,-1.1286401238926862,-0.8619484131774695,TIME_LIMIT,255750,0,0,20,17
5,8,1.056111e6,-1.1286168272435062,-0.8619484131774695,TIME_LIMIT,255786,0,0,13,14
5,8,1.056263e6,-1.1286168272435062,-0.8619484131774695,TIME_LIMIT,255809,0,0,10,24
5,8,1.056522e6,-1.1285924730033399,-0.8619484131774695,TIME_LIMIT,255849,0,0,12,13
5,8,1.056563e6,-1.1285924730033399,-0.8619484131774695,TIME_LIMIT,255866,0,0,10,5
5,8,1.056585e6,-1.128590755882316,-0.8619484131774695,TIME_LIMIT,255883,0,0,7,1
5,8,1.056807e6,-1.128590755882316,-0.8619484131774695,TIME_LIMIT,255904,0,0,16,5
5,8,1.056891e6,-1.1285906644417087,-0.8619484131774695,TIME_LIMIT,255928,0,0,13,9
5,8,1.057061e6,-1.1285906644417087,-0.8619484131774695,TIME_LIMIT,255957,0,0,18,18
5,8,1.057086e6,-1.1285808369323402,-0.8619484131774695,TIME_LIMIT,255977,0,0,7,7
5,8,1.057272e6,-1.1285808369323402,-0.8619484131774695,TIME_LIMIT,256011,0,0,12,15
5,8,1.057371e6,-1.1285704592173815,-0.8619484131774695,TIME_LIMIT,256036,0,0,9,10
5,8,1.057576e6,-1.1285704592173815,-0.8619484131774695,TIME_LIMIT,256060,0,0,16,18
5,8,1.057748e6,-1.1285688446194762,-0.8619484131774695,TIME_LIMIT,256099,0,0,13,10
5,8,1.057918e6,-1.1285688446194762,-0.8619484131774695,TIME_LIMIT,256127,0,0,15,22
5,8,1.058086e6,-1.1285653675721148,-0.8619484131774695,TIME_LIMIT,256153,0,0,12,4
5,8,1.058172e6,-1.1285653675721148,-0.8619484131774695,TIME_LIMIT,256181,0,0,11,14
5,8,1.058427e6,-1.1285522273919621,-0.8619484131774695,TIME_LIMIT,256215,0,0,12,16
5,8,1.058697e6,-1.1285522273919621,-0.8619484131774695,TIME_LIMIT,256245,0,0,19,30
5,8,1.0589e6,-1.128541854704597,-0.8619484131774695,TIME_LIMIT,256276,0,0,12,12
5,8,1.059041e6,-1.128541854704597,-0.8619484131774695,TIME_LIMIT,256305,0,0,19,7
5,8,1.059161e6,-1.128541308057608,-0.8619484131774695,TIME_LIMIT,256330,0,0,10,10
5,8,1.059282e6,-1.128541308057608,-0.8619484131774695,TIME_LIMIT,256356,0,0,14,16
5,8,1.059338e6,-1.1285395474738478,-0.8619484131774695,TIME_LIMIT,256382,0,0,14,5
5,8,1.05948e6,-1.1285395474738478,-0.8619484131774695,TIME_LIMIT,256405,0,0,6,14
5,8,1.059636e6,-1.128526425144453,-0.8619484131774695,TIME_LIMIT,256443,0,0,3,8
5,8,1.059744e6,-1.128526425144453,-0.8619484131774695,TIME_LIMIT,256471,0,0,18,8
5,8,1.059928e6,-1.1285135924063325,-0.8619484131774695,TIME_LIMIT,256493,0,0,15,6
5,8,1.06017e6,-1.1285135924063325,-0.8619484131774695,TIME_LIMIT,256519,0,0,22,33
5,8,1.060288e6,-1.1285088926424134,-0.8619484131774695,TIME_LIMIT,256556,0,0,12,9
5,8,1.060466e6,-1.1285088926424134,-0.8619484131774695,TIME_LIMIT,256587,0,0,20,20
5,8,1.060701e6,-1.1285044181359556,-0.8619484131774695,TIME_LIMIT,256624,0,0,11,9
5,8,1.060882e6,-1.1285044181359556,-0.8619484131774695,TIME_LIMIT,256647,0,0,11,17
5,8,1.061089e6,-1.1284962516196577,-0.8619484131774695,TIME_LIMIT,256678,0,0,9,9
5,8,1.061159e6,-1.1284962516196577,-0.8619484131774695,TIME_LIMIT,256700,0,0,10,11
5,8,1.06121e6,-1.1284950796742395,-0.8619484131774695,TIME_LIMIT,256727,0,0,9,8
5,8,1.061444e6,-1.1284950796742395,-0.8619484131774695,TIME_LIMIT,256760,0,0,11,8
5,8,1.061517e6,-1.1284929214232235,-0.8619484131774695,TIME_LIMIT,256780,0,0,9,3
5,8,1.061727e6,-1.1284929214232235,-0.8619484131774695,TIME_LIMIT,256809,0,0,20,11
5,8,1.06195e6,-1.128487614993617,-0.8619484131774695,TIME_LIMIT,256833,0,0,17,14
5,8,1.062087e6,-1.128487614993617,-0.8619484131774695,TIME_LIMIT,256857,0,0,19,23
5,8,1.062238e6,-1.1284851648002077,-0.8619484131774695,TIME_LIMIT,256888,0,0,8,11
5,8,1.062292e6,-1.1284851648002077,-0.8619484131774695,TIME_LIMIT,256906,0,0,7,9
5,8,1.062347e6,-1.1284842928754766,-0.8619484131774695,TIME_LIMIT,256928,0,0,9,2
5,8,1.062484e6,-1.1284842928754766,-0.8619484131774695,TIME_LIMIT,256947,0,0,11,9
5,8,1.062573e6,-1.128481210334706,-0.8619484131774695,TIME_LIMIT,256979,0,0,9,7
5,8,1.062607e6,-1.128481210334706,-0.8619484131774695,TIME_LIMIT,257001,0,0,12,11
5,8,1.062678e6,-1.1284721397216924,-0.8619484131774695,TIME_LIMIT,257021,0,0,9,7
5,8,1.06273e6,-1.1284721397216924,-0.8619484131774695,TIME_LIMIT,257040,0,0,11,9
5,8,1.062877e6,-1.1284710408907004,-0.8619484131774695,TIME_LIMIT,257070,0,0,12,13
5,8,1.062956e6,-1.1284710408907004,-0.8619484131774695,TIME_LIMIT,257090,0,0,9,18
5,8,1.06301e6,-1.1284697989925623,-0.8619484131774695,TIME_LIMIT,257121,0,0,11,10
5,8,1.063201e6,-1.1284697989925623,-0.8619484131774695,TIME_LIMIT,257144,0,0,12,8
5,8,1.063389e6,-1.128459964535749,-0.8619484131774695,TIME_LIMIT,257173,0,0,10,7
5,8,1.063484e6,-1.128459964535749,-0.8619484131774695,TIME_LIMIT,257197,0,0,18,17
5,8,1.06358e6,-1.1284550788354575,-0.8619484131774695,TIME_LIMIT,257231,0,0,10,6
5,8,1.063685e6,-1.1284550788354575,-0.8619484131774695,TIME_LIMIT,257255,0,0,5,8
5,8,1.063756e6,-1.1284546161917852,-0.8619484131774695,TIME_LIMIT,257269,0,0,3,3
5,8,1.063858e6,-1.1284546161917852,-0.8619484131774695,TIME_LIMIT,257296,0,0,17,10
5,8,1.064e6,-1.128447321025407,-0.8619484131774695,TIME_LIMIT,257330,0,0,9,9
5,8,1.064113e6,-1.128447321025407,-0.8619484131774695,TIME_LIMIT,257352,0,0,15,14
5,8,1.064281e6,-1.1284434971439525,-0.8619484131774695,TIME_LIMIT,257382,0,0,14,12
5,8,1.064363e6,-1.1284434971439525,-0.8619484131774695,TIME_LIMIT,257402,0,0,12,9
5,8,1.064437e6,-1.1284401717800956,-0.8619484131774695,TIME_LIMIT,257428,0,0,11,4
5,8,1.064535e6,-1.1284401717800956,-0.8619484131774695,TIME_LIMIT,257455,0,0,21,35
5,8,1.064646e6,-1.1284390861157212,-0.8619484131774695,TIME_LIMIT,257485,0,0,5,6
5,8,1.064762e6,-1.1284390861157212,-0.8619484131774695,TIME_LIMIT,257508,0,0,8,13
5,8,1.064952e6,-1.1284375709437406,-0.8619484131774695,TIME_LIMIT,257533,0,0,5,6
5,8,1.065087e6,-1.1284375709437406,-0.8619484131774695,TIME_LIMIT,257558,0,0,13,16
5,8,1.065293e6,-1.1284333958521815,-0.8619484131774695,TIME_LIMIT,257593,0,0,9,9
5,8,1.065378e6,-1.1284333958521815,-0.8619484131774695,TIME_LIMIT,257615,0,0,12,11
5,8,1.065491e6,-1.1284302881513069,-0.8619484131774695,TIME_LIMIT,257634,0,0,11,5
5,8,1.065562e6,-1.1284302881513069,-0.8619484131774695,TIME_LIMIT,257654,0,0,6,6
5,8,1.065657e6,-1.128429021507777,-0.8619484131774695,TIME_LIMIT,257675,0,0,11,7
5,8,1.065727e6,-1.128429021507777,-0.8619484131774695,TIME_LIMIT,257696,0,0,17,7
5,8,1.065955e6,-1.1284192254275425,-0.8619484131774695,TIME_LIMIT,257732,0,0,10,12
5,8,1.066009e6,-1.1284192254275425,-0.8619484131774695,TIME_LIMIT,257755,0,0,5,10
5,8,1.066069e6,-1.128409865156564,-0.8619484131774695,TIME_LIMIT,257767,0,0,8,5
5,8,1.066271e6,-1.128409865156564,-0.8619484131774695,TIME_LIMIT,257792,0,0,21,6
5,8,1.066415e6,-1.1284073049179324,-0.8619484131774695,TIME_LIMIT,257813,0,0,13,13
5,8,1.066606e6,-1.1284073049179324,-0.8619484131774695,TIME_LIMIT,257839,0,0,12,12
5,8,1.066669e6,-1.1283862907087303,-0.8619484131774695,TIME_LIMIT,257859,0,0,9,5
5,8,1.06684e6,-1.1283862907087303,-0.8619484131774695,TIME_LIMIT,257883,0,0,15,13
5,8,1.066994e6,-1.1283837043871872,-0.8619484131774695,TIME_LIMIT,257916,0,0,11,6
5,8,1.067186e6,-1.1283837043871872,-0.8619484131774695,TIME_LIMIT,257940,0,0,13,15
5,8,1.067329e6,-1.1283818134841068,-0.8619484131774695,TIME_LIMIT,257965,0,0,6,4
5,8,1.067564e6,-1.1283818134841068,-0.8619484131774695,TIME_LIMIT,257986,0,0,14,11
5,8,1.067772e6,-1.1283757924400426,-0.8619484131774695,TIME_LIMIT,258020,0,0,19,7
5,8,1.067872e6,-1.1283757924400426,-0.8619484131774695,TIME_LIMIT,258047,0,0,15,12
5,8,1.067996e6,-1.1283631012936484,-0.8619484131774695,TIME_LIMIT,258067,0,0,10,6
5,8,1.068076e6,-1.1283631012936484,-0.8619484131774695,TIME_LIMIT,258085,0,0,13,17
5,8,1.068245e6,-1.1283608436733752,-0.8619484131774695,TIME_LIMIT,258119,0,0,12,9
5,8,1.068359e6,-1.1283608436733752,-0.8619484131774695,TIME_LIMIT,258140,0,0,7,5
5,8,1.068427e6,-1.1283570642990608,-0.8619484131774695,TIME_LIMIT,258155,0,0,8,7
5,8,1.068574e6,-1.1283570642990608,-0.8619484131774695,TIME_LIMIT,258177,0,0,23,10
5,8,1.068702e6,-1.128343042127447,-0.8619484131774695,TIME_LIMIT,258214,0,0,15,11
5,8,1.068785e6,-1.128343042127447,-0.8619484131774695,TIME_LIMIT,258240,0,0,10,12
5,8,1.069022e6,-1.128340553292663,-0.8619484131774695,TIME_LIMIT,258274,0,0,13,12
5,8,1.069162e6,-1.128340553292663,-0.8619484131774695,TIME_LIMIT,258298,0,0,16,11
5,8,1.069271e6,-1.1283373835757522,-0.8619484131774695,TIME_LIMIT,258325,0,0,5,5
5,8,1.069315e6,-1.1283373835757522,-0.8619484131774695,TIME_LIMIT,258349,0,0,14,12
5,8,1.069436e6,-1.1283252660681113,-0.8619484131774695,TIME_LIMIT,258369,0,0,14,8
5,8,1.069491e6,-1.1283252660681113,-0.8619484131774695,TIME_LIMIT,258391,0,0,7,11
5,8,1.069555e6,-1.1283147396106779,-0.8619484131774695,TIME_LIMIT,258409,0,0,7,4
5,8,1.069766e6,-1.1283147396106779,-0.8619484131774695,TIME_LIMIT,258439,0,0,22,12
5,8,1.069989e6,-1.1283101834063898,-0.8619484131774695,TIME_LIMIT,258465,0,0,19,10
5,8,1.070132e6,-1.1283101834063898,-0.8619484131774695,TIME_LIMIT,258491,0,0,8,10
5,8,1.070285e6,-1.1283089983438526,-0.8619484131774695,TIME_LIMIT,258507,0,0,10,5
5,8,1.070322e6,-1.1283089983438526,-0.8619484131774695,TIME_LIMIT,258529,0,0,11,8
5,8,1.070403e6,-1.1282936498878964,-0.8619484131774695,TIME_LIMIT,258552,0,0,5,7
5,8,1.070502e6,-1.1282936498878964,-0.8619484131774695,TIME_LIMIT,258571,0,0,7,8
5,8,1.070617e6,-1.1282855081004883,-0.8619484131774695,TIME_LIMIT,258607,0,0,14,9
5,8,1.070683e6,-1.1282855081004883,-0.8619484131774695,TIME_LIMIT,258629,0,0,13,16
5,8,1.070871e6,-1.1282741200548019,-0.8619484131774695,TIME_LIMIT,258666,0,0,4,11
5,8,1.070978e6,-1.1282741200548019,-0.8619484131774695,TIME_LIMIT,258687,0,0,10,9
5,8,1.071115e6,-1.1282720138941214,-0.8619484131774695,TIME_LIMIT,258718,0,0,15,8
5,8,1.071167e6,-1.1282720138941214,-0.8619484131774695,TIME_LIMIT,258741,0,0,17,8
5,8,1.071264e6,-1.1282710102033175,-0.8619484131774695,TIME_LIMIT,258770,0,0,10,5
5,8,1.071418e6,-1.1282710102033175,-0.8619484131774695,TIME_LIMIT,258801,0,0,23,17
5,8,1.071582e6,-1.1282681651185864,-0.8619484131774695,TIME_LIMIT,258826,0,0,14,15
5,8,1.071669e6,-1.1282681651185864,-0.8619484131774695,TIME_LIMIT,258852,0,0,18,9
5,8,1.071839e6,-1.1282672613543983,-0.8619484131774695,TIME_LIMIT,258874,0,0,12,9
5,8,1.071975e6,-1.1282672613543983,-0.8619484131774695,TIME_LIMIT,258898,0,0,15,11
5,8,1.072002e6,-1.12826673866097,-0.8619484131774695,TIME_LIMIT,258912,0,0,9,3
5,8,1.072153e6,-1.12826673866097,-0.8619484131774695,TIME_LIMIT,258936,0,0,10,13
5,8,1.072199e6,-1.12826181641769,-0.8619484131774695,TIME_LIMIT,258967,0,0,10,6
5,8,1.072261e6,-1.12826181641769,-0.8619484131774695,TIME_LIMIT,258989,0,0,11,2
5,8,1.072325e6,-1.1282574223463961,-0.8619484131774695,TIME_LIMIT,259008,0,0,10,1
5,8,1.072446e6,-1.1282574223463961,-0.8619484131774695,TIME_LIMIT,259036,0,0,18,18
5,8,1.072517e6,-1.128253656796519,-0.8619484131774695,TIME_LIMIT,259063,0,0,6,8
5,8,1.072614e6,-1.128253656796519,-0.8619484131774695,TIME_LIMIT,259091,0,0,8,11
5,8,1.072714e6,-1.1282197464926704,-0.8619484131774695,TIME_LIMIT,259118,0,0,12,4
5,8,1.072807e6,-1.1282197464926704,-0.8619484131774695,TIME_LIMIT,259143,0,0,13,15
5,8,1.072883e6,-1.128215958796472,-0.8619484131774695,TIME_LIMIT,259166,0,0,4,4
5,8,1.072994e6,-1.128215958796472,-0.8619484131774695,TIME_LIMIT,259190,0,0,10,6
5,8,1.07303e6,-1.1282033714528117,-0.8619484131774695,TIME_LIMIT,259210,0,0,4,4
5,8,1.073167e6,-1.1282033714528117,-0.8619484131774695,TIME_LIMIT,259234,0,0,15,29
5,8,1.073387e6,-1.1281845454970614,-0.8619484131774695,TIME_LIMIT,259264,0,0,10,8
5,8,1.073471e6,-1.1281845454970614,-0.8619484131774695,TIME_LIMIT,259288,0,0,14,9
5,8,1.073639e6,-1.1281735019015837,-0.8619484131774695,TIME_LIMIT,259327,0,0,10,7
5,8,1.073772e6,-1.1281735019015837,-0.8619484131774695,TIME_LIMIT,259351,0,0,7,11
5,8,1.073817e6,-1.12817093519871,-0.8619484131774695,TIME_LIMIT,259366,0,0,8,2
5,8,1.073943e6,-1.12817093519871,-0.8619484131774695,TIME_LIMIT,259392,0,0,12,12
5,8,1.073992e6,-1.128167839347125,-0.8619484131774695,TIME_LIMIT,259415,0,0,17,7
5,8,1.074076e6,-1.128167839347125,-0.8619484131774695,TIME_LIMIT,259435,0,0,7,11
5,8,1.074165e6,-1.1281674616694213,-0.8619484131774695,TIME_LIMIT,259460,0,0,15,10
5,8,1.074221e6,-1.1281674616694213,-0.8619484131774695,TIME_LIMIT,259477,0,0,12,6
5,8,1.074301e6,-1.1281638357819874,-0.8619484131774695,TIME_LIMIT,259497,0,0,6,6
5,8,1.074337e6,-1.1281638357819874,-0.8619484131774695,TIME_LIMIT,259507,0,0,8,7
5,8,1.074358e6,-1.1281464928848268,-0.8619484131774695,TIME_LIMIT,259524,0,0,7,1
5,8,1.074574e6,-1.1281464928848268,-0.8619484131774695,TIME_LIMIT,259551,0,0,16,18
5,8,1.074673e6,-1.128142158179557,-0.8619484131774695,TIME_LIMIT,259577,0,0,9,7
5,8,1.07477e6,-1.128142158179557,-0.8619484131774695,TIME_LIMIT,259601,0,0,15,24
5,8,1.074932e6,-1.128127115205491,-0.8619484131774695,TIME_LIMIT,259638,0,0,15,12
5,8,1.075016e6,-1.128127115205491,-0.8619484131774695,TIME_LIMIT,259660,0,0,7,16
5,8,1.075089e6,-1.128107611506974,-0.8619484131774695,TIME_LIMIT,259688,0,0,8,8
5,8,1.075121e6,-1.128107611506974,-0.8619484131774695,TIME_LIMIT,259707,0,0,19,16
5,8,1.075239e6,-1.1281035143382896,-0.8619484131774695,TIME_LIMIT,259732,0,0,9,4
5,8,1.07535e6,-1.1281035143382896,-0.8619484131774695,TIME_LIMIT,259754,0,0,10,12
5,8,1.075523e6,-1.128102752944156,-0.8619484131774695,TIME_LIMIT,259781,0,0,9,13
5,8,1.075657e6,-1.128102752944156,-0.8619484131774695,TIME_LIMIT,259804,0,0,15,15
5,8,1.075904e6,-1.128100145172203,-0.8619484131774695,TIME_LIMIT,259841,0,0,14,9
5,8,1.07605e6,-1.128100145172203,-0.8619484131774695,TIME_LIMIT,259869,0,0,16,8
5,8,1.076272e6,-1.1280929863400067,-0.8619484131774695,TIME_LIMIT,259902,0,0,15,11
5,8,1.076432e6,-1.1280929863400067,-0.8619484131774695,TIME_LIMIT,259926,0,0,18,16
5,8,1.076539e6,-1.128089893799691,-0.8619484131774695,TIME_LIMIT,259959,0,0,7,6
5,8,1.076629e6,-1.128089893799691,-0.8619484131774695,TIME_LIMIT,259984,0,0,19,23
5,8,1.076766e6,-1.1280848048186392,-0.8619484131774695,TIME_LIMIT,260025,0,0,16,16
5,8,1.07686e6,-1.1280848048186392,-0.8619484131774695,TIME_LIMIT,260049,0,0,26,17
5,8,1.076999e6,-1.128073890192435,-0.8619484131774695,TIME_LIMIT,260084,0,0,16,7
5,8,1.077173e6,-1.128073890192435,-0.8619484131774695,TIME_LIMIT,260114,0,0,23,12
5,8,1.07734e6,-1.1280723607680825,-0.8619484131774695,TIME_LIMIT,260142,0,0,15,15
5,8,1.077463e6,-1.1280723607680825,-0.8619484131774695,TIME_LIMIT,260167,0,0,15,9
5,8,1.077603e6,-1.1280691558126248,-0.8619484131774695,TIME_LIMIT,260186,0,0,10,7
5,8,1.077689e6,-1.1280691558126248,-0.8619484131774695,TIME_LIMIT,260207,0,0,7,8
5,8,1.077757e6,-1.1280665373536802,-0.8619484131774695,TIME_LIMIT,260222,0,0,8,1
5,8,1.077837e6,-1.1280665373536802,-0.8619484131774695,TIME_LIMIT,260245,0,0,11,14
5,8,1.077943e6,-1.128064729366788,-0.8619484131774695,TIME_LIMIT,260270,0,0,9,4
5,8,1.078139e6,-1.128064729366788,-0.8619484131774695,TIME_LIMIT,260298,0,0,18,25
5,8,1.078374e6,-1.1280557326647196,-0.8619484131774695,TIME_LIMIT,260333,0,0,6,9
5,8,1.078469e6,-1.1280557326647196,-0.8619484131774695,TIME_LIMIT,260354,0,0,10,6
5,8,1.078535e6,-1.1280536174399918,-0.8619484131774695,TIME_LIMIT,260371,0,0,7,13
5,8,1.07866e6,-1.1280536174399918,-0.8619484131774695,TIME_LIMIT,260390,0,0,8,19
5,8,1.078818e6,-1.1280492177885342,-0.8619484131774695,TIME_LIMIT,260420,0,0,12,6
5,8,1.078916e6,-1.1280492177885342,-0.8619484131774695,TIME_LIMIT,260443,0,0,11,9
5,8,1.079001e6,-1.1280479866119018,-0.8619484131774695,TIME_LIMIT,260469,0,0,11,4
5,8,1.079081e6,-1.1280479866119018,-0.8619484131774695,TIME_LIMIT,260492,0,0,12,7
5,8,1.079211e6,-1.1280381868925788,-0.8619484131774695,TIME_LIMIT,260518,0,0,5,8
5,8,1.079312e6,-1.1280381868925788,-0.8619484131774695,TIME_LIMIT,260543,0,0,15,15
5,8,1.079338e6,-1.1280361727241588,-0.8619484131774695,TIME_LIMIT,260556,0,0,11,7
5,8,1.079497e6,-1.1280361727241588,-0.8619484131774695,TIME_LIMIT,260578,0,0,7,11
5,8,1.079672e6,-1.1280179691109982,-0.8619484131774695,TIME_LIMIT,260614,0,0,13,7
5,8,1.079764e6,-1.1280179691109982,-0.8619484131774695,TIME_LIMIT,260638,0,0,13,8
5,8,1.079836e6,-1.1280025593449903,-0.8619484131774695,TIME_LIMIT,260659,0,0,9,7
5,8,1.080014e6,-1.1280025593449903,-0.8619484131774695,TIME_LIMIT,260687,0,0,18,21
5,8,1.080203e6,-1.1280020527876817,-0.8619484131774695,TIME_LIMIT,260727,0,0,7,15
5,8,1.080281e6,-1.1280020527876817,-0.8619484131774695,TIME_LIMIT,260750,0,0,8,10
5,8,1.08039e6,-1.128000953561888,-0.8619484131774695,TIME_LIMIT,260776,0,0,6,12
5,8,1.080466e6,-1.128000953561888,-0.8619484131774695,TIME_LIMIT,260795,0,0,10,5
5,8,1.080541e6,-1.1280009347144526,-0.8619484131774695,TIME_LIMIT,260814,0,0,12,3
5,8,1.080737e6,-1.1280009347144526,-0.8619484131774695,TIME_LIMIT,260851,0,0,12,19
5,8,1.080963e6,-1.127993280453908,-0.8619484131774695,TIME_LIMIT,260888,0,0,7,9
5,8,1.081008e6,-1.127993280453908,-0.8619484131774695,TIME_LIMIT,260908,0,0,14,8
5,8,1.081042e6,-1.1279771469286752,-0.8619484131774695,TIME_LIMIT,260931,0,0,8,4
5,8,1.081144e6,-1.1279771469286752,-0.8619484131774695,TIME_LIMIT,260959,0,0,10,16
5,8,1.081268e6,-1.1279706670390097,-0.8619484131774695,TIME_LIMIT,260988,0,0,10,4
5,8,1.081369e6,-1.1279706670390097,-0.8619484131774695,TIME_LIMIT,261004,0,0,9,9
5,8,1.081449e6,-1.1279647699482243,-0.8619484131774695,TIME_LIMIT,261034,0,0,14,8
5,8,1.081597e6,-1.1279647699482243,-0.8619484131774695,TIME_LIMIT,261060,0,0,19,19
5,8,1.081686e6,-1.127946123216656,-0.8619484131774695,TIME_LIMIT,261091,0,0,12,4
5,8,1.08175e6,-1.127946123216656,-0.8619484131774695,TIME_LIMIT,261108,0,0,14,13
5,8,1.081969e6,-1.127937340267819,-0.8619484131774695,TIME_LIMIT,261145,0,0,12,11
5,8,1.082067e6,-1.127937340267819,-0.8619484131774695,TIME_LIMIT,261172,0,0,19,15
5,8,1.082164e6,-1.1279101737389772,-0.8619484131774695,TIME_LIMIT,261204,0,0,16,6
5,8,1.082374e6,-1.1279101737389772,-0.8619484131774695,TIME_LIMIT,261230,0,0,19,25
5,8,1.082573e6,-1.127897937050774,-0.8619484131774695,TIME_LIMIT,261259,0,0,15,12
5,8,1.082712e6,-1.127897937050774,-0.8619484131774695,TIME_LIMIT,261278,0,0,13,31
5,8,1.082887e6,-1.1278907444213722,-0.8619484131774695,TIME_LIMIT,261311,0,0,14,3
5,8,1.083063e6,-1.1278907444213722,-0.8619484131774695,TIME_LIMIT,261333,0,0,16,12
5,8,1.083147e6,-1.1278664662991638,-0.8619484131774695,TIME_LIMIT,261354,0,0,3,2
5,8,1.083357e6,-1.1278664662991638,-0.8619484131774695,TIME_LIMIT,261384,0,0,20,15
5,8,1.083604e6,-1.1278505543674102,-0.8619484131774695,TIME_LIMIT,261408,0,0,17,11
5,8,1.083707e6,-1.1278505543674102,-0.8619484131774695,TIME_LIMIT,261434,0,0,12,8
5,8,1.083791e6,-1.1278503638421904,-0.8619484131774695,TIME_LIMIT,261456,0,0,11,4
5,8,1.084001e6,-1.1278503638421904,-0.8619484131774695,TIME_LIMIT,261478,0,0,15,10
5,8,1.084114e6,-1.1278460891880044,-0.8619484131774695,TIME_LIMIT,261514,0,0,16,6
5,8,1.0842e6,-1.1278460891880044,-0.8619484131774695,TIME_LIMIT,261532,0,0,7,9
5,8,1.08422e6,-1.1278447614558798,-0.8619484131774695,TIME_LIMIT,261549,0,0,5,4
5,8,1.084256e6,-1.1278447614558798,-0.8619484131774695,TIME_LIMIT,261566,0,0,13,8
5,8,1.084363e6,-1.127842005770348,-0.8619484131774695,TIME_LIMIT,261592,0,0,11,7
5,8,1.08448e6,-1.127842005770348,-0.8619484131774695,TIME_LIMIT,261621,0,0,13,14
5,8,1.084569e6,-1.1278319521340687,-0.8619484131774695,TIME_LIMIT,261648,0,0,9,6
5,8,1.084784e6,-1.1278319521340687,-0.8619484131774695,TIME_LIMIT,261679,0,0,9,18
5,8,1.085012e6,-1.127831241736601,-0.8619484131774695,TIME_LIMIT,261708,0,0,14,4
5,8,1.085211e6,-1.127831241736601,-0.8619484131774695,TIME_LIMIT,261741,0,0,16,21
5,8,1.085443e6,-1.1278274190567634,-0.8619484131774695,TIME_LIMIT,261776,0,0,12,15
5,8,1.0855e6,-1.1278274190567634,-0.8619484131774695,TIME_LIMIT,261795,0,0,14,12
5,8,1.085557e6,-1.1278268287830022,-0.8619484131774695,TIME_LIMIT,261817,0,0,13,3
5,8,1.085641e6,-1.1278268287830022,-0.8619484131774695,TIME_LIMIT,261839,0,0,11,8
5,8,1.085668e6,-1.1278251253516927,-0.8619484131774695,TIME_LIMIT,261858,0,0,7,4
5,8,1.085749e6,-1.1278251253516927,-0.8619484131774695,TIME_LIMIT,261883,0,0,10,7
5,8,1.085822e6,-1.1278213021318417,-0.8619484131774695,TIME_LIMIT,261907,0,0,9,3
5,8,1.085982e6,-1.1278213021318417,-0.8619484131774695,TIME_LIMIT,261936,0,0,18,27
5,8,1.086201e6,-1.127819150336319,-0.8619484131774695,TIME_LIMIT,261966,0,0,12,17
5,8,1.086336e6,-1.127819150336319,-0.8619484131774695,TIME_LIMIT,261994,0,0,16,15
5,8,1.086411e6,-1.1278058823324861,-0.8619484131774695,TIME_LIMIT,262018,0,0,17,5
5,8,1.086541e6,-1.1278058823324861,-0.8619484131774695,TIME_LIMIT,262040,0,0,13,20
5,8,1.086611e6,-1.1278035060850307,-0.8619484131774695,TIME_LIMIT,262063,0,0,14,2
5,8,1.086761e6,-1.1278035060850307,-0.8619484131774695,TIME_LIMIT,262090,0,0,20,17
5,8,1.086924e6,-1.127797620814957,-0.8619484131774695,TIME_LIMIT,262111,0,0,13,7
5,8,1.086999e6,-1.127797620814957,-0.8619484131774695,TIME_LIMIT,262136,0,0,12,16
5,8,1.087055e6,-1.1277947707829827,-0.8619484131774695,TIME_LIMIT,262159,0,0,4,7
5,8,1.087269e6,-1.1277947707829827,-0.8619484131774695,TIME_LIMIT,262186,0,0,19,17
5,8,1.087502e6,-1.1277944609001964,-0.8619484131774695,TIME_LIMIT,262213,0,0,16,15
5,8,1.087683e6,-1.1277944609001964,-0.8619484131774695,TIME_LIMIT,262239,0,0,15,11
5,8,1.087825e6,-1.127791137904469,-0.8619484131774695,TIME_LIMIT,262258,0,0,6,8
5,8,1.0879e6,-1.127791137904469,-0.8619484131774695,TIME_LIMIT,262278,0,0,10,14
5,8,1.088102e6,-1.1277738312187418,-0.8619484131774695,TIME_LIMIT,262318,0,0,17,14
5,8,1.088341e6,-1.1277738312187418,-0.8619484131774695,TIME_LIMIT,262341,0,0,9,17
5,8,1.088588e6,-1.1277552514824443,-0.8619484131774695,TIME_LIMIT,262382,0,0,15,16
5,8,1.088803e6,-1.1277552514824443,-0.8619484131774695,TIME_LIMIT,262409,0,0,17,18
5,8,1.08889e6,-1.1277528041857432,-0.8619484131774695,TIME_LIMIT,262433,0,0,6,2
5,8,1.089017e6,-1.1277528041857432,-0.8619484131774695,TIME_LIMIT,262461,0,0,12,5
5,8,1.08907e6,-1.1277365386042413,-0.8619484131774695,TIME_LIMIT,262485,0,0,17,3
5,8,1.089296e6,-1.1277365386042413,-0.8619484131774695,TIME_LIMIT,262514,0,0,9,10
5,8,1.089513e6,-1.1277355281022867,-0.8619484131774695,TIME_LIMIT,262544,0,0,16,12
5,8,1.089616e6,-1.1277355281022867,-0.8619484131774695,TIME_LIMIT,262568,0,0,13,10
5,8,1.089699e6,-1.1277329454773373,-0.8619484131774695,TIME_LIMIT,262593,0,0,13,6
5,8,1.089737e6,-1.1277329454773373,-0.8619484131774695,TIME_LIMIT,262612,0,0,9,5
5,8,1.089752e6,-1.1277112384319268,-0.8619484131774695,TIME_LIMIT,262625,0,0,7,2
5,8,1.089818e6,-1.1277112384319268,-0.8619484131774695,TIME_LIMIT,262651,0,0,14,5
5,8,1.089879e6,-1.1277104424402773,-0.8619484131774695,TIME_LIMIT,262671,0,0,9,10
5,8,1.089983e6,-1.1277104424402773,-0.8619484131774695,TIME_LIMIT,262702,0,0,18,5
5,8,1.090026e6,-1.1276890456921864,-0.8619484131774695,TIME_LIMIT,262722,0,0,12,9
5,8,1.090145e6,-1.1276890456921864,-0.8619484131774695,TIME_LIMIT,262751,0,0,14,11
5,8,1.090252e6,-1.1276612453896975,-0.8619484131774695,TIME_LIMIT,262777,0,0,18,2
5,8,1.090364e6,-1.1276612453896975,-0.8619484131774695,TIME_LIMIT,262801,0,0,10,15
5,8,1.09042e6,-1.1276365654062592,-0.8619484131774695,TIME_LIMIT,262824,0,0,2,5
5,8,1.090529e6,-1.1276365654062592,-0.8619484131774695,TIME_LIMIT,262849,0,0,9,10
5,8,1.090616e6,-1.1276317240374052,-0.8619484131774695,TIME_LIMIT,262871,0,0,7,14
5,8,1.09073e6,-1.1276317240374052,-0.8619484131774695,TIME_LIMIT,262898,0,0,13,6
5,8,1.090799e6,-1.1276300488766453,-0.8619484131774695,TIME_LIMIT,262924,0,0,13,4
5,8,1.090923e6,-1.1276300488766453,-0.8619484131774695,TIME_LIMIT,262945,0,0,13,12
5,8,1.091046e6,-1.1276187661058612,-0.8619484131774695,TIME_LIMIT,262981,0,0,14,8
5,8,1.091141e6,-1.1276187661058612,-0.8619484131774695,TIME_LIMIT,262998,0,0,14,20
5,8,1.091244e6,-1.1276172341574404,-0.8619484131774695,TIME_LIMIT,263029,0,0,10,7
5,8,1.09145e6,-1.1276172341574404,-0.8619484131774695,TIME_LIMIT,263050,0,0,20,21
5,8,1.091562e6,-1.1276091484084316,-0.8619484131774695,TIME_LIMIT,263076,0,0,12,5
5,8,1.091696e6,-1.1276091484084316,-0.8619484131774695,TIME_LIMIT,263100,0,0,9,37
5,8,1.091843e6,-1.127608113640576,-0.8619484131774695,TIME_LIMIT,263142,0,0,8,9
5,8,1.092089e6,-1.127608113640576,-0.8619484131774695,TIME_LIMIT,263172,0,0,15,14
5,8,1.092234e6,-1.1275957069278308,-0.8619484131774695,TIME_LIMIT,263202,0,0,18,12
5,8,1.092417e6,-1.1275957069278308,-0.8619484131774695,TIME_LIMIT,263225,0,0,13,18
5,8,1.092566e6,-1.1275908552439002,-0.8619484131774695,TIME_LIMIT,263254,0,0,10,6
5,8,1.092617e6,-1.1275908552439002,-0.8619484131774695,TIME_LIMIT,263271,0,0,18,12
5,8,1.092702e6,-1.1275834666798032,-0.8619484131774695,TIME_LIMIT,263294,0,0,10,2
5,8,1.092779e6,-1.1275834666798032,-0.8619484131774695,TIME_LIMIT,263311,0,0,10,16
5,8,1.092854e6,-1.127577617485339,-0.8619484131774695,TIME_LIMIT,263336,0,0,2,5
5,8,1.092899e6,-1.127577617485339,-0.8619484131774695,TIME_LIMIT,263350,0,0,10,7
5,8,1.092995e6,-1.12756346808891,-0.8619484131774695,TIME_LIMIT,263380,0,0,7,5
5,8,1.093142e6,-1.12756346808891,-0.8619484131774695,TIME_LIMIT,263406,0,0,15,7
5,8,1.093213e6,-1.1275616596379396,-0.8619484131774695,TIME_LIMIT,263428,0,0,7,14
5,8,1.093315e6,-1.1275616596379396,-0.8619484131774695,TIME_LIMIT,263452,0,0,16,21
5,8,1.093405e6,-1.1275555844385559,-0.8619484131774695,TIME_LIMIT,263477,0,0,10,8
5,8,1.093448e6,-1.1275555844385559,-0.8619484131774695,TIME_LIMIT,263500,0,0,9,5
5,8,1.093522e6,-1.127554037956434,-0.8619484131774695,TIME_LIMIT,263522,0,0,10,8
5,8,1.093667e6,-1.127554037956434,-0.8619484131774695,TIME_LIMIT,263549,0,0,23,18
5,8,1.093768e6,-1.1275402077915464,-0.8619484131774695,TIME_LIMIT,263584,0,0,10,11
5,8,1.093841e6,-1.1275402077915464,-0.8619484131774695,TIME_LIMIT,263609,0,0,18,16
5,8,1.093964e6,-1.1275387456643808,-0.8619484131774695,TIME_LIMIT,263641,0,0,14,12
5,8,1.094032e6,-1.1275387456643808,-0.8619484131774695,TIME_LIMIT,263665,0,0,4,6
5,8,1.094175e6,-1.1275305508174975,-0.8619484131774695,TIME_LIMIT,263691,0,0,11,3
5,8,1.094372e6,-1.1275305508174975,-0.8619484131774695,TIME_LIMIT,263716,0,0,21,26
5,8,1.094568e6,-1.1275287954937818,-0.8619484131774695,TIME_LIMIT,263746,0,0,14,9
5,8,1.094663e6,-1.1275287954937818,-0.8619484131774695,TIME_LIMIT,263774,0,0,5,11
5,8,1.094896e6,-1.127528200746971,-0.8619484131774695,TIME_LIMIT,263801,0,0,16,13
5,8,1.09505e6,-1.127528200746971,-0.8619484131774695,TIME_LIMIT,263828,0,0,10,11
5,8,1.095263e6,-1.1275251321984172,-0.8619484131774695,TIME_LIMIT,263861,0,0,10,7
5,8,1.095459e6,-1.1275251321984172,-0.8619484131774695,TIME_LIMIT,263885,0,0,8,11
5,8,1.095534e6,-1.127520844172389,-0.8619484131774695,TIME_LIMIT,263913,0,0,14,4
5,8,1.095593e6,-1.127520844172389,-0.8619484131774695,TIME_LIMIT,263933,0,0,11,6
5,8,1.095652e6,-1.1275199940768161,-0.8619484131774695,TIME_LIMIT,263948,0,0,11,8
5,8,1.095746e6,-1.1275199940768161,-0.8619484131774695,TIME_LIMIT,263967,0,0,18,15
5,8,1.095854e6,-1.1275155342907563,-0.8619484131774695,TIME_LIMIT,264003,0,0,16,7
5,8,1.095943e6,-1.1275155342907563,-0.8619484131774695,TIME_LIMIT,264025,0,0,5,5
5,8,1.096071e6,-1.1274961033235533,-0.8619484131774695,TIME_LIMIT,264049,0,0,9,4
5,8,1.096159e6,-1.1274961033235533,-0.8619484131774695,TIME_LIMIT,264073,0,0,14,13
5,8,1.096241e6,-1.127484638759337,-0.8619484131774695,TIME_LIMIT,264095,0,0,6,5
5,8,1.096326e6,-1.127484638759337,-0.8619484131774695,TIME_LIMIT,264110,0,0,11,11
5,8,1.096414e6,-1.1274803327042742,-0.8619484131774695,TIME_LIMIT,264144,0,0,14,9
5,8,1.096474e6,-1.1274803327042742,-0.8619484131774695,TIME_LIMIT,264169,0,0,13,8
5,8,1.096588e6,-1.127478937441114,-0.8619484131774695,TIME_LIMIT,264200,0,0,3,8
5,8,1.096621e6,-1.127478937441114,-0.8619484131774695,TIME_LIMIT,264216,0,0,14,15
5,8,1.096709e6,-1.1274531092119555,-0.8619484131774695,TIME_LIMIT,264240,0,0,12,6
5,8,1.096742e6,-1.1274531092119555,-0.8619484131774695,TIME_LIMIT,264257,0,0,8,4
5,8,1.096775e6,-1.1274306829061203,-0.8619484131774695,TIME_LIMIT,264272,0,0,9,3
5,8,1.0969e6,-1.1274306829061203,-0.8619484131774695,TIME_LIMIT,264296,0,0,8,8
5,8,1.096995e6,-1.1274267378514775,-0.8619484131774695,TIME_LIMIT,264320,0,0,12,5
5,8,1.097161e6,-1.1274267378514775,-0.8619484131774695,TIME_LIMIT,264350,0,0,12,7
5,8,1.097247e6,-1.12741588152944,-0.8619484131774695,TIME_LIMIT,264369,0,0,8,9
5,8,1.097353e6,-1.12741588152944,-0.8619484131774695,TIME_LIMIT,264396,0,0,13,9
5,8,1.097434e6,-1.1274153528198059,-0.8619484131774695,TIME_LIMIT,264421,0,0,10,6
5,8,1.097571e6,-1.1274153528198059,-0.8619484131774695,TIME_LIMIT,264442,0,0,18,18
5,8,1.097701e6,-1.1274080420251602,-0.8619484131774695,TIME_LIMIT,264476,0,0,8,7
5,8,1.097799e6,-1.1274080420251602,-0.8619484131774695,TIME_LIMIT,264496,0,0,17,24
5,8,1.097899e6,-1.127401463771887,-0.8619484131774695,TIME_LIMIT,264526,0,0,13,5
5,8,1.098063e6,-1.127401463771887,-0.8619484131774695,TIME_LIMIT,264555,0,0,22,11
5,8,1.098194e6,-1.1274013041313178,-0.8619484131774695,TIME_LIMIT,264581,0,0,9,15
5,8,1.0983e6,-1.1274013041313178,-0.8619484131774695,TIME_LIMIT,264609,0,0,17,11
5,8,1.098426e6,-1.1273842254684279,-0.8619484131774695,TIME_LIMIT,264635,0,0,12,10
5,8,1.098533e6,-1.1273842254684279,-0.8619484131774695,TIME_LIMIT,264662,0,0,12,10
5,8,1.098698e6,-1.1273789300273525,-0.8619484131774695,TIME_LIMIT,264686,0,0,20,9
5,8,1.098815e6,-1.1273789300273525,-0.8619484131774695,TIME_LIMIT,264712,0,0,16,10
5,8,1.098906e6,-1.1273763483438852,-0.8619484131774695,TIME_LIMIT,264734,0,0,18,6
5,8,1.098987e6,-1.1273763483438852,-0.8619484131774695,TIME_LIMIT,264756,0,0,6,7
5,8,1.099081e6,-1.1273744915480646,-0.8619484131774695,TIME_LIMIT,264777,0,0,12,3
5,8,1.099147e6,-1.1273744915480646,-0.8619484131774695,TIME_LIMIT,264794,0,0,8,8
5,8,1.099189e6,-1.127373665639054,-0.8619484131774695,TIME_LIMIT,264813,0,0,4,8
5,8,1.099292e6,-1.127373665639054,-0.8619484131774695,TIME_LIMIT,264837,0,0,19,16
5,8,1.099418e6,-1.1273629880869662,-0.8619484131774695,TIME_LIMIT,264867,0,0,11,9
5,8,1.099585e6,-1.1273629880869662,-0.8619484131774695,TIME_LIMIT,264896,0,0,16,23
5,8,1.099729e6,-1.1273439873035065,-0.8619484131774695,TIME_LIMIT,264921,0,0,14,6
5,8,1.099951e6,-1.1273439873035065,-0.8619484131774695,TIME_LIMIT,264949,0,0,15,17
5,8,1.100041e6,-1.1273404955896107,-0.8619484131774695,TIME_LIMIT,264964,0,0,12,12
5,8,1.100179e6,-1.1273404955896107,-0.8619484131774695,TIME_LIMIT,264983,0,0,12,15
5,8,1.100279e6,-1.1273401260972413,-0.8619484131774695,TIME_LIMIT,265004,0,0,11,4
5,8,1.100423e6,-1.1273401260972413,-0.8619484131774695,TIME_LIMIT,265026,0,0,9,9
5,8,1.100474e6,-1.1273363991282261,-0.8619484131774695,TIME_LIMIT,265045,0,0,9,6
5,8,1.100531e6,-1.1273363991282261,-0.8619484131774695,TIME_LIMIT,265067,0,0,12,3
5,8,1.100585e6,-1.1273341910024786,-0.8619484131774695,TIME_LIMIT,265079,0,0,2,7
5,8,1.100671e6,-1.1273341910024786,-0.8619484131774695,TIME_LIMIT,265100,0,0,12,17
5,8,1.100845e6,-1.1273235306960776,-0.8619484131774695,TIME_LIMIT,265135,0,0,14,8
5,8,1.100991e6,-1.1273235306960776,-0.8619484131774695,TIME_LIMIT,265159,0,0,13,4
5,8,1.101142e6,-1.1273229390813309,-0.8619484131774695,TIME_LIMIT,265189,0,0,10,8
5,8,1.101249e6,-1.1273229390813309,-0.8619484131774695,TIME_LIMIT,265208,0,0,15,12
5,8,1.101444e6,-1.1273157260463207,-0.8619484131774695,TIME_LIMIT,265243,0,0,12,8
5,8,1.101513e6,-1.1273157260463207,-0.8619484131774695,TIME_LIMIT,265263,0,0,14,8
5,8,1.101623e6,-1.1272669663388157,-0.8619484131774695,TIME_LIMIT,265287,0,0,17,6
5,8,1.101833e6,-1.1272669663388157,-0.8619484131774695,TIME_LIMIT,265315,0,0,10,7
5,8,1.10193e6,-1.127266002969022,-0.8619484131774695,TIME_LIMIT,265340,0,0,13,8
5,8,1.102046e6,-1.127266002969022,-0.8619484131774695,TIME_LIMIT,265366,0,0,9,8
5,8,1.102213e6,-1.1272644980588309,-0.8619484131774695,TIME_LIMIT,265395,0,0,16,16
5,8,1.102254e6,-1.1272644980588309,-0.8619484131774695,TIME_LIMIT,265416,0,0,11,1
5,8,1.10233e6,-1.1272505947881668,-0.8619484131774695,TIME_LIMIT,265439,0,0,7,6
5,8,1.10241e6,-1.1272505947881668,-0.8619484131774695,TIME_LIMIT,265459,0,0,9,14
5,8,1.102476e6,-1.1272410284896042,-0.8619484131774695,TIME_LIMIT,265484,0,0,10,2
5,8,1.102562e6,-1.1272410284896042,-0.8619484131774695,TIME_LIMIT,265505,0,0,15,2
5,8,1.102688e6,-1.1272399503092316,-0.8619484131774695,TIME_LIMIT,265523,0,0,4,5
5,8,1.102758e6,-1.1272399503092316,-0.8619484131774695,TIME_LIMIT,265540,0,0,13,11
5,8,1.102906e6,-1.1272347816584452,-0.8619484131774695,TIME_LIMIT,265563,0,0,11,4
5,8,1.103075e6,-1.1272347816584452,-0.8619484131774695,TIME_LIMIT,265588,0,0,10,19
5,8,1.103206e6,-1.127220731305756,-0.8619484131774695,TIME_LIMIT,265623,0,0,10,11
5,8,1.103403e6,-1.127220731305756,-0.8619484131774695,TIME_LIMIT,265644,0,0,15,26
5,8,1.103555e6,-1.1272144826839603,-0.8619484131774695,TIME_LIMIT,265674,0,0,7,4
5,8,1.103747e6,-1.1272144826839603,-0.8619484131774695,TIME_LIMIT,265704,0,0,17,10
5,8,1.103884e6,-1.1272143346773627,-0.8619484131774695,TIME_LIMIT,265731,0,0,11,4
5,8,1.103983e6,-1.1272143346773627,-0.8619484131774695,TIME_LIMIT,265755,0,0,6,6
5,8,1.104058e6,-1.127204598000871,-0.8619484131774695,TIME_LIMIT,265774,0,0,12,5
5,8,1.104082e6,-1.127204598000871,-0.8619484131774695,TIME_LIMIT,265789,0,0,11,5
5,8,1.104132e6,-1.1271939539503348,-0.8619484131774695,TIME_LIMIT,265814,0,0,6,8
5,8,1.104195e6,-1.1271939539503348,-0.8619484131774695,TIME_LIMIT,265828,0,0,10,5
5,8,1.104257e6,-1.1271806184625732,-0.8619484131774695,TIME_LIMIT,265847,0,0,6,3
5,8,1.104368e6,-1.1271806184625732,-0.8619484131774695,TIME_LIMIT,265866,0,0,8,16
5,8,1.104554e6,-1.1271579123599964,-0.8619484131774695,TIME_LIMIT,265900,0,0,10,9
5,8,1.104611e6,-1.1271579123599964,-0.8619484131774695,TIME_LIMIT,265918,0,0,11,14
5,8,1.10472e6,-1.1271475229332697,-0.8619484131774695,TIME_LIMIT,265943,0,0,11,6
5,8,1.10492e6,-1.1271475229332697,-0.8619484131774695,TIME_LIMIT,265976,0,0,7,17
5,8,1.105005e6,-1.1271469716476734,-0.8619484131774695,TIME_LIMIT,265997,0,0,9,2
5,8,1.105173e6,-1.1271469716476734,-0.8619484131774695,TIME_LIMIT,266027,0,0,15,18
5,8,1.105257e6,-1.1271413686404859,-0.8619484131774695,TIME_LIMIT,266058,0,0,7,4
5,8,1.105339e6,-1.1271413686404859,-0.8619484131774695,TIME_LIMIT,266075,0,0,13,8
5,8,1.10543e6,-1.1271405811856015,-0.8619484131774695,TIME_LIMIT,266106,0,0,11,9
5,8,1.10559e6,-1.1271405811856015,-0.8619484131774695,TIME_LIMIT,266132,0,0,8,7
5,8,1.105811e6,-1.1271365435772562,-0.8619484131774695,TIME_LIMIT,266168,0,0,17,10
5,8,1.105889e6,-1.1271365435772562,-0.8619484131774695,TIME_LIMIT,266195,0,0,18,8
5,8,1.106014e6,-1.127128217271167,-0.8619484131774695,TIME_LIMIT,266215,0,0,8,9
5,8,1.106244e6,-1.127128217271167,-0.8619484131774695,TIME_LIMIT,266243,0,0,15,18
5,8,1.106425e6,-1.127122699364976,-0.8619484131774695,TIME_LIMIT,266267,0,0,11,10
5,8,1.106558e6,-1.127122699364976,-0.8619484131774695,TIME_LIMIT,266287,0,0,6,5
5,8,1.106642e6,-1.1271181685871046,-0.8619484131774695,TIME_LIMIT,266310,0,0,6,7
5,8,1.106862e6,-1.1271181685871046,-0.8619484131774695,TIME_LIMIT,266343,0,0,21,21
5,8,1.106992e6,-1.1271123975017021,-0.8619484131774695,TIME_LIMIT,266368,0,0,13,13
5,8,1.107093e6,-1.1271123975017021,-0.8619484131774695,TIME_LIMIT,266395,0,0,16,7
5,8,1.10717e6,-1.127110427826119,-0.8619484131774695,TIME_LIMIT,266418,0,0,1,4
5,8,1.107229e6,-1.127110427826119,-0.8619484131774695,TIME_LIMIT,266444,0,0,11,5
5,8,1.107348e6,-1.1270988025107425,-0.8619484131774695,TIME_LIMIT,266465,0,0,4,12
5,8,1.107445e6,-1.1270988025107425,-0.8619484131774695,TIME_LIMIT,266490,0,0,12,24
5,8,1.107558e6,-1.127094193599465,-0.8619484131774695,TIME_LIMIT,266523,0,0,5,8
5,8,1.107661e6,-1.127094193599465,-0.8619484131774695,TIME_LIMIT,266544,0,0,13,28
5,8,1.107817e6,-1.1270739130992093,-0.8619484131774695,TIME_LIMIT,266571,0,0,6,16
5,8,1.108028e6,-1.1270739130992093,-0.8619484131774695,TIME_LIMIT,266600,0,0,13,15
5,8,1.108131e6,-1.127069920638501,-0.8619484131774695,TIME_LIMIT,266627,0,0,9,6
5,8,1.108325e6,-1.127069920638501,-0.8619484131774695,TIME_LIMIT,266657,0,0,19,10
5,8,1.108469e6,-1.127060103898028,-0.8619484131774695,TIME_LIMIT,266685,0,0,18,10
5,8,1.108528e6,-1.127060103898028,-0.8619484131774695,TIME_LIMIT,266706,0,0,14,17
5,8,1.108589e6,-1.1270512476729984,-0.8619484131774695,TIME_LIMIT,266736,0,0,11,8
5,8,1.108733e6,-1.1270512476729984,-0.8619484131774695,TIME_LIMIT,266761,0,0,8,18
5,8,1.108788e6,-1.1270414829490965,-0.8619484131774695,TIME_LIMIT,266777,0,0,6,3
5,8,1.108862e6,-1.1270414829490965,-0.8619484131774695,TIME_LIMIT,266801,0,0,17,10
5,8,1.108955e6,-1.1270364801701107,-0.8619484131774695,TIME_LIMIT,266822,0,0,12,7
5,8,1.109087e6,-1.1270364801701107,-0.8619484131774695,TIME_LIMIT,266851,0,0,16,12
5,8,1.109162e6,-1.1270089902686142,-0.8619484131774695,TIME_LIMIT,266872,0,0,10,10
5,8,1.10919e6,-1.1270089902686142,-0.8619484131774695,TIME_LIMIT,266888,0,0,6,3
5,8,1.10923e6,-1.1270009243301966,-0.8619484131774695,TIME_LIMIT,266900,0,0,7,4
5,8,1.109437e6,-1.1270009243301966,-0.8619484131774695,TIME_LIMIT,266936,0,0,12,10
5,8,1.109552e6,-1.1269976645419906,-0.8619484131774695,TIME_LIMIT,266956,0,0,12,12
5,8,1.109645e6,-1.1269976645419906,-0.8619484131774695,TIME_LIMIT,266977,0,0,10,3
5,8,1.109678e6,-1.1269927076195916,-0.8619484131774695,TIME_LIMIT,266992,0,0,7,4
5,8,1.10982e6,-1.1269927076195916,-0.8619484131774695,TIME_LIMIT,267013,0,0,20,21
5,8,1.109969e6,-1.1269917362727406,-0.8619484131774695,TIME_LIMIT,267048,0,0,13,16
5,8,1.110181e6,-1.1269917362727406,-0.8619484131774695,TIME_LIMIT,267070,0,0,16,12
5,8,1.110259e6,-1.1269857179169687,-0.8619484131774695,TIME_LIMIT,267094,0,0,8,4
5,8,1.110403e6,-1.1269857179169687,-0.8619484131774695,TIME_LIMIT,267117,0,0,12,18
5,8,1.110529e6,-1.1269737087630831,-0.8619484131774695,TIME_LIMIT,267149,0,0,10,12
5,8,1.110655e6,-1.1269737087630831,-0.8619484131774695,TIME_LIMIT,267168,0,0,10,12
5,8,1.110728e6,-1.1269691180837644,-0.8619484131774695,TIME_LIMIT,267189,0,0,6,2
5,8,1.110862e6,-1.1269691180837644,-0.8619484131774695,TIME_LIMIT,267217,0,0,12,18
5,8,1.11097e6,-1.1269427185095604,-0.8619484131774695,TIME_LIMIT,267247,0,0,10,12
5,8,1.111025e6,-1.1269427185095604,-0.8619484131774695,TIME_LIMIT,267267,0,0,14,4
5,8,1.11108e6,-1.1269419450083158,-0.8619484131774695,TIME_LIMIT,267283,0,0,8,2
5,8,1.111177e6,-1.1269419450083158,-0.8619484131774695,TIME_LIMIT,267309,0,0,14,5
5,8,1.111246e6,-1.1269407901522663,-0.8619484131774695,TIME_LIMIT,267338,0,0,6,5
5,8,1.11135e6,-1.1269407901522663,-0.8619484131774695,TIME_LIMIT,267366,0,0,10,8
5,8,1.111394e6,-1.126935320246064,-0.8619484131774695,TIME_LIMIT,267388,0,0,11,5
5,8,1.11151e6,-1.126935320246064,-0.8619484131774695,TIME_LIMIT,267406,0,0,12,14
5,8,1.111597e6,-1.126926329547159,-0.8619484131774695,TIME_LIMIT,267432,0,0,12,5
5,8,1.111792e6,-1.126926329547159,-0.8619484131774695,TIME_LIMIT,267465,0,0,17,14
5,8,1.111885e6,-1.126923109836492,-0.8619484131774695,TIME_LIMIT,267490,0,0,14,8
5,8,1.111964e6,-1.126923109836492,-0.8619484131774695,TIME_LIMIT,267511,0,0,16,11
5,8,1.112012e6,-1.1269095054271527,-0.8619484131774695,TIME_LIMIT,267543,0,0,7,7
5,8,1.112222e6,-1.1269095054271527,-0.8619484131774695,TIME_LIMIT,267566,0,0,11,13
5,8,1.112443e6,-1.1269004456317016,-0.8619484131774695,TIME_LIMIT,267603,0,0,22,9
5,8,1.11254e6,-1.1269004456317016,-0.8619484131774695,TIME_LIMIT,267622,0,0,8,5
5,8,1.112591e6,-1.1268924172837718,-0.8619484131774695,TIME_LIMIT,267642,0,0,12,4
5,8,1.112703e6,-1.1268924172837718,-0.8619484131774695,TIME_LIMIT,267662,0,0,11,8
5,8,1.112952e6,-1.1268674324354229,-0.8619484131774695,TIME_LIMIT,267698,0,0,7,10
5,8,1.113071e6,-1.1268674324354229,-0.8619484131774695,TIME_LIMIT,267727,0,0,25,24
5,8,1.113317e6,-1.1268634935982116,-0.8619484131774695,TIME_LIMIT,267763,0,0,14,14
5,8,1.113349e6,-1.1268634935982116,-0.8619484131774695,TIME_LIMIT,267782,0,0,5,8
5,8,1.113435e6,-1.1268497484944926,-0.8619484131774695,TIME_LIMIT,267799,0,0,4,6
5,8,1.113634e6,-1.1268497484944926,-0.8619484131774695,TIME_LIMIT,267823,0,0,14,21
5,8,1.113785e6,-1.1268489678505342,-0.8619484131774695,TIME_LIMIT,267853,0,0,6,5
5,8,1.113842e6,-1.1268489678505342,-0.8619484131774695,TIME_LIMIT,267869,0,0,13,6
5,8,1.113912e6,-1.1268417909784088,-0.8619484131774695,TIME_LIMIT,267894,0,0,11,6
5,8,1.114068e6,-1.1268417909784088,-0.8619484131774695,TIME_LIMIT,267924,0,0,10,15
5,8,1.114142e6,-1.1268327466779993,-0.8619484131774695,TIME_LIMIT,267942,0,0,14,10
5,8,1.11418e6,-1.1268327466779993,-0.8619484131774695,TIME_LIMIT,267965,0,0,17,8
5,8,1.114294e6,-1.1268244727565786,-0.8619484131774695,TIME_LIMIT,267991,0,0,3,10
5,8,1.114447e6,-1.1268244727565786,-0.8619484131774695,TIME_LIMIT,268023,0,0,12,14
5,8,1.114543e6,-1.126819481209105,-0.8619484131774695,TIME_LIMIT,268043,0,0,11,4
5,8,1.114669e6,-1.126819481209105,-0.8619484131774695,TIME_LIMIT,268079,0,0,25,15
5,8,1.11492e6,-1.126815718831427,-0.8619484131774695,TIME_LIMIT,268103,0,0,13,19
5,8,1.115081e6,-1.126815718831427,-0.8619484131774695,TIME_LIMIT,268123,0,0,11,12
5,8,1.115229e6,-1.1268110766346922,-0.8619484131774695,TIME_LIMIT,268161,0,0,9,8
5,8,1.11529e6,-1.1268110766346922,-0.8619484131774695,TIME_LIMIT,268182,0,0,13,14
5,8,1.115369e6,-1.1268059814424198,-0.8619484131774695,TIME_LIMIT,268205,0,0,5,6
5,8,1.115446e6,-1.1268059814424198,-0.8619484131774695,TIME_LIMIT,268228,0,0,10,16
5,8,1.115483e6,-1.1267945600684313,-0.8619484131774695,TIME_LIMIT,268248,0,0,6,8
5,8,1.115573e6,-1.1267945600684313,-0.8619484131774695,TIME_LIMIT,268275,0,0,20,21
5,8,1.1158e6,-1.1267902707052886,-0.8619484131774695,TIME_LIMIT,268313,0,0,15,14
5,8,1.115948e6,-1.1267902707052886,-0.8619484131774695,TIME_LIMIT,268344,0,0,22,13
5,8,1.115994e6,-1.1267870824908586,-0.8619484131774695,TIME_LIMIT,268369,0,0,17,13
5,8,1.116079e6,-1.1267870824908586,-0.8619484131774695,TIME_LIMIT,268396,0,0,18,12
5,8,1.116161e6,-1.1267822832804386,-0.8619484131774695,TIME_LIMIT,268417,0,0,11,1
5,8,1.116228e6,-1.1267822832804386,-0.8619484131774695,TIME_LIMIT,268443,0,0,18,7
5,8,1.116319e6,-1.1267572616175576,-0.8619484131774695,TIME_LIMIT,268466,0,0,10,2
5,8,1.116459e6,-1.1267572616175576,-0.8619484131774695,TIME_LIMIT,268490,0,0,16,7
5,8,1.116491e6,-1.126747363652457,-0.8619484131774695,TIME_LIMIT,268509,0,0,9,5
5,8,1.116717e6,-1.126747363652457,-0.8619484131774695,TIME_LIMIT,268545,0,0,16,18
5,8,1.116954e6,-1.1267466135626707,-0.8619484131774695,TIME_LIMIT,268574,0,0,22,16
5,8,1.117171e6,-1.1267466135626707,-0.8619484131774695,TIME_LIMIT,268598,0,0,18,20
5,8,1.117321e6,-1.1267119345029626,-0.8619484131774695,TIME_LIMIT,268635,0,0,8,9
5,8,1.117393e6,-1.1267119345029626,-0.8619484131774695,TIME_LIMIT,268651,0,0,5,8
5,8,1.11749e6,-1.126708630997099,-0.8619484131774695,TIME_LIMIT,268672,0,0,7,3
5,8,1.117688e6,-1.126708630997099,-0.8619484131774695,TIME_LIMIT,268702,0,0,18,11
5,8,1.117907e6,-1.126699486649176,-0.8619484131774695,TIME_LIMIT,268726,0,0,18,9
5,8,1.11807e6,-1.126699486649176,-0.8619484131774695,TIME_LIMIT,268750,0,0,15,17
5,8,1.118169e6,-1.1266961825626405,-0.8619484131774695,TIME_LIMIT,268781,0,0,9,8
5,8,1.118247e6,-1.1266961825626405,-0.8619484131774695,TIME_LIMIT,268803,0,0,10,6
5,8,1.118367e6,-1.1266827913278599,-0.8619484131774695,TIME_LIMIT,268829,0,0,5,5
5,8,1.118531e6,-1.1266827913278599,-0.8619484131774695,TIME_LIMIT,268856,0,0,20,16
5,8,1.118663e6,-1.126681952341094,-0.8619484131774695,TIME_LIMIT,268893,0,0,17,8
5,8,1.118688e6,-1.126681952341094,-0.8619484131774695,TIME_LIMIT,268910,0,0,7,7
5,8,1.118737e6,-1.126679742256386,-0.8619484131774695,TIME_LIMIT,268929,0,0,8,6
5,8,1.118975e6,-1.126679742256386,-0.8619484131774695,TIME_LIMIT,268961,0,0,22,22
5,8,1.11917e6,-1.1266783759737526,-0.8619484131774695,TIME_LIMIT,268990,0,0,8,9
5,8,1.119228e6,-1.1266783759737526,-0.8619484131774695,TIME_LIMIT,269009,0,0,10,9
5,8,1.11941e6,-1.126668830803336,-0.8619484131774695,TIME_LIMIT,269033,0,0,6,4
5,8,1.119602e6,-1.126668830803336,-0.8619484131774695,TIME_LIMIT,269065,0,0,12,17
5,8,1.119761e6,-1.126658618672837,-0.8619484131774695,TIME_LIMIT,269100,0,0,11,9
5,8,1.119877e6,-1.126658618672837,-0.8619484131774695,TIME_LIMIT,269129,0,0,16,15
5,8,1.119978e6,-1.1266524617634868,-0.8619484131774695,TIME_LIMIT,269162,0,0,18,6
5,8,1.120069e6,-1.1266524617634868,-0.8619484131774695,TIME_LIMIT,269188,0,0,13,18
5,8,1.12014e6,-1.1266487361674495,-0.8619484131774695,TIME_LIMIT,269211,0,0,9,7
5,8,1.12035e6,-1.1266487361674495,-0.8619484131774695,TIME_LIMIT,269240,0,0,17,13
5,8,1.120452e6,-1.126644316990875,-0.8619484131774695,TIME_LIMIT,269262,0,0,10,6
5,8,1.12056e6,-1.126644316990875,-0.8619484131774695,TIME_LIMIT,269283,0,0,18,22
5,8,1.120646e6,-1.1266425622530822,-0.8619484131774695,TIME_LIMIT,269321,0,0,9,8
5,8,1.120797e6,-1.1266425622530822,-0.8619484131774695,TIME_LIMIT,269342,0,0,17,7
5,8,1.12093e6,-1.126641667857395,-0.8619484131774695,TIME_LIMIT,269372,0,0,20,11
5,8,1.121094e6,-1.126641667857395,-0.8619484131774695,TIME_LIMIT,269401,0,0,13,9
5,8,1.121205e6,-1.1266411507028264,-0.8619484131774695,TIME_LIMIT,269430,0,0,6,8
5,8,1.1213e6,-1.1266411507028264,-0.8619484131774695,TIME_LIMIT,269459,0,0,15,6
5,8,1.121388e6,-1.1266288005341365,-0.8619484131774695,TIME_LIMIT,269476,0,0,5,4
5,8,1.121471e6,-1.1266288005341365,-0.8619484131774695,TIME_LIMIT,269498,0,0,13,4
5,8,1.121508e6,-1.1266173577870342,-0.8619484131774695,TIME_LIMIT,269520,0,0,6,3
5,8,1.121595e6,-1.1266173577870342,-0.8619484131774695,TIME_LIMIT,269543,0,0,11,5
5,8,1.121717e6,-1.1266144456698315,-0.8619484131774695,TIME_LIMIT,269565,0,0,10,8
5,8,1.121889e6,-1.1266144456698315,-0.8619484131774695,TIME_LIMIT,269602,0,0,30,14
5,8,1.12196e6,-1.1266108440351548,-0.8619484131774695,TIME_LIMIT,269623,0,0,14,16
5,8,1.122136e6,-1.1266108440351548,-0.8619484131774695,TIME_LIMIT,269652,0,0,21,20
5,8,1.122311e6,-1.1266077501202665,-0.8619484131774695,TIME_LIMIT,269688,0,0,9,7
5,8,1.122359e6,-1.1266077501202665,-0.8619484131774695,TIME_LIMIT,269712,0,0,18,19
5,8,1.122433e6,-1.126606599663904,-0.8619484131774695,TIME_LIMIT,269738,0,0,12,7
5,8,1.122566e6,-1.126606599663904,-0.8619484131774695,TIME_LIMIT,269763,0,0,13,11
5,8,1.122657e6,-1.1265963612932577,-0.8619484131774695,TIME_LIMIT,269788,0,0,10,7
5,8,1.122734e6,-1.1265963612932577,-0.8619484131774695,TIME_LIMIT,269816,0,0,12,9
5,8,1.122775e6,-1.1265938171146783,-0.8619484131774695,TIME_LIMIT,269825,0,0,2,3
5,8,1.122943e6,-1.1265938171146783,-0.8619484131774695,TIME_LIMIT,269851,0,0,16,27
5,8,1.123165e6,-1.126590571712712,-0.8619484131774695,TIME_LIMIT,269896,0,0,15,9
5,8,1.123267e6,-1.126590571712712,-0.8619484131774695,TIME_LIMIT,269919,0,0,17,16
5,8,1.123352e6,-1.1265822395615432,-0.8619484131774695,TIME_LIMIT,269944,0,0,8,2
5,8,1.123494e6,-1.1265822395615432,-0.8619484131774695,TIME_LIMIT,269965,0,0,7,11
5,8,1.123634e6,-1.126573468004866,-0.8619484131774695,TIME_LIMIT,269991,0,0,9,5
5,8,1.123673e6,-1.126573468004866,-0.8619484131774695,TIME_LIMIT,270016,0,0,10,2
5,8,1.123717e6,-1.1265712055065376,-0.8619484131774695,TIME_LIMIT,270029,0,0,6,7
5,8,1.12378e6,-1.1265712055065376,-0.8619484131774695,TIME_LIMIT,270050,0,0,19,8
5,8,1.123869e6,-1.1265500971755964,-0.8619484131774695,TIME_LIMIT,270075,0,0,5,5
5,8,1.123999e6,-1.1265500971755964,-0.8619484131774695,TIME_LIMIT,270096,0,0,11,7
5,8,1.124133e6,-1.1265409323427849,-0.8619484131774695,TIME_LIMIT,270121,0,0,9,10
5,8,1.124234e6,-1.1265409323427849,-0.8619484131774695,TIME_LIMIT,270145,0,0,20,25
5,8,1.124373e6,-1.1265319144907053,-0.8619484131774695,TIME_LIMIT,270179,0,0,13,19
5,8,1.124584e6,-1.1265319144907053,-0.8619484131774695,TIME_LIMIT,270213,0,0,15,12
5,8,1.124701e6,-1.126525504255541,-0.8619484131774695,TIME_LIMIT,270235,0,0,5,6
5,8,1.124863e6,-1.126525504255541,-0.8619484131774695,TIME_LIMIT,270263,0,0,18,21
5,8,1.124985e6,-1.1265246238020987,-0.8619484131774695,TIME_LIMIT,270286,0,0,17,8
5,8,1.125041e6,-1.1265246238020987,-0.8619484131774695,TIME_LIMIT,270305,0,0,9,8
5,8,1.125096e6,-1.126520576753792,-0.8619484131774695,TIME_LIMIT,270325,0,0,4,2
5,8,1.125142e6,-1.126520576753792,-0.8619484131774695,TIME_LIMIT,270343,0,0,10,4
5,8,1.125175e6,-1.1265152156776939,-0.8619484131774695,TIME_LIMIT,270358,0,0,2,4
5,8,1.125306e6,-1.1265152156776939,-0.8619484131774695,TIME_LIMIT,270383,0,0,11,10
5,8,1.125352e6,-1.1264927596447964,-0.8619484131774695,TIME_LIMIT,270406,0,0,11,6
5,8,1.125489e6,-1.1264927596447964,-0.8619484131774695,TIME_LIMIT,270437,0,0,18,14
5,8,1.125581e6,-1.1264920714690905,-0.8619484131774695,TIME_LIMIT,270458,0,0,14,5
5,8,1.125822e6,-1.1264920714690905,-0.8619484131774695,TIME_LIMIT,270479,0,0,14,8
5,8,1.126024e6,-1.1264916126972688,-0.8619484131774695,TIME_LIMIT,270512,0,0,15,16
5,8,1.126112e6,-1.1264916126972688,-0.8619484131774695,TIME_LIMIT,270531,0,0,8,19
5,8,1.126306e6,-1.1264900310944794,-0.8619484131774695,TIME_LIMIT,270568,0,0,11,13
5,8,1.126455e6,-1.1264900310944794,-0.8619484131774695,TIME_LIMIT,270594,0,0,15,13
5,8,1.126548e6,-1.126482164011023,-0.8619484131774695,TIME_LIMIT,270627,0,0,9,6
5,8,1.126753e6,-1.126482164011023,-0.8619484131774695,TIME_LIMIT,270659,0,0,19,8
5,8,1.126866e6,-1.1264795507256153,-0.8619484131774695,TIME_LIMIT,270680,0,0,17,17
5,8,1.126949e6,-1.1264795507256153,-0.8619484131774695,TIME_LIMIT,270703,0,0,20,27
5,8,1.127071e6,-1.1264723286731286,-0.8619484131774695,TIME_LIMIT,270735,0,0,8,10
5,8,1.127136e6,-1.1264723286731286,-0.8619484131774695,TIME_LIMIT,270762,0,0,18,6
5,8,1.127271e6,-1.126459699857038,-0.8619484131774695,TIME_LIMIT,270792,0,0,12,12
5,8,1.127481e6,-1.126459699857038,-0.8619484131774695,TIME_LIMIT,270820,0,0,15,15
5,8,1.127724e6,-1.126446253011158,-0.8619484131774695,TIME_LIMIT,270843,0,0,16,10
5,8,1.127896e6,-1.126446253011158,-0.8619484131774695,TIME_LIMIT,270862,0,0,19,19
5,8,1.128075e6,-1.1264092344239836,-0.8619484131774695,TIME_LIMIT,270899,0,0,19,5
5,8,1.128316e6,-1.1264092344239836,-0.8619484131774695,TIME_LIMIT,270922,0,0,14,11
5,8,1.128557e6,-1.1263964033967218,-0.8619484131774695,TIME_LIMIT,270959,0,0,15,7
5,8,1.12868e6,-1.1263964033967218,-0.8619484131774695,TIME_LIMIT,270984,0,0,8,7
5,8,1.128856e6,-1.1263820146327277,-0.8619484131774695,TIME_LIMIT,271016,0,0,13,3
5,8,1.128928e6,-1.1263820146327277,-0.8619484131774695,TIME_LIMIT,271038,0,0,14,10
5,8,1.129059e6,-1.126376033606841,-0.8619484131774695,TIME_LIMIT,271076,0,0,12,12
5,8,1.129143e6,-1.126376033606841,-0.8619484131774695,TIME_LIMIT,271097,0,0,10,8
5,8,1.129215e6,-1.1263687566508886,-0.8619484131774695,TIME_LIMIT,271120,0,0,11,8
5,8,1.129328e6,-1.1263687566508886,-0.8619484131774695,TIME_LIMIT,271143,0,0,11,4
5,8,1.129467e6,-1.1263491573703117,-0.8619484131774695,TIME_LIMIT,271170,0,0,13,10
5,8,1.129664e6,-1.1263491573703117,-0.8619484131774695,TIME_LIMIT,271199,0,0,8,8
5,8,1.129698e6,-1.1263276008145542,-0.8619484131774695,TIME_LIMIT,271222,0,0,10,6
5,8,1.129869e6,-1.1263276008145542,-0.8619484131774695,TIME_LIMIT,271250,0,0,15,22
5,8,1.130041e6,-1.1263157386069835,-0.8619484131774695,TIME_LIMIT,271286,0,0,9,10
5,8,1.130141e6,-1.1263157386069835,-0.8619484131774695,TIME_LIMIT,271302,0,0,10,18
5,8,1.130313e6,-1.1262994346661392,-0.8619484131774695,TIME_LIMIT,271338,0,0,19,9
5,8,1.130396e6,-1.1262994346661392,-0.8619484131774695,TIME_LIMIT,271363,0,0,8,7
5,8,1.130477e6,-1.1262946350416647,-0.8619484131774695,TIME_LIMIT,271389,0,0,14,5
5,8,1.130643e6,-1.1262946350416647,-0.8619484131774695,TIME_LIMIT,271408,0,0,10,8
5,8,1.130864e6,-1.1262902200705216,-0.8619484131774695,TIME_LIMIT,271437,0,0,8,4
5,8,1.13097e6,-1.1262902200705216,-0.8619484131774695,TIME_LIMIT,271462,0,0,18,12
5,8,1.131063e6,-1.1262563991918881,-0.8619484131774695,TIME_LIMIT,271483,0,0,6,5
5,8,1.131123e6,-1.1262563991918881,-0.8619484131774695,TIME_LIMIT,271498,0,0,6,7
5,8,1.13116e6,-1.1262551440907964,-0.8619484131774695,TIME_LIMIT,271516,0,0,6,4
5,8,1.13123e6,-1.1262551440907964,-0.8619484131774695,TIME_LIMIT,271533,0,0,17,15
5,8,1.131367e6,-1.1262466006845795,-0.8619484131774695,TIME_LIMIT,271567,0,0,13,7
5,8,1.131488e6,-1.1262466006845795,-0.8619484131774695,TIME_LIMIT,271588,0,0,11,8
5,8,1.131608e6,-1.12624611460103,-0.8619484131774695,TIME_LIMIT,271621,0,0,15,8
5,8,1.1317e6,-1.12624611460103,-0.8619484131774695,TIME_LIMIT,271646,0,0,19,11
5,8,1.131747e6,-1.1262404884012809,-0.8619484131774695,TIME_LIMIT,271666,0,0,16,8
5,8,1.131822e6,-1.1262404884012809,-0.8619484131774695,TIME_LIMIT,271684,0,0,7,10
5,8,1.131905e6,-1.1262378885081303,-0.8619484131774695,TIME_LIMIT,271703,0,0,5,1
5,8,1.131977e6,-1.1262378885081303,-0.8619484131774695,TIME_LIMIT,271726,0,0,8,9
5,8,1.132094e6,-1.1262377234075391,-0.8619484131774695,TIME_LIMIT,271746,0,0,12,11
5,8,1.132214e6,-1.1262377234075391,-0.8619484131774695,TIME_LIMIT,271773,0,0,7,12
5,8,1.132234e6,-1.1262156686627005,-0.8619484131774695,TIME_LIMIT,271782,0,0,7,0
5,8,1.132444e6,-1.1262156686627005,-0.8619484131774695,TIME_LIMIT,271810,0,0,10,12
5,8,1.132602e6,-1.126211113821602,-0.8619484131774695,TIME_LIMIT,271839,0,0,7,8
5,8,1.132701e6,-1.126211113821602,-0.8619484131774695,TIME_LIMIT,271872,0,0,18,16
5,8,1.132905e6,-1.1262040145348988,-0.8619484131774695,TIME_LIMIT,271898,0,0,14,21
5,8,1.133111e6,-1.1262040145348988,-0.8619484131774695,TIME_LIMIT,271921,0,0,13,23
5,8,1.133203e6,-1.1261956533560546,-0.8619484131774695,TIME_LIMIT,271950,0,0,15,7
5,8,1.133396e6,-1.1261956533560546,-0.8619484131774695,TIME_LIMIT,271976,0,0,16,7
5,8,1.133552e6,-1.1261939246344665,-0.8619484131774695,TIME_LIMIT,271999,0,0,10,5
5,8,1.133617e6,-1.1261939246344665,-0.8619484131774695,TIME_LIMIT,272016,0,0,6,5
5,8,1.133669e6,-1.1261893703310175,-0.8619484131774695,TIME_LIMIT,272030,0,0,12,4
5,8,1.133739e6,-1.1261893703310175,-0.8619484131774695,TIME_LIMIT,272054,0,0,11,11
5,8,1.133763e6,-1.1261884760219951,-0.8619484131774695,TIME_LIMIT,272067,0,0,5,2
5,8,1.133846e6,-1.1261884760219951,-0.8619484131774695,TIME_LIMIT,272086,0,0,6,13
5,8,1.133942e6,-1.1261871274643203,-0.8619484131774695,TIME_LIMIT,272115,0,0,6,7
5,8,1.134019e6,-1.1261871274643203,-0.8619484131774695,TIME_LIMIT,272140,0,0,15,6
5,8,1.134131e6,-1.126183597314434,-0.8619484131774695,TIME_LIMIT,272172,0,0,15,12
5,8,1.134173e6,-1.126183597314434,-0.8619484131774695,TIME_LIMIT,272189,0,0,19,14
5,8,1.134262e6,-1.1261790081918694,-0.8619484131774695,TIME_LIMIT,272221,0,0,7,6
5,8,1.134338e6,-1.1261790081918694,-0.8619484131774695,TIME_LIMIT,272246,0,0,6,5
5,8,1.134482e6,-1.1261701882534507,-0.8619484131774695,TIME_LIMIT,272274,0,0,13,9
5,8,1.134597e6,-1.1261701882534507,-0.8619484131774695,TIME_LIMIT,272303,0,0,18,13
5,8,1.134738e6,-1.1261614743551511,-0.8619484131774695,TIME_LIMIT,272324,0,0,10,9
5,8,1.134814e6,-1.1261614743551511,-0.8619484131774695,TIME_LIMIT,272341,0,0,16,8
5,8,1.134853e6,-1.1261301850087058,-0.8619484131774695,TIME_LIMIT,272358,0,0,3,2
5,8,1.134896e6,-1.1261301850087058,-0.8619484131774695,TIME_LIMIT,272377,0,0,17,22
5,8,1.135147e6,-1.1261171933252663,-0.8619484131774695,TIME_LIMIT,272408,0,0,11,14
5,8,1.13522e6,-1.1261171933252663,-0.8619484131774695,TIME_LIMIT,272427,0,0,17,19
5,8,1.135288e6,-1.1261054049525288,-0.8619484131774695,TIME_LIMIT,272455,0,0,12,9
5,8,1.135478e6,-1.1261054049525288,-0.8619484131774695,TIME_LIMIT,272483,0,0,10,20
5,8,1.135512e6,-1.1260785143279053,-0.8619484131774695,TIME_LIMIT,272498,0,0,7,4
5,8,1.135601e6,-1.1260785143279053,-0.8619484131774695,TIME_LIMIT,272520,0,0,16,31
5,8,1.135753e6,-1.126055000443804,-0.8619484131774695,TIME_LIMIT,272551,0,0,7,7
5,8,1.135843e6,-1.126055000443804,-0.8619484131774695,TIME_LIMIT,272573,0,0,9,5
5,8,1.135944e6,-1.126044978680694,-0.8619484131774695,TIME_LIMIT,272590,0,0,7,4
5,8,1.136103e6,-1.126044978680694,-0.8619484131774695,TIME_LIMIT,272621,0,0,12,24
5,8,1.136313e6,-1.1260389319190214,-0.8619484131774695,TIME_LIMIT,272665,0,0,17,15
5,8,1.136394e6,-1.1260389319190214,-0.8619484131774695,TIME_LIMIT,272684,0,0,7,18
5,8,1.136458e6,-1.1260340240267301,-0.8619484131774695,TIME_LIMIT,272714,0,0,7,7
5,8,1.136648e6,-1.1260340240267301,-0.8619484131774695,TIME_LIMIT,272739,0,0,14,9
5,8,1.136782e6,-1.1260319633842162,-0.8619484131774695,TIME_LIMIT,272760,0,0,6,20
5,8,1.136983e6,-1.1260319633842162,-0.8619484131774695,TIME_LIMIT,272786,0,0,12,11
5,8,1.137134e6,-1.1260173527352344,-0.8619484131774695,TIME_LIMIT,272814,0,0,4,5
5,8,1.13722e6,-1.1260173527352344,-0.8619484131774695,TIME_LIMIT,272840,0,0,11,4
5,8,1.13727e6,-1.1260122283239484,-0.8619484131774695,TIME_LIMIT,272859,0,0,12,5
5,8,1.137355e6,-1.1260122283239484,-0.8619484131774695,TIME_LIMIT,272882,0,0,3,8
5,8,1.137393e6,-1.126005857851982,-0.8619484131774695,TIME_LIMIT,272907,0,0,7,8
5,8,1.137461e6,-1.126005857851982,-0.8619484131774695,TIME_LIMIT,272927,0,0,13,8
5,8,1.137519e6,-1.1259874860448484,-0.8619484131774695,TIME_LIMIT,272945,0,0,7,8
5,8,1.137628e6,-1.1259874860448484,-0.8619484131774695,TIME_LIMIT,272968,0,0,12,17
5,8,1.137826e6,-1.1259465770371175,-0.8619484131774695,TIME_LIMIT,273013,0,0,12,7
5,8,1.137973e6,-1.1259465770371175,-0.8619484131774695,TIME_LIMIT,273047,0,0,22,19
5,8,1.138132e6,-1.1259444985381086,-0.8619484131774695,TIME_LIMIT,273079,0,0,9,7
5,8,1.138269e6,-1.1259444985381086,-0.8619484131774695,TIME_LIMIT,273104,0,0,13,9
5,8,1.138299e6,-1.1259415877067933,-0.8619484131774695,TIME_LIMIT,273116,0,0,5,4
5,8,1.138397e6,-1.1259415877067933,-0.8619484131774695,TIME_LIMIT,273142,0,0,8,11
5,8,1.138485e6,-1.1259284531324343,-0.8619484131774695,TIME_LIMIT,273175,0,0,10,8
5,8,1.138581e6,-1.1259284531324343,-0.8619484131774695,TIME_LIMIT,273203,0,0,17,15
5,8,1.138747e6,-1.1259280779537852,-0.8619484131774695,TIME_LIMIT,273241,0,0,13,20
5,8,1.138886e6,-1.1259280779537852,-0.8619484131774695,TIME_LIMIT,273269,0,0,15,29
5,8,1.139098e6,-1.1259073006182025,-0.8619484131774695,TIME_LIMIT,273303,0,0,9,13
5,8,1.139178e6,-1.1259073006182025,-0.8619484131774695,TIME_LIMIT,273327,0,0,15,14
5,8,1.13921e6,-1.1258849818246048,-0.8619484131774695,TIME_LIMIT,273343,0,0,9,5
5,8,1.139288e6,-1.1258849818246048,-0.8619484131774695,TIME_LIMIT,273369,0,0,14,10
5,8,1.139456e6,-1.1258728613815552,-0.8619484131774695,TIME_LIMIT,273390,0,0,10,5
5,8,1.139565e6,-1.1258728613815552,-0.8619484131774695,TIME_LIMIT,273420,0,0,21,7
5,8,1.139717e6,-1.125857035820558,-0.8619484131774695,TIME_LIMIT,273454,0,0,18,13
5,8,1.139848e6,-1.125857035820558,-0.8619484131774695,TIME_LIMIT,273480,0,0,8,12
5,8,1.139911e6,-1.125849669963559,-0.8619484131774695,TIME_LIMIT,273512,0,0,13,10
5,8,1.140101e6,-1.125849669963559,-0.8619484131774695,TIME_LIMIT,273538,0,0,12,16
5,8,1.140217e6,-1.1258391587300438,-0.8619484131774695,TIME_LIMIT,273564,0,0,13,8
5,8,1.140279e6,-1.1258391587300438,-0.8619484131774695,TIME_LIMIT,273582,0,0,8,5
5,8,1.140306e6,-1.1258369285865975,-0.8619484131774695,TIME_LIMIT,273597,0,0,7,1
5,8,1.140375e6,-1.1258369285865975,-0.8619484131774695,TIME_LIMIT,273616,0,0,11,13
5,8,1.140445e6,-1.125836021809244,-0.8619484131774695,TIME_LIMIT,273650,0,0,5,11
5,8,1.140529e6,-1.125836021809244,-0.8619484131774695,TIME_LIMIT,273671,0,0,9,8
5,8,1.140552e6,-1.1258325264622606,-0.8619484131774695,TIME_LIMIT,273687,0,0,9,2
5,8,1.140615e6,-1.1258325264622606,-0.8619484131774695,TIME_LIMIT,273704,0,0,4,5
5,8,1.140669e6,-1.1258268206903814,-0.8619484131774695,TIME_LIMIT,273721,0,0,3,1
5,8,1.140845e6,-1.1258268206903814,-0.8619484131774695,TIME_LIMIT,273747,0,0,16,7
5,8,1.140941e6,-1.1258226357064673,-0.8619484131774695,TIME_LIMIT,273769,0,0,8,11
5,8,1.141001e6,-1.1258226357064673,-0.8619484131774695,TIME_LIMIT,273784,0,0,12,12
5,8,1.141069e6,-1.1258120048670157,-0.8619484131774695,TIME_LIMIT,273817,0,0,15,5
5,8,1.141279e6,-1.1258120048670157,-0.8619484131774695,TIME_LIMIT,273842,0,0,16,18
5,8,1.141346e6,-1.12580570300351,-0.8619484131774695,TIME_LIMIT,273867,0,0,15,3
5,8,1.141548e6,-1.12580570300351,-0.8619484131774695,TIME_LIMIT,273892,0,0,9,15
5,8,1.1417e6,-1.1257926727351375,-0.8619484131774695,TIME_LIMIT,273928,0,0,16,12
5,8,1.141888e6,-1.1257926727351375,-0.8619484131774695,TIME_LIMIT,273961,0,0,8,10
5,8,1.142128e6,-1.125786082827116,-0.8619484131774695,TIME_LIMIT,273993,0,0,13,10
5,8,1.142233e6,-1.125786082827116,-0.8619484131774695,TIME_LIMIT,274015,0,0,11,11
5,8,1.142366e6,-1.1257805993113883,-0.8619484131774695,TIME_LIMIT,274050,0,0,9,12
5,8,1.142432e6,-1.1257805993113883,-0.8619484131774695,TIME_LIMIT,274070,0,0,16,19
5,8,1.142522e6,-1.1257536335995513,-0.8619484131774695,TIME_LIMIT,274094,0,0,11,13
5,8,1.142686e6,-1.1257536335995513,-0.8619484131774695,TIME_LIMIT,274124,0,0,18,12
5,8,1.142836e6,-1.125739786293816,-0.8619484131774695,TIME_LIMIT,274159,0,0,15,11
5,8,1.143042e6,-1.125739786293816,-0.8619484131774695,TIME_LIMIT,274193,0,0,16,15
5,8,1.143195e6,-1.1257392293284447,-0.8619484131774695,TIME_LIMIT,274224,0,0,14,6
5,8,1.143296e6,-1.1257392293284447,-0.8619484131774695,TIME_LIMIT,274246,0,0,8,5
5,8,1.143538e6,-1.1257351362782893,-0.8619484131774695,TIME_LIMIT,274275,0,0,13,10
5,8,1.143594e6,-1.1257351362782893,-0.8619484131774695,TIME_LIMIT,274289,0,0,6,12
5,8,1.14364e6,-1.1257329582252193,-0.8619484131774695,TIME_LIMIT,274314,0,0,9,1
5,8,1.143724e6,-1.1257329582252193,-0.8619484131774695,TIME_LIMIT,274334,0,0,16,26
5,8,1.143779e6,-1.1257185162950458,-0.8619484131774695,TIME_LIMIT,274353,0,0,17,2
5,8,1.143986e6,-1.1257185162950458,-0.8619484131774695,TIME_LIMIT,274374,0,0,11,10
5,8,1.144112e6,-1.125713712802255,-0.8619484131774695,TIME_LIMIT,274403,0,0,17,3
5,8,1.144222e6,-1.125713712802255,-0.8619484131774695,TIME_LIMIT,274432,0,0,18,17
5,8,1.144311e6,-1.1257091958735215,-0.8619484131774695,TIME_LIMIT,274456,0,0,14,9
5,8,1.144388e6,-1.1257091958735215,-0.8619484131774695,TIME_LIMIT,274476,0,0,12,2
5,8,1.144463e6,-1.125706629724398,-0.8619484131774695,TIME_LIMIT,274501,0,0,5,5
5,8,1.144533e6,-1.125706629724398,-0.8619484131774695,TIME_LIMIT,274521,0,0,8,15
5,8,1.144543e6,-1.1257054183269573,-0.8619484131774695,TIME_LIMIT,274530,0,0,3,1
5,8,1.144677e6,-1.1257054183269573,-0.8619484131774695,TIME_LIMIT,274552,0,0,18,22
5,8,1.144872e6,-1.1257034109472783,-0.8619484131774695,TIME_LIMIT,274593,0,0,6,9
5,8,1.144925e6,-1.1257034109472783,-0.8619484131774695,TIME_LIMIT,274610,0,0,4,8
5,8,1.144961e6,-1.1256772517939462,-0.8619484131774695,TIME_LIMIT,274624,0,0,1,1
5,8,1.145097e6,-1.1256772517939462,-0.8619484131774695,TIME_LIMIT,274651,0,0,20,26
5,8,1.145201e6,-1.125671826363218,-0.8619484131774695,TIME_LIMIT,274691,0,0,16,10
5,8,1.145262e6,-1.125671826363218,-0.8619484131774695,TIME_LIMIT,274709,0,0,10,15
5,8,1.145378e6,-1.1256670092241343,-0.8619484131774695,TIME_LIMIT,274742,0,0,8,6
5,8,1.145492e6,-1.1256670092241343,-0.8619484131774695,TIME_LIMIT,274761,0,0,14,8
5,8,1.145535e6,-1.1256662565112943,-0.8619484131774695,TIME_LIMIT,274776,0,0,7,4
5,8,1.145688e6,-1.1256662565112943,-0.8619484131774695,TIME_LIMIT,274803,0,0,22,33
5,8,1.14579e6,-1.1256649210886647,-0.8619484131774695,TIME_LIMIT,274841,0,0,6,7
5,8,1.145913e6,-1.1256649210886647,-0.8619484131774695,TIME_LIMIT,274866,0,0,18,27
5,8,1.14601e6,-1.1256633639275708,-0.8619484131774695,TIME_LIMIT,274892,0,0,10,3
5,8,1.146213e6,-1.1256633639275708,-0.8619484131774695,TIME_LIMIT,274922,0,0,14,15
5,8,1.146428e6,-1.1256614222480397,-0.8619484131774695,TIME_LIMIT,274957,0,0,10,9
5,8,1.146565e6,-1.1256614222480397,-0.8619484131774695,TIME_LIMIT,274983,0,0,8,13
5,8,1.146775e6,-1.1256570169698579,-0.8619484131774695,TIME_LIMIT,275012,0,0,9,8
5,8,1.146966e6,-1.1256570169698579,-0.8619484131774695,TIME_LIMIT,275036,0,0,8,15
5,8,1.147021e6,-1.1256478403102528,-0.8619484131774695,TIME_LIMIT,275053,0,0,10,5
5,8,1.147212e6,-1.1256478403102528,-0.8619484131774695,TIME_LIMIT,275086,0,0,20,30
5,8,1.147422e6,-1.1256461378911546,-0.8619484131774695,TIME_LIMIT,275107,0,0,21,13
5,8,1.147501e6,-1.1256461378911546,-0.8619484131774695,TIME_LIMIT,275126,0,0,4,6
5,8,1.147562e6,-1.1256428735537831,-0.8619484131774695,TIME_LIMIT,275140,0,0,5,3
5,8,1.147602e6,-1.1256428735537831,-0.8619484131774695,TIME_LIMIT,275162,0,0,10,6
5,8,1.147667e6,-1.1256298615375688,-0.8619484131774695,TIME_LIMIT,275179,0,0,12,6
5,8,1.147765e6,-1.1256298615375688,-0.8619484131774695,TIME_LIMIT,275200,0,0,15,12
5,8,1.147862e6,-1.1256283099445836,-0.8619484131774695,TIME_LIMIT,275229,0,0,8,7
5,8,1.14807e6,-1.1256283099445836,-0.8619484131774695,TIME_LIMIT,275253,0,0,13,16
5,8,1.148258e6,-1.125617836035039,-0.8619484131774695,TIME_LIMIT,275288,0,0,5,4
5,8,1.148355e6,-1.125617836035039,-0.8619484131774695,TIME_LIMIT,275316,0,0,11,18
5,8,1.148464e6,-1.1256088859883637,-0.8619484131774695,TIME_LIMIT,275340,0,0,13,11
5,8,1.148542e6,-1.1256088859883637,-0.8619484131774695,TIME_LIMIT,275366,0,0,12,15
5,8,1.148639e6,-1.1255948743227595,-0.8619484131774695,TIME_LIMIT,275392,0,0,10,13
5,8,1.148691e6,-1.1255948743227595,-0.8619484131774695,TIME_LIMIT,275413,0,0,16,13
5,8,1.148759e6,-1.125586920350496,-0.8619484131774695,TIME_LIMIT,275438,0,0,12,6
5,8,1.148842e6,-1.125586920350496,-0.8619484131774695,TIME_LIMIT,275459,0,0,7,11
5,8,1.148933e6,-1.1255636767008645,-0.8619484131774695,TIME_LIMIT,275482,0,0,15,8
5,8,1.149013e6,-1.1255636767008645,-0.8619484131774695,TIME_LIMIT,275501,0,0,4,13
5,8,1.149092e6,-1.1255534362647994,-0.8619484131774695,TIME_LIMIT,275526,0,0,14,7
5,8,1.14928e6,-1.1255534362647994,-0.8619484131774695,TIME_LIMIT,275546,0,0,16,8
5,8,1.14937e6,-1.125545766514946,-0.8619484131774695,TIME_LIMIT,275575,0,0,11,6
5,8,1.149557e6,-1.125545766514946,-0.8619484131774695,TIME_LIMIT,275607,0,0,21,23
5,8,1.149677e6,-1.1255290457998204,-0.8619484131774695,TIME_LIMIT,275633,0,0,14,15
5,8,1.149769e6,-1.1255290457998204,-0.8619484131774695,TIME_LIMIT,275652,0,0,12,5
5,8,1.149798e6,-1.1255269109214794,-0.8619484131774695,TIME_LIMIT,275671,0,0,7,5
5,8,1.149933e6,-1.1255269109214794,-0.8619484131774695,TIME_LIMIT,275693,0,0,15,20
5,8,1.150128e6,-1.125518102553667,-0.8619484131774695,TIME_LIMIT,275727,0,0,16,9
5,8,1.150242e6,-1.125518102553667,-0.8619484131774695,TIME_LIMIT,275755,0,0,16,12
5,8,1.150284e6,-1.1255143880718217,-0.8619484131774695,TIME_LIMIT,275772,0,0,8,5
5,8,1.150356e6,-1.1255143880718217,-0.8619484131774695,TIME_LIMIT,275790,0,0,9,2
5,8,1.150406e6,-1.1255096549346697,-0.8619484131774695,TIME_LIMIT,275808,0,0,9,7
5,8,1.15056e6,-1.1255096549346697,-0.8619484131774695,TIME_LIMIT,275836,0,0,21,19
5,8,1.150766e6,-1.125495220899567,-0.8619484131774695,TIME_LIMIT,275863,0,0,20,9
5,8,1.150875e6,-1.125495220899567,-0.8619484131774695,TIME_LIMIT,275886,0,0,7,4
5,8,1.150938e6,-1.1254935232704926,-0.8619484131774695,TIME_LIMIT,275903,0,0,7,4
5,8,1.151129e6,-1.1254935232704926,-0.8619484131774695,TIME_LIMIT,275927,0,0,18,16
5,8,1.151361e6,-1.1254826909254425,-0.8619484131774695,TIME_LIMIT,275957,0,0,17,10
5,8,1.151448e6,-1.1254826909254425,-0.8619484131774695,TIME_LIMIT,275984,0,0,18,7
5,8,1.151637e6,-1.1254655569156986,-0.8619484131774695,TIME_LIMIT,276007,0,0,16,7
5,8,1.151771e6,-1.1254655569156986,-0.8619484131774695,TIME_LIMIT,276038,0,0,16,12
5,8,1.151963e6,-1.1254537959755595,-0.8619484131774695,TIME_LIMIT,276063,0,0,14,17
5,8,1.152043e6,-1.1254537959755595,-0.8619484131774695,TIME_LIMIT,276084,0,0,8,10
5,8,1.152217e6,-1.1254467901883731,-0.8619484131774695,TIME_LIMIT,276121,0,0,12,10
5,8,1.152264e6,-1.1254467901883731,-0.8619484131774695,TIME_LIMIT,276144,0,0,8,9
5,8,1.152283e6,-1.1254307968386912,-0.8619484131774695,TIME_LIMIT,276157,0,0,7,2
5,8,1.152434e6,-1.1254307968386912,-0.8619484131774695,TIME_LIMIT,276184,0,0,7,14
5,8,1.152551e6,-1.125427458337214,-0.8619484131774695,TIME_LIMIT,276218,0,0,12,15
5,8,1.152695e6,-1.125427458337214,-0.8619484131774695,TIME_LIMIT,276244,0,0,11,15
5,8,1.152802e6,-1.1254214134699618,-0.8619484131774695,TIME_LIMIT,276272,0,0,15,2
5,8,1.152884e6,-1.1254214134699618,-0.8619484131774695,TIME_LIMIT,276293,0,0,6,1
5,8,1.153093e6,-1.125420522540934,-0.8619484131774695,TIME_LIMIT,276324,0,0,6,7
5,8,1.153239e6,-1.125420522540934,-0.8619484131774695,TIME_LIMIT,276347,0,0,12,10
5,8,1.153322e6,-1.1254155047022354,-0.8619484131774695,TIME_LIMIT,276373,0,0,8,5
5,8,1.153481e6,-1.1254155047022354,-0.8619484131774695,TIME_LIMIT,276401,0,0,20,17
5,8,1.153745e6,-1.125403726839787,-0.8619484131774695,TIME_LIMIT,276437,0,0,11,15
5,8,1.153834e6,-1.125403726839787,-0.8619484131774695,TIME_LIMIT,276465,0,0,15,11
5,8,1.15393e6,-1.1253959828034177,-0.8619484131774695,TIME_LIMIT,276488,0,0,6,4
5,8,1.154018e6,-1.1253959828034177,-0.8619484131774695,TIME_LIMIT,276513,0,0,16,17
5,8,1.154137e6,-1.1253882601450986,-0.8619484131774695,TIME_LIMIT,276544,0,0,13,11
5,8,1.154223e6,-1.1253882601450986,-0.8619484131774695,TIME_LIMIT,276567,0,0,12,11
5,8,1.154299e6,-1.1253679805850558,-0.8619484131774695,TIME_LIMIT,276588,0,0,8,3
5,8,1.154485e6,-1.1253679805850558,-0.8619484131774695,TIME_LIMIT,276614,0,0,24,13
5,8,1.154667e6,-1.1253403842894567,-0.8619484131774695,TIME_LIMIT,276649,0,0,16,9
5,8,1.154775e6,-1.1253403842894567,-0.8619484131774695,TIME_LIMIT,276673,0,0,12,15
5,8,1.154845e6,-1.1253383822136807,-0.8619484131774695,TIME_LIMIT,276691,0,0,4,3
5,8,1.154932e6,-1.1253383822136807,-0.8619484131774695,TIME_LIMIT,276718,0,0,14,6
5,8,1.155031e6,-1.12529968824205,-0.8619484131774695,TIME_LIMIT,276740,0,0,17,15
5,8,1.155107e6,-1.12529968824205,-0.8619484131774695,TIME_LIMIT,276762,0,0,5,13
5,8,1.155153e6,-1.125292892796315,-0.8619484131774695,TIME_LIMIT,276789,0,0,6,5
5,8,1.155205e6,-1.125292892796315,-0.8619484131774695,TIME_LIMIT,276807,0,0,12,6
5,8,1.155302e6,-1.1252805533966175,-0.8619484131774695,TIME_LIMIT,276835,0,0,12,7
5,8,1.155434e6,-1.1252805533966175,-0.8619484131774695,TIME_LIMIT,276865,0,0,20,22
5,8,1.155616e6,-1.1252734941540616,-0.8619484131774695,TIME_LIMIT,276896,0,0,11,5
5,8,1.155678e6,-1.1252734941540616,-0.8619484131774695,TIME_LIMIT,276917,0,0,12,13
5,8,1.155822e6,-1.1252625527389009,-0.8619484131774695,TIME_LIMIT,276950,0,0,6,4
5,8,1.155952e6,-1.1252625527389009,-0.8619484131774695,TIME_LIMIT,276973,0,0,15,14
5,8,1.156093e6,-1.125261578478849,-0.8619484131774695,TIME_LIMIT,277005,0,0,12,9
5,8,1.156196e6,-1.125261578478849,-0.8619484131774695,TIME_LIMIT,277024,0,0,15,17
5,8,1.156316e6,-1.1252489596236233,-0.8619484131774695,TIME_LIMIT,277055,0,0,5,9
5,8,1.156527e6,-1.1252489596236233,-0.8619484131774695,TIME_LIMIT,277080,0,0,11,15
5,8,1.156596e6,-1.1252441383872844,-0.8619484131774695,TIME_LIMIT,277099,0,0,15,6
5,8,1.15684e6,-1.1252441383872844,-0.8619484131774695,TIME_LIMIT,277122,0,0,11,9
5,8,1.156987e6,-1.125241119307597,-0.8619484131774695,TIME_LIMIT,277149,0,0,10,7
5,8,1.157011e6,-1.125241119307597,-0.8619484131774695,TIME_LIMIT,277174,0,0,12,6
5,8,1.157106e6,-1.1252398038006182,-0.8619484131774695,TIME_LIMIT,277192,0,0,8,5
5,8,1.157234e6,-1.1252398038006182,-0.8619484131774695,TIME_LIMIT,277215,0,0,19,9
5,8,1.157333e6,-1.1252347368606297,-0.8619484131774695,TIME_LIMIT,277238,0,0,12,8
5,8,1.157409e6,-1.1252347368606297,-0.8619484131774695,TIME_LIMIT,277256,0,0,16,10
5,8,1.157504e6,-1.125234361172177,-0.8619484131774695,TIME_LIMIT,277286,0,0,9,8
5,8,1.157631e6,-1.125234361172177,-0.8619484131774695,TIME_LIMIT,277310,0,0,15,9
5,8,1.157671e6,-1.1252339036443846,-0.8619484131774695,TIME_LIMIT,277324,0,0,6,3
5,8,1.157735e6,-1.1252339036443846,-0.8619484131774695,TIME_LIMIT,277347,0,0,13,14
5,8,1.15787e6,-1.1252206962340323,-0.8619484131774695,TIME_LIMIT,277368,0,0,7,6
5,8,1.157955e6,-1.1252206962340323,-0.8619484131774695,TIME_LIMIT,277396,0,0,23,33
5,8,1.158146e6,-1.1252168920137897,-0.8619484131774695,TIME_LIMIT,277427,0,0,8,11
5,8,1.158203e6,-1.1252168920137897,-0.8619484131774695,TIME_LIMIT,277445,0,0,4,8
5,8,1.158322e6,-1.1252090975535571,-0.8619484131774695,TIME_LIMIT,277472,0,0,2,8
5,8,1.158409e6,-1.1252090975535571,-0.8619484131774695,TIME_LIMIT,277493,0,0,10,15
5,8,1.158549e6,-1.125192029310889,-0.8619484131774695,TIME_LIMIT,277519,0,0,11,8
5,8,1.158602e6,-1.125192029310889,-0.8619484131774695,TIME_LIMIT,277531,0,0,8,7
5,8,1.158647e6,-1.125175122498964,-0.8619484131774695,TIME_LIMIT,277546,0,0,5,2
5,8,1.158761e6,-1.125175122498964,-0.8619484131774695,TIME_LIMIT,277568,0,0,9,6
5,8,1.158842e6,-1.1251745565843272,-0.8619484131774695,TIME_LIMIT,277586,0,0,11,6
5,8,1.159048e6,-1.1251745565843272,-0.8619484131774695,TIME_LIMIT,277616,0,0,20,13
5,8,1.159185e6,-1.125173485483266,-0.8619484131774695,TIME_LIMIT,277645,0,0,22,4
5,8,1.159354e6,-1.125173485483266,-0.8619484131774695,TIME_LIMIT,277666,0,0,10,15
5,8,1.159468e6,-1.1251678492816368,-0.8619484131774695,TIME_LIMIT,277701,0,0,13,9
5,8,1.159628e6,-1.1251678492816368,-0.8619484131774695,TIME_LIMIT,277729,0,0,19,13
5,8,1.159778e6,-1.1251661570489295,-0.8619484131774695,TIME_LIMIT,277753,0,0,17,5
5,8,1.159885e6,-1.1251661570489295,-0.8619484131774695,TIME_LIMIT,277781,0,0,10,14
5,8,1.160116e6,-1.1251570810727087,-0.8619484131774695,TIME_LIMIT,277816,0,0,11,9
5,8,1.160226e6,-1.1251570810727087,-0.8619484131774695,TIME_LIMIT,277838,0,0,24,12
5,8,1.160422e6,-1.1251365299606715,-0.8619484131774695,TIME_LIMIT,277867,0,0,10,7
5,8,1.160633e6,-1.1251365299606715,-0.8619484131774695,TIME_LIMIT,277886,0,0,16,21
5,8,1.160746e6,-1.1251249235221163,-0.8619484131774695,TIME_LIMIT,277908,0,0,13,13
5,8,1.160989e6,-1.1251249235221163,-0.8619484131774695,TIME_LIMIT,277936,0,0,18,17
5,8,1.16124e6,-1.1251246360895344,-0.8619484131774695,TIME_LIMIT,277957,0,0,11,8
5,8,1.161344e6,-1.1251246360895344,-0.8619484131774695,TIME_LIMIT,277980,0,0,7,6
5,8,1.161434e6,-1.1251238778741866,-0.8619484131774695,TIME_LIMIT,278001,0,0,10,7
5,8,1.161563e6,-1.1251238778741866,-0.8619484131774695,TIME_LIMIT,278020,0,0,15,12
5,8,1.161681e6,-1.1251237125604296,-0.8619484131774695,TIME_LIMIT,278051,0,0,13,10
5,8,1.161784e6,-1.1251237125604296,-0.8619484131774695,TIME_LIMIT,278075,0,0,12,15
5,8,1.161924e6,-1.1251208421227161,-0.8619484131774695,TIME_LIMIT,278099,0,0,14,4
5,8,1.161969e6,-1.1251208421227161,-0.8619484131774695,TIME_LIMIT,278115,0,0,15,9
5,8,1.16207e6,-1.1250673393196726,-0.8619484131774695,TIME_LIMIT,278145,0,0,11,5
5,8,1.162124e6,-1.1250673393196726,-0.8619484131774695,TIME_LIMIT,278161,0,0,9,11
5,8,1.162203e6,-1.1250658988033573,-0.8619484131774695,TIME_LIMIT,278184,0,0,9,3
5,8,1.16228e6,-1.1250658988033573,-0.8619484131774695,TIME_LIMIT,278206,0,0,9,5
5,8,1.162444e6,-1.1250646572576317,-0.8619484131774695,TIME_LIMIT,278231,0,0,9,5
5,8,1.162565e6,-1.1250646572576317,-0.8619484131774695,TIME_LIMIT,278251,0,0,25,16
5,8,1.162745e6,-1.1250588574324274,-0.8619484131774695,TIME_LIMIT,278285,0,0,11,4
5,8,1.162894e6,-1.1250588574324274,-0.8619484131774695,TIME_LIMIT,278306,0,0,19,10
5,8,1.16299e6,-1.1250583515954564,-0.8619484131774695,TIME_LIMIT,278332,0,0,16,11
5,8,1.163103e6,-1.1250583515954564,-0.8619484131774695,TIME_LIMIT,278357,0,0,13,10
5,8,1.163183e6,-1.1250560770164957,-0.8619484131774695,TIME_LIMIT,278380,0,0,13,6
5,8,1.163372e6,-1.1250560770164957,-0.8619484131774695,TIME_LIMIT,278409,0,0,15,12
5,8,1.163485e6,-1.1250438407636365,-0.8619484131774695,TIME_LIMIT,278430,0,0,7,6
5,8,1.163522e6,-1.1250438407636365,-0.8619484131774695,TIME_LIMIT,278447,0,0,8,15
5,8,1.16364e6,-1.125039296851597,-0.8619484131774695,TIME_LIMIT,278476,0,0,9,10
5,8,1.163738e6,-1.125039296851597,-0.8619484131774695,TIME_LIMIT,278500,0,0,7,14
5,8,1.16385e6,-1.1250384097648292,-0.8619484131774695,TIME_LIMIT,278530,0,0,9,11
5,8,1.163954e6,-1.1250384097648292,-0.8619484131774695,TIME_LIMIT,278548,0,0,7,10
5,8,1.164034e6,-1.12503549152834,-0.8619484131774695,TIME_LIMIT,278575,0,0,12,7
5,8,1.164113e6,-1.12503549152834,-0.8619484131774695,TIME_LIMIT,278591,0,0,4,9
5,8,1.164154e6,-1.1250121079340893,-0.8619484131774695,TIME_LIMIT,278614,0,0,12,1
5,8,1.164356e6,-1.1250121079340893,-0.8619484131774695,TIME_LIMIT,278649,0,0,22,14
5,8,1.164562e6,-1.1249792320502416,-0.8619484131774695,TIME_LIMIT,278675,0,0,13,11
5,8,1.164728e6,-1.1249792320502416,-0.8619484131774695,TIME_LIMIT,278705,0,0,12,11
5,8,1.164962e6,-1.1249776827451934,-0.8619484131774695,TIME_LIMIT,278736,0,0,22,12
5,8,1.16509e6,-1.1249776827451934,-0.8619484131774695,TIME_LIMIT,278761,0,0,18,16
5,8,1.165261e6,-1.1249757911766642,-0.8619484131774695,TIME_LIMIT,278783,0,0,12,8
5,8,1.165307e6,-1.1249757911766642,-0.8619484131774695,TIME_LIMIT,278798,0,0,6,7
5,8,1.165319e6,-1.1249702182622943,-0.8619484131774695,TIME_LIMIT,278808,0,0,1,0
5,8,1.165406e6,-1.1249702182622943,-0.8619484131774695,TIME_LIMIT,278825,0,0,15,9
5,8,1.165466e6,-1.124965831026274,-0.8619484131774695,TIME_LIMIT,278850,0,0,14,4
5,8,1.165545e6,-1.124965831026274,-0.8619484131774695,TIME_LIMIT,278876,0,0,19,10
5,8,1.165622e6,-1.1249553888347108,-0.8619484131774695,TIME_LIMIT,278898,0,0,10,5
5,8,1.165912e6,-1.1249553888347108,-0.8619484131774695,TIME_LIMIT,278923,0,0,16,38
5,8,1.166105e6,-1.1249140299110887,-0.8619484131774695,TIME_LIMIT,278961,0,0,14,16
5,8,1.166266e6,-1.1249140299110887,-0.8619484131774695,TIME_LIMIT,278985,0,0,15,17
5,8,1.166479e6,-1.1249115610871883,-0.8619484131774695,TIME_LIMIT,279018,0,0,12,10
5,8,1.166683e6,-1.1249115610871883,-0.8619484131774695,TIME_LIMIT,279042,0,0,14,14
5,8,1.166776e6,-1.124897116560364,-0.8619484131774695,TIME_LIMIT,279067,0,0,13,4
5,8,1.166917e6,-1.124897116560364,-0.8619484131774695,TIME_LIMIT,279093,0,0,18,17
5,8,1.166974e6,-1.1248901575530392,-0.8619484131774695,TIME_LIMIT,279118,0,0,12,11
5,8,1.167118e6,-1.1248901575530392,-0.8619484131774695,TIME_LIMIT,279149,0,0,14,8
5,8,1.167215e6,-1.1248817988044755,-0.8619484131774695,TIME_LIMIT,279171,0,0,9,5
5,8,1.167295e6,-1.1248817988044755,-0.8619484131774695,TIME_LIMIT,279186,0,0,13,9
5,8,1.167419e6,-1.1248765729338608,-0.8619484131774695,TIME_LIMIT,279216,0,0,8,7
5,8,1.167516e6,-1.1248765729338608,-0.8619484131774695,TIME_LIMIT,279238,0,0,11,13
5,8,1.167547e6,-1.1248708513917924,-0.8619484131774695,TIME_LIMIT,279254,0,0,8,2
5,8,1.167614e6,-1.1248708513917924,-0.8619484131774695,TIME_LIMIT,279270,0,0,10,14
5,8,1.167696e6,-1.1248589593455078,-0.8619484131774695,TIME_LIMIT,279294,0,0,10,5
5,8,1.167745e6,-1.1248589593455078,-0.8619484131774695,TIME_LIMIT,279313,0,0,10,5
5,8,1.167827e6,-1.1248540666198354,-0.8619484131774695,TIME_LIMIT,279345,0,0,3,7
5,8,1.167925e6,-1.1248540666198354,-0.8619484131774695,TIME_LIMIT,279370,0,0,10,11
5,8,1.168135e6,-1.124837360198772,-0.8619484131774695,TIME_LIMIT,279393,0,0,13,5
5,8,1.168287e6,-1.124837360198772,-0.8619484131774695,TIME_LIMIT,279417,0,0,15,12
5,8,1.168481e6,-1.1248349533999662,-0.8619484131774695,TIME_LIMIT,279454,0,0,15,16
5,8,1.168559e6,-1.1248349533999662,-0.8619484131774695,TIME_LIMIT,279478,0,0,10,10
5,8,1.168639e6,-1.1248312539756782,-0.8619484131774695,TIME_LIMIT,279503,0,0,10,9
5,8,1.168833e6,-1.1248312539756782,-0.8619484131774695,TIME_LIMIT,279524,0,0,19,14
5,8,1.168885e6,-1.124830750442454,-0.8619484131774695,TIME_LIMIT,279549,0,0,6,6
5,8,1.169107e6,-1.124830750442454,-0.8619484131774695,TIME_LIMIT,279569,0,0,16,16
5,8,1.169269e6,-1.1248270653069907,-0.8619484131774695,TIME_LIMIT,279605,0,0,5,11
5,8,1.169376e6,-1.1248270653069907,-0.8619484131774695,TIME_LIMIT,279630,0,0,15,16
5,8,1.169491e6,-1.1248226328997264,-0.8619484131774695,TIME_LIMIT,279652,0,0,9,12
5,8,1.169705e6,-1.1248226328997264,-0.8619484131774695,TIME_LIMIT,279674,0,0,17,11
5,8,1.169903e6,-1.1248023422725222,-0.8619484131774695,TIME_LIMIT,279705,0,0,12,7
5,8,1.170041e6,-1.1248023422725222,-0.8619484131774695,TIME_LIMIT,279724,0,0,12,12
5,8,1.17011e6,-1.124797739709353,-0.8619484131774695,TIME_LIMIT,279745,0,0,12,9
5,8,1.170156e6,-1.124797739709353,-0.8619484131774695,TIME_LIMIT,279769,0,0,11,3
5,8,1.170286e6,-1.124795788023293,-0.8619484131774695,TIME_LIMIT,279803,0,0,10,6
5,8,1.170422e6,-1.124795788023293,-0.8619484131774695,TIME_LIMIT,279824,0,0,14,12
5,8,1.170563e6,-1.1247953930601715,-0.8619484131774695,TIME_LIMIT,279844,0,0,9,5
5,8,1.17069e6,-1.1247953930601715,-0.8619484131774695,TIME_LIMIT,279864,0,0,17,10
5,8,1.170858e6,-1.12477767403803,-0.8619484131774695,TIME_LIMIT,279888,0,0,8,6
5,8,1.170964e6,-1.12477767403803,-0.8619484131774695,TIME_LIMIT,279913,0,0,9,26
5,8,1.171101e6,-1.1247603434009956,-0.8619484131774695,TIME_LIMIT,279948,0,0,14,15
5,8,1.171195e6,-1.1247603434009956,-0.8619484131774695,TIME_LIMIT,279967,0,0,5,4
5,8,1.171237e6,-1.1247515867440057,-0.8619484131774695,TIME_LIMIT,279980,0,0,10,2
5,8,1.1713e6,-1.1247515867440057,-0.8619484131774695,TIME_LIMIT,279997,0,0,8,7
5,8,1.171329e6,-1.1247505156665734,-0.8619484131774695,TIME_LIMIT,280012,0,0,5,4
5,8,1.171479e6,-1.1247505156665734,-0.8619484131774695,TIME_LIMIT,280044,0,0,15,10
5,8,1.171647e6,-1.1247489982097718,-0.8619484131774695,TIME_LIMIT,280068,0,0,15,22
5,8,1.17169e6,-1.1247489982097718,-0.8619484131774695,TIME_LIMIT,280078,0,0,3,4
5,8,1.171708e6,-1.124747593690913,-0.8619484131774695,TIME_LIMIT,280089,0,0,2,2
5,8,1.171937e6,-1.124747593690913,-0.8619484131774695,TIME_LIMIT,280121,0,0,15,12
5,8,1.172007e6,-1.1247437754191807,-0.8619484131774695,TIME_LIMIT,280141,0,0,13,8
5,8,1.172124e6,-1.1247437754191807,-0.8619484131774695,TIME_LIMIT,280165,0,0,9,17
5,8,1.172167e6,-1.1247397511661672,-0.8619484131774695,TIME_LIMIT,280189,0,0,15,6
5,8,1.172265e6,-1.1247397511661672,-0.8619484131774695,TIME_LIMIT,280212,0,0,14,9
5,8,1.172323e6,-1.1247319392788662,-0.8619484131774695,TIME_LIMIT,280233,0,0,2,6
5,8,1.17252e6,-1.1247319392788662,-0.8619484131774695,TIME_LIMIT,280267,0,0,23,36
5,8,1.17265e6,-1.1247083683383137,-0.8619484131774695,TIME_LIMIT,280305,0,0,18,11
5,8,1.172735e6,-1.1247083683383137,-0.8619484131774695,TIME_LIMIT,280326,0,0,11,13
5,8,1.172779e6,-1.1246659752457306,-0.8619484131774695,TIME_LIMIT,280349,0,0,5,7
5,8,1.172897e6,-1.1246659752457306,-0.8619484131774695,TIME_LIMIT,280377,0,0,17,5
5,8,1.173082e6,-1.124659164513781,-0.8619484131774695,TIME_LIMIT,280399,0,0,8,5
5,8,1.173125e6,-1.124659164513781,-0.8619484131774695,TIME_LIMIT,280419,0,0,15,12
5,8,1.173338e6,-1.1246449157652827,-0.8619484131774695,TIME_LIMIT,280450,0,0,11,7
5,8,1.173514e6,-1.1246449157652827,-0.8619484131774695,TIME_LIMIT,280476,0,0,17,22
5,8,1.17371e6,-1.12462372384396,-0.8619484131774695,TIME_LIMIT,280516,0,0,15,11
5,8,1.173769e6,-1.12462372384396,-0.8619484131774695,TIME_LIMIT,280535,0,0,12,4
5,8,1.173845e6,-1.1246210851891085,-0.8619484131774695,TIME_LIMIT,280551,0,0,7,5
5,8,1.173938e6,-1.1246210851891085,-0.8619484131774695,TIME_LIMIT,280573,0,0,18,14
5,8,1.174091e6,-1.1246107570345059,-0.8619484131774695,TIME_LIMIT,280607,0,0,18,11
5,8,1.174309e6,-1.1246107570345059,-0.8619484131774695,TIME_LIMIT,280630,0,0,16,24
5,8,1.17447e6,-1.124606294955063,-0.8619484131774695,TIME_LIMIT,280664,0,0,13,5
5,8,1.174667e6,-1.124606294955063,-0.8619484131774695,TIME_LIMIT,280691,0,0,18,10
5,8,1.174762e6,-1.1246006472324193,-0.8619484131774695,TIME_LIMIT,280724,0,0,10,6
5,8,1.174831e6,-1.1246006472324193,-0.8619484131774695,TIME_LIMIT,280744,0,0,9,8
5,8,1.174889e6,-1.1245840700135363,-0.8619484131774695,TIME_LIMIT,280760,0,0,12,4
5,8,1.174964e6,-1.1245840700135363,-0.8619484131774695,TIME_LIMIT,280783,0,0,23,18
5,8,1.175171e6,-1.1245398445220807,-0.8619484131774695,TIME_LIMIT,280822,0,0,10,7
5,8,1.175403e6,-1.1245398445220807,-0.8619484131774695,TIME_LIMIT,280841,0,0,17,25
5,8,1.175611e6,-1.1245286185724286,-0.8619484131774695,TIME_LIMIT,280884,0,0,19,8
5,8,1.175689e6,-1.1245286185724286,-0.8619484131774695,TIME_LIMIT,280900,0,0,7,7
5,8,1.175764e6,-1.1245160268408378,-0.8619484131774695,TIME_LIMIT,280923,0,0,8,8
5,8,1.175871e6,-1.1245160268408378,-0.8619484131774695,TIME_LIMIT,280954,0,0,5,9
5,8,1.175949e6,-1.124491868719637,-0.8619484131774695,TIME_LIMIT,280973,0,0,9,9
5,8,1.176076e6,-1.124491868719637,-0.8619484131774695,TIME_LIMIT,280995,0,0,11,17
5,8,1.176218e6,-1.1244916735065797,-0.8619484131774695,TIME_LIMIT,281031,0,0,15,7
5,8,1.176298e6,-1.1244916735065797,-0.8619484131774695,TIME_LIMIT,281053,0,0,13,12
5,8,1.176394e6,-1.1244582522934718,-0.8619484131774695,TIME_LIMIT,281085,0,0,15,11
5,8,1.176426e6,-1.1244582522934718,-0.8619484131774695,TIME_LIMIT,281105,0,0,14,6
5,8,1.17652e6,-1.1244578330693051,-0.8619484131774695,TIME_LIMIT,281132,0,0,9,9
5,8,1.176602e6,-1.1244578330693051,-0.8619484131774695,TIME_LIMIT,281154,0,0,14,12
5,8,1.176675e6,-1.1244524799188083,-0.8619484131774695,TIME_LIMIT,281176,0,0,10,6
5,8,1.176801e6,-1.1244524799188083,-0.8619484131774695,TIME_LIMIT,281206,0,0,8,11
5,8,1.177029e6,-1.1244456222127457,-0.8619484131774695,TIME_LIMIT,281233,0,0,7,8
5,8,1.177107e6,-1.1244456222127457,-0.8619484131774695,TIME_LIMIT,281259,0,0,13,18
5,8,1.177172e6,-1.1244428005156881,-0.8619484131774695,TIME_LIMIT,281284,0,0,11,5
5,8,1.177263e6,-1.1244428005156881,-0.8619484131774695,TIME_LIMIT,281305,0,0,9,5
5,8,1.177318e6,-1.1244405522935221,-0.8619484131774695,TIME_LIMIT,281328,0,0,2,8
5,8,1.177386e6,-1.1244405522935221,-0.8619484131774695,TIME_LIMIT,281350,0,0,8,8
5,8,1.177428e6,-1.1244353359022674,-0.8619484131774695,TIME_LIMIT,281366,0,0,7,2
5,8,1.177522e6,-1.1244353359022674,-0.8619484131774695,TIME_LIMIT,281389,0,0,17,14
5,8,1.177647e6,-1.124434219342007,-0.8619484131774695,TIME_LIMIT,281426,0,0,10,9
5,8,1.177816e6,-1.124434219342007,-0.8619484131774695,TIME_LIMIT,281454,0,0,16,9
5,8,1.178026e6,-1.1244297134093837,-0.8619484131774695,TIME_LIMIT,281495,0,0,7,10
5,8,1.178048e6,-1.1244297134093837,-0.8619484131774695,TIME_LIMIT,281511,0,0,15,9
5,8,1.178128e6,-1.1244278384549717,-0.8619484131774695,TIME_LIMIT,281543,0,0,7,5
5,8,1.17822e6,-1.1244278384549717,-0.8619484131774695,TIME_LIMIT,281566,0,0,12,6
5,8,1.178313e6,-1.1244136413905146,-0.8619484131774695,TIME_LIMIT,281588,0,0,5,4
5,8,1.178415e6,-1.1244136413905146,-0.8619484131774695,TIME_LIMIT,281608,0,0,12,8
5,8,1.178539e6,-1.124399210451417,-0.8619484131774695,TIME_LIMIT,281625,0,0,8,5
5,8,1.17867e6,-1.124399210451417,-0.8619484131774695,TIME_LIMIT,281646,0,0,8,5
5,8,1.178796e6,-1.124387236829548,-0.8619484131774695,TIME_LIMIT,281665,0,0,4,7
5,8,1.178843e6,-1.124387236829548,-0.8619484131774695,TIME_LIMIT,281686,0,0,15,17
5,8,1.179055e6,-1.1243819420298895,-0.8619484131774695,TIME_LIMIT,281721,0,0,9,11
5,8,1.179258e6,-1.1243819420298895,-0.8619484131774695,TIME_LIMIT,281753,0,0,18,27
5,8,1.179413e6,-1.124381336323307,-0.8619484131774695,TIME_LIMIT,281780,0,0,7,15
5,8,1.17953e6,-1.124381336323307,-0.8619484131774695,TIME_LIMIT,281803,0,0,7,12
5,8,1.179703e6,-1.124380862120508,-0.8619484131774695,TIME_LIMIT,281839,0,0,7,13
5,8,1.179822e6,-1.124380862120508,-0.8619484131774695,TIME_LIMIT,281862,0,0,13,4
5,8,1.179894e6,-1.1243776214950443,-0.8619484131774695,TIME_LIMIT,281882,0,0,7,4
5,8,1.179996e6,-1.1243776214950443,-0.8619484131774695,TIME_LIMIT,281907,0,0,7,8
5,8,1.180156e6,-1.1243661290809839,-0.8619484131774695,TIME_LIMIT,281933,0,0,11,7
5,8,1.180228e6,-1.1243661290809839,-0.8619484131774695,TIME_LIMIT,281952,0,0,13,5
5,8,1.180277e6,-1.1243629146118446,-0.8619484131774695,TIME_LIMIT,281967,0,0,7,0
5,8,1.180378e6,-1.1243629146118446,-0.8619484131774695,TIME_LIMIT,281991,0,0,15,7
5,8,1.180448e6,-1.1243557802432833,-0.8619484131774695,TIME_LIMIT,282016,0,0,8,6
5,8,1.180577e6,-1.1243557802432833,-0.8619484131774695,TIME_LIMIT,282045,0,0,18,14
5,8,1.180745e6,-1.1243467657924793,-0.8619484131774695,TIME_LIMIT,282072,0,0,5,11
5,8,1.180867e6,-1.1243467657924793,-0.8619484131774695,TIME_LIMIT,282097,0,0,10,10
5,8,1.180969e6,-1.1243209833176104,-0.8619484131774695,TIME_LIMIT,282117,0,0,10,3
5,8,1.181166e6,-1.1243209833176104,-0.8619484131774695,TIME_LIMIT,282144,0,0,11,10
5,8,1.18136e6,-1.124317791863763,-0.8619484131774695,TIME_LIMIT,282174,0,0,17,8
5,8,1.181389e6,-1.124317791863763,-0.8619484131774695,TIME_LIMIT,282194,0,0,7,3
5,8,1.181478e6,-1.1243152596258232,-0.8619484131774695,TIME_LIMIT,282220,0,0,7,8
5,8,1.18163e6,-1.1243152596258232,-0.8619484131774695,TIME_LIMIT,282240,0,0,11,14
5,8,1.181694e6,-1.1243027121194804,-0.8619484131774695,TIME_LIMIT,282268,0,0,2,4
5,8,1.181767e6,-1.1243027121194804,-0.8619484131774695,TIME_LIMIT,282290,0,0,5,8
5,8,1.181907e6,-1.124281492680758,-0.8619484131774695,TIME_LIMIT,282306,0,0,9,11
5,8,1.181991e6,-1.124281492680758,-0.8619484131774695,TIME_LIMIT,282324,0,0,12,13
5,8,1.182047e6,-1.1242793247461873,-0.8619484131774695,TIME_LIMIT,282348,0,0,11,4
5,8,1.182103e6,-1.1242793247461873,-0.8619484131774695,TIME_LIMIT,282364,0,0,7,4
5,8,1.182139e6,-1.1242768169617063,-0.8619484131774695,TIME_LIMIT,282375,0,0,2,2
5,8,1.182229e6,-1.1242768169617063,-0.8619484131774695,TIME_LIMIT,282399,0,0,15,13
5,8,1.18232e6,-1.1242612072621436,-0.8619484131774695,TIME_LIMIT,282425,0,0,13,4
5,8,1.182395e6,-1.1242612072621436,-0.8619484131774695,TIME_LIMIT,282448,0,0,10,8
5,8,1.182496e6,-1.1242536994798327,-0.8619484131774695,TIME_LIMIT,282469,0,0,11,10
5,8,1.182583e6,-1.1242536994798327,-0.8619484131774695,TIME_LIMIT,282492,0,0,9,11
5,8,1.18267e6,-1.1242467374231655,-0.8619484131774695,TIME_LIMIT,282522,0,0,19,8
5,8,1.182831e6,-1.1242467374231655,-0.8619484131774695,TIME_LIMIT,282541,0,0,8,8
5,8,1.182876e6,-1.1242413004490592,-0.8619484131774695,TIME_LIMIT,282569,0,0,6,4
5,8,1.18292e6,-1.1242413004490592,-0.8619484131774695,TIME_LIMIT,282585,0,0,3,15
5,8,1.182974e6,-1.12424036737933,-0.8619484131774695,TIME_LIMIT,282600,0,0,7,3
5,8,1.183076e6,-1.12424036737933,-0.8619484131774695,TIME_LIMIT,282622,0,0,11,16
5,8,1.183142e6,-1.1242393528465915,-0.8619484131774695,TIME_LIMIT,282644,0,0,11,10
5,8,1.183225e6,-1.1242393528465915,-0.8619484131774695,TIME_LIMIT,282669,0,0,12,6
5,8,1.183351e6,-1.1242330260485922,-0.8619484131774695,TIME_LIMIT,282702,0,0,12,11
5,8,1.183467e6,-1.1242330260485922,-0.8619484131774695,TIME_LIMIT,282729,0,0,12,10
5,8,1.183593e6,-1.1242259454164165,-0.8619484131774695,TIME_LIMIT,282748,0,0,11,4
5,8,1.183701e6,-1.1242259454164165,-0.8619484131774695,TIME_LIMIT,282774,0,0,15,8
5,8,1.183796e6,-1.1242179882714258,-0.8619484131774695,TIME_LIMIT,282799,0,0,3,5
5,8,1.183964e6,-1.1242179882714258,-0.8619484131774695,TIME_LIMIT,282831,0,0,15,16
5,8,1.184165e6,-1.1242026777843248,-0.8619484131774695,TIME_LIMIT,282858,0,0,16,14
5,8,1.184284e6,-1.1242026777843248,-0.8619484131774695,TIME_LIMIT,282882,0,0,11,25
5,8,1.184484e6,-1.1241854312481185,-0.8619484131774695,TIME_LIMIT,282917,0,0,8,14
5,8,1.18456e6,-1.1241854312481185,-0.8619484131774695,TIME_LIMIT,282933,0,0,10,5
5,8,1.184604e6,-1.1241760149494708,-0.8619484131774695,TIME_LIMIT,282949,0,0,4,3
5,8,1.184769e6,-1.1241760149494708,-0.8619484131774695,TIME_LIMIT,282976,0,0,28,26
5,8,1.18501e6,-1.1241727102099208,-0.8619484131774695,TIME_LIMIT,283012,0,0,15,21
5,8,1.185062e6,-1.1241727102099208,-0.8619484131774695,TIME_LIMIT,283029,0,0,5,5
5,8,1.185092e6,-1.1241710530719666,-0.8619484131774695,TIME_LIMIT,283043,0,0,1,2
5,8,1.185163e6,-1.1241710530719666,-0.8619484131774695,TIME_LIMIT,283064,0,0,9,7
5,8,1.185222e6,-1.1241514170779867,-0.8619484131774695,TIME_LIMIT,283080,0,0,6,8
5,8,1.18526e6,-1.1241514170779867,-0.8619484131774695,TIME_LIMIT,283101,0,0,12,5
5,8,1.185379e6,-1.124129177933232,-0.8619484131774695,TIME_LIMIT,283117,0,0,7,6
5,8,1.185478e6,-1.124129177933232,-0.8619484131774695,TIME_LIMIT,283138,0,0,8,6
5,8,1.18556e6,-1.1241199083177682,-0.8619484131774695,TIME_LIMIT,283155,0,0,9,6
5,8,1.185639e6,-1.1241199083177682,-0.8619484131774695,TIME_LIMIT,283174,0,0,13,11
5,8,1.185673e6,-1.1241147380751564,-0.8619484131774695,TIME_LIMIT,283194,0,0,7,3
5,8,1.185753e6,-1.1241147380751564,-0.8619484131774695,TIME_LIMIT,283219,0,0,13,8
5,8,1.185846e6,-1.124110720652932,-0.8619484131774695,TIME_LIMIT,283239,0,0,6,4
5,8,1.186008e6,-1.124110720652932,-0.8619484131774695,TIME_LIMIT,283264,0,0,7,20
5,8,1.186117e6,-1.1241041273279364,-0.8619484131774695,TIME_LIMIT,283297,0,0,10,10
5,8,1.186189e6,-1.1241041273279364,-0.8619484131774695,TIME_LIMIT,283322,0,0,11,16
5,8,1.186365e6,-1.1241018872091157,-0.8619484131774695,TIME_LIMIT,283349,0,0,5,6
5,8,1.186487e6,-1.1241018872091157,-0.8619484131774695,TIME_LIMIT,283374,0,0,6,15
5,8,1.186603e6,-1.1240993286235832,-0.8619484131774695,TIME_LIMIT,283410,0,0,13,7
5,8,1.186706e6,-1.1240993286235832,-0.8619484131774695,TIME_LIMIT,283431,0,0,7,13
5,8,1.186775e6,-1.1240850676372305,-0.8619484131774695,TIME_LIMIT,283455,0,0,8,6
5,8,1.186813e6,-1.1240850676372305,-0.8619484131774695,TIME_LIMIT,283473,0,0,15,14
5,8,1.186884e6,-1.1240777031751947,-0.8619484131774695,TIME_LIMIT,283501,0,0,8,4
5,8,1.187041e6,-1.1240777031751947,-0.8619484131774695,TIME_LIMIT,283529,0,0,17,11
5,8,1.187141e6,-1.1240746196480589,-0.8619484131774695,TIME_LIMIT,283549,0,0,9,9
5,8,1.187411e6,-1.1240746196480589,-0.8619484131774695,TIME_LIMIT,283570,0,0,14,14
5,8,1.188233e6,-1.1240715197181497,-0.8619484131774695,TIME_LIMIT,283603,0,0,7,11
5,8,1.188334e6,-1.1240715197181497,-0.8619484131774695,TIME_LIMIT,283623,0,0,14,23
5,8,1.188474e6,-1.124069569900466,-0.8619484131774695,TIME_LIMIT,283653,0,0,6,4
5,8,1.188555e6,-1.124069569900466,-0.8619484131774695,TIME_LIMIT,283673,0,0,20,15
5,8,1.188667e6,-1.1240672560642557,-0.8619484131774695,TIME_LIMIT,283696,0,0,9,4
5,8,1.188757e6,-1.1240672560642557,-0.8619484131774695,TIME_LIMIT,283710,0,0,9,9
5,8,1.188779e6,-1.1240619138889165,-0.8619484131774695,TIME_LIMIT,283731,0,0,5,5
5,8,1.188938e6,-1.1240619138889165,-0.8619484131774695,TIME_LIMIT,283758,0,0,19,10
5,8,1.188987e6,-1.1240587969750426,-0.8619484131774695,TIME_LIMIT,283780,0,0,13,2
5,8,1.189039e6,-1.1240587969750426,-0.8619484131774695,TIME_LIMIT,283804,0,0,15,12
5,8,1.189143e6,-1.1240560821103653,-0.8619484131774695,TIME_LIMIT,283834,0,0,11,12
5,8,1.189328e6,-1.1240560821103653,-0.8619484131774695,TIME_LIMIT,283869,0,0,15,18
5,8,1.189482e6,-1.1240329501023751,-0.8619484131774695,TIME_LIMIT,283891,0,0,12,4
5,8,1.189591e6,-1.1240329501023751,-0.8619484131774695,TIME_LIMIT,283916,0,0,16,13
5,8,1.189826e6,-1.1240059626825876,-0.8619484131774695,TIME_LIMIT,283954,0,0,12,10
5,8,1.189924e6,-1.1240059626825876,-0.8619484131774695,TIME_LIMIT,283976,0,0,15,38
5,8,1.190166e6,-1.1240052633784545,-0.8619484131774695,TIME_LIMIT,284018,0,0,11,8
5,8,1.190253e6,-1.1240052633784545,-0.8619484131774695,TIME_LIMIT,284038,0,0,9,9
5,8,1.1904e6,-1.1239775198224058,-0.8619484131774695,TIME_LIMIT,284067,0,0,11,4
5,8,1.190491e6,-1.1239775198224058,-0.8619484131774695,TIME_LIMIT,284090,0,0,9,9
5,8,1.190705e6,-1.1239720760607803,-0.8619484131774695,TIME_LIMIT,284128,0,0,19,10
5,8,1.190936e6,-1.1239720760607803,-0.8619484131774695,TIME_LIMIT,284157,0,0,15,23
5,8,1.191093e6,-1.1239704803008919,-0.8619484131774695,TIME_LIMIT,284178,0,0,10,11
5,8,1.19128e6,-1.1239704803008919,-0.8619484131774695,TIME_LIMIT,284204,0,0,14,10
5,8,1.191413e6,-1.1239631651539441,-0.8619484131774695,TIME_LIMIT,284225,0,0,12,5
5,8,1.191534e6,-1.1239631651539441,-0.8619484131774695,TIME_LIMIT,284246,0,0,12,22
5,8,1.191641e6,-1.1239513510466717,-0.8619484131774695,TIME_LIMIT,284277,0,0,9,12
5,8,1.191764e6,-1.1239513510466717,-0.8619484131774695,TIME_LIMIT,284298,0,0,10,21
5,8,1.19183e6,-1.123939664962775,-0.8619484131774695,TIME_LIMIT,284320,0,0,9,6
5,8,1.191985e6,-1.123939664962775,-0.8619484131774695,TIME_LIMIT,284346,0,0,17,8
5,8,1.192046e6,-1.1239322192592223,-0.8619484131774695,TIME_LIMIT,284370,0,0,13,3
5,8,1.192166e6,-1.1239322192592223,-0.8619484131774695,TIME_LIMIT,284392,0,0,15,21
5,8,1.192296e6,-1.1239319930725022,-0.8619484131774695,TIME_LIMIT,284420,0,0,5,5
5,8,1.192337e6,-1.1239319930725022,-0.8619484131774695,TIME_LIMIT,284439,0,0,5,3
5,8,1.192421e6,-1.1239295909542424,-0.8619484131774695,TIME_LIMIT,284462,0,0,8,7
5,8,1.192594e6,-1.1239295909542424,-0.8619484131774695,TIME_LIMIT,284490,0,0,15,21
5,8,1.192666e6,-1.1239248477250512,-0.8619484131774695,TIME_LIMIT,284513,0,0,6,6
5,8,1.192789e6,-1.1239248477250512,-0.8619484131774695,TIME_LIMIT,284547,0,0,19,15
5,8,1.192947e6,-1.1239128522718647,-0.8619484131774695,TIME_LIMIT,284570,0,0,8,5
5,8,1.193071e6,-1.1239128522718647,-0.8619484131774695,TIME_LIMIT,284592,0,0,12,7
5,8,1.193127e6,-1.123912214926614,-0.8619484131774695,TIME_LIMIT,284623,0,0,7,2
5,8,1.193382e6,-1.123912214926614,-0.8619484131774695,TIME_LIMIT,284647,0,0,12,10
5,8,1.193487e6,-1.1238973285924616,-0.8619484131774695,TIME_LIMIT,284681,0,0,17,10
5,8,1.193561e6,-1.1238973285924616,-0.8619484131774695,TIME_LIMIT,284701,0,0,10,11
5,8,1.193609e6,-1.1238894399619135,-0.8619484131774695,TIME_LIMIT,284724,0,0,6,4
5,8,1.193696e6,-1.1238894399619135,-0.8619484131774695,TIME_LIMIT,284744,0,0,15,8
5,8,1.193778e6,-1.1238825281162887,-0.8619484131774695,TIME_LIMIT,284774,0,0,12,10
5,8,1.193963e6,-1.1238825281162887,-0.8619484131774695,TIME_LIMIT,284803,0,0,18,12
5,8,1.194093e6,-1.1238624228378349,-0.8619484131774695,TIME_LIMIT,284832,0,0,8,14
5,8,1.194169e6,-1.1238624228378349,-0.8619484131774695,TIME_LIMIT,284859,0,0,13,11
5,8,1.194342e6,-1.1238610458611589,-0.8619484131774695,TIME_LIMIT,284896,0,0,9,8
5,8,1.194423e6,-1.1238610458611589,-0.8619484131774695,TIME_LIMIT,284915,0,0,9,3
5,8,1.194452e6,-1.1238553557287325,-0.8619484131774695,TIME_LIMIT,284930,0,0,4,4
5,8,1.194527e6,-1.1238553557287325,-0.8619484131774695,TIME_LIMIT,284948,0,0,7,7
5,8,1.194602e6,-1.1238552645799895,-0.8619484131774695,TIME_LIMIT,284968,0,0,7,3
5,8,1.194665e6,-1.1238552645799895,-0.8619484131774695,TIME_LIMIT,284995,0,0,14,8
5,8,1.194731e6,-1.1238490856711434,-0.8619484131774695,TIME_LIMIT,285010,0,0,14,13
5,8,1.194902e6,-1.1238490856711434,-0.8619484131774695,TIME_LIMIT,285043,0,0,14,17
5,8,1.195089e6,-1.1238410293147816,-0.8619484131774695,TIME_LIMIT,285067,0,0,16,20
5,8,1.195259e6,-1.1238410293147816,-0.8619484131774695,TIME_LIMIT,285089,0,0,23,22
5,8,1.195402e6,-1.1238372783291288,-0.8619484131774695,TIME_LIMIT,285120,0,0,12,8
5,8,1.195527e6,-1.1238372783291288,-0.8619484131774695,TIME_LIMIT,285150,0,0,18,14
5,8,1.195614e6,-1.123835807649887,-0.8619484131774695,TIME_LIMIT,285173,0,0,15,14
5,8,1.195722e6,-1.123835807649887,-0.8619484131774695,TIME_LIMIT,285192,0,0,8,13
5,8,1.195842e6,-1.1238297159944453,-0.8619484131774695,TIME_LIMIT,285224,0,0,8,5
5,8,1.195977e6,-1.1238297159944453,-0.8619484131774695,TIME_LIMIT,285248,0,0,14,22
5,8,1.196104e6,-1.1238264930385835,-0.8619484131774695,TIME_LIMIT,285278,0,0,10,5
5,8,1.196299e6,-1.1238264930385835,-0.8619484131774695,TIME_LIMIT,285306,0,0,18,14
5,8,1.19641e6,-1.1238179575589995,-0.8619484131774695,TIME_LIMIT,285330,0,0,14,14
5,8,1.196615e6,-1.1238179575589995,-0.8619484131774695,TIME_LIMIT,285361,0,0,15,17
5,8,1.196839e6,-1.123817006890014,-0.8619484131774695,TIME_LIMIT,285390,0,0,14,7
5,8,1.197095e6,-1.123817006890014,-0.8619484131774695,TIME_LIMIT,285418,0,0,18,26
5,8,1.197309e6,-1.1238166091786557,-0.8619484131774695,TIME_LIMIT,285452,0,0,11,15
5,8,1.1974e6,-1.1238166091786557,-0.8619484131774695,TIME_LIMIT,285481,0,0,22,21
5,8,1.19753e6,-1.1238143653299053,-0.8619484131774695,TIME_LIMIT,285514,0,0,12,8
5,8,1.197654e6,-1.1238143653299053,-0.8619484131774695,TIME_LIMIT,285537,0,0,7,7
5,8,1.197727e6,-1.1238023397485297,-0.8619484131774695,TIME_LIMIT,285558,0,0,8,3
5,8,1.197841e6,-1.1238023397485297,-0.8619484131774695,TIME_LIMIT,285584,0,0,5,9
5,8,1.197936e6,-1.1237883877681827,-0.8619484131774695,TIME_LIMIT,285609,0,0,7,7
5,8,1.198049e6,-1.1237883877681827,-0.8619484131774695,TIME_LIMIT,285634,0,0,13,13
5,8,1.198189e6,-1.1237650533085162,-0.8619484131774695,TIME_LIMIT,285665,0,0,7,5
5,8,1.198254e6,-1.1237650533085162,-0.8619484131774695,TIME_LIMIT,285684,0,0,7,5
5,8,1.198361e6,-1.1237541291377775,-0.8619484131774695,TIME_LIMIT,285704,0,0,4,2
5,8,1.198535e6,-1.1237541291377775,-0.8619484131774695,TIME_LIMIT,285728,0,0,7,10
5,8,1.1986e6,-1.1237532314144334,-0.8619484131774695,TIME_LIMIT,285754,0,0,8,7
5,8,1.198687e6,-1.1237532314144334,-0.8619484131774695,TIME_LIMIT,285775,0,0,12,4
5,8,1.198732e6,-1.123751145518621,-0.8619484131774695,TIME_LIMIT,285790,0,0,7,6
5,8,1.198884e6,-1.123751145518621,-0.8619484131774695,TIME_LIMIT,285813,0,0,18,12
5,8,1.198964e6,-1.123745069735736,-0.8619484131774695,TIME_LIMIT,285836,0,0,4,2
5,8,1.199089e6,-1.123745069735736,-0.8619484131774695,TIME_LIMIT,285854,0,0,11,9
5,8,1.199192e6,-1.1237307928208762,-0.8619484131774695,TIME_LIMIT,285879,0,0,8,4
5,8,1.199312e6,-1.1237307928208762,-0.8619484131774695,TIME_LIMIT,285900,0,0,18,33
5,8,1.199509e6,-1.1237249999038132,-0.8619484131774695,TIME_LIMIT,285935,0,0,13,16
5,8,1.19965e6,-1.1237249999038132,-0.8619484131774695,TIME_LIMIT,285958,0,0,9,17
5,8,1.199849e6,-1.1237199071873314,-0.8619484131774695,TIME_LIMIT,285997,0,0,22,7
5,8,1.200049e6,-1.1237199071873314,-0.8619484131774695,TIME_LIMIT,286031,0,0,19,21
5,8,1.200231e6,-1.1237140719435557,-0.8619484131774695,TIME_LIMIT,286060,0,0,9,11
5,8,1.200473e6,-1.1237140719435557,-0.8619484131774695,TIME_LIMIT,286088,0,0,10,13
5,8,1.200729e6,-1.1237115528040813,-0.8619484131774695,TIME_LIMIT,286116,0,0,16,11
5,8,1.20093e6,-1.1237115528040813,-0.8619484131774695,TIME_LIMIT,286147,0,0,15,10
5,8,1.201157e6,-1.1236976195154147,-0.8619484131774695,TIME_LIMIT,286177,0,0,15,16
5,8,1.201317e6,-1.1236976195154147,-0.8619484131774695,TIME_LIMIT,286202,0,0,12,5
5,8,1.201488e6,-1.1236961492644493,-0.8619484131774695,TIME_LIMIT,286218,0,0,10,12
5,8,1.201554e6,-1.1236961492644493,-0.8619484131774695,TIME_LIMIT,286236,0,0,9,14
5,8,1.201632e6,-1.1236865792331248,-0.8619484131774695,TIME_LIMIT,286261,0,0,8,8
5,8,1.201778e6,-1.1236865792331248,-0.8619484131774695,TIME_LIMIT,286285,0,0,14,30
5,8,1.201976e6,-1.1236732910184384,-0.8619484131774695,TIME_LIMIT,286328,0,0,21,9
5,8,1.202168e6,-1.1236732910184384,-0.8619484131774695,TIME_LIMIT,286358,0,0,12,18
5,8,1.202284e6,-1.1236705758110965,-0.8619484131774695,TIME_LIMIT,286386,0,0,13,4
5,8,1.202417e6,-1.1236705758110965,-0.8619484131774695,TIME_LIMIT,286415,0,0,14,22
5,8,1.202518e6,-1.1236629156105298,-0.8619484131774695,TIME_LIMIT,286448,0,0,14,12
5,8,1.202586e6,-1.1236629156105298,-0.8619484131774695,TIME_LIMIT,286466,0,0,6,9
5,8,1.202706e6,-1.1236503172432775,-0.8619484131774695,TIME_LIMIT,286497,0,0,11,6
5,8,1.202877e6,-1.1236503172432775,-0.8619484131774695,TIME_LIMIT,286517,0,0,17,18
5,8,1.203013e6,-1.1236487137236217,-0.8619484131774695,TIME_LIMIT,286552,0,0,17,7
5,8,1.203214e6,-1.1236487137236217,-0.8619484131774695,TIME_LIMIT,286577,0,0,13,14
5,8,1.203348e6,-1.1236380978372638,-0.8619484131774695,TIME_LIMIT,286610,0,0,9,5
5,8,1.203539e6,-1.1236380978372638,-0.8619484131774695,TIME_LIMIT,286634,0,0,12,14
5,8,1.203628e6,-1.1236323776058201,-0.8619484131774695,TIME_LIMIT,286662,0,0,4,8
5,8,1.203785e6,-1.1236323776058201,-0.8619484131774695,TIME_LIMIT,286689,0,0,20,17
5,8,1.203988e6,-1.1236313746602966,-0.8619484131774695,TIME_LIMIT,286726,0,0,15,7
5,8,1.204061e6,-1.1236313746602966,-0.8619484131774695,TIME_LIMIT,286749,0,0,13,4
5,8,1.204132e6,-1.1236276886775525,-0.8619484131774695,TIME_LIMIT,286766,0,0,6,7
5,8,1.204335e6,-1.1236276886775525,-0.8619484131774695,TIME_LIMIT,286792,0,0,15,13
5,8,1.204453e6,-1.1236189767869822,-0.8619484131774695,TIME_LIMIT,286831,0,0,10,11
5,8,1.204492e6,-1.1236189767869822,-0.8619484131774695,TIME_LIMIT,286843,0,0,5,2
5,8,1.20454e6,-1.1236069945260858,-0.8619484131774695,TIME_LIMIT,286856,0,0,4,1
5,8,1.204742e6,-1.1236069945260858,-0.8619484131774695,TIME_LIMIT,286879,0,0,11,20
5,8,1.20498e6,-1.1236018705162383,-0.8619484131774695,TIME_LIMIT,286910,0,0,12,8
5,8,1.205046e6,-1.1236018705162383,-0.8619484131774695,TIME_LIMIT,286933,0,0,8,9
5,8,1.205153e6,-1.1235907716281144,-0.8619484131774695,TIME_LIMIT,286957,0,0,4,7
5,8,1.205417e6,-1.1235907716281144,-0.8619484131774695,TIME_LIMIT,286979,0,0,10,9
5,8,1.20562e6,-1.123588802157695,-0.8619484131774695,TIME_LIMIT,287011,0,0,12,10
5,8,1.205718e6,-1.123588802157695,-0.8619484131774695,TIME_LIMIT,287028,0,0,22,11
5,8,1.205868e6,-1.1235833761599177,-0.8619484131774695,TIME_LIMIT,287066,0,0,5,8
5,8,1.205976e6,-1.1235833761599177,-0.8619484131774695,TIME_LIMIT,287089,0,0,7,6
5,8,1.206058e6,-1.1235766191398762,-0.8619484131774695,TIME_LIMIT,287109,0,0,12,3
5,8,1.206198e6,-1.1235766191398762,-0.8619484131774695,TIME_LIMIT,287127,0,0,16,14
5,8,1.206319e6,-1.1235760289255816,-0.8619484131774695,TIME_LIMIT,287161,0,0,13,6
5,8,1.206447e6,-1.1235760289255816,-0.8619484131774695,TIME_LIMIT,287185,0,0,14,12
5,8,1.206541e6,-1.123550982858299,-0.8619484131774695,TIME_LIMIT,287211,0,0,12,9
5,8,1.206742e6,-1.123550982858299,-0.8619484131774695,TIME_LIMIT,287236,0,0,12,13
5,8,1.206957e6,-1.123543334703629,-0.8619484131774695,TIME_LIMIT,287268,0,0,17,8
5,8,1.207136e6,-1.123543334703629,-0.8619484131774695,TIME_LIMIT,287306,0,0,19,12
5,8,1.207258e6,-1.1235422995427273,-0.8619484131774695,TIME_LIMIT,287337,0,0,16,9
5,8,1.207502e6,-1.1235422995427273,-0.8619484131774695,TIME_LIMIT,287360,0,0,16,23
5,8,1.207705e6,-1.1235082673996886,-0.8619484131774695,TIME_LIMIT,287401,0,0,18,8
5,8,1.20794e6,-1.1235082673996886,-0.8619484131774695,TIME_LIMIT,287423,0,0,8,25
5,8,1.208075e6,-1.1234877802511225,-0.8619484131774695,TIME_LIMIT,287452,0,0,8,6
5,8,1.208333e6,-1.1234877802511225,-0.8619484131774695,TIME_LIMIT,287482,0,0,17,10
5,8,1.208533e6,-1.123485437759812,-0.8619484131774695,TIME_LIMIT,287508,0,0,13,11
5,8,1.208588e6,-1.123485437759812,-0.8619484131774695,TIME_LIMIT,287525,0,0,11,4
5,8,1.208621e6,-1.1234850863416694,-0.8619484131774695,TIME_LIMIT,287544,0,0,3,1
5,8,1.208711e6,-1.1234850863416694,-0.8619484131774695,TIME_LIMIT,287569,0,0,13,14
5,8,1.208894e6,-1.12347298209868,-0.8619484131774695,TIME_LIMIT,287607,0,0,18,6
5,8,1.209012e6,-1.12347298209868,-0.8619484131774695,TIME_LIMIT,287625,0,0,13,16
5,8,1.209082e6,-1.1234635884332869,-0.8619484131774695,TIME_LIMIT,287654,0,0,10,5
5,8,1.209166e6,-1.1234635884332869,-0.8619484131774695,TIME_LIMIT,287675,0,0,13,5
5,8,1.209237e6,-1.123461485312443,-0.8619484131774695,TIME_LIMIT,287699,0,0,8,5
5,8,1.209329e6,-1.123461485312443,-0.8619484131774695,TIME_LIMIT,287725,0,0,15,13
5,8,1.209384e6,-1.123455180478341,-0.8619484131774695,TIME_LIMIT,287750,0,0,9,4
5,8,1.209476e6,-1.123455180478341,-0.8619484131774695,TIME_LIMIT,287771,0,0,16,24
5,8,1.209673e6,-1.1234528850894232,-0.8619484131774695,TIME_LIMIT,287811,0,0,16,6
5,8,1.209899e6,-1.1234528850894232,-0.8619484131774695,TIME_LIMIT,287832,0,0,13,14
5,8,1.209965e6,-1.1234352090100663,-0.8619484131774695,TIME_LIMIT,287858,0,0,11,3
5,8,1.210118e6,-1.1234352090100663,-0.8619484131774695,TIME_LIMIT,287885,0,0,13,15
5,8,1.210184e6,-1.1234318834039299,-0.8619484131774695,TIME_LIMIT,287904,0,0,6,7
5,8,1.21036e6,-1.1234318834039299,-0.8619484131774695,TIME_LIMIT,287930,0,0,19,17
5,8,1.210493e6,-1.123431342987963,-0.8619484131774695,TIME_LIMIT,287955,0,0,14,11
5,8,1.210544e6,-1.123431342987963,-0.8619484131774695,TIME_LIMIT,287979,0,0,8,11
5,8,1.2106e6,-1.1234206606279262,-0.8619484131774695,TIME_LIMIT,287998,0,0,4,5
5,8,1.210763e6,-1.1234206606279262,-0.8619484131774695,TIME_LIMIT,288028,0,0,17,25
5,8,1.210913e6,-1.1234179014090442,-0.8619484131774695,TIME_LIMIT,288061,0,0,7,7
5,8,1.211014e6,-1.1234179014090442,-0.8619484131774695,TIME_LIMIT,288082,0,0,11,16
5,8,1.211151e6,-1.123414288696167,-0.8619484131774695,TIME_LIMIT,288117,0,0,10,12
5,8,1.211224e6,-1.123414288696167,-0.8619484131774695,TIME_LIMIT,288138,0,0,10,6
5,8,1.211275e6,-1.1234109459351351,-0.8619484131774695,TIME_LIMIT,288156,0,0,6,2
5,8,1.211499e6,-1.1234109459351351,-0.8619484131774695,TIME_LIMIT,288179,0,0,18,18
5,8,1.21175e6,-1.1234062249923933,-0.8619484131774695,TIME_LIMIT,288217,0,0,9,5
5,8,1.211954e6,-1.1234062249923933,-0.8619484131774695,TIME_LIMIT,288243,0,0,8,4
5,8,1.211996e6,-1.1234040918607384,-0.8619484131774695,TIME_LIMIT,288261,0,0,6,4
5,8,1.212064e6,-1.1234040918607384,-0.8619484131774695,TIME_LIMIT,288275,0,0,10,8
5,8,1.21216e6,-1.1233973518656084,-0.8619484131774695,TIME_LIMIT,288298,0,0,6,6
5,8,1.212269e6,-1.1233973518656084,-0.8619484131774695,TIME_LIMIT,288323,0,0,15,15
5,8,1.212393e6,-1.1233842051253156,-0.8619484131774695,TIME_LIMIT,288345,0,0,14,9
5,8,1.212577e6,-1.1233842051253156,-0.8619484131774695,TIME_LIMIT,288369,0,0,21,10
5,8,1.212731e6,-1.1233825389557857,-0.8619484131774695,TIME_LIMIT,288401,0,0,15,6
5,8,1.212825e6,-1.1233825389557857,-0.8619484131774695,TIME_LIMIT,288426,0,0,9,22
5,8,1.212981e6,-1.1233746298111726,-0.8619484131774695,TIME_LIMIT,288467,0,0,17,14
5,8,1.213079e6,-1.1233746298111726,-0.8619484131774695,TIME_LIMIT,288491,0,0,12,12
5,8,1.21316e6,-1.1233706420226786,-0.8619484131774695,TIME_LIMIT,288516,0,0,7,6
5,8,1.213302e6,-1.1233706420226786,-0.8619484131774695,TIME_LIMIT,288542,0,0,13,15
5,8,1.213404e6,-1.1233163186642563,-0.8619484131774695,TIME_LIMIT,288561,0,0,14,14
5,8,1.213497e6,-1.1233163186642563,-0.8619484131774695,TIME_LIMIT,288579,0,0,14,8
5,8,1.213588e6,-1.1233135128626461,-0.8619484131774695,TIME_LIMIT,288611,0,0,18,5
5,8,1.213782e6,-1.1233135128626461,-0.8619484131774695,TIME_LIMIT,288637,0,0,17,13
5,8,1.213891e6,-1.1233032839243875,-0.8619484131774695,TIME_LIMIT,288661,0,0,18,4
5,8,1.213928e6,-1.1233032839243875,-0.8619484131774695,TIME_LIMIT,288677,0,0,8,5
5,8,1.214006e6,-1.1232915045726393,-0.8619484131774695,TIME_LIMIT,288701,0,0,9,6
5,8,1.21409e6,-1.1232915045726393,-0.8619484131774695,TIME_LIMIT,288723,0,0,12,15
5,8,1.21413e6,-1.1232778988774896,-0.8619484131774695,TIME_LIMIT,288743,0,0,10,4
5,8,1.21434e6,-1.1232778988774896,-0.8619484131774695,TIME_LIMIT,288777,0,0,11,11
5,8,1.214441e6,-1.1232753946716285,-0.8619484131774695,TIME_LIMIT,288800,0,0,9,19
5,8,1.214658e6,-1.1232753946716285,-0.8619484131774695,TIME_LIMIT,288829,0,0,12,7
5,8,1.214868e6,-1.123270917871465,-0.8619484131774695,TIME_LIMIT,288855,0,0,16,8
5,8,1.21496e6,-1.123270917871465,-0.8619484131774695,TIME_LIMIT,288875,0,0,9,14
5,8,1.215021e6,-1.1232628993708114,-0.8619484131774695,TIME_LIMIT,288901,0,0,8,11
5,8,1.2152e6,-1.1232628993708114,-0.8619484131774695,TIME_LIMIT,288932,0,0,20,14
5,8,1.215333e6,-1.123255259271085,-0.8619484131774695,TIME_LIMIT,288954,0,0,11,8
5,8,1.215505e6,-1.123255259271085,-0.8619484131774695,TIME_LIMIT,288981,0,0,15,13
5,8,1.215572e6,-1.1232422816331997,-0.8619484131774695,TIME_LIMIT,289001,0,0,12,20
5,8,1.215646e6,-1.1232422816331997,-0.8619484131774695,TIME_LIMIT,289026,0,0,15,12
5,8,1.215773e6,-1.1232208827749086,-0.8619484131774695,TIME_LIMIT,289048,0,0,12,7
5,8,1.215821e6,-1.1232208827749086,-0.8619484131774695,TIME_LIMIT,289069,0,0,16,9
5,8,1.215914e6,-1.123209165923042,-0.8619484131774695,TIME_LIMIT,289096,0,0,8,6
5,8,1.216006e6,-1.123209165923042,-0.8619484131774695,TIME_LIMIT,289121,0,0,6,5
5,8,1.216095e6,-1.1232023378709959,-0.8619484131774695,TIME_LIMIT,289143,0,0,13,4
5,8,1.216277e6,-1.1232023378709959,-0.8619484131774695,TIME_LIMIT,289172,0,0,8,9
5,8,1.216354e6,-1.1231859718761477,-0.8619484131774695,TIME_LIMIT,289196,0,0,7,9
5,8,1.216527e6,-1.1231859718761477,-0.8619484131774695,TIME_LIMIT,289219,0,0,15,12
5,8,1.216586e6,-1.123184430828056,-0.8619484131774695,TIME_LIMIT,289236,0,0,11,6
5,8,1.216744e6,-1.123184430828056,-0.8619484131774695,TIME_LIMIT,289264,0,0,5,28
5,8,1.216954e6,-1.1231822705035226,-0.8619484131774695,TIME_LIMIT,289305,0,0,11,16
5,8,1.217071e6,-1.1231822705035226,-0.8619484131774695,TIME_LIMIT,289328,0,0,10,14
5,8,1.217169e6,-1.123176561950304,-0.8619484131774695,TIME_LIMIT,289347,0,0,14,10
5,8,1.217222e6,-1.123176561950304,-0.8619484131774695,TIME_LIMIT,289369,0,0,6,12
5,8,1.217303e6,-1.1231722992547692,-0.8619484131774695,TIME_LIMIT,289397,0,0,4,5
5,8,1.21738e6,-1.1231722992547692,-0.8619484131774695,TIME_LIMIT,289417,0,0,7,12
5,8,1.217428e6,-1.1231676350845832,-0.8619484131774695,TIME_LIMIT,289440,0,0,8,7
5,8,1.217523e6,-1.1231676350845832,-0.8619484131774695,TIME_LIMIT,289467,0,0,12,12
5,8,1.217625e6,-1.1231541006281514,-0.8619484131774695,TIME_LIMIT,289487,0,0,5,3
5,8,1.217722e6,-1.1231541006281514,-0.8619484131774695,TIME_LIMIT,289507,0,0,8,6
5,8,1.217791e6,-1.1231496310279954,-0.8619484131774695,TIME_LIMIT,289527,0,0,8,2
5,8,1.217881e6,-1.1231496310279954,-0.8619484131774695,TIME_LIMIT,289541,0,0,9,17
5,8,1.217942e6,-1.1231485242366224,-0.8619484131774695,TIME_LIMIT,289569,0,0,8,10
5,8,1.218151e6,-1.1231485242366224,-0.8619484131774695,TIME_LIMIT,289607,0,0,9,13
5,8,1.218376e6,-1.12314338451861,-0.8619484131774695,TIME_LIMIT,289632,0,0,14,13
5,8,1.218591e6,-1.12314338451861,-0.8619484131774695,TIME_LIMIT,289662,0,0,15,11
5,8,1.218809e6,-1.1231400328728052,-0.8619484131774695,TIME_LIMIT,289692,0,0,9,7
5,8,1.218938e6,-1.1231400328728052,-0.8619484131774695,TIME_LIMIT,289718,0,0,7,9
5,8,1.21915e6,-1.1231385754803491,-0.8619484131774695,TIME_LIMIT,289743,0,0,5,5
5,8,1.219273e6,-1.1231385754803491,-0.8619484131774695,TIME_LIMIT,289767,0,0,18,15
5,8,1.219507e6,-1.1231290495313502,-0.8619484131774695,TIME_LIMIT,289801,0,0,10,13
5,8,1.219606e6,-1.1231290495313502,-0.8619484131774695,TIME_LIMIT,289827,0,0,9,9
5,8,1.219685e6,-1.1231169568547423,-0.8619484131774695,TIME_LIMIT,289845,0,0,10,7
5,8,1.219894e6,-1.1231169568547423,-0.8619484131774695,TIME_LIMIT,289876,0,0,20,21
5,8,1.220084e6,-1.1231075634216927,-0.8619484131774695,TIME_LIMIT,289905,0,0,9,7
5,8,1.220236e6,-1.1231075634216927,-0.8619484131774695,TIME_LIMIT,289929,0,0,18,15
5,8,1.220386e6,-1.1230862708030047,-0.8619484131774695,TIME_LIMIT,289963,0,0,8,4
5,8,1.220579e6,-1.1230862708030047,-0.8619484131774695,TIME_LIMIT,289998,0,0,23,10
5,8,1.220806e6,-1.1230679259717893,-0.8619484131774695,TIME_LIMIT,290040,0,0,10,13
5,8,1.220915e6,-1.1230679259717893,-0.8619484131774695,TIME_LIMIT,290065,0,0,15,5
5,8,1.22109e6,-1.1230646786409668,-0.8619484131774695,TIME_LIMIT,290091,0,0,10,8
5,8,1.221199e6,-1.1230646786409668,-0.8619484131774695,TIME_LIMIT,290109,0,0,9,9
5,8,1.22123e6,-1.1230612035554541,-0.8619484131774695,TIME_LIMIT,290127,0,0,6,4
5,8,1.221316e6,-1.1230612035554541,-0.8619484131774695,TIME_LIMIT,290145,0,0,11,18
5,8,1.221389e6,-1.1230610565454748,-0.8619484131774695,TIME_LIMIT,290164,0,0,8,3
5,8,1.221484e6,-1.1230610565454748,-0.8619484131774695,TIME_LIMIT,290183,0,0,15,18
5,8,1.221641e6,-1.1230583333813025,-0.8619484131774695,TIME_LIMIT,290218,0,0,10,7
5,8,1.221711e6,-1.1230583333813025,-0.8619484131774695,TIME_LIMIT,290235,0,0,10,9
5,8,1.221766e6,-1.123053827331184,-0.8619484131774695,TIME_LIMIT,290263,0,0,9,8
5,8,1.221845e6,-1.123053827331184,-0.8619484131774695,TIME_LIMIT,290287,0,0,11,26
5,8,1.22194e6,-1.123037162310729,-0.8619484131774695,TIME_LIMIT,290322,0,0,16,13
5,8,1.22199e6,-1.123037162310729,-0.8619484131774695,TIME_LIMIT,290336,0,0,8,1
5,8,1.222013e6,-1.1230367777538064,-0.8619484131774695,TIME_LIMIT,290348,0,0,4,1
5,8,1.22219e6,-1.1230367777538064,-0.8619484131774695,TIME_LIMIT,290380,0,0,21,9
5,8,1.222276e6,-1.1230346058810206,-0.8619484131774695,TIME_LIMIT,290403,0,0,19,9
5,8,1.222373e6,-1.1230346058810206,-0.8619484131774695,TIME_LIMIT,290428,0,0,13,5
5,8,1.222485e6,-1.1230280225412852,-0.8619484131774695,TIME_LIMIT,290462,0,0,6,10
5,8,1.222576e6,-1.1230280225412852,-0.8619484131774695,TIME_LIMIT,290490,0,0,10,19
5,8,1.222769e6,-1.123022784024771,-0.8619484131774695,TIME_LIMIT,290528,0,0,14,14
5,8,1.222995e6,-1.123022784024771,-0.8619484131774695,TIME_LIMIT,290551,0,0,18,24
5,8,1.223225e6,-1.1230088190483523,-0.8619484131774695,TIME_LIMIT,290580,0,0,21,6
5,8,1.223379e6,-1.1230088190483523,-0.8619484131774695,TIME_LIMIT,290600,0,0,15,16
5,8,1.2235e6,-1.1230063781492428,-0.8619484131774695,TIME_LIMIT,290633,0,0,13,3
5,8,1.223598e6,-1.1230063781492428,-0.8619484131774695,TIME_LIMIT,290657,0,0,5,6
5,8,1.223695e6,-1.1230011591207298,-0.8619484131774695,TIME_LIMIT,290673,0,0,6,4
5,8,1.223818e6,-1.1230011591207298,-0.8619484131774695,TIME_LIMIT,290697,0,0,13,12
5,8,1.223927e6,-1.1229911251499194,-0.8619484131774695,TIME_LIMIT,290722,0,0,11,3
5,8,1.223987e6,-1.1229911251499194,-0.8619484131774695,TIME_LIMIT,290740,0,0,6,4
5,8,1.224004e6,-1.1229860408041397,-0.8619484131774695,TIME_LIMIT,290744,0,0,2,6
5,8,1.22421e6,-1.1229860408041397,-0.8619484131774695,TIME_LIMIT,290778,0,0,25,20
5,8,1.224317e6,-1.122971685363337,-0.8619484131774695,TIME_LIMIT,290801,0,0,5,4
5,8,1.224464e6,-1.122971685363337,-0.8619484131774695,TIME_LIMIT,290827,0,0,8,9
5,8,1.224568e6,-1.1229683909285182,-0.8619484131774695,TIME_LIMIT,290850,0,0,12,3
5,8,1.224733e6,-1.1229683909285182,-0.8619484131774695,TIME_LIMIT,290870,0,0,11,21
5,8,1.224874e6,-1.122961981995,-0.8619484131774695,TIME_LIMIT,290911,0,0,11,12
5,8,1.224992e6,-1.122961981995,-0.8619484131774695,TIME_LIMIT,290934,0,0,10,12
5,8,1.225103e6,-1.1229554174616274,-0.8619484131774695,TIME_LIMIT,290965,0,0,9,10
5,8,1.225364e6,-1.1229554174616274,-0.8619484131774695,TIME_LIMIT,290991,0,0,5,15
5,8,1.225469e6,-1.1229525478707152,-0.8619484131774695,TIME_LIMIT,291012,0,0,9,8
5,8,1.225646e6,-1.1229525478707152,-0.8619484131774695,TIME_LIMIT,291039,0,0,6,18
5,8,1.225689e6,-1.122938912295544,-0.8619484131774695,TIME_LIMIT,291061,0,0,6,11
5,8,1.225714e6,-1.122938912295544,-0.8619484131774695,TIME_LIMIT,291078,0,0,18,13
5,8,1.225831e6,-1.122938059622105,-0.8619484131774695,TIME_LIMIT,291107,0,0,12,7
5,8,1.225911e6,-1.122938059622105,-0.8619484131774695,TIME_LIMIT,291123,0,0,11,8
5,8,1.225947e6,-1.122930335325105,-0.8619484131774695,TIME_LIMIT,291144,0,0,8,4
5,8,1.226018e6,-1.122930335325105,-0.8619484131774695,TIME_LIMIT,291169,0,0,6,4
5,8,1.226054e6,-1.1229225078632963,-0.8619484131774695,TIME_LIMIT,291185,0,0,9,7
5,8,1.226226e6,-1.1229225078632963,-0.8619484131774695,TIME_LIMIT,291211,0,0,21,9
5,8,1.226339e6,-1.1229103384323098,-0.8619484131774695,TIME_LIMIT,291233,0,0,11,6
5,8,1.226429e6,-1.1229103384323098,-0.8619484131774695,TIME_LIMIT,291254,0,0,14,11
5,8,1.226681e6,-1.1229033167114222,-0.8619484131774695,TIME_LIMIT,291281,0,0,10,4
5,8,1.22679e6,-1.1229033167114222,-0.8619484131774695,TIME_LIMIT,291303,0,0,10,13
5,8,1.226842e6,-1.1228934435526454,-0.8619484131774695,TIME_LIMIT,291325,0,0,5,4
5,8,1.22698e6,-1.1228934435526454,-0.8619484131774695,TIME_LIMIT,291350,0,0,15,10
5,8,1.227003e6,-1.1228907103783279,-0.8619484131774695,TIME_LIMIT,291365,0,0,8,6
5,8,1.227089e6,-1.1228907103783279,-0.8619484131774695,TIME_LIMIT,291382,0,0,12,7
5,8,1.227138e6,-1.122881985978521,-0.8619484131774695,TIME_LIMIT,291400,0,0,9,4
5,8,1.2273e6,-1.122881985978521,-0.8619484131774695,TIME_LIMIT,291426,0,0,25,16
5,8,1.227465e6,-1.1228750446950482,-0.8619484131774695,TIME_LIMIT,291468,0,0,11,11
5,8,1.227683e6,-1.1228750446950482,-0.8619484131774695,TIME_LIMIT,291496,0,0,8,10
5,8,1.227842e6,-1.122872187182403,-0.8619484131774695,TIME_LIMIT,291526,0,0,16,8
5,8,1.227918e6,-1.122872187182403,-0.8619484131774695,TIME_LIMIT,291543,0,0,11,9
5,8,1.227969e6,-1.1228615369999728,-0.8619484131774695,TIME_LIMIT,291562,0,0,7,3
5,8,1.228056e6,-1.1228615369999728,-0.8619484131774695,TIME_LIMIT,291593,0,0,21,13
5,8,1.228142e6,-1.122861159230116,-0.8619484131774695,TIME_LIMIT,291615,0,0,9,6
5,8,1.228316e6,-1.122861159230116,-0.8619484131774695,TIME_LIMIT,291636,0,0,9,9
5,8,1.228422e6,-1.1228535936198576,-0.8619484131774695,TIME_LIMIT,291658,0,0,12,4
5,8,1.228589e6,-1.1228535936198576,-0.8619484131774695,TIME_LIMIT,291685,0,0,12,18
5,8,1.228795e6,-1.1228104010019355,-0.8619484131774695,TIME_LIMIT,291720,0,0,8,13
5,8,1.228913e6,-1.1228104010019355,-0.8619484131774695,TIME_LIMIT,291739,0,0,6,7
5,8,1.228931e6,-1.1228089242187305,-0.8619484131774695,TIME_LIMIT,291750,0,0,3,4
5,8,1.228963e6,-1.1228089242187305,-0.8619484131774695,TIME_LIMIT,291768,0,0,2,5
5,8,1.229019e6,-1.122808401741188,-0.8619484131774695,TIME_LIMIT,291786,0,0,8,1
5,8,1.229111e6,-1.122808401741188,-0.8619484131774695,TIME_LIMIT,291798,0,0,16,13
5,8,1.229203e6,-1.1228068573528212,-0.8619484131774695,TIME_LIMIT,291824,0,0,7,4
5,8,1.229299e6,-1.1228068573528212,-0.8619484131774695,TIME_LIMIT,291846,0,0,16,8
5,8,1.22936e6,-1.122806381073677,-0.8619484131774695,TIME_LIMIT,291872,0,0,9,8
5,8,1.229485e6,-1.122806381073677,-0.8619484131774695,TIME_LIMIT,291891,0,0,16,22
5,8,1.229653e6,-1.1228056534518847,-0.8619484131774695,TIME_LIMIT,291925,0,0,7,9
5,8,1.229838e6,-1.1228056534518847,-0.8619484131774695,TIME_LIMIT,291948,0,0,16,15
5,8,1.229944e6,-1.1228053988585323,-0.8619484131774695,TIME_LIMIT,291979,0,0,16,10
5,8,1.230162e6,-1.1228053988585323,-0.8619484131774695,TIME_LIMIT,292006,0,0,12,19
5,8,1.230347e6,-1.1227968623139706,-0.8619484131774695,TIME_LIMIT,292031,0,0,18,13
5,8,1.23047e6,-1.1227968623139706,-0.8619484131774695,TIME_LIMIT,292055,0,0,8,5
5,8,1.230505e6,-1.1227933348711392,-0.8619484131774695,TIME_LIMIT,292072,0,0,7,4
5,8,1.230747e6,-1.1227933348711392,-0.8619484131774695,TIME_LIMIT,292098,0,0,17,22
5,8,1.230916e6,-1.1227746441762874,-0.8619484131774695,TIME_LIMIT,292133,0,0,10,6
5,8,1.231116e6,-1.1227746441762874,-0.8619484131774695,TIME_LIMIT,292157,0,0,15,18
5,8,1.231264e6,-1.1227698208873567,-0.8619484131774695,TIME_LIMIT,292180,0,0,10,8
5,8,1.231458e6,-1.1227698208873567,-0.8619484131774695,TIME_LIMIT,292205,0,0,19,22
5,8,1.231668e6,-1.1227672654463738,-0.8619484131774695,TIME_LIMIT,292244,0,0,12,14
5,8,1.231789e6,-1.1227672654463738,-0.8619484131774695,TIME_LIMIT,292268,0,0,17,15
5,8,1.231953e6,-1.1227597554665878,-0.8619484131774695,TIME_LIMIT,292307,0,0,12,11
5,8,1.232037e6,-1.1227597554665878,-0.8619484131774695,TIME_LIMIT,292329,0,0,12,6
5,8,1.232059e6,-1.1227580740029681,-0.8619484131774695,TIME_LIMIT,292344,0,0,8,6
5,8,1.232103e6,-1.1227580740029681,-0.8619484131774695,TIME_LIMIT,292364,0,0,15,9
5,8,1.232151e6,-1.12275683738471,-0.8619484131774695,TIME_LIMIT,292379,0,0,5,4
5,8,1.232246e6,-1.12275683738471,-0.8619484131774695,TIME_LIMIT,292409,0,0,21,6
5,8,1.23228e6,-1.1227409261205485,-0.8619484131774695,TIME_LIMIT,292431,0,0,11,6
5,8,1.232341e6,-1.1227409261205485,-0.8619484131774695,TIME_LIMIT,292449,0,0,8,7
5,8,1.232372e6,-1.1227388693943023,-0.8619484131774695,TIME_LIMIT,292462,0,0,6,3
5,8,1.232485e6,-1.1227388693943023,-0.8619484131774695,TIME_LIMIT,292478,0,0,16,15
5,8,1.232601e6,-1.1227379674331592,-0.8619484131774695,TIME_LIMIT,292505,0,0,13,4
5,8,1.232763e6,-1.1227379674331592,-0.8619484131774695,TIME_LIMIT,292528,0,0,16,16
5,8,1.232986e6,-1.1227302080303379,-0.8619484131774695,TIME_LIMIT,292564,0,0,6,5
5,8,1.233068e6,-1.1227302080303379,-0.8619484131774695,TIME_LIMIT,292583,0,0,10,11
5,8,1.233126e6,-1.1227264309741634,-0.8619484131774695,TIME_LIMIT,292599,0,0,4,7
5,8,1.233219e6,-1.1227264309741634,-0.8619484131774695,TIME_LIMIT,292626,0,0,11,8
5,8,1.23327e6,-1.1227142537258188,-0.8619484131774695,TIME_LIMIT,292646,0,0,15,3
5,8,1.233489e6,-1.1227142537258188,-0.8619484131774695,TIME_LIMIT,292669,0,0,21,15
5,8,1.233732e6,-1.1227050957719602,-0.8619484131774695,TIME_LIMIT,292702,0,0,16,17
5,8,1.233803e6,-1.1227050957719602,-0.8619484131774695,TIME_LIMIT,292720,0,0,11,12
5,8,1.233865e6,-1.1227037559374753,-0.8619484131774695,TIME_LIMIT,292739,0,0,10,6
5,8,1.233958e6,-1.1227037559374753,-0.8619484131774695,TIME_LIMIT,292762,0,0,15,24
5,8,1.234177e6,-1.1226862535903837,-0.8619484131774695,TIME_LIMIT,292793,0,0,11,6
5,8,1.234328e6,-1.1226862535903837,-0.8619484131774695,TIME_LIMIT,292824,0,0,17,18
5,8,1.234408e6,-1.1226731024998748,-0.8619484131774695,TIME_LIMIT,292845,0,0,20,10
5,8,1.234505e6,-1.1226731024998748,-0.8619484131774695,TIME_LIMIT,292862,0,0,10,13
5,8,1.234535e6,-1.1226611479915491,-0.8619484131774695,TIME_LIMIT,292884,0,0,10,1
5,8,1.234616e6,-1.1226611479915491,-0.8619484131774695,TIME_LIMIT,292906,0,0,9,13
5,8,1.234669e6,-1.1226563807047083,-0.8619484131774695,TIME_LIMIT,292930,0,0,12,6
5,8,1.234808e6,-1.1226563807047083,-0.8619484131774695,TIME_LIMIT,292959,0,0,16,33
5,8,1.235025e6,-1.122655408823801,-0.8619484131774695,TIME_LIMIT,292984,0,0,5,13
5,8,1.235177e6,-1.122655408823801,-0.8619484131774695,TIME_LIMIT,293006,0,0,11,17
5,8,1.23527e6,-1.1226532785584222,-0.8619484131774695,TIME_LIMIT,293036,0,0,10,6
5,8,1.235471e6,-1.1226532785584222,-0.8619484131774695,TIME_LIMIT,293067,0,0,17,20
5,8,1.235685e6,-1.1226513645941196,-0.8619484131774695,TIME_LIMIT,293095,0,0,16,9
5,8,1.235741e6,-1.1226513645941196,-0.8619484131774695,TIME_LIMIT,293116,0,0,7,5
5,8,1.23577e6,-1.122649360476394,-0.8619484131774695,TIME_LIMIT,293125,0,0,6,4
5,8,1.235853e6,-1.122649360476394,-0.8619484131774695,TIME_LIMIT,293148,0,0,12,15
5,8,1.235961e6,-1.122647362340223,-0.8619484131774695,TIME_LIMIT,293172,0,0,9,5
5,8,1.236094e6,-1.122647362340223,-0.8619484131774695,TIME_LIMIT,293192,0,0,18,18
5,8,1.236282e6,-1.1226402457052442,-0.8619484131774695,TIME_LIMIT,293226,0,0,14,10
5,8,1.236434e6,-1.1226402457052442,-0.8619484131774695,TIME_LIMIT,293253,0,0,17,13
5,8,1.236513e6,-1.1226171421799571,-0.8619484131774695,TIME_LIMIT,293278,0,0,7,9
5,8,1.236699e6,-1.1226171421799571,-0.8619484131774695,TIME_LIMIT,293301,0,0,9,7
5,8,1.236773e6,-1.1226098145560053,-0.8619484131774695,TIME_LIMIT,293326,0,0,11,6
5,8,1.236887e6,-1.1226098145560053,-0.8619484131774695,TIME_LIMIT,293344,0,0,9,19
5,8,1.236982e6,-1.1226073089633086,-0.8619484131774695,TIME_LIMIT,293361,0,0,11,5
5,8,1.237027e6,-1.1226073089633086,-0.8619484131774695,TIME_LIMIT,293379,0,0,11,9
5,8,1.237175e6,-1.1225872477693968,-0.8619484131774695,TIME_LIMIT,293411,0,0,13,4
5,8,1.237263e6,-1.1225872477693968,-0.8619484131774695,TIME_LIMIT,293437,0,0,5,8
5,8,1.237293e6,-1.1225842459185533,-0.8619484131774695,TIME_LIMIT,293455,0,0,10,2
5,8,1.237322e6,-1.1225842459185533,-0.8619484131774695,TIME_LIMIT,293467,0,0,5,5
5,8,1.237379e6,-1.1225821008186703,-0.8619484131774695,TIME_LIMIT,293480,0,0,4,2
5,8,1.237437e6,-1.1225821008186703,-0.8619484131774695,TIME_LIMIT,293505,0,0,16,12
5,8,1.237561e6,-1.1225729523180852,-0.8619484131774695,TIME_LIMIT,293528,0,0,7,8
5,8,1.237675e6,-1.1225729523180852,-0.8619484131774695,TIME_LIMIT,293552,0,0,15,22
5,8,1.237928e6,-1.1225666935064984,-0.8619484131774695,TIME_LIMIT,293583,0,0,10,9
5,8,1.238055e6,-1.1225666935064984,-0.8619484131774695,TIME_LIMIT,293607,0,0,7,10
5,8,1.238222e6,-1.1225457233769442,-0.8619484131774695,TIME_LIMIT,293634,0,0,8,5
5,8,1.238322e6,-1.1225457233769442,-0.8619484131774695,TIME_LIMIT,293655,0,0,10,10
5,8,1.238409e6,-1.1225434577406281,-0.8619484131774695,TIME_LIMIT,293675,0,0,10,1
5,8,1.238501e6,-1.1225434577406281,-0.8619484131774695,TIME_LIMIT,293697,0,0,20,13
5,8,1.238556e6,-1.1225329488936144,-0.8619484131774695,TIME_LIMIT,293718,0,0,8,3
5,8,1.238647e6,-1.1225329488936144,-0.8619484131774695,TIME_LIMIT,293742,0,0,11,25
5,8,1.238798e6,-1.1225001908236782,-0.8619484131774695,TIME_LIMIT,293772,0,0,9,10
5,8,1.238842e6,-1.1225001908236782,-0.8619484131774695,TIME_LIMIT,293791,0,0,5,3
5,8,1.2389e6,-1.12249868742589,-0.8619484131774695,TIME_LIMIT,293816,0,0,9,7
5,8,1.238945e6,-1.12249868742589,-0.8619484131774695,TIME_LIMIT,293835,0,0,11,14
5,8,1.239053e6,-1.1224923715788047,-0.8619484131774695,TIME_LIMIT,293869,0,0,13,7
5,8,1.239295e6,-1.1224923715788047,-0.8619484131774695,TIME_LIMIT,293899,0,0,11,11
5,8,1.239529e6,-1.1224894058345987,-0.8619484131774695,TIME_LIMIT,293929,0,0,12,6
5,8,1.239576e6,-1.1224894058345987,-0.8619484131774695,TIME_LIMIT,293947,0,0,10,7
5,8,1.239656e6,-1.1224743546156137,-0.8619484131774695,TIME_LIMIT,293969,0,0,11,7
5,8,1.23973e6,-1.1224743546156137,-0.8619484131774695,TIME_LIMIT,293986,0,0,11,13
5,8,1.239801e6,-1.1224692697393435,-0.8619484131774695,TIME_LIMIT,294011,0,0,6,4
5,8,1.239972e6,-1.1224692697393435,-0.8619484131774695,TIME_LIMIT,294035,0,0,16,11
5,8,1.240012e6,-1.1224618097937524,-0.8619484131774695,TIME_LIMIT,294054,0,0,5,4
5,8,1.240222e6,-1.1224618097937524,-0.8619484131774695,TIME_LIMIT,294078,0,0,10,13
5,8,1.240312e6,-1.12245347663714,-0.8619484131774695,TIME_LIMIT,294109,0,0,11,6
5,8,1.240381e6,-1.12245347663714,-0.8619484131774695,TIME_LIMIT,294128,0,0,11,7
5,8,1.240461e6,-1.1224483235054727,-0.8619484131774695,TIME_LIMIT,294148,0,0,6,3
5,8,1.240535e6,-1.1224483235054727,-0.8619484131774695,TIME_LIMIT,294173,0,0,13,20
5,8,1.240635e6,-1.1224454016881962,-0.8619484131774695,TIME_LIMIT,294196,0,0,7,10
5,8,1.240674e6,-1.1224454016881962,-0.8619484131774695,TIME_LIMIT,294214,0,0,9,9
5,8,1.240775e6,-1.1224394274396219,-0.8619484131774695,TIME_LIMIT,294233,0,0,5,4
5,8,1.240873e6,-1.1224394274396219,-0.8619484131774695,TIME_LIMIT,294258,0,0,6,4
5,8,1.240953e6,-1.1224104280690992,-0.8619484131774695,TIME_LIMIT,294275,0,0,8,2
5,8,1.241094e6,-1.1224104280690992,-0.8619484131774695,TIME_LIMIT,294299,0,0,9,21
5,8,1.241305e6,-1.1224092916817063,-0.8619484131774695,TIME_LIMIT,294334,0,0,10,15
5,8,1.24137e6,-1.1224092916817063,-0.8619484131774695,TIME_LIMIT,294349,0,0,9,12
5,8,1.241509e6,-1.1224030376604635,-0.8619484131774695,TIME_LIMIT,294375,0,0,9,5
5,8,1.241731e6,-1.1224030376604635,-0.8619484131774695,TIME_LIMIT,294405,0,0,20,13
5,8,1.241824e6,-1.122389900498249,-0.8619484131774695,TIME_LIMIT,294428,0,0,12,11
5,8,1.241988e6,-1.122389900498249,-0.8619484131774695,TIME_LIMIT,294450,0,0,7,12
5,8,1.24209e6,-1.122381879235411,-0.8619484131774695,TIME_LIMIT,294484,0,0,4,8
5,8,1.242274e6,-1.122381879235411,-0.8619484131774695,TIME_LIMIT,294508,0,0,12,31
5,8,1.242401e6,-1.1223540076123997,-0.8619484131774695,TIME_LIMIT,294539,0,0,14,7
5,8,1.242466e6,-1.1223540076123997,-0.8619484131774695,TIME_LIMIT,294559,0,0,12,9
5,8,1.24253e6,-1.1223506120501083,-0.8619484131774695,TIME_LIMIT,294581,0,0,6,5
5,8,1.242613e6,-1.1223506120501083,-0.8619484131774695,TIME_LIMIT,294597,0,0,9,8
5,8,1.242711e6,-1.122347915073844,-0.8619484131774695,TIME_LIMIT,294625,0,0,15,2
5,8,1.242802e6,-1.122347915073844,-0.8619484131774695,TIME_LIMIT,294646,0,0,9,13
5,8,1.242879e6,-1.122346242733573,-0.8619484131774695,TIME_LIMIT,294668,0,0,7,3
5,8,1.2431e6,-1.122346242733573,-0.8619484131774695,TIME_LIMIT,294700,0,0,22,17
5,8,1.243237e6,-1.1223453355793258,-0.8619484131774695,TIME_LIMIT,294726,0,0,16,10
5,8,1.243436e6,-1.1223453355793258,-0.8619484131774695,TIME_LIMIT,294748,0,0,15,14
5,8,1.243571e6,-1.1223346514876815,-0.8619484131774695,TIME_LIMIT,294783,0,0,10,8
5,8,1.243659e6,-1.1223346514876815,-0.8619484131774695,TIME_LIMIT,294807,0,0,13,7
5,8,1.243721e6,-1.122322596137731,-0.8619484131774695,TIME_LIMIT,294828,0,0,12,13
5,8,1.243844e6,-1.122322596137731,-0.8619484131774695,TIME_LIMIT,294852,0,0,11,5
5,8,1.243918e6,-1.1223075368174844,-0.8619484131774695,TIME_LIMIT,294867,0,0,4,3
5,8,1.244098e6,-1.1223075368174844,-0.8619484131774695,TIME_LIMIT,294896,0,0,14,19
5,8,1.244294e6,-1.1223037873914428,-0.8619484131774695,TIME_LIMIT,294939,0,0,15,12
5,8,1.244394e6,-1.1223037873914428,-0.8619484131774695,TIME_LIMIT,294961,0,0,9,8
5,8,1.244528e6,-1.1222973448305582,-0.8619484131774695,TIME_LIMIT,294993,0,0,15,15
5,8,1.244611e6,-1.1222973448305582,-0.8619484131774695,TIME_LIMIT,295014,0,0,12,5
5,8,1.244677e6,-1.1222919389452057,-0.8619484131774695,TIME_LIMIT,295039,0,0,14,3
5,8,1.244731e6,-1.1222919389452057,-0.8619484131774695,TIME_LIMIT,295063,0,0,8,5
5,8,1.244771e6,-1.1222846596583733,-0.8619484131774695,TIME_LIMIT,295078,0,0,5,3
5,8,1.24492e6,-1.1222846596583733,-0.8619484131774695,TIME_LIMIT,295099,0,0,17,16
5,8,1.245003e6,-1.122277359225002,-0.8619484131774695,TIME_LIMIT,295125,0,0,6,5
5,8,1.24511e6,-1.122277359225002,-0.8619484131774695,TIME_LIMIT,295146,0,0,24,15
5,8,1.245275e6,-1.1222674447629217,-0.8619484131774695,TIME_LIMIT,295183,0,0,12,7
5,8,1.245421e6,-1.1222674447629217,-0.8619484131774695,TIME_LIMIT,295207,0,0,9,24
5,8,1.245527e6,-1.1222522835418673,-0.8619484131774695,TIME_LIMIT,295240,0,0,11,8
5,8,1.245635e6,-1.1222522835418673,-0.8619484131774695,TIME_LIMIT,295264,0,0,13,8
5,8,1.245855e6,-1.1222442195670346,-0.8619484131774695,TIME_LIMIT,295305,0,0,14,16
5,8,1.24603e6,-1.1222442195670346,-0.8619484131774695,TIME_LIMIT,295325,0,0,11,9
5,8,1.246107e6,-1.1222430454183305,-0.8619484131774695,TIME_LIMIT,295350,0,0,9,4
5,8,1.246167e6,-1.1222430454183305,-0.8619484131774695,TIME_LIMIT,295369,0,0,14,17
5,8,1.246259e6,-1.1222377356398954,-0.8619484131774695,TIME_LIMIT,295397,0,0,6,3
5,8,1.246367e6,-1.1222377356398954,-0.8619484131774695,TIME_LIMIT,295428,0,0,15,6
5,8,1.246457e6,-1.1222376102798677,-0.8619484131774695,TIME_LIMIT,295455,0,0,4,7
5,8,1.246538e6,-1.1222376102798677,-0.8619484131774695,TIME_LIMIT,295479,0,0,17,7
5,8,1.246685e6,-1.122233995676562,-0.8619484131774695,TIME_LIMIT,295503,0,0,10,5
5,8,1.246829e6,-1.122233995676562,-0.8619484131774695,TIME_LIMIT,295525,0,0,18,15
5,8,1.246889e6,-1.1222257437331984,-0.8619484131774695,TIME_LIMIT,295546,0,0,12,15
5,8,1.246974e6,-1.1222257437331984,-0.8619484131774695,TIME_LIMIT,295567,0,0,13,15
5,8,1.247071e6,-1.122218645279513,-0.8619484131774695,TIME_LIMIT,295594,0,0,7,4
5,8,1.247147e6,-1.122218645279513,-0.8619484131774695,TIME_LIMIT,295618,0,0,9,7
5,8,1.247174e6,-1.1222138156261057,-0.8619484131774695,TIME_LIMIT,295632,0,0,7,5
5,8,1.247241e6,-1.1222138156261057,-0.8619484131774695,TIME_LIMIT,295648,0,0,8,22
5,8,1.247351e6,-1.1222067655286028,-0.8619484131774695,TIME_LIMIT,295678,0,0,7,8
5,8,1.247454e6,-1.1222067655286028,-0.8619484131774695,TIME_LIMIT,295701,0,0,14,8
5,8,1.247612e6,-1.122202960118605,-0.8619484131774695,TIME_LIMIT,295724,0,0,14,8
5,8,1.247739e6,-1.122202960118605,-0.8619484131774695,TIME_LIMIT,295748,0,0,12,15
5,8,1.247801e6,-1.12219450868447,-0.8619484131774695,TIME_LIMIT,295766,0,0,9,4
5,8,1.2479e6,-1.12219450868447,-0.8619484131774695,TIME_LIMIT,295783,0,0,12,15
5,8,1.248116e6,-1.1221921569463102,-0.8619484131774695,TIME_LIMIT,295824,0,0,2,9
5,8,1.248336e6,-1.1221921569463102,-0.8619484131774695,TIME_LIMIT,295847,0,0,14,28
5,8,1.248445e6,-1.1221882662830867,-0.8619484131774695,TIME_LIMIT,295883,0,0,2,8
5,8,1.248663e6,-1.1221882662830867,-0.8619484131774695,TIME_LIMIT,295911,0,0,15,12
5,8,1.248835e6,-1.1221871742992078,-0.8619484131774695,TIME_LIMIT,295936,0,0,11,13
5,8,1.248928e6,-1.1221871742992078,-0.8619484131774695,TIME_LIMIT,295961,0,0,3,21
5,8,1.249118e6,-1.1221848111848582,-0.8619484131774695,TIME_LIMIT,296000,0,0,11,16
5,8,1.249202e6,-1.1221848111848582,-0.8619484131774695,TIME_LIMIT,296016,0,0,14,5
5,8,1.249246e6,-1.1221702592703393,-0.8619484131774695,TIME_LIMIT,296041,0,0,8,7
5,8,1.249336e6,-1.1221702592703393,-0.8619484131774695,TIME_LIMIT,296065,0,0,12,12
5,8,1.249396e6,-1.1221678915471756,-0.8619484131774695,TIME_LIMIT,296080,0,0,10,6
5,8,1.249444e6,-1.1221678915471756,-0.8619484131774695,TIME_LIMIT,296101,0,0,7,2
5,8,1.24951e6,-1.122161317298569,-0.8619484131774695,TIME_LIMIT,296119,0,0,8,2
5,8,1.24959e6,-1.122161317298569,-0.8619484131774695,TIME_LIMIT,296138,0,0,10,20
5,8,1.249757e6,-1.1221596382427692,-0.8619484131774695,TIME_LIMIT,296172,0,0,10,7
5,8,1.249852e6,-1.1221596382427692,-0.8619484131774695,TIME_LIMIT,296197,0,0,7,4
5,8,1.249913e6,-1.1221554548237571,-0.8619484131774695,TIME_LIMIT,296213,0,0,5,6
5,8,1.250071e6,-1.1221554548237571,-0.8619484131774695,TIME_LIMIT,296239,0,0,9,4
5,8,1.250159e6,-1.1221554435374366,-0.8619484131774695,TIME_LIMIT,296261,0,0,17,8
5,8,1.25021e6,-1.1221554435374366,-0.8619484131774695,TIME_LIMIT,296279,0,0,9,14
5,8,1.250306e6,-1.1221091562789471,-0.8619484131774695,TIME_LIMIT,296301,0,0,5,7
5,8,1.250362e6,-1.1221091562789471,-0.8619484131774695,TIME_LIMIT,296321,0,0,8,10
5,8,1.250435e6,-1.122101728863808,-0.8619484131774695,TIME_LIMIT,296342,0,0,8,7
5,8,1.250654e6,-1.122101728863808,-0.8619484131774695,TIME_LIMIT,296364,0,0,16,22
5,8,1.250885e6,-1.1220973299841421,-0.8619484131774695,TIME_LIMIT,296393,0,0,13,12
5,8,1.251015e6,-1.1220973299841421,-0.8619484131774695,TIME_LIMIT,296416,0,0,13,26
5,8,1.251222e6,-1.1220945954241173,-0.8619484131774695,TIME_LIMIT,296451,0,0,7,14
5,8,1.251305e6,-1.1220945954241173,-0.8619484131774695,TIME_LIMIT,296473,0,0,18,8
5,8,1.25135e6,-1.1220896969201188,-0.8619484131774695,TIME_LIMIT,296495,0,0,7,4
5,8,1.251534e6,-1.1220896969201188,-0.8619484131774695,TIME_LIMIT,296525,0,0,21,18
5,8,1.251594e6,-1.1220842924032528,-0.8619484131774695,TIME_LIMIT,296548,0,0,17,4
5,8,1.251684e6,-1.1220842924032528,-0.8619484131774695,TIME_LIMIT,296568,0,0,9,10
5,8,1.251772e6,-1.1220749839580346,-0.8619484131774695,TIME_LIMIT,296588,0,0,7,6
5,8,1.251841e6,-1.1220749839580346,-0.8619484131774695,TIME_LIMIT,296605,0,0,10,5
5,8,1.251887e6,-1.1220720815496237,-0.8619484131774695,TIME_LIMIT,296623,0,0,7,5
5,8,1.252106e6,-1.1220720815496237,-0.8619484131774695,TIME_LIMIT,296657,0,0,10,13
5,8,1.252336e6,-1.1220646930687188,-0.8619484131774695,TIME_LIMIT,296690,0,0,13,11
5,8,1.252392e6,-1.1220646930687188,-0.8619484131774695,TIME_LIMIT,296709,0,0,13,1
5,8,1.252422e6,-1.1220636769862922,-0.8619484131774695,TIME_LIMIT,296727,0,0,7,0
5,8,1.252533e6,-1.1220636769862922,-0.8619484131774695,TIME_LIMIT,296754,0,0,14,18
5,8,1.252636e6,-1.1220588513299614,-0.8619484131774695,TIME_LIMIT,296783,0,0,12,8
5,8,1.252719e6,-1.1220588513299614,-0.8619484131774695,TIME_LIMIT,296801,0,0,3,9
5,8,1.252746e6,-1.1220576449779276,-0.8619484131774695,TIME_LIMIT,296814,0,0,6,4
5,8,1.252889e6,-1.1220576449779276,-0.8619484131774695,TIME_LIMIT,296838,0,0,11,17
5,8,1.252947e6,-1.1220560255354999,-0.8619484131774695,TIME_LIMIT,296869,0,0,12,8
5,8,1.253081e6,-1.1220560255354999,-0.8619484131774695,TIME_LIMIT,296898,0,0,14,9
5,8,1.253316e6,-1.1220505413547257,-0.8619484131774695,TIME_LIMIT,296928,0,0,16,13
5,8,1.253367e6,-1.1220505413547257,-0.8619484131774695,TIME_LIMIT,296948,0,0,9,9
5,8,1.253521e6,-1.1220495715081056,-0.8619484131774695,TIME_LIMIT,296968,0,0,11,7
5,8,1.253574e6,-1.1220495715081056,-0.8619484131774695,TIME_LIMIT,296987,0,0,11,7
5,8,1.253644e6,-1.1220389529079888,-0.8619484131774695,TIME_LIMIT,297005,0,0,4,6
5,8,1.253794e6,-1.1220389529079888,-0.8619484131774695,TIME_LIMIT,297025,0,0,10,9
5,8,1.253828e6,-1.1220381122068233,-0.8619484131774695,TIME_LIMIT,297050,0,0,10,2
5,8,1.253963e6,-1.1220381122068233,-0.8619484131774695,TIME_LIMIT,297068,0,0,12,12
5,8,1.254067e6,-1.122035923432195,-0.8619484131774695,TIME_LIMIT,297097,0,0,4,6
5,8,1.254236e6,-1.122035923432195,-0.8619484131774695,TIME_LIMIT,297124,0,0,18,21
5,8,1.254301e6,-1.1220343545837768,-0.8619484131774695,TIME_LIMIT,297150,0,0,12,8
5,8,1.254415e6,-1.1220343545837768,-0.8619484131774695,TIME_LIMIT,297172,0,0,10,6
5,8,1.254454e6,-1.122031662317861,-0.8619484131774695,TIME_LIMIT,297183,0,0,3,3
5,8,1.254535e6,-1.122031662317861,-0.8619484131774695,TIME_LIMIT,297203,0,0,11,13
5,8,1.254605e6,-1.1220288642382725,-0.8619484131774695,TIME_LIMIT,297228,0,0,7,4
5,8,1.254806e6,-1.1220288642382725,-0.8619484131774695,TIME_LIMIT,297255,0,0,16,11
5,8,1.254972e6,-1.1220252065286962,-0.8619484131774695,TIME_LIMIT,297279,0,0,2,12
5,8,1.255022e6,-1.1220252065286962,-0.8619484131774695,TIME_LIMIT,297291,0,0,5,7
5,8,1.255043e6,-1.1220151147998025,-0.8619484131774695,TIME_LIMIT,297309,0,0,7,1
5,8,1.255222e6,-1.1220151147998025,-0.8619484131774695,TIME_LIMIT,297331,0,0,11,15
5,8,1.255398e6,-1.1219966250601914,-0.8619484131774695,TIME_LIMIT,297369,0,0,4,8
5,8,1.255454e6,-1.1219966250601914,-0.8619484131774695,TIME_LIMIT,297389,0,0,16,10
5,8,1.255621e6,-1.1219701100754231,-0.8619484131774695,TIME_LIMIT,297432,0,0,18,14
5,8,1.255829e6,-1.1219701100754231,-0.8619484131774695,TIME_LIMIT,297451,0,0,15,15
5,8,1.256075e6,-1.121955062307526,-0.8619484131774695,TIME_LIMIT,297486,0,0,16,8
5,8,1.256214e6,-1.121955062307526,-0.8619484131774695,TIME_LIMIT,297521,0,0,16,19
5,8,1.256366e6,-1.1219517800106589,-0.8619484131774695,TIME_LIMIT,297546,0,0,8,14
5,8,1.256561e6,-1.1219517800106589,-0.8619484131774695,TIME_LIMIT,297577,0,0,17,8
5,8,1.256665e6,-1.1219324392770895,-0.8619484131774695,TIME_LIMIT,297600,0,0,14,12
5,8,1.256876e6,-1.1219324392770895,-0.8619484131774695,TIME_LIMIT,297622,0,0,14,19
5,8,1.256973e6,-1.1219279915713525,-0.8619484131774695,TIME_LIMIT,297646,0,0,12,2
5,8,1.257173e6,-1.1219279915713525,-0.8619484131774695,TIME_LIMIT,297673,0,0,11,22
5,8,1.257342e6,-1.121926337202789,-0.8619484131774695,TIME_LIMIT,297702,0,0,7,11
5,8,1.257438e6,-1.121926337202789,-0.8619484131774695,TIME_LIMIT,297724,0,0,7,3
5,8,1.257517e6,-1.1219165609337662,-0.8619484131774695,TIME_LIMIT,297740,0,0,8,2
5,8,1.257716e6,-1.1219165609337662,-0.8619484131774695,TIME_LIMIT,297770,0,0,7,16
5,8,1.257873e6,-1.1218979487349776,-0.8619484131774695,TIME_LIMIT,297795,0,0,11,7
5,8,1.258088e6,-1.1218979487349776,-0.8619484131774695,TIME_LIMIT,297825,0,0,12,23
5,8,1.258168e6,-1.1218933018156496,-0.8619484131774695,TIME_LIMIT,297855,0,0,14,12
5,8,1.258218e6,-1.1218933018156496,-0.8619484131774695,TIME_LIMIT,297880,0,0,14,6
5,8,1.258273e6,-1.1218919309318052,-0.8619484131774695,TIME_LIMIT,297891,0,0,9,5
5,8,1.258372e6,-1.1218919309318052,-0.8619484131774695,TIME_LIMIT,297918,0,0,23,28
5,8,1.258584e6,-1.1218883271580662,-0.8619484131774695,TIME_LIMIT,297954,0,0,9,7
5,8,1.258767e6,-1.1218883271580662,-0.8619484131774695,TIME_LIMIT,297978,0,0,8,12
5,8,1.258907e6,-1.121885910934651,-0.8619484131774695,TIME_LIMIT,298007,0,0,6,7
5,8,1.258989e6,-1.121885910934651,-0.8619484131774695,TIME_LIMIT,298030,0,0,8,10
5,8,1.259026e6,-1.1218752561637393,-0.8619484131774695,TIME_LIMIT,298046,0,0,3,4
5,8,1.25917e6,-1.1218752561637393,-0.8619484131774695,TIME_LIMIT,298072,0,0,14,11
5,8,1.259296e6,-1.121866741878963,-0.8619484131774695,TIME_LIMIT,298091,0,0,8,3
5,8,1.259495e6,-1.121866741878963,-0.8619484131774695,TIME_LIMIT,298117,0,0,11,16
5,8,1.259657e6,-1.1218627093561748,-0.8619484131774695,TIME_LIMIT,298153,0,0,21,10
5,8,1.259769e6,-1.1218627093561748,-0.8619484131774695,TIME_LIMIT,298180,0,0,11,7
5,8,1.259954e6,-1.1218606825002526,-0.8619484131774695,TIME_LIMIT,298212,0,0,6,9
5,8,1.260027e6,-1.1218606825002526,-0.8619484131774695,TIME_LIMIT,298234,0,0,12,5
5,8,1.260175e6,-1.1218557527227748,-0.8619484131774695,TIME_LIMIT,298271,0,0,15,11
5,8,1.260261e6,-1.1218557527227748,-0.8619484131774695,TIME_LIMIT,298295,0,0,10,3
5,8,1.260291e6,-1.1218535183948342,-0.8619484131774695,TIME_LIMIT,298316,0,0,10,2
5,8,1.260391e6,-1.1218535183948342,-0.8619484131774695,TIME_LIMIT,298344,0,0,23,21
5,8,1.260473e6,-1.1218526132972375,-0.8619484131774695,TIME_LIMIT,298368,0,0,9,3
5,8,1.260586e6,-1.1218526132972375,-0.8619484131774695,TIME_LIMIT,298392,0,0,15,6
5,8,1.260707e6,-1.1218525565987025,-0.8619484131774695,TIME_LIMIT,298419,0,0,7,4
5,8,1.260922e6,-1.1218525565987025,-0.8619484131774695,TIME_LIMIT,298444,0,0,21,5
5,8,1.261046e6,-1.1218456062072204,-0.8619484131774695,TIME_LIMIT,298468,0,0,17,5
5,8,1.261114e6,-1.1218456062072204,-0.8619484131774695,TIME_LIMIT,298485,0,0,11,7
5,8,1.261175e6,-1.1218376130324863,-0.8619484131774695,TIME_LIMIT,298514,0,0,9,3
5,8,1.261344e6,-1.1218376130324863,-0.8619484131774695,TIME_LIMIT,298534,0,0,11,12
5,8,1.261399e6,-1.1218098208773957,-0.8619484131774695,TIME_LIMIT,298559,0,0,5,3
5,8,1.261463e6,-1.1218098208773957,-0.8619484131774695,TIME_LIMIT,298578,0,0,7,5
5,8,1.261558e6,-1.121805147971703,-0.8619484131774695,TIME_LIMIT,298595,0,0,10,6
5,8,1.261648e6,-1.121805147971703,-0.8619484131774695,TIME_LIMIT,298618,0,0,14,21
5,8,1.261756e6,-1.1218039981188794,-0.8619484131774695,TIME_LIMIT,298645,0,0,9,10
5,8,1.261858e6,-1.1218039981188794,-0.8619484131774695,TIME_LIMIT,298665,0,0,7,13
5,8,1.26193e6,-1.1217648664627924,-0.8619484131774695,TIME_LIMIT,298691,0,0,4,5
5,8,1.262147e6,-1.1217648664627924,-0.8619484131774695,TIME_LIMIT,298722,0,0,17,12
5,8,1.262237e6,-1.1217593388946998,-0.8619484131774695,TIME_LIMIT,298747,0,0,16,4
5,8,1.262403e6,-1.1217593388946998,-0.8619484131774695,TIME_LIMIT,298785,0,0,22,11
5,8,1.262528e6,-1.1217583856986584,-0.8619484131774695,TIME_LIMIT,298811,0,0,14,7
5,8,1.262702e6,-1.1217583856986584,-0.8619484131774695,TIME_LIMIT,298835,0,0,11,8
5,8,1.262771e6,-1.1217567894979799,-0.8619484131774695,TIME_LIMIT,298864,0,0,11,5
5,8,1.262852e6,-1.1217567894979799,-0.8619484131774695,TIME_LIMIT,298885,0,0,11,5
5,8,1.262972e6,-1.1217538881677398,-0.8619484131774695,TIME_LIMIT,298911,0,0,9,12
5,8,1.26306e6,-1.1217538881677398,-0.8619484131774695,TIME_LIMIT,298935,0,0,8,13
5,8,1.263246e6,-1.1217538722636766,-0.8619484131774695,TIME_LIMIT,298963,0,0,14,8
5,8,1.263292e6,-1.1217538722636766,-0.8619484131774695,TIME_LIMIT,298986,0,0,12,15
5,8,1.263369e6,-1.121753846710703,-0.8619484131774695,TIME_LIMIT,299007,0,0,10,12
5,8,1.263585e6,-1.121753846710703,-0.8619484131774695,TIME_LIMIT,299035,0,0,17,22
5,8,1.26367e6,-1.1217486629370723,-0.8619484131774695,TIME_LIMIT,299063,0,0,13,3
5,8,1.263833e6,-1.1217486629370723,-0.8619484131774695,TIME_LIMIT,299085,0,0,19,25
5,8,1.263929e6,-1.1217481372455897,-0.8619484131774695,TIME_LIMIT,299111,0,0,12,5
5,8,1.264007e6,-1.1217481372455897,-0.8619484131774695,TIME_LIMIT,299132,0,0,9,10
5,8,1.264066e6,-1.1217431022057172,-0.8619484131774695,TIME_LIMIT,299148,0,0,6,8
5,8,1.264121e6,-1.1217431022057172,-0.8619484131774695,TIME_LIMIT,299169,0,0,18,7
5,8,1.264162e6,-1.1217405789167465,-0.8619484131774695,TIME_LIMIT,299190,0,0,6,5
5,8,1.264262e6,-1.1217405789167465,-0.8619484131774695,TIME_LIMIT,299222,0,0,13,4
5,8,1.264356e6,-1.1217366319040054,-0.8619484131774695,TIME_LIMIT,299242,0,0,6,9
5,8,1.264409e6,-1.1217366319040054,-0.8619484131774695,TIME_LIMIT,299259,0,0,9,10
5,8,1.264457e6,-1.1217259009288472,-0.8619484131774695,TIME_LIMIT,299280,0,0,9,5
5,8,1.264607e6,-1.1217259009288472,-0.8619484131774695,TIME_LIMIT,299300,0,0,4,10
5,8,1.264832e6,-1.1216914792460133,-0.8619484131774695,TIME_LIMIT,299338,0,0,6,6
5,8,1.26496e6,-1.1216914792460133,-0.8619484131774695,TIME_LIMIT,299363,0,0,17,20
5,8,1.265087e6,-1.121685930500738,-0.8619484131774695,TIME_LIMIT,299383,0,0,12,13
5,8,1.265171e6,-1.121685930500738,-0.8619484131774695,TIME_LIMIT,299412,0,0,8,8
5,8,1.265367e6,-1.1216712336573522,-0.8619484131774695,TIME_LIMIT,299441,0,0,14,11
5,8,1.265566e6,-1.1216712336573522,-0.8619484131774695,TIME_LIMIT,299468,0,0,15,24
5,8,1.265675e6,-1.1216654740609853,-0.8619484131774695,TIME_LIMIT,299489,0,0,11,20
5,8,1.265739e6,-1.1216654740609853,-0.8619484131774695,TIME_LIMIT,299506,0,0,24,20
5,8,1.26595e6,-1.1216619771843315,-0.8619484131774695,TIME_LIMIT,299541,0,0,10,10
5,8,1.266062e6,-1.1216619771843315,-0.8619484131774695,TIME_LIMIT,299570,0,0,19,14
5,8,1.266185e6,-1.1216596178148077,-0.8619484131774695,TIME_LIMIT,299592,0,0,13,14
5,8,1.266229e6,-1.1216596178148077,-0.8619484131774695,TIME_LIMIT,299609,0,0,7,12
5,8,1.266371e6,-1.1216594323361364,-0.8619484131774695,TIME_LIMIT,299644,0,0,14,12
5,8,1.266426e6,-1.1216594323361364,-0.8619484131774695,TIME_LIMIT,299663,0,0,8,10
5,8,1.266478e6,-1.121651538188766,-0.8619484131774695,TIME_LIMIT,299684,0,0,10,2
5,8,1.26652e6,-1.121651538188766,-0.8619484131774695,TIME_LIMIT,299700,0,0,6,4
5,8,1.266537e6,-1.1216412944389862,-0.8619484131774695,TIME_LIMIT,299714,0,0,5,1
5,8,1.266752e6,-1.1216412944389862,-0.8619484131774695,TIME_LIMIT,299741,0,0,13,19
5,8,1.266948e6,-1.1216372257280716,-0.8619484131774695,TIME_LIMIT,299770,0,0,9,11
5,8,1.266981e6,-1.1216372257280716,-0.8619484131774695,TIME_LIMIT,299784,0,0,8,0
5,8,1.26703e6,-1.1216352618636112,-0.8619484131774695,TIME_LIMIT,299795,0,0,5,2
5,8,1.267154e6,-1.1216352618636112,-0.8619484131774695,TIME_LIMIT,299827,0,0,14,20
5,8,1.267376e6,-1.121627556721171,-0.8619484131774695,TIME_LIMIT,299862,0,0,14,13
5,8,1.267538e6,-1.121627556721171,-0.8619484131774695,TIME_LIMIT,299891,0,0,18,14
5,8,1.26764e6,-1.1216208754902994,-0.8619484131774695,TIME_LIMIT,299917,0,0,5,3
5,8,1.267741e6,-1.1216208754902994,-0.8619484131774695,TIME_LIMIT,299943,0,0,17,16
5,8,1.267949e6,-1.1216195517726737,-0.8619484131774695,TIME_LIMIT,299972,0,0,12,7
5,8,1.268149e6,-1.1216195517726737,-0.8619484131774695,TIME_LIMIT,300004,0,0,17,20
5,8,1.268273e6,-1.1216125524975145,-0.8619484131774695,TIME_LIMIT,300027,0,0,13,11
5,8,1.268353e6,-1.1216125524975145,-0.8619484131774695,TIME_LIMIT,300049,0,0,15,4
5,8,1.268419e6,-1.1216101755092664,-0.8619484131774695,TIME_LIMIT,300069,0,0,9,2
5,8,1.268479e6,-1.1216101755092664,-0.8619484131774695,TIME_LIMIT,300091,0,0,9,12
5,8,1.268584e6,-1.1216065129267705,-0.8619484131774695,TIME_LIMIT,300116,0,0,11,6
5,8,1.26867e6,-1.1216065129267705,-0.8619484131774695,TIME_LIMIT,300129,0,0,9,14
5,8,1.268708e6,-1.1216017194674,-0.8619484131774695,TIME_LIMIT,300151,0,0,12,0
5,8,1.2688e6,-1.1216017194674,-0.8619484131774695,TIME_LIMIT,300172,0,0,20,16
5,8,1.269025e6,-1.1215996219442768,-0.8619484131774695,TIME_LIMIT,300217,0,0,15,11
5,8,1.269159e6,-1.1215996219442768,-0.8619484131774695,TIME_LIMIT,300242,0,0,9,9
5,8,1.269202e6,-1.1215928952750351,-0.8619484131774695,TIME_LIMIT,300259,0,0,1,8
5,8,1.269422e6,-1.1215928952750351,-0.8619484131774695,TIME_LIMIT,300282,0,0,10,13
5,8,1.2695e6,-1.121591574119658,-0.8619484131774695,TIME_LIMIT,300306,0,0,4,2
5,8,1.269629e6,-1.121591574119658,-0.8619484131774695,TIME_LIMIT,300327,0,0,10,11
5,8,1.26971e6,-1.1215836206465144,-0.8619484131774695,TIME_LIMIT,300353,0,0,4,4
5,8,1.269883e6,-1.1215836206465144,-0.8619484131774695,TIME_LIMIT,300376,0,0,12,13
5,8,1.269974e6,-1.1215833162609858,-0.8619484131774695,TIME_LIMIT,300403,0,0,10,4
5,8,1.270063e6,-1.1215833162609858,-0.8619484131774695,TIME_LIMIT,300429,0,0,6,14
5,8,1.270172e6,-1.121580295615264,-0.8619484131774695,TIME_LIMIT,300453,0,0,4,4
5,8,1.270371e6,-1.121580295615264,-0.8619484131774695,TIME_LIMIT,300477,0,0,20,16
5,8,1.270585e6,-1.1215775613835146,-0.8619484131774695,TIME_LIMIT,300504,0,0,15,13
5,8,1.270656e6,-1.1215775613835146,-0.8619484131774695,TIME_LIMIT,300518,0,0,9,5
5,8,1.270789e6,-1.121569884481084,-0.8619484131774695,TIME_LIMIT,300541,0,0,13,1
5,8,1.270892e6,-1.121569884481084,-0.8619484131774695,TIME_LIMIT,300566,0,0,8,12
5,8,1.271166e6,-1.1215665482418111,-0.8619484131774695,TIME_LIMIT,300604,0,0,9,7
5,8,1.271198e6,-1.1215665482418111,-0.8619484131774695,TIME_LIMIT,300618,0,0,10,13
5,8,1.271257e6,-1.1215583421700406,-0.8619484131774695,TIME_LIMIT,300637,0,0,5,3
5,8,1.271456e6,-1.1215583421700406,-0.8619484131774695,TIME_LIMIT,300664,0,0,7,11
5,8,1.271586e6,-1.121544041909672,-0.8619484131774695,TIME_LIMIT,300692,0,0,17,4
5,8,1.271785e6,-1.121544041909672,-0.8619484131774695,TIME_LIMIT,300725,0,0,10,18
5,8,1.2719e6,-1.1215419339526471,-0.8619484131774695,TIME_LIMIT,300752,0,0,7,5
5,8,1.272043e6,-1.1215419339526471,-0.8619484131774695,TIME_LIMIT,300777,0,0,13,6
5,8,1.27215e6,-1.1215334539406394,-0.8619484131774695,TIME_LIMIT,300798,0,0,8,8
5,8,1.272396e6,-1.1215334539406394,-0.8619484131774695,TIME_LIMIT,300819,0,0,15,26
5,8,1.272524e6,-1.1215265009735398,-0.8619484131774695,TIME_LIMIT,300855,0,0,10,5
5,8,1.272708e6,-1.1215265009735398,-0.8619484131774695,TIME_LIMIT,300882,0,0,17,15
5,8,1.272797e6,-1.1215235438573279,-0.8619484131774695,TIME_LIMIT,300908,0,0,6,9
5,8,1.272843e6,-1.1215235438573279,-0.8619484131774695,TIME_LIMIT,300926,0,0,11,4
5,8,1.27292e6,-1.1215215383172206,-0.8619484131774695,TIME_LIMIT,300949,0,0,14,6
5,8,1.272981e6,-1.1215215383172206,-0.8619484131774695,TIME_LIMIT,300972,0,0,8,6
5,8,1.273084e6,-1.1215159882865757,-0.8619484131774695,TIME_LIMIT,300990,0,0,12,5
5,8,1.273203e6,-1.1215159882865757,-0.8619484131774695,TIME_LIMIT,301017,0,0,12,11
5,8,1.273418e6,-1.1215153618497382,-0.8619484131774695,TIME_LIMIT,301041,0,0,10,5
5,8,1.273573e6,-1.1215153618497382,-0.8619484131774695,TIME_LIMIT,301062,0,0,8,10
5,8,1.273641e6,-1.121508321856926,-0.8619484131774695,TIME_LIMIT,301079,0,0,3,5
5,8,1.273729e6,-1.121508321856926,-0.8619484131774695,TIME_LIMIT,301107,0,0,10,17
5,8,1.273851e6,-1.1215043185172882,-0.8619484131774695,TIME_LIMIT,301135,0,0,8,9
5,8,1.273998e6,-1.1215043185172882,-0.8619484131774695,TIME_LIMIT,301157,0,0,10,19
5,8,1.274223e6,-1.1214960595860748,-0.8619484131774695,TIME_LIMIT,301193,0,0,8,9
5,8,1.27431e6,-1.1214960595860748,-0.8619484131774695,TIME_LIMIT,301215,0,0,14,5
5,8,1.274435e6,-1.1214947295399917,-0.8619484131774695,TIME_LIMIT,301243,0,0,10,4
5,8,1.274572e6,-1.1214947295399917,-0.8619484131774695,TIME_LIMIT,301265,0,0,14,11
5,8,1.274784e6,-1.1214812131466563,-0.8619484131774695,TIME_LIMIT,301300,0,0,11,8
5,8,1.274947e6,-1.1214812131466563,-0.8619484131774695,TIME_LIMIT,301323,0,0,12,18
5,8,1.275159e6,-1.121480113447369,-0.8619484131774695,TIME_LIMIT,301362,0,0,17,11
5,8,1.275357e6,-1.121480113447369,-0.8619484131774695,TIME_LIMIT,301389,0,0,20,24
5,8,1.275516e6,-1.1214727772363473,-0.8619484131774695,TIME_LIMIT,301427,0,0,8,7
5,8,1.27562e6,-1.1214727772363473,-0.8619484131774695,TIME_LIMIT,301446,0,0,9,8
5,8,1.275677e6,-1.1214676308481728,-0.8619484131774695,TIME_LIMIT,301468,0,0,7,3
5,8,1.275737e6,-1.1214676308481728,-0.8619484131774695,TIME_LIMIT,301487,0,0,8,16
5,8,1.27582e6,-1.1214577394225058,-0.8619484131774695,TIME_LIMIT,301521,0,0,11,10
5,8,1.275979e6,-1.1214577394225058,-0.8619484131774695,TIME_LIMIT,301547,0,0,13,14
5,8,1.276194e6,-1.1214508606439189,-0.8619484131774695,TIME_LIMIT,301581,0,0,11,12
5,8,1.276266e6,-1.1214508606439189,-0.8619484131774695,TIME_LIMIT,301602,0,0,17,17
5,8,1.27631e6,-1.1214352667660439,-0.8619484131774695,TIME_LIMIT,301626,0,0,9,2
5,8,1.276463e6,-1.1214352667660439,-0.8619484131774695,TIME_LIMIT,301646,0,0,16,29
5,8,1.276679e6,-1.1214303141396984,-0.8619484131774695,TIME_LIMIT,301681,0,0,16,7
5,8,1.276791e6,-1.1214303141396984,-0.8619484131774695,TIME_LIMIT,301704,0,0,21,9
5,8,1.27691e6,-1.1214290188503178,-0.8619484131774695,TIME_LIMIT,301727,0,0,15,6
5,8,1.277018e6,-1.1214290188503178,-0.8619484131774695,TIME_LIMIT,301749,0,0,7,4
5,8,1.277121e6,-1.1214286561769002,-0.8619484131774695,TIME_LIMIT,301774,0,0,16,7
5,8,1.277199e6,-1.1214286561769002,-0.8619484131774695,TIME_LIMIT,301796,0,0,10,15
5,8,1.277315e6,-1.1214107297977982,-0.8619484131774695,TIME_LIMIT,301814,0,0,10,10
5,8,1.277363e6,-1.1214107297977982,-0.8619484131774695,TIME_LIMIT,301830,0,0,10,6
5,8,1.277553e6,-1.121404109255066,-0.8619484131774695,TIME_LIMIT,301862,0,0,7,6
5,8,1.27766e6,-1.121404109255066,-0.8619484131774695,TIME_LIMIT,301883,0,0,18,22
5,8,1.277831e6,-1.1213952110116936,-0.8619484131774695,TIME_LIMIT,301916,0,0,16,9
5,8,1.277925e6,-1.1213952110116936,-0.8619484131774695,TIME_LIMIT,301939,0,0,11,11
5,8,1.27799e6,-1.1213931913450268,-0.8619484131774695,TIME_LIMIT,301961,0,0,8,6
5,8,1.278105e6,-1.1213931913450268,-0.8619484131774695,TIME_LIMIT,301988,0,0,13,9
5,8,1.278174e6,-1.1213927252965288,-0.8619484131774695,TIME_LIMIT,302010,0,0,8,6
5,8,1.278277e6,-1.1213927252965288,-0.8619484131774695,TIME_LIMIT,302031,0,0,13,12
5,8,1.278364e6,-1.1213875608112305,-0.8619484131774695,TIME_LIMIT,302056,0,0,5,4
5,8,1.27851e6,-1.1213875608112305,-0.8619484131774695,TIME_LIMIT,302083,0,0,14,18
5,8,1.278551e6,-1.1213828935442582,-0.8619484131774695,TIME_LIMIT,302105,0,0,10,5
5,8,1.278728e6,-1.1213828935442582,-0.8619484131774695,TIME_LIMIT,302132,0,0,16,24
5,8,1.278868e6,-1.1213765900003656,-0.8619484131774695,TIME_LIMIT,302168,0,0,11,9
5,8,1.278931e6,-1.1213765900003656,-0.8619484131774695,TIME_LIMIT,302188,0,0,4,5
5,8,1.279002e6,-1.1213751318344247,-0.8619484131774695,TIME_LIMIT,302206,0,0,7,3
5,8,1.279135e6,-1.1213751318344247,-0.8619484131774695,TIME_LIMIT,302233,0,0,14,13
5,8,1.279196e6,-1.121371095964852,-0.8619484131774695,TIME_LIMIT,302253,0,0,3,5
5,8,1.279269e6,-1.121371095964852,-0.8619484131774695,TIME_LIMIT,302272,0,0,17,14
5,8,1.279338e6,-1.1213690740795985,-0.8619484131774695,TIME_LIMIT,302298,0,0,13,1
5,8,1.279469e6,-1.1213690740795985,-0.8619484131774695,TIME_LIMIT,302325,0,0,21,10
5,8,1.279544e6,-1.1213684213816812,-0.8619484131774695,TIME_LIMIT,302352,0,0,10,8
5,8,1.279758e6,-1.1213684213816812,-0.8619484131774695,TIME_LIMIT,302382,0,0,8,6
5,8,1.279859e6,-1.1213590791439385,-0.8619484131774695,TIME_LIMIT,302417,0,0,12,10
5,8,1.279938e6,-1.1213590791439385,-0.8619484131774695,TIME_LIMIT,302441,0,0,15,13
5,8,1.280164e6,-1.1213442807730067,-0.8619484131774695,TIME_LIMIT,302476,0,0,10,8
5,8,1.280317e6,-1.1213442807730067,-0.8619484131774695,TIME_LIMIT,302499,0,0,8,8
5,8,1.280452e6,-1.1213424974551651,-0.8619484131774695,TIME_LIMIT,302528,0,0,9,7
5,8,1.280589e6,-1.1213424974551651,-0.8619484131774695,TIME_LIMIT,302560,0,0,24,11
5,8,1.280685e6,-1.1213290591641003,-0.8619484131774695,TIME_LIMIT,302586,0,0,17,15
5,8,1.280794e6,-1.1213290591641003,-0.8619484131774695,TIME_LIMIT,302610,0,0,17,9
5,8,1.28094e6,-1.1213243052236301,-0.8619484131774695,TIME_LIMIT,302646,0,0,6,4
5,8,1.281064e6,-1.1213243052236301,-0.8619484131774695,TIME_LIMIT,302672,0,0,6,4
5,8,1.28112e6,-1.121319455656052,-0.8619484131774695,TIME_LIMIT,302690,0,0,10,1
5,8,1.281225e6,-1.121319455656052,-0.8619484131774695,TIME_LIMIT,302713,0,0,11,13
5,8,1.281282e6,-1.1213150731324089,-0.8619484131774695,TIME_LIMIT,302740,0,0,10,7
5,8,1.281479e6,-1.1213150731324089,-0.8619484131774695,TIME_LIMIT,302764,0,0,14,12
5,8,1.281765e6,-1.1213107773182958,-0.8619484131774695,TIME_LIMIT,302790,0,0,18,11
5,8,1.281856e6,-1.1213107773182958,-0.8619484131774695,TIME_LIMIT,302805,0,0,7,8
5,8,1.281932e6,-1.1213074741330544,-0.8619484131774695,TIME_LIMIT,302828,0,0,5,1
5,8,1.282025e6,-1.1213074741330544,-0.8619484131774695,TIME_LIMIT,302848,0,0,3,7
5,8,1.282056e6,-1.1213038390283065,-0.8619484131774695,TIME_LIMIT,302861,0,0,5,4
5,8,1.282141e6,-1.1213038390283065,-0.8619484131774695,TIME_LIMIT,302887,0,0,12,16
5,8,1.282227e6,-1.1212858213419052,-0.8619484131774695,TIME_LIMIT,302914,0,0,9,5
5,8,1.282317e6,-1.1212858213419052,-0.8619484131774695,TIME_LIMIT,302935,0,0,15,18
5,8,1.282511e6,-1.1212416474729547,-0.8619484131774695,TIME_LIMIT,302976,0,0,14,10
5,8,1.28258e6,-1.1212416474729547,-0.8619484131774695,TIME_LIMIT,302993,0,0,9,5
5,8,1.282667e6,-1.1212289997985518,-0.8619484131774695,TIME_LIMIT,303026,0,0,11,4
5,8,1.282832e6,-1.1212289997985518,-0.8619484131774695,TIME_LIMIT,303054,0,0,11,5
5,8,1.28292e6,-1.1212276266597305,-0.8619484131774695,TIME_LIMIT,303077,0,0,4,11
5,8,1.283045e6,-1.1212276266597305,-0.8619484131774695,TIME_LIMIT,303104,0,0,14,8
5,8,1.283119e6,-1.1212083785460107,-0.8619484131774695,TIME_LIMIT,303134,0,0,7,8
5,8,1.283312e6,-1.1212083785460107,-0.8619484131774695,TIME_LIMIT,303165,0,0,16,8
5,8,1.283392e6,-1.1212077915720862,-0.8619484131774695,TIME_LIMIT,303189,0,0,17,9
5,8,1.283475e6,-1.1212077915720862,-0.8619484131774695,TIME_LIMIT,303213,0,0,16,13
5,8,1.283564e6,-1.1212045857646438,-0.8619484131774695,TIME_LIMIT,303236,0,0,7,8
5,8,1.283638e6,-1.1212045857646438,-0.8619484131774695,TIME_LIMIT,303256,0,0,4,3
5,8,1.283682e6,-1.1211845730598973,-0.8619484131774695,TIME_LIMIT,303276,0,0,5,3
5,8,1.283757e6,-1.1211845730598973,-0.8619484131774695,TIME_LIMIT,303293,0,0,11,19
5,8,1.283899e6,-1.1211788669607279,-0.8619484131774695,TIME_LIMIT,303326,0,0,16,5
5,8,1.284033e6,-1.1211788669607279,-0.8619484131774695,TIME_LIMIT,303348,0,0,16,14
5,8,1.284118e6,-1.1211741286131767,-0.8619484131774695,TIME_LIMIT,303368,0,0,13,2
5,8,1.284231e6,-1.1211741286131767,-0.8619484131774695,TIME_LIMIT,303387,0,0,13,9
5,8,1.284331e6,-1.1211638578602487,-0.8619484131774695,TIME_LIMIT,303411,0,0,11,5
5,8,1.284418e6,-1.1211638578602487,-0.8619484131774695,TIME_LIMIT,303431,0,0,9,7
5,8,1.284544e6,-1.1211618809132737,-0.8619484131774695,TIME_LIMIT,303467,0,0,9,8
5,8,1.284622e6,-1.1211618809132737,-0.8619484131774695,TIME_LIMIT,303494,0,0,9,8
5,8,1.284719e6,-1.1211601057733964,-0.8619484131774695,TIME_LIMIT,303516,0,0,7,5
5,8,1.284833e6,-1.1211601057733964,-0.8619484131774695,TIME_LIMIT,303542,0,0,12,30
5,8,1.28499e6,-1.1211508130298795,-0.8619484131774695,TIME_LIMIT,303580,0,0,11,9
5,8,1.285054e6,-1.1211508130298795,-0.8619484131774695,TIME_LIMIT,303596,0,0,12,5
5,8,1.285141e6,-1.121147162147103,-0.8619484131774695,TIME_LIMIT,303615,0,0,8,3
5,8,1.285316e6,-1.121147162147103,-0.8619484131774695,TIME_LIMIT,303640,0,0,19,30
5,8,1.285432e6,-1.1211391072424242,-0.8619484131774695,TIME_LIMIT,303675,0,0,14,7
5,8,1.285602e6,-1.1211391072424242,-0.8619484131774695,TIME_LIMIT,303699,0,0,17,16
5,8,1.2857e6,-1.1211357604988934,-0.8619484131774695,TIME_LIMIT,303727,0,0,4,5
5,8,1.285843e6,-1.1211357604988934,-0.8619484131774695,TIME_LIMIT,303750,0,0,14,10
5,8,1.285946e6,-1.1211324479778793,-0.8619484131774695,TIME_LIMIT,303781,0,0,8,4
5,8,1.286155e6,-1.1211324479778793,-0.8619484131774695,TIME_LIMIT,303802,0,0,18,27
5,8,1.286365e6,-1.1211238118329072,-0.8619484131774695,TIME_LIMIT,303828,0,0,18,26
5,8,1.286541e6,-1.1211238118329072,-0.8619484131774695,TIME_LIMIT,303852,0,0,17,12
5,8,1.286658e6,-1.1211151091480693,-0.8619484131774695,TIME_LIMIT,303872,0,0,5,6
5,8,1.286799e6,-1.1211151091480693,-0.8619484131774695,TIME_LIMIT,303895,0,0,15,25
5,8,1.286893e6,-1.1211138060151122,-0.8619484131774695,TIME_LIMIT,303921,0,0,14,6
5,8,1.286961e6,-1.1211138060151122,-0.8619484131774695,TIME_LIMIT,303941,0,0,12,6
5,8,1.287044e6,-1.121087228294984,-0.8619484131774695,TIME_LIMIT,303961,0,0,10,4
5,8,1.287174e6,-1.121087228294984,-0.8619484131774695,TIME_LIMIT,303980,0,0,11,24
5,8,1.287284e6,-1.12108521202755,-0.8619484131774695,TIME_LIMIT,304012,0,0,10,8
5,8,1.287379e6,-1.12108521202755,-0.8619484131774695,TIME_LIMIT,304031,0,0,18,10
5,8,1.287492e6,-1.1210726143669567,-0.8619484131774695,TIME_LIMIT,304068,0,0,8,5
5,8,1.287644e6,-1.1210726143669567,-0.8619484131774695,TIME_LIMIT,304096,0,0,21,9
5,8,1.287716e6,-1.121072204859111,-0.8619484131774695,TIME_LIMIT,304114,0,0,8,5
5,8,1.287808e6,-1.121072204859111,-0.8619484131774695,TIME_LIMIT,304137,0,0,16,8
5,8,1.287866e6,-1.1210675615143768,-0.8619484131774695,TIME_LIMIT,304160,0,0,13,5
5,8,1.287994e6,-1.1210675615143768,-0.8619484131774695,TIME_LIMIT,304180,0,0,14,20
5,8,1.288098e6,-1.1210614286377674,-0.8619484131774695,TIME_LIMIT,304214,0,0,14,11
5,8,1.288327e6,-1.1210614286377674,-0.8619484131774695,TIME_LIMIT,304237,0,0,19,17
5,8,1.288527e6,-1.1210450209367004,-0.8619484131774695,TIME_LIMIT,304279,0,0,7,12
5,8,1.28863e6,-1.1210450209367004,-0.8619484131774695,TIME_LIMIT,304300,0,0,17,14
5,8,1.288771e6,-1.1210395780468212,-0.8619484131774695,TIME_LIMIT,304322,0,0,7,10
5,8,1.288846e6,-1.1210395780468212,-0.8619484131774695,TIME_LIMIT,304346,0,0,13,9
5,8,1.288969e6,-1.1210303665953043,-0.8619484131774695,TIME_LIMIT,304369,0,0,4,10
5,8,1.289054e6,-1.1210303665953043,-0.8619484131774695,TIME_LIMIT,304390,0,0,13,8
5,8,1.289141e6,-1.1210282034413843,-0.8619484131774695,TIME_LIMIT,304409,0,0,11,8
5,8,1.289197e6,-1.1210282034413843,-0.8619484131774695,TIME_LIMIT,304423,0,0,14,9
5,8,1.289255e6,-1.1210275487156756,-0.8619484131774695,TIME_LIMIT,304445,0,0,7,5
5,8,1.28934e6,-1.1210275487156756,-0.8619484131774695,TIME_LIMIT,304466,0,0,15,13
5,8,1.289503e6,-1.1210229165102845,-0.8619484131774695,TIME_LIMIT,304496,0,0,8,5
5,8,1.289571e6,-1.1210229165102845,-0.8619484131774695,TIME_LIMIT,304521,0,0,10,7
5,8,1.28968e6,-1.1210195843866362,-0.8619484131774695,TIME_LIMIT,304540,0,0,8,6
5,8,1.28987e6,-1.1210195843866362,-0.8619484131774695,TIME_LIMIT,304569,0,0,16,14
5,8,1.289925e6,-1.1210130587135116,-0.8619484131774695,TIME_LIMIT,304585,0,0,13,6
5,8,1.290081e6,-1.1210130587135116,-0.8619484131774695,TIME_LIMIT,304613,0,0,20,18
5,8,1.290282e6,-1.1210079827252089,-0.8619484131774695,TIME_LIMIT,304655,0,0,17,13
5,8,1.290371e6,-1.1210079827252089,-0.8619484131774695,TIME_LIMIT,304675,0,0,6,13
5,8,1.290488e6,-1.121004994690035,-0.8619484131774695,TIME_LIMIT,304700,0,0,7,13
5,8,1.290686e6,-1.121004994690035,-0.8619484131774695,TIME_LIMIT,304725,0,0,16,21
5,8,1.290816e6,-1.1210038980726484,-0.8619484131774695,TIME_LIMIT,304756,0,0,18,9
5,8,1.290849e6,-1.1210038980726484,-0.8619484131774695,TIME_LIMIT,304779,0,0,8,5
5,8,1.290907e6,-1.121003241165382,-0.8619484131774695,TIME_LIMIT,304798,0,0,5,4
5,8,1.291028e6,-1.121003241165382,-0.8619484131774695,TIME_LIMIT,304823,0,0,17,19
5,8,1.291156e6,-1.1209975801146241,-0.8619484131774695,TIME_LIMIT,304856,0,0,9,6
5,8,1.291383e6,-1.1209975801146241,-0.8619484131774695,TIME_LIMIT,304877,0,0,8,12
5,8,1.291588e6,-1.1209920453209952,-0.8619484131774695,TIME_LIMIT,304913,0,0,12,8
5,8,1.291657e6,-1.1209920453209952,-0.8619484131774695,TIME_LIMIT,304934,0,0,19,15
5,8,1.291811e6,-1.120990369730271,-0.8619484131774695,TIME_LIMIT,304972,0,0,13,12
5,8,1.291993e6,-1.120990369730271,-0.8619484131774695,TIME_LIMIT,305006,0,0,12,16
5,8,1.292222e6,-1.1209900112176694,-0.8619484131774695,TIME_LIMIT,305031,0,0,10,10
5,8,1.292338e6,-1.1209900112176694,-0.8619484131774695,TIME_LIMIT,305048,0,0,13,11
5,8,1.292506e6,-1.1209850202309388,-0.8619484131774695,TIME_LIMIT,305082,0,0,9,8
5,8,1.292613e6,-1.1209850202309388,-0.8619484131774695,TIME_LIMIT,305101,0,0,8,12
5,8,1.292738e6,-1.1209632857083869,-0.8619484131774695,TIME_LIMIT,305121,0,0,6,5
5,8,1.292832e6,-1.1209632857083869,-0.8619484131774695,TIME_LIMIT,305148,0,0,25,22
5,8,1.293041e6,-1.1209628782080983,-0.8619484131774695,TIME_LIMIT,305187,0,0,15,17
5,8,1.29315e6,-1.1209628782080983,-0.8619484131774695,TIME_LIMIT,305207,0,0,11,11
5,8,1.293222e6,-1.1209586591572092,-0.8619484131774695,TIME_LIMIT,305228,0,0,6,2
5,8,1.293306e6,-1.1209586591572092,-0.8619484131774695,TIME_LIMIT,305252,0,0,10,19
5,8,1.293376e6,-1.1209030093739272,-0.8619484131774695,TIME_LIMIT,305283,0,0,11,8
5,8,1.293442e6,-1.1209030093739272,-0.8619484131774695,TIME_LIMIT,305300,0,0,9,14
5,8,1.293536e6,-1.1208967642970222,-0.8619484131774695,TIME_LIMIT,305323,0,0,9,5
5,8,1.293653e6,-1.1208967642970222,-0.8619484131774695,TIME_LIMIT,305351,0,0,12,10
5,8,1.293721e6,-1.120896397455562,-0.8619484131774695,TIME_LIMIT,305372,0,0,11,7
5,8,1.293812e6,-1.120896397455562,-0.8619484131774695,TIME_LIMIT,305393,0,0,14,10
5,8,1.29385e6,-1.120892080344102,-0.8619484131774695,TIME_LIMIT,305417,0,0,12,7
5,8,1.293964e6,-1.120892080344102,-0.8619484131774695,TIME_LIMIT,305443,0,0,10,12
5,8,1.294044e6,-1.1208878440482133,-0.8619484131774695,TIME_LIMIT,305468,0,0,8,4
5,8,1.294168e6,-1.1208878440482133,-0.8619484131774695,TIME_LIMIT,305482,0,0,8,7
5,8,1.294229e6,-1.120877990102028,-0.8619484131774695,TIME_LIMIT,305513,0,0,6,7
5,8,1.294323e6,-1.120877990102028,-0.8619484131774695,TIME_LIMIT,305543,0,0,14,10
5,8,1.2944e6,-1.1208739516536452,-0.8619484131774695,TIME_LIMIT,305564,0,0,13,6
5,8,1.294457e6,-1.1208739516536452,-0.8619484131774695,TIME_LIMIT,305583,0,0,8,6
5,8,1.294501e6,-1.1208649916850393,-0.8619484131774695,TIME_LIMIT,305602,0,0,8,6
5,8,1.294604e6,-1.1208649916850393,-0.8619484131774695,TIME_LIMIT,305623,0,0,5,7
5,8,1.294644e6,-1.1208641765949423,-0.8619484131774695,TIME_LIMIT,305635,0,0,8,1
5,8,1.2947e6,-1.1208641765949423,-0.8619484131774695,TIME_LIMIT,305653,0,0,9,9
5,8,1.294717e6,-1.1208568467420728,-0.8619484131774695,TIME_LIMIT,305666,0,0,5,0
5,8,1.294766e6,-1.1208568467420728,-0.8619484131774695,TIME_LIMIT,305692,0,0,9,11
5,8,1.294924e6,-1.1208516876413805,-0.8619484131774695,TIME_LIMIT,305714,0,0,11,3
5,8,1.295015e6,-1.1208516876413805,-0.8619484131774695,TIME_LIMIT,305732,0,0,12,16
5,8,1.295062e6,-1.1208494499449952,-0.8619484131774695,TIME_LIMIT,305749,0,0,6,6
5,8,1.295277e6,-1.1208494499449952,-0.8619484131774695,TIME_LIMIT,305774,0,0,10,22
5,8,1.295518e6,-1.1208483427314304,-0.8619484131774695,TIME_LIMIT,305801,0,0,11,14
5,8,1.295731e6,-1.1208483427314304,-0.8619484131774695,TIME_LIMIT,305828,0,0,17,23
5,8,1.295904e6,-1.1208285789151682,-0.8619484131774695,TIME_LIMIT,305856,0,0,14,5
5,8,1.295998e6,-1.1208285789151682,-0.8619484131774695,TIME_LIMIT,305881,0,0,15,14
5,8,1.296129e6,-1.1208273268198645,-0.8619484131774695,TIME_LIMIT,305916,0,0,14,10
5,8,1.296208e6,-1.1208273268198645,-0.8619484131774695,TIME_LIMIT,305940,0,0,10,6
5,8,1.296287e6,-1.1208217467780668,-0.8619484131774695,TIME_LIMIT,305957,0,0,6,6
5,8,1.296361e6,-1.1208217467780668,-0.8619484131774695,TIME_LIMIT,305977,0,0,10,6
5,8,1.296418e6,-1.1208179669091793,-0.8619484131774695,TIME_LIMIT,305996,0,0,5,4
5,8,1.29658e6,-1.1208179669091793,-0.8619484131774695,TIME_LIMIT,306024,0,0,17,10
5,8,1.296647e6,-1.1208099435919445,-0.8619484131774695,TIME_LIMIT,306045,0,0,13,7
5,8,1.296727e6,-1.1208099435919445,-0.8619484131774695,TIME_LIMIT,306060,0,0,4,4
5,8,1.296811e6,-1.120793093088511,-0.8619484131774695,TIME_LIMIT,306078,0,0,13,7
5,8,1.296889e6,-1.120793093088511,-0.8619484131774695,TIME_LIMIT,306095,0,0,13,7
5,8,1.296915e6,-1.1207928115765347,-0.8619484131774695,TIME_LIMIT,306112,0,0,8,5
5,8,1.296981e6,-1.1207928115765347,-0.8619484131774695,TIME_LIMIT,306132,0,0,12,7
5,8,1.297072e6,-1.1207825119905945,-0.8619484131774695,TIME_LIMIT,306152,0,0,5,6
5,8,1.297097e6,-1.1207825119905945,-0.8619484131774695,TIME_LIMIT,306166,0,0,2,3
5,8,1.297206e6,-1.120781229908391,-0.8619484131774695,TIME_LIMIT,306189,0,0,7,6
5,8,1.297337e6,-1.120781229908391,-0.8619484131774695,TIME_LIMIT,306213,0,0,21,22
5,8,1.297438e6,-1.120776327467323,-0.8619484131774695,TIME_LIMIT,306245,0,0,10,6
5,8,1.297496e6,-1.120776327467323,-0.8619484131774695,TIME_LIMIT,306264,0,0,11,13
5,8,1.297611e6,-1.120762437488096,-0.8619484131774695,TIME_LIMIT,306301,0,0,6,10
5,8,1.29777e6,-1.120762437488096,-0.8619484131774695,TIME_LIMIT,306326,0,0,16,17
5,8,1.297901e6,-1.1207617183700096,-0.8619484131774695,TIME_LIMIT,306362,0,0,14,12
5,8,1.297968e6,-1.1207617183700096,-0.8619484131774695,TIME_LIMIT,306380,0,0,12,13
5,8,1.29812e6,-1.120754217377208,-0.8619484131774695,TIME_LIMIT,306416,0,0,8,12
5,8,1.298165e6,-1.120754217377208,-0.8619484131774695,TIME_LIMIT,306435,0,0,6,9
5,8,1.298198e6,-1.1207532899364967,-0.8619484131774695,TIME_LIMIT,306452,0,0,3,2
5,8,1.298375e6,-1.1207532899364967,-0.8619484131774695,TIME_LIMIT,306479,0,0,10,11
5,8,1.298467e6,-1.1207484214555494,-0.8619484131774695,TIME_LIMIT,306494,0,0,8,8
5,8,1.298536e6,-1.1207484214555494,-0.8619484131774695,TIME_LIMIT,306511,0,0,16,23
5,8,1.29865e6,-1.120746912282447,-0.8619484131774695,TIME_LIMIT,306542,0,0,12,7
5,8,1.298757e6,-1.120746912282447,-0.8619484131774695,TIME_LIMIT,306561,0,0,11,7
5,8,1.29886e6,-1.1207446364954152,-0.8619484131774695,TIME_LIMIT,306591,0,0,6,6
5,8,1.298967e6,-1.1207446364954152,-0.8619484131774695,TIME_LIMIT,306613,0,0,8,7
5,8,1.299006e6,-1.1207339016001145,-0.8619484131774695,TIME_LIMIT,306632,0,0,7,3
5,8,1.29908e6,-1.1207339016001145,-0.8619484131774695,TIME_LIMIT,306652,0,0,12,6
5,8,1.299172e6,-1.1207319202270247,-0.8619484131774695,TIME_LIMIT,306680,0,0,7,7
5,8,1.299264e6,-1.1207319202270247,-0.8619484131774695,TIME_LIMIT,306699,0,0,18,14
5,8,1.299418e6,-1.1207311457058164,-0.8619484131774695,TIME_LIMIT,306731,0,0,16,10
5,8,1.299479e6,-1.1207311457058164,-0.8619484131774695,TIME_LIMIT,306750,0,0,5,18
5,8,1.299578e6,-1.12072660734454,-0.8619484131774695,TIME_LIMIT,306770,0,0,11,8
5,8,1.299743e6,-1.12072660734454,-0.8619484131774695,TIME_LIMIT,306800,0,0,20,39
5,8,1.299889e6,-1.1207111167139838,-0.8619484131774695,TIME_LIMIT,306837,0,0,7,11
5,8,1.300093e6,-1.1207111167139838,-0.8619484131774695,TIME_LIMIT,306869,0,0,17,6
5,8,1.300275e6,-1.1207042427454437,-0.8619484131774695,TIME_LIMIT,306893,0,0,14,18
5,8,1.300466e6,-1.1207042427454437,-0.8619484131774695,TIME_LIMIT,306915,0,0,10,11
5,8,1.300542e6,-1.1206954697741398,-0.8619484131774695,TIME_LIMIT,306946,0,0,12,11
5,8,1.30076e6,-1.1206954697741398,-0.8619484131774695,TIME_LIMIT,306975,0,0,16,24
5,8,1.300979e6,-1.1206948028590022,-0.8619484131774695,TIME_LIMIT,307005,0,0,14,21
5,8,1.301125e6,-1.1206948028590022,-0.8619484131774695,TIME_LIMIT,307026,0,0,17,13
5,8,1.301182e6,-1.1206929250401483,-0.8619484131774695,TIME_LIMIT,307058,0,0,12,8
5,8,1.301334e6,-1.1206929250401483,-0.8619484131774695,TIME_LIMIT,307083,0,0,11,23
5,8,1.30149e6,-1.1206905689074436,-0.8619484131774695,TIME_LIMIT,307114,0,0,13,13
5,8,1.30174e6,-1.1206905689074436,-0.8619484131774695,TIME_LIMIT,307141,0,0,8,28
5,8,1.301886e6,-1.1206834627252764,-0.8619484131774695,TIME_LIMIT,307171,0,0,11,7
5,8,1.302044e6,-1.1206834627252764,-0.8619484131774695,TIME_LIMIT,307199,0,0,15,14
5,8,1.30224e6,-1.120677993496949,-0.8619484131774695,TIME_LIMIT,307223,0,0,17,17
5,8,1.302314e6,-1.120677993496949,-0.8619484131774695,TIME_LIMIT,307244,0,0,12,5
5,8,1.302389e6,-1.120676790607884,-0.8619484131774695,TIME_LIMIT,307269,0,0,6,6
5,8,1.302493e6,-1.120676790607884,-0.8619484131774695,TIME_LIMIT,307296,0,0,16,14
5,8,1.302694e6,-1.120672318289134,-0.8619484131774695,TIME_LIMIT,307332,0,0,15,12
5,8,1.302836e6,-1.120672318289134,-0.8619484131774695,TIME_LIMIT,307358,0,0,19,16
5,8,1.303067e6,-1.1206720161856367,-0.8619484131774695,TIME_LIMIT,307392,0,0,12,11
5,8,1.30318e6,-1.1206720161856367,-0.8619484131774695,TIME_LIMIT,307411,0,0,6,12
5,8,1.303334e6,-1.1206626133487145,-0.8619484131774695,TIME_LIMIT,307432,0,0,12,10
5,8,1.303467e6,-1.1206626133487145,-0.8619484131774695,TIME_LIMIT,307451,0,0,14,14
5,8,1.303562e6,-1.1206545383851823,-0.8619484131774695,TIME_LIMIT,307474,0,0,7,7
5,8,1.303662e6,-1.1206545383851823,-0.8619484131774695,TIME_LIMIT,307498,0,0,4,15
5,8,1.303874e6,-1.1206515253115898,-0.8619484131774695,TIME_LIMIT,307526,0,0,9,7
5,8,1.304023e6,-1.1206515253115898,-0.8619484131774695,TIME_LIMIT,307553,0,0,15,12
5,8,1.304129e6,-1.120640468310818,-0.8619484131774695,TIME_LIMIT,307587,0,0,7,19
5,8,1.304272e6,-1.120640468310818,-0.8619484131774695,TIME_LIMIT,307616,0,0,12,12
5,8,1.304362e6,-1.1206355105169568,-0.8619484131774695,TIME_LIMIT,307647,0,0,15,9
5,8,1.304476e6,-1.1206355105169568,-0.8619484131774695,TIME_LIMIT,307669,0,0,6,23
5,8,1.304719e6,-1.1206343917370862,-0.8619484131774695,TIME_LIMIT,307701,0,0,6,7
5,8,1.304772e6,-1.1206343917370862,-0.8619484131774695,TIME_LIMIT,307721,0,0,12,7
5,8,1.304872e6,-1.1206341953127876,-0.8619484131774695,TIME_LIMIT,307752,0,0,7,6
5,8,1.305022e6,-1.1206341953127876,-0.8619484131774695,TIME_LIMIT,307780,0,0,16,19
5,8,1.305112e6,-1.1206325162868669,-0.8619484131774695,TIME_LIMIT,307802,0,0,14,13
5,8,1.305244e6,-1.1206325162868669,-0.8619484131774695,TIME_LIMIT,307827,0,0,8,15
5,8,1.305393e6,-1.1206321692824162,-0.8619484131774695,TIME_LIMIT,307851,0,0,8,4
5,8,1.305581e6,-1.1206321692824162,-0.8619484131774695,TIME_LIMIT,307884,0,0,14,16
5,8,1.305681e6,-1.1206302094658733,-0.8619484131774695,TIME_LIMIT,307908,0,0,12,12
5,8,1.305898e6,-1.1206302094658733,-0.8619484131774695,TIME_LIMIT,307938,0,0,19,27
5,8,1.30609e6,-1.120622572118402,-0.8619484131774695,TIME_LIMIT,307961,0,0,14,13
5,8,1.306259e6,-1.120622572118402,-0.8619484131774695,TIME_LIMIT,307984,0,0,10,14
5,8,1.306383e6,-1.1206211138654387,-0.8619484131774695,TIME_LIMIT,308023,0,0,19,12
5,8,1.306459e6,-1.1206211138654387,-0.8619484131774695,TIME_LIMIT,308046,0,0,8,9
5,8,1.306535e6,-1.1206146618207868,-0.8619484131774695,TIME_LIMIT,308068,0,0,11,3
5,8,1.306579e6,-1.1206146618207868,-0.8619484131774695,TIME_LIMIT,308082,0,0,7,7
5,8,1.306601e6,-1.1206030461563727,-0.8619484131774695,TIME_LIMIT,308095,0,0,5,0
5,8,1.306697e6,-1.1206030461563727,-0.8619484131774695,TIME_LIMIT,308121,0,0,17,22
5,8,1.30691e6,-1.120599937404394,-0.8619484131774695,TIME_LIMIT,308161,0,0,10,9
5,8,1.307013e6,-1.120599937404394,-0.8619484131774695,TIME_LIMIT,308182,0,0,15,8
5,8,1.307122e6,-1.1205888865907687,-0.8619484131774695,TIME_LIMIT,308207,0,0,4,5
5,8,1.307261e6,-1.1205888865907687,-0.8619484131774695,TIME_LIMIT,308228,0,0,15,3
5,8,1.30735e6,-1.120588662975339,-0.8619484131774695,TIME_LIMIT,308243,0,0,8,7
5,8,1.307511e6,-1.120588662975339,-0.8619484131774695,TIME_LIMIT,308269,0,0,7,17
5,8,1.307691e6,-1.1205797213825495,-0.8619484131774695,TIME_LIMIT,308303,0,0,17,16
5,8,1.30777e6,-1.1205797213825495,-0.8619484131774695,TIME_LIMIT,308322,0,0,11,14
5,8,1.307891e6,-1.1205528687879056,-0.8619484131774695,TIME_LIMIT,308345,0,0,6,6
5,8,1.307998e6,-1.1205528687879056,-0.8619484131774695,TIME_LIMIT,308365,0,0,15,10
5,8,1.308067e6,-1.1205505334865045,-0.8619484131774695,TIME_LIMIT,308386,0,0,16,6
5,8,1.308266e6,-1.1205505334865045,-0.8619484131774695,TIME_LIMIT,308408,0,0,16,9
5,8,1.308484e6,-1.1205485694692763,-0.8619484131774695,TIME_LIMIT,308444,0,0,15,5
5,8,1.308554e6,-1.1205485694692763,-0.8619484131774695,TIME_LIMIT,308456,0,0,6,12
5,8,1.308605e6,-1.1205472290107064,-0.8619484131774695,TIME_LIMIT,308479,0,0,9,3
5,8,1.308705e6,-1.1205472290107064,-0.8619484131774695,TIME_LIMIT,308499,0,0,6,6
5,8,1.308749e6,-1.120547095693418,-0.8619484131774695,TIME_LIMIT,308516,0,0,8,2
5,8,1.30895e6,-1.120547095693418,-0.8619484131774695,TIME_LIMIT,308542,0,0,21,11
5,8,1.309055e6,-1.120532442689941,-0.8619484131774695,TIME_LIMIT,308566,0,0,13,5
5,8,1.30914e6,-1.120532442689941,-0.8619484131774695,TIME_LIMIT,308587,0,0,6,4
5,8,1.309198e6,-1.120530597755255,-0.8619484131774695,TIME_LIMIT,308608,0,0,7,5
5,8,1.309256e6,-1.120530597755255,-0.8619484131774695,TIME_LIMIT,308634,0,0,9,14
5,8,1.309403e6,-1.1205171571899988,-0.8619484131774695,TIME_LIMIT,308661,0,0,7,8
5,8,1.309507e6,-1.1205171571899988,-0.8619484131774695,TIME_LIMIT,308688,0,0,7,7
5,8,1.309613e6,-1.1205116042517684,-0.8619484131774695,TIME_LIMIT,308710,0,0,11,7
5,8,1.309706e6,-1.1205116042517684,-0.8619484131774695,TIME_LIMIT,308731,0,0,19,8
5,8,1.309875e6,-1.1205110163887952,-0.8619484131774695,TIME_LIMIT,308757,0,0,16,4
5,8,1.309955e6,-1.1205110163887952,-0.8619484131774695,TIME_LIMIT,308777,0,0,8,6
5,8,1.310094e6,-1.1205046280506732,-0.8619484131774695,TIME_LIMIT,308805,0,0,14,7
5,8,1.310279e6,-1.1205046280506732,-0.8619484131774695,TIME_LIMIT,308827,0,0,4,4
5,8,1.310357e6,-1.120501523485022,-0.8619484131774695,TIME_LIMIT,308848,0,0,7,5
5,8,1.310522e6,-1.120501523485022,-0.8619484131774695,TIME_LIMIT,308874,0,0,14,15
5,8,1.310649e6,-1.1204992611898263,-0.8619484131774695,TIME_LIMIT,308914,0,0,12,12
5,8,1.310778e6,-1.1204992611898263,-0.8619484131774695,TIME_LIMIT,308929,0,0,14,10
5,8,1.3109e6,-1.1204919909821927,-0.8619484131774695,TIME_LIMIT,308970,0,0,10,8
5,8,1.311039e6,-1.1204919909821927,-0.8619484131774695,TIME_LIMIT,308998,0,0,7,9
5,8,1.311178e6,-1.1204886909867544,-0.8619484131774695,TIME_LIMIT,309030,0,0,6,17
5,8,1.311395e6,-1.1204886909867544,-0.8619484131774695,TIME_LIMIT,309054,0,0,11,25
5,8,1.311555e6,-1.1204824654247612,-0.8619484131774695,TIME_LIMIT,309099,0,0,18,14
5,8,1.311665e6,-1.1204824654247612,-0.8619484131774695,TIME_LIMIT,309121,0,0,15,10
5,8,1.311723e6,-1.1204783618055165,-0.8619484131774695,TIME_LIMIT,309142,0,0,11,9
5,8,1.311815e6,-1.1204783618055165,-0.8619484131774695,TIME_LIMIT,309166,0,0,12,13
5,8,1.31192e6,-1.1204758755204147,-0.8619484131774695,TIME_LIMIT,309197,0,0,12,11
5,8,1.312008e6,-1.1204758755204147,-0.8619484131774695,TIME_LIMIT,309227,0,0,20,24
5,8,1.312142e6,-1.120467850431333,-0.8619484131774695,TIME_LIMIT,309262,0,0,11,10
5,8,1.312201e6,-1.120467850431333,-0.8619484131774695,TIME_LIMIT,309285,0,0,8,8
5,8,1.312289e6,-1.120456559624154,-0.8619484131774695,TIME_LIMIT,309310,0,0,13,9
5,8,1.312451e6,-1.120456559624154,-0.8619484131774695,TIME_LIMIT,309334,0,0,16,11
5,8,1.312653e6,-1.1204544556383302,-0.8619484131774695,TIME_LIMIT,309367,0,0,14,7
5,8,1.312715e6,-1.1204544556383302,-0.8619484131774695,TIME_LIMIT,309387,0,0,12,15
5,8,1.312908e6,-1.1204490261559035,-0.8619484131774695,TIME_LIMIT,309406,0,0,7,3
5,8,1.313027e6,-1.1204490261559035,-0.8619484131774695,TIME_LIMIT,309437,0,0,24,37
5,8,1.313229e6,-1.1204483899498063,-0.8619484131774695,TIME_LIMIT,309479,0,0,11,13
5,8,1.313396e6,-1.1204483899498063,-0.8619484131774695,TIME_LIMIT,309505,0,0,9,10
5,8,1.313575e6,-1.1204380527389257,-0.8619484131774695,TIME_LIMIT,309525,0,0,5,4
5,8,1.313613e6,-1.1204380527389257,-0.8619484131774695,TIME_LIMIT,309544,0,0,8,7
5,8,1.313665e6,-1.1204256430050101,-0.8619484131774695,TIME_LIMIT,309568,0,0,7,6
5,8,1.313805e6,-1.1204256430050101,-0.8619484131774695,TIME_LIMIT,309597,0,0,17,23
5,8,1.314013e6,-1.1204159324032341,-0.8619484131774695,TIME_LIMIT,309636,0,0,15,13
5,8,1.31418e6,-1.1204159324032341,-0.8619484131774695,TIME_LIMIT,309666,0,0,19,19
5,8,1.314387e6,-1.12041062084695,-0.8619484131774695,TIME_LIMIT,309694,0,0,17,15
5,8,1.314482e6,-1.12041062084695,-0.8619484131774695,TIME_LIMIT,309714,0,0,7,14
5,8,1.314592e6,-1.1204080846786406,-0.8619484131774695,TIME_LIMIT,309736,0,0,11,8
5,8,1.31465e6,-1.1204080846786406,-0.8619484131774695,TIME_LIMIT,309756,0,0,17,14
5,8,1.314893e6,-1.120389260987104,-0.8619484131774695,TIME_LIMIT,309797,0,0,8,11
5,8,1.315004e6,-1.120389260987104,-0.8619484131774695,TIME_LIMIT,309822,0,0,16,14
5,8,1.315112e6,-1.1203653027640526,-0.8619484131774695,TIME_LIMIT,309849,0,0,15,12
5,8,1.315302e6,-1.1203653027640526,-0.8619484131774695,TIME_LIMIT,309876,0,0,19,12
5,8,1.315422e6,-1.1203625976461606,-0.8619484131774695,TIME_LIMIT,309897,0,0,15,7
5,8,1.31551e6,-1.1203625976461606,-0.8619484131774695,TIME_LIMIT,309919,0,0,10,4
5,8,1.31556e6,-1.120361675066206,-0.8619484131774695,TIME_LIMIT,309940,0,0,12,1
5,8,1.315827e6,-1.120361675066206,-0.8619484131774695,TIME_LIMIT,309970,0,0,22,15
5,8,1.316042e6,-1.120356749691208,-0.8619484131774695,TIME_LIMIT,310000,0,0,11,7
5,8,1.316152e6,-1.120356749691208,-0.8619484131774695,TIME_LIMIT,310019,0,0,15,8
5,8,1.316243e6,-1.1203459719178488,-0.8619484131774695,TIME_LIMIT,310044,0,0,14,2
5,8,1.316461e6,-1.1203459719178488,-0.8619484131774695,TIME_LIMIT,310068,0,0,20,15
5,8,1.316626e6,-1.120341008319582,-0.8619484131774695,TIME_LIMIT,310101,0,0,10,6
5,8,1.316744e6,-1.120341008319582,-0.8619484131774695,TIME_LIMIT,310124,0,0,13,17
5,8,1.317015e6,-1.1203354860167634,-0.8619484131774695,TIME_LIMIT,310164,0,0,10,4
5,8,1.317055e6,-1.1203354860167634,-0.8619484131774695,TIME_LIMIT,310181,0,0,15,23
5,8,1.317142e6,-1.120331633718013,-0.8619484131774695,TIME_LIMIT,310212,0,0,11,7
5,8,1.317262e6,-1.120331633718013,-0.8619484131774695,TIME_LIMIT,310234,0,0,11,16
5,8,1.317484e6,-1.120330241003106,-0.8619484131774695,TIME_LIMIT,310276,0,0,11,8
5,8,1.317567e6,-1.120330241003106,-0.8619484131774695,TIME_LIMIT,310294,0,0,8,10
5,8,1.317723e6,-1.1203238895636622,-0.8619484131774695,TIME_LIMIT,310327,0,0,9,7
5,8,1.317811e6,-1.1203238895636622,-0.8619484131774695,TIME_LIMIT,310348,0,0,11,13
5,8,1.317948e6,-1.1203214141765523,-0.8619484131774695,TIME_LIMIT,310376,0,0,10,4
5,8,1.318119e6,-1.1203214141765523,-0.8619484131774695,TIME_LIMIT,310402,0,0,10,13
5,8,1.318249e6,-1.1203137521670916,-0.8619484131774695,TIME_LIMIT,310428,0,0,14,3
5,8,1.318316e6,-1.1203137521670916,-0.8619484131774695,TIME_LIMIT,310450,0,0,8,7
5,8,1.318376e6,-1.1203120434160303,-0.8619484131774695,TIME_LIMIT,310471,0,0,8,4
5,8,1.31848e6,-1.1203120434160303,-0.8619484131774695,TIME_LIMIT,310496,0,0,17,18
5,8,1.318583e6,-1.120311170181172,-0.8619484131774695,TIME_LIMIT,310531,0,0,15,12
5,8,1.318805e6,-1.120311170181172,-0.8619484131774695,TIME_LIMIT,310561,0,0,18,11
5,8,1.319023e6,-1.120309526235972,-0.8619484131774695,TIME_LIMIT,310588,0,0,18,25
5,8,1.319146e6,-1.120309526235972,-0.8619484131774695,TIME_LIMIT,310612,0,0,16,10
5,8,1.319246e6,-1.120306208842158,-0.8619484131774695,TIME_LIMIT,310637,0,0,12,10
5,8,1.319469e6,-1.120306208842158,-0.8619484131774695,TIME_LIMIT,310655,0,0,10,12
5,8,1.319553e6,-1.1202923055552274,-0.8619484131774695,TIME_LIMIT,310679,0,0,9,2
5,8,1.319754e6,-1.1202923055552274,-0.8619484131774695,TIME_LIMIT,310707,0,0,15,11
5,8,1.31995e6,-1.120276838714578,-0.8619484131774695,TIME_LIMIT,310737,0,0,9,4
5,8,1.320002e6,-1.120276838714578,-0.8619484131774695,TIME_LIMIT,310757,0,0,14,14
5,8,1.320146e6,-1.1202752947786334,-0.8619484131774695,TIME_LIMIT,310782,0,0,5,7
5,8,1.320349e6,-1.1202752947786334,-0.8619484131774695,TIME_LIMIT,310808,0,0,16,24
5,8,1.320486e6,-1.1202568712484888,-0.8619484131774695,TIME_LIMIT,310847,0,0,15,12
5,8,1.320531e6,-1.1202568712484888,-0.8619484131774695,TIME_LIMIT,310867,0,0,9,13
5,8,1.320579e6,-1.120249386825536,-0.8619484131774695,TIME_LIMIT,310892,0,0,6,8
5,8,1.320709e6,-1.120249386825536,-0.8619484131774695,TIME_LIMIT,310917,0,0,12,18
5,8,1.320819e6,-1.1202456165378927,-0.8619484131774695,TIME_LIMIT,310953,0,0,12,8
5,8,1.320958e6,-1.1202456165378927,-0.8619484131774695,TIME_LIMIT,310975,0,0,20,20
5,8,1.321104e6,-1.1202390696540296,-0.8619484131774695,TIME_LIMIT,311006,0,0,19,4
5,8,1.321141e6,-1.1202390696540296,-0.8619484131774695,TIME_LIMIT,311021,0,0,9,0
5,8,1.32119e6,-1.120214982618726,-0.8619484131774695,TIME_LIMIT,311039,0,0,5,2
5,8,1.321328e6,-1.120214982618726,-0.8619484131774695,TIME_LIMIT,311066,0,0,12,11
5,8,1.321497e6,-1.120209100408148,-0.8619484131774695,TIME_LIMIT,311102,0,0,13,10
5,8,1.321615e6,-1.120209100408148,-0.8619484131774695,TIME_LIMIT,311124,0,0,13,7
5,8,1.321642e6,-1.1202045845180533,-0.8619484131774695,TIME_LIMIT,311145,0,0,10,0
5,8,1.321739e6,-1.1202045845180533,-0.8619484131774695,TIME_LIMIT,311162,0,0,7,6
5,8,1.321836e6,-1.1201992313666316,-0.8619484131774695,TIME_LIMIT,311190,0,0,11,8
5,8,1.32193e6,-1.1201992313666316,-0.8619484131774695,TIME_LIMIT,311208,0,0,10,9
5,8,1.321986e6,-1.1201992045555706,-0.8619484131774695,TIME_LIMIT,311226,0,0,4,5
5,8,1.32204e6,-1.1201992045555706,-0.8619484131774695,TIME_LIMIT,311249,0,0,15,12
5,8,1.322108e6,-1.1201926776550537,-0.8619484131774695,TIME_LIMIT,311276,0,0,11,6
5,8,1.322178e6,-1.1201926776550537,-0.8619484131774695,TIME_LIMIT,311296,0,0,14,25
5,8,1.322355e6,-1.1201710150498776,-0.8619484131774695,TIME_LIMIT,311327,0,0,8,9
5,8,1.322497e6,-1.1201710150498776,-0.8619484131774695,TIME_LIMIT,311356,0,0,18,7
5,8,1.322726e6,-1.120166887130634,-0.8619484131774695,TIME_LIMIT,311377,0,0,16,6
5,8,1.32282e6,-1.120166887130634,-0.8619484131774695,TIME_LIMIT,311403,0,0,10,10
5,8,1.322964e6,-1.120166754524459,-0.8619484131774695,TIME_LIMIT,311427,0,0,16,6
5,8,1.323035e6,-1.120166754524459,-0.8619484131774695,TIME_LIMIT,311445,0,0,6,7
5,8,1.32314e6,-1.1201578414725146,-0.8619484131774695,TIME_LIMIT,311470,0,0,11,5
5,8,1.323245e6,-1.1201578414725146,-0.8619484131774695,TIME_LIMIT,311494,0,0,18,23
5,8,1.323313e6,-1.1201541919757065,-0.8619484131774695,TIME_LIMIT,311521,0,0,8,7
5,8,1.323424e6,-1.1201541919757065,-0.8619484131774695,TIME_LIMIT,311546,0,0,14,26
5,8,1.323582e6,-1.1201483989815526,-0.8619484131774695,TIME_LIMIT,311585,0,0,14,8
5,8,1.323739e6,-1.1201483989815526,-0.8619484131774695,TIME_LIMIT,311609,0,0,14,16
5,8,1.3238e6,-1.1201439395573056,-0.8619484131774695,TIME_LIMIT,311627,0,0,7,5
5,8,1.323895e6,-1.1201439395573056,-0.8619484131774695,TIME_LIMIT,311646,0,0,10,10
5,8,1.323991e6,-1.1201264883210382,-0.8619484131774695,TIME_LIMIT,311666,0,0,6,8
5,8,1.324107e6,-1.1201264883210382,-0.8619484131774695,TIME_LIMIT,311696,0,0,9,9
5,8,1.324173e6,-1.1201208760245875,-0.8619484131774695,TIME_LIMIT,311720,0,0,11,5
5,8,1.324379e6,-1.1201208760245875,-0.8619484131774695,TIME_LIMIT,311750,0,0,20,18
5,8,1.324515e6,-1.1201022675081846,-0.8619484131774695,TIME_LIMIT,311775,0,0,11,9
5,8,1.324625e6,-1.1201022675081846,-0.8619484131774695,TIME_LIMIT,311800,0,0,20,8
5,8,1.324682e6,-1.1201016913826767,-0.8619484131774695,TIME_LIMIT,311822,0,0,12,5
5,8,1.324795e6,-1.1201016913826767,-0.8619484131774695,TIME_LIMIT,311842,0,0,11,12
5,8,1.324943e6,-1.1201015843312967,-0.8619484131774695,TIME_LIMIT,311878,0,0,9,9
5,8,1.32503e6,-1.1201015843312967,-0.8619484131774695,TIME_LIMIT,311899,0,0,4,8
5,8,1.325092e6,-1.1200910987046,-0.8619484131774695,TIME_LIMIT,311920,0,0,5,8
5,8,1.325148e6,-1.1200910987046,-0.8619484131774695,TIME_LIMIT,311940,0,0,16,16
5,8,1.325369e6,-1.1200794024287957,-0.8619484131774695,TIME_LIMIT,311970,0,0,5,8
5,8,1.325551e6,-1.1200794024287957,-0.8619484131774695,TIME_LIMIT,312003,0,0,8,12
5,8,1.325775e6,-1.1200793750846865,-0.8619484131774695,TIME_LIMIT,312030,0,0,15,12
5,8,1.325891e6,-1.1200793750846865,-0.8619484131774695,TIME_LIMIT,312047,0,0,10,6
5,8,1.326021e6,-1.1200694985499702,-0.8619484131774695,TIME_LIMIT,312077,0,0,11,11
5,8,1.326105e6,-1.1200694985499702,-0.8619484131774695,TIME_LIMIT,312091,0,0,9,14
5,8,1.326168e6,-1.1200673134839965,-0.8619484131774695,TIME_LIMIT,312118,0,0,8,9
5,8,1.326322e6,-1.1200673134839965,-0.8619484131774695,TIME_LIMIT,312136,0,0,15,17
5,8,1.326409e6,-1.1200587324144649,-0.8619484131774695,TIME_LIMIT,312161,0,0,13,5
5,8,1.326498e6,-1.1200587324144649,-0.8619484131774695,TIME_LIMIT,312178,0,0,6,3
5,8,1.32653e6,-1.1200572736345635,-0.8619484131774695,TIME_LIMIT,312202,0,0,7,4
5,8,1.326621e6,-1.1200572736345635,-0.8619484131774695,TIME_LIMIT,312219,0,0,19,7
5,8,1.326738e6,-1.1200517015930547,-0.8619484131774695,TIME_LIMIT,312242,0,0,4,0
5,8,1.326957e6,-1.1200517015930547,-0.8619484131774695,TIME_LIMIT,312266,0,0,18,12
5,8,1.327121e6,-1.1200500083942433,-0.8619484131774695,TIME_LIMIT,312292,0,0,15,11
5,8,1.327335e6,-1.1200500083942433,-0.8619484131774695,TIME_LIMIT,312322,0,0,26,12
5,8,1.327577e6,-1.1200479421626741,-0.8619484131774695,TIME_LIMIT,312352,0,0,5,11
5,8,1.327805e6,-1.1200479421626741,-0.8619484131774695,TIME_LIMIT,312382,0,0,18,7
5,8,1.327951e6,-1.120044910947362,-0.8619484131774695,TIME_LIMIT,312405,0,0,11,6
5,8,1.328088e6,-1.120044910947362,-0.8619484131774695,TIME_LIMIT,312431,0,0,9,19
5,8,1.328171e6,-1.120023771143774,-0.8619484131774695,TIME_LIMIT,312458,0,0,14,12
5,8,1.328279e6,-1.120023771143774,-0.8619484131774695,TIME_LIMIT,312478,0,0,3,11
5,8,1.328314e6,-1.1200232059373685,-0.8619484131774695,TIME_LIMIT,312498,0,0,8,6
5,8,1.328431e6,-1.1200232059373685,-0.8619484131774695,TIME_LIMIT,312531,0,0,25,28
5,8,1.328565e6,-1.1200156685651677,-0.8619484131774695,TIME_LIMIT,312567,0,0,10,8
5,8,1.328684e6,-1.1200156685651677,-0.8619484131774695,TIME_LIMIT,312594,0,0,13,17
5,8,1.328767e6,-1.1200100913689819,-0.8619484131774695,TIME_LIMIT,312614,0,0,12,8
5,8,1.328869e6,-1.1200100913689819,-0.8619484131774695,TIME_LIMIT,312632,0,0,8,10
5,8,1.328914e6,-1.1200092775539194,-0.8619484131774695,TIME_LIMIT,312658,0,0,12,4
5,8,1.329133e6,-1.1200092775539194,-0.8619484131774695,TIME_LIMIT,312682,0,0,15,15
5,8,1.329342e6,-1.1200063505033606,-0.8619484131774695,TIME_LIMIT,312711,0,0,8,10
5,8,1.329491e6,-1.1200063505033606,-0.8619484131774695,TIME_LIMIT,312735,0,0,17,23
5,8,1.329746e6,-1.120003527236321,-0.8619484131774695,TIME_LIMIT,312783,0,0,15,11
5,8,1.329788e6,-1.120003527236321,-0.8619484131774695,TIME_LIMIT,312799,0,0,6,3
5,8,1.329807e6,-1.1199855908431247,-0.8619484131774695,TIME_LIMIT,312811,0,0,5,4
5,8,1.329974e6,-1.1199855908431247,-0.8619484131774695,TIME_LIMIT,312836,0,0,7,25
5,8,1.33013e6,-1.1199808052663132,-0.8619484131774695,TIME_LIMIT,312873,0,0,4,6
5,8,1.330219e6,-1.1199808052663132,-0.8619484131774695,TIME_LIMIT,312895,0,0,5,2
5,8,1.330452e6,-1.1199754925100152,-0.8619484131774695,TIME_LIMIT,312924,0,0,11,6
5,8,1.330588e6,-1.1199754925100152,-0.8619484131774695,TIME_LIMIT,312948,0,0,12,18
5,8,1.330769e6,-1.1199571967012039,-0.8619484131774695,TIME_LIMIT,312988,0,0,15,13
5,8,1.330901e6,-1.1199571967012039,-0.8619484131774695,TIME_LIMIT,313010,0,0,16,15
5,8,1.331016e6,-1.1199434388384102,-0.8619484131774695,TIME_LIMIT,313042,0,0,17,8
5,8,1.331072e6,-1.1199434388384102,-0.8619484131774695,TIME_LIMIT,313059,0,0,8,2
5,8,1.331128e6,-1.1199390516034622,-0.8619484131774695,TIME_LIMIT,313074,0,0,4,1
5,8,1.331267e6,-1.1199390516034622,-0.8619484131774695,TIME_LIMIT,313097,0,0,16,12
5,8,1.331343e6,-1.1199284948067176,-0.8619484131774695,TIME_LIMIT,313127,0,0,13,4
5,8,1.331396e6,-1.1199284948067176,-0.8619484131774695,TIME_LIMIT,313143,0,0,12,8
5,8,1.331501e6,-1.1199215131170386,-0.8619484131774695,TIME_LIMIT,313161,0,0,9,5
5,8,1.331664e6,-1.1199215131170386,-0.8619484131774695,TIME_LIMIT,313192,0,0,21,13
5,8,1.331757e6,-1.1199020276593559,-0.8619484131774695,TIME_LIMIT,313220,0,0,9,10
5,8,1.331875e6,-1.1199020276593559,-0.8619484131774695,TIME_LIMIT,313250,0,0,17,6
5,8,1.332032e6,-1.1198985360185936,-0.8619484131774695,TIME_LIMIT,313272,0,0,13,22
5,8,1.332198e6,-1.1198985360185936,-0.8619484131774695,TIME_LIMIT,313288,0,0,11,12
5,8,1.33229e6,-1.1198950666498921,-0.8619484131774695,TIME_LIMIT,313317,0,0,3,6
5,8,1.332349e6,-1.1198950666498921,-0.8619484131774695,TIME_LIMIT,313338,0,0,11,3
5,8,1.332434e6,-1.1198797859206269,-0.8619484131774695,TIME_LIMIT,313358,0,0,9,5
5,8,1.332536e6,-1.1198797859206269,-0.8619484131774695,TIME_LIMIT,313386,0,0,16,12
5,8,1.332643e6,-1.119869505672431,-0.8619484131774695,TIME_LIMIT,313424,0,0,6,9
5,8,1.332716e6,-1.119869505672431,-0.8619484131774695,TIME_LIMIT,313443,0,0,7,3
5,8,1.332814e6,-1.1198649566733625,-0.8619484131774695,TIME_LIMIT,313473,0,0,6,6
5,8,1.332908e6,-1.1198649566733625,-0.8619484131774695,TIME_LIMIT,313503,0,0,13,11
5,8,1.333021e6,-1.119858397124099,-0.8619484131774695,TIME_LIMIT,313524,0,0,9,2
5,8,1.333239e6,-1.119858397124099,-0.8619484131774695,TIME_LIMIT,313552,0,0,17,19
5,8,1.333334e6,-1.1198480086218237,-0.8619484131774695,TIME_LIMIT,313575,0,0,13,5
5,8,1.333552e6,-1.1198480086218237,-0.8619484131774695,TIME_LIMIT,313600,0,0,23,20
5,8,1.333797e6,-1.119842362918835,-0.8619484131774695,TIME_LIMIT,313637,0,0,10,3
5,8,1.333965e6,-1.119842362918835,-0.8619484131774695,TIME_LIMIT,313654,0,0,15,11
5,8,1.334067e6,-1.1198380258317446,-0.8619484131774695,TIME_LIMIT,313688,0,0,10,6
5,8,1.334178e6,-1.1198380258317446,-0.8619484131774695,TIME_LIMIT,313712,0,0,12,8
5,8,1.334279e6,-1.1198263331208413,-0.8619484131774695,TIME_LIMIT,313745,0,0,9,5
5,8,1.334388e6,-1.1198263331208413,-0.8619484131774695,TIME_LIMIT,313766,0,0,17,17
5,8,1.334588e6,-1.1198211198353518,-0.8619484131774695,TIME_LIMIT,313797,0,0,3,11
5,8,1.334676e6,-1.1198211198353518,-0.8619484131774695,TIME_LIMIT,313818,0,0,12,15
5,8,1.334852e6,-1.1198194840400995,-0.8619484131774695,TIME_LIMIT,313852,0,0,14,10
5,8,1.334965e6,-1.1198194840400995,-0.8619484131774695,TIME_LIMIT,313869,0,0,12,12
5,8,1.335081e6,-1.1198150884127485,-0.8619484131774695,TIME_LIMIT,313898,0,0,9,7
5,8,1.335288e6,-1.1198150884127485,-0.8619484131774695,TIME_LIMIT,313927,0,0,16,17
5,8,1.335381e6,-1.1198019507790322,-0.8619484131774695,TIME_LIMIT,313949,0,0,23,11
5,8,1.335445e6,-1.1198019507790322,-0.8619484131774695,TIME_LIMIT,313965,0,0,11,9
5,8,1.335616e6,-1.1197998633597488,-0.8619484131774695,TIME_LIMIT,313993,0,0,9,8
5,8,1.335655e6,-1.1197998633597488,-0.8619484131774695,TIME_LIMIT,314009,0,0,12,9
5,8,1.335721e6,-1.1197988692889127,-0.8619484131774695,TIME_LIMIT,314030,0,0,11,1
5,8,1.335855e6,-1.1197988692889127,-0.8619484131774695,TIME_LIMIT,314055,0,0,4,23
5,8,1.335952e6,-1.1197950281548112,-0.8619484131774695,TIME_LIMIT,314090,0,0,6,14
5,8,1.336081e6,-1.1197950281548112,-0.8619484131774695,TIME_LIMIT,314109,0,0,13,9
5,8,1.336357e6,-1.1197894122750787,-0.8619484131774695,TIME_LIMIT,314146,0,0,7,4
5,8,1.336535e6,-1.1197894122750787,-0.8619484131774695,TIME_LIMIT,314175,0,0,14,7
5,8,1.336576e6,-1.1197890273285451,-0.8619484131774695,TIME_LIMIT,314194,0,0,6,15
5,8,1.336631e6,-1.1197890273285451,-0.8619484131774695,TIME_LIMIT,314206,0,0,8,3
5,8,1.336656e6,-1.1197882392863092,-0.8619484131774695,TIME_LIMIT,314218,0,0,5,2
5,8,1.336762e6,-1.1197882392863092,-0.8619484131774695,TIME_LIMIT,314241,0,0,20,12
5,8,1.336884e6,-1.1197836992046215,-0.8619484131774695,TIME_LIMIT,314274,0,0,6,8
5,8,1.337065e6,-1.1197836992046215,-0.8619484131774695,TIME_LIMIT,314303,0,0,19,16
5,8,1.337237e6,-1.1197794460406594,-0.8619484131774695,TIME_LIMIT,314328,0,0,7,4
5,8,1.337344e6,-1.1197794460406594,-0.8619484131774695,TIME_LIMIT,314351,0,0,17,11
5,8,1.337559e6,-1.1197788077474433,-0.8619484131774695,TIME_LIMIT,314384,0,0,11,10
5,8,1.337779e6,-1.1197788077474433,-0.8619484131774695,TIME_LIMIT,314414,0,0,17,14
5,8,1.338074e6,-1.119776123120807,-0.8619484131774695,TIME_LIMIT,314441,0,0,11,11
5,8,1.338129e6,-1.119776123120807,-0.8619484131774695,TIME_LIMIT,314461,0,0,8,13
5,8,1.338217e6,-1.1197738605730716,-0.8619484131774695,TIME_LIMIT,314478,0,0,4,3
5,8,1.338357e6,-1.1197738605730716,-0.8619484131774695,TIME_LIMIT,314506,0,0,20,25
5,8,1.338569e6,-1.1197715305891887,-0.8619484131774695,TIME_LIMIT,314548,0,0,16,12
5,8,1.338682e6,-1.1197715305891887,-0.8619484131774695,TIME_LIMIT,314571,0,0,12,8
5,8,1.33874e6,-1.119771211059438,-0.8619484131774695,TIME_LIMIT,314590,0,0,8,0
5,8,1.338823e6,-1.119771211059438,-0.8619484131774695,TIME_LIMIT,314613,0,0,11,11
5,8,1.338926e6,-1.119766128772067,-0.8619484131774695,TIME_LIMIT,314638,0,0,7,5
5,8,1.339008e6,-1.119766128772067,-0.8619484131774695,TIME_LIMIT,314654,0,0,8,7
5,8,1.339102e6,-1.1197571972115292,-0.8619484131774695,TIME_LIMIT,314682,0,0,12,8
5,8,1.339324e6,-1.1197571972115292,-0.8619484131774695,TIME_LIMIT,314717,0,0,15,15
5,8,1.339473e6,-1.119746323811223,-0.8619484131774695,TIME_LIMIT,314752,0,0,17,17
5,8,1.33953e6,-1.119746323811223,-0.8619484131774695,TIME_LIMIT,314769,0,0,12,14
5,8,1.339683e6,-1.1197330585082022,-0.8619484131774695,TIME_LIMIT,314803,0,0,10,10
5,8,1.33978e6,-1.1197330585082022,-0.8619484131774695,TIME_LIMIT,314830,0,0,19,18
5,8,1.339877e6,-1.1197291178294855,-0.8619484131774695,TIME_LIMIT,314851,0,0,14,15
5,8,1.340083e6,-1.1197291178294855,-0.8619484131774695,TIME_LIMIT,314881,0,0,13,19
5,8,1.340331e6,-1.1197271768601365,-0.8619484131774695,TIME_LIMIT,314907,0,0,15,16
5,8,1.340384e6,-1.1197271768601365,-0.8619484131774695,TIME_LIMIT,314924,0,0,10,2
5,8,1.340411e6,-1.119726942846687,-0.8619484131774695,TIME_LIMIT,314937,0,0,3,3
5,8,1.340452e6,-1.119726942846687,-0.8619484131774695,TIME_LIMIT,314953,0,0,11,10
5,8,1.340563e6,-1.1197180889908145,-0.8619484131774695,TIME_LIMIT,314981,0,0,8,4
5,8,1.340622e6,-1.1197180889908145,-0.8619484131774695,TIME_LIMIT,315000,0,0,7,4
5,8,1.340807e6,-1.1197046426179618,-0.8619484131774695,TIME_LIMIT,315029,0,0,14,3
5,8,1.341024e6,-1.1197046426179618,-0.8619484131774695,TIME_LIMIT,315058,0,0,11,18
5,8,1.341116e6,-1.1196969642661236,-0.8619484131774695,TIME_LIMIT,315085,0,0,9,6
5,8,1.341302e6,-1.1196969642661236,-0.8619484131774695,TIME_LIMIT,315119,0,0,21,15
5,8,1.341521e6,-1.1196957380629018,-0.8619484131774695,TIME_LIMIT,315140,0,0,13,6
5,8,1.341635e6,-1.1196957380629018,-0.8619484131774695,TIME_LIMIT,315165,0,0,9,7
5,8,1.341719e6,-1.119674367931174,-0.8619484131774695,TIME_LIMIT,315186,0,0,7,8
5,8,1.341865e6,-1.119674367931174,-0.8619484131774695,TIME_LIMIT,315208,0,0,17,10
5,8,1.341933e6,-1.1196716491940726,-0.8619484131774695,TIME_LIMIT,315234,0,0,14,8
5,8,1.342027e6,-1.1196716491940726,-0.8619484131774695,TIME_LIMIT,315255,0,0,15,13
5,8,1.342106e6,-1.119658758841498,-0.8619484131774695,TIME_LIMIT,315277,0,0,7,4
5,8,1.342201e6,-1.119658758841498,-0.8619484131774695,TIME_LIMIT,315298,0,0,12,5
5,8,1.342324e6,-1.1196558268761303,-0.8619484131774695,TIME_LIMIT,315323,0,0,17,10
5,8,1.34244e6,-1.1196558268761303,-0.8619484131774695,TIME_LIMIT,315341,0,0,11,20
5,8,1.342536e6,-1.1196519557240499,-0.8619484131774695,TIME_LIMIT,315371,0,0,10,7
5,8,1.342694e6,-1.1196519557240499,-0.8619484131774695,TIME_LIMIT,315390,0,0,14,11
5,8,1.34274e6,-1.119651294274977,-0.8619484131774695,TIME_LIMIT,315403,0,0,7,1
5,8,1.342825e6,-1.119651294274977,-0.8619484131774695,TIME_LIMIT,315428,0,0,18,13
5,8,1.342855e6,-1.1196431062900876,-0.8619484131774695,TIME_LIMIT,315457,0,0,4,3
5,8,1.34293e6,-1.1196431062900876,-0.8619484131774695,TIME_LIMIT,315475,0,0,10,13
5,8,1.343014e6,-1.1196418788577134,-0.8619484131774695,TIME_LIMIT,315505,0,0,8,7
5,8,1.343067e6,-1.1196418788577134,-0.8619484131774695,TIME_LIMIT,315523,0,0,6,8
5,8,1.343094e6,-1.1196399421538046,-0.8619484131774695,TIME_LIMIT,315537,0,0,6,0
5,8,1.343184e6,-1.1196399421538046,-0.8619484131774695,TIME_LIMIT,315562,0,0,8,13
5,8,1.343292e6,-1.1196394037816302,-0.8619484131774695,TIME_LIMIT,315595,0,0,7,11
5,8,1.343365e6,-1.1196394037816302,-0.8619484131774695,TIME_LIMIT,315614,0,0,9,6
5,8,1.343464e6,-1.1196279187447205,-0.8619484131774695,TIME_LIMIT,315635,0,0,9,7
5,8,1.343582e6,-1.1196279187447205,-0.8619484131774695,TIME_LIMIT,315655,0,0,11,18
5,8,1.343742e6,-1.119622488318813,-0.8619484131774695,TIME_LIMIT,315686,0,0,16,10
5,8,1.343798e6,-1.119622488318813,-0.8619484131774695,TIME_LIMIT,315704,0,0,9,6
5,8,1.343811e6,-1.1196212944522355,-0.8619484131774695,TIME_LIMIT,315709,0,0,1,3
5,8,1.343993e6,-1.1196212944522355,-0.8619484131774695,TIME_LIMIT,315740,0,0,13,10
5,8,1.344192e6,-1.1196115217191576,-0.8619484131774695,TIME_LIMIT,315776,0,0,12,9
5,8,1.344348e6,-1.1196115217191576,-0.8619484131774695,TIME_LIMIT,315795,0,0,15,13
5,8,1.344433e6,-1.119593615760773,-0.8619484131774695,TIME_LIMIT,315828,0,0,14,4
5,8,1.344635e6,-1.119593615760773,-0.8619484131774695,TIME_LIMIT,315855,0,0,19,22
5,8,1.344872e6,-1.1195872171960515,-0.8619484131774695,TIME_LIMIT,315884,0,0,21,11
5,8,1.344966e6,-1.1195872171960515,-0.8619484131774695,TIME_LIMIT,315905,0,0,10,2
5,8,1.345002e6,-1.1195760875164338,-0.8619484131774695,TIME_LIMIT,315915,0,0,5,4
5,8,1.345167e6,-1.1195760875164338,-0.8619484131774695,TIME_LIMIT,315933,0,0,5,5
5,8,1.345253e6,-1.119574875679092,-0.8619484131774695,TIME_LIMIT,315950,0,0,8,2
5,8,1.345293e6,-1.119574875679092,-0.8619484131774695,TIME_LIMIT,315970,0,0,11,8
5,8,1.345372e6,-1.1195739448157493,-0.8619484131774695,TIME_LIMIT,315990,0,0,10,6
5,8,1.345499e6,-1.1195739448157493,-0.8619484131774695,TIME_LIMIT,316016,0,0,12,10
5,8,1.345547e6,-1.1195717011441013,-0.8619484131774695,TIME_LIMIT,316040,0,0,12,7
5,8,1.345708e6,-1.1195717011441013,-0.8619484131774695,TIME_LIMIT,316069,0,0,24,11
5,8,1.345896e6,-1.1195689941962483,-0.8619484131774695,TIME_LIMIT,316107,0,0,13,8
5,8,1.34595e6,-1.1195689941962483,-0.8619484131774695,TIME_LIMIT,316120,0,0,6,7
5,8,1.345976e6,-1.1195585772494314,-0.8619484131774695,TIME_LIMIT,316136,0,0,5,6
5,8,1.346182e6,-1.1195585772494314,-0.8619484131774695,TIME_LIMIT,316159,0,0,15,12
5,8,1.346407e6,-1.1195524710445963,-0.8619484131774695,TIME_LIMIT,316199,0,0,17,13
5,8,1.346476e6,-1.1195524710445963,-0.8619484131774695,TIME_LIMIT,316226,0,0,14,14
5,8,1.34657e6,-1.119550687149695,-0.8619484131774695,TIME_LIMIT,316248,0,0,6,4
5,8,1.346714e6,-1.119550687149695,-0.8619484131774695,TIME_LIMIT,316271,0,0,15,11
5,8,1.346772e6,-1.1195473705918237,-0.8619484131774695,TIME_LIMIT,316287,0,0,9,9
5,8,1.346874e6,-1.1195473705918237,-0.8619484131774695,TIME_LIMIT,316307,0,0,10,30
5,8,1.347071e6,-1.119545018753583,-0.8619484131774695,TIME_LIMIT,316348,0,0,11,10
5,8,1.347236e6,-1.119545018753583,-0.8619484131774695,TIME_LIMIT,316375,0,0,17,13
5,8,1.34744e6,-1.1195429019341603,-0.8619484131774695,TIME_LIMIT,316399,0,0,9,6
5,8,1.347591e6,-1.1195429019341603,-0.8619484131774695,TIME_LIMIT,316425,0,0,9,16
5,8,1.347768e6,-1.1195377421804649,-0.8619484131774695,TIME_LIMIT,316445,0,0,16,9
5,8,1.347934e6,-1.1195377421804649,-0.8619484131774695,TIME_LIMIT,316480,0,0,23,17
5,8,1.34805e6,-1.1195373533016317,-0.8619484131774695,TIME_LIMIT,316505,0,0,19,16
5,8,1.348185e6,-1.1195373533016317,-0.8619484131774695,TIME_LIMIT,316529,0,0,14,13
5,8,1.348311e6,-1.1195359551244604,-0.8619484131774695,TIME_LIMIT,316552,0,0,13,2
5,8,1.348431e6,-1.1195359551244604,-0.8619484131774695,TIME_LIMIT,316574,0,0,10,9
5,8,1.348519e6,-1.1195291436436714,-0.8619484131774695,TIME_LIMIT,316601,0,0,12,1
5,8,1.348626e6,-1.1195291436436714,-0.8619484131774695,TIME_LIMIT,316617,0,0,9,11
5,8,1.348728e6,-1.1195279561058231,-0.8619484131774695,TIME_LIMIT,316645,0,0,12,7
5,8,1.348811e6,-1.1195279561058231,-0.8619484131774695,TIME_LIMIT,316663,0,0,11,15
5,8,1.348904e6,-1.119489586233039,-0.8619484131774695,TIME_LIMIT,316686,0,0,9,7
5,8,1.349064e6,-1.119489586233039,-0.8619484131774695,TIME_LIMIT,316714,0,0,21,24
5,8,1.349316e6,-1.1194857957501256,-0.8619484131774695,TIME_LIMIT,316746,0,0,15,10
5,8,1.349439e6,-1.1194857957501256,-0.8619484131774695,TIME_LIMIT,316772,0,0,13,7
5,8,1.349631e6,-1.1194847781934856,-0.8619484131774695,TIME_LIMIT,316808,0,0,10,7
5,8,1.349763e6,-1.1194847781934856,-0.8619484131774695,TIME_LIMIT,316836,0,0,12,24
5,8,1.349866e6,-1.1194796392634123,-0.8619484131774695,TIME_LIMIT,316864,0,0,17,7
5,8,1.350086e6,-1.1194796392634123,-0.8619484131774695,TIME_LIMIT,316895,0,0,8,9
5,8,1.350233e6,-1.1194777468165982,-0.8619484131774695,TIME_LIMIT,316917,0,0,11,7
5,8,1.350382e6,-1.1194777468165982,-0.8619484131774695,TIME_LIMIT,316951,0,0,11,11
5,8,1.350564e6,-1.1194740153116216,-0.8619484131774695,TIME_LIMIT,316979,0,0,16,13
5,8,1.350631e6,-1.1194740153116216,-0.8619484131774695,TIME_LIMIT,316999,0,0,12,13
5,8,1.350709e6,-1.1194723431758828,-0.8619484131774695,TIME_LIMIT,317012,0,0,5,3
5,8,1.350791e6,-1.1194723431758828,-0.8619484131774695,TIME_LIMIT,317045,0,0,14,9
5,8,1.350905e6,-1.119469686347165,-0.8619484131774695,TIME_LIMIT,317068,0,0,11,14
5,8,1.351123e6,-1.119469686347165,-0.8619484131774695,TIME_LIMIT,317093,0,0,18,26
5,8,1.351318e6,-1.1194656231869207,-0.8619484131774695,TIME_LIMIT,317141,0,0,6,13
5,8,1.351531e6,-1.1194656231869207,-0.8619484131774695,TIME_LIMIT,317167,0,0,16,15
5,8,1.351733e6,-1.1194646267491226,-0.8619484131774695,TIME_LIMIT,317190,0,0,15,10
5,8,1.351896e6,-1.1194646267491226,-0.8619484131774695,TIME_LIMIT,317209,0,0,19,17
5,8,1.352052e6,-1.1194580292993392,-0.8619484131774695,TIME_LIMIT,317241,0,0,14,10
5,8,1.352259e6,-1.1194580292993392,-0.8619484131774695,TIME_LIMIT,317263,0,0,8,12
5,8,1.352329e6,-1.1194553585095797,-0.8619484131774695,TIME_LIMIT,317286,0,0,9,10
5,8,1.352426e6,-1.1194553585095797,-0.8619484131774695,TIME_LIMIT,317308,0,0,10,8
5,8,1.35252e6,-1.1194446362539603,-0.8619484131774695,TIME_LIMIT,317331,0,0,6,3
5,8,1.352723e6,-1.1194446362539603,-0.8619484131774695,TIME_LIMIT,317363,0,0,20,20
5,8,1.352785e6,-1.11943885169951,-0.8619484131774695,TIME_LIMIT,317381,0,0,12,12
5,8,1.352895e6,-1.11943885169951,-0.8619484131774695,TIME_LIMIT,317402,0,0,14,11
5,8,1.35299e6,-1.1194368691659402,-0.8619484131774695,TIME_LIMIT,317432,0,0,6,8
5,8,1.353114e6,-1.1194368691659402,-0.8619484131774695,TIME_LIMIT,317460,0,0,8,9
5,8,1.353191e6,-1.1194211536882372,-0.8619484131774695,TIME_LIMIT,317478,0,0,14,12
5,8,1.353237e6,-1.1194211536882372,-0.8619484131774695,TIME_LIMIT,317495,0,0,6,7
5,8,1.353345e6,-1.1194148117949898,-0.8619484131774695,TIME_LIMIT,317520,0,0,9,5
5,8,1.353434e6,-1.1194148117949898,-0.8619484131774695,TIME_LIMIT,317543,0,0,9,7
5,8,1.353541e6,-1.1194082598033122,-0.8619484131774695,TIME_LIMIT,317558,0,0,4,5
5,8,1.353625e6,-1.1194082598033122,-0.8619484131774695,TIME_LIMIT,317582,0,0,9,8
5,8,1.353667e6,-1.1193960852212546,-0.8619484131774695,TIME_LIMIT,317600,0,0,7,5
5,8,1.353833e6,-1.1193960852212546,-0.8619484131774695,TIME_LIMIT,317628,0,0,20,16
5,8,1.354009e6,-1.1193915564578947,-0.8619484131774695,TIME_LIMIT,317670,0,0,14,15
5,8,1.354079e6,-1.1193915564578947,-0.8619484131774695,TIME_LIMIT,317688,0,0,13,18
5,8,1.354147e6,-1.1193883957743822,-0.8619484131774695,TIME_LIMIT,317713,0,0,8,10
5,8,1.354366e6,-1.1193883957743822,-0.8619484131774695,TIME_LIMIT,317742,0,0,6,36
5,8,1.354585e6,-1.1193855766773555,-0.8619484131774695,TIME_LIMIT,317773,0,0,13,11
5,8,1.354814e6,-1.1193855766773555,-0.8619484131774695,TIME_LIMIT,317800,0,0,20,17
5,8,1.354951e6,-1.119381229793965,-0.8619484131774695,TIME_LIMIT,317831,0,0,15,9
5,8,1.355098e6,-1.119381229793965,-0.8619484131774695,TIME_LIMIT,317856,0,0,14,12
5,8,1.355242e6,-1.1193633075409446,-0.8619484131774695,TIME_LIMIT,317892,0,0,14,7
5,8,1.355355e6,-1.1193633075409446,-0.8619484131774695,TIME_LIMIT,317910,0,0,14,9
5,8,1.355413e6,-1.1193630470325697,-0.8619484131774695,TIME_LIMIT,317930,0,0,9,9
5,8,1.355516e6,-1.1193630470325697,-0.8619484131774695,TIME_LIMIT,317954,0,0,13,7
5,8,1.355572e6,-1.1193551103799477,-0.8619484131774695,TIME_LIMIT,317976,0,0,18,11
5,8,1.355697e6,-1.1193551103799477,-0.8619484131774695,TIME_LIMIT,317990,0,0,9,12
5,8,1.355842e6,-1.1193527402832348,-0.8619484131774695,TIME_LIMIT,318014,0,0,4,3
5,8,1.356039e6,-1.1193527402832348,-0.8619484131774695,TIME_LIMIT,318045,0,0,11,4
5,8,1.356227e6,-1.1193274018922073,-0.8619484131774695,TIME_LIMIT,318074,0,0,10,14
5,8,1.356473e6,-1.1193274018922073,-0.8619484131774695,TIME_LIMIT,318099,0,0,16,15
5,8,1.356551e6,-1.1193191332869517,-0.8619484131774695,TIME_LIMIT,318123,0,0,12,3
5,8,1.356763e6,-1.1193191332869517,-0.8619484131774695,TIME_LIMIT,318147,0,0,13,9
5,8,1.356915e6,-1.11931869303774,-0.8619484131774695,TIME_LIMIT,318170,0,0,10,8
5,8,1.356998e6,-1.11931869303774,-0.8619484131774695,TIME_LIMIT,318191,0,0,10,7
5,8,1.357047e6,-1.1193102384630318,-0.8619484131774695,TIME_LIMIT,318218,0,0,7,4
5,8,1.357201e6,-1.1193102384630318,-0.8619484131774695,TIME_LIMIT,318247,0,0,11,17
5,8,1.357285e6,-1.1193070614729579,-0.8619484131774695,TIME_LIMIT,318279,0,0,9,5
5,8,1.357481e6,-1.1193070614729579,-0.8619484131774695,TIME_LIMIT,318297,0,0,10,20
5,8,1.357608e6,-1.1192991978124271,-0.8619484131774695,TIME_LIMIT,318332,0,0,14,10
5,8,1.357671e6,-1.1192991978124271,-0.8619484131774695,TIME_LIMIT,318358,0,0,18,23
5,8,1.357812e6,-1.1192987176839535,-0.8619484131774695,TIME_LIMIT,318393,0,0,8,9
5,8,1.357947e6,-1.1192987176839535,-0.8619484131774695,TIME_LIMIT,318412,0,0,10,8
5,8,1.358091e6,-1.1192967569118066,-0.8619484131774695,TIME_LIMIT,318443,0,0,12,7
5,8,1.358207e6,-1.1192967569118066,-0.8619484131774695,TIME_LIMIT,318465,0,0,11,6
5,8,1.358287e6,-1.1192823321373446,-0.8619484131774695,TIME_LIMIT,318489,0,0,17,8
5,8,1.358389e6,-1.1192823321373446,-0.8619484131774695,TIME_LIMIT,318511,0,0,11,13
5,8,1.358471e6,-1.1192817733772213,-0.8619484131774695,TIME_LIMIT,318533,0,0,5,4
5,8,1.358576e6,-1.1192817733772213,-0.8619484131774695,TIME_LIMIT,318559,0,0,14,9
5,8,1.358647e6,-1.1192785342883045,-0.8619484131774695,TIME_LIMIT,318575,0,0,11,4
5,8,1.358716e6,-1.1192785342883045,-0.8619484131774695,TIME_LIMIT,318596,0,0,10,11
5,8,1.358773e6,-1.1192774551032456,-0.8619484131774695,TIME_LIMIT,318616,0,0,10,5
5,8,1.358976e6,-1.1192774551032456,-0.8619484131774695,TIME_LIMIT,318645,0,0,22,28
5,8,1.359127e6,-1.119267441989576,-0.8619484131774695,TIME_LIMIT,318685,0,0,16,12
5,8,1.359217e6,-1.119267441989576,-0.8619484131774695,TIME_LIMIT,318713,0,0,10,9
5,8,1.359359e6,-1.1192638974903917,-0.8619484131774695,TIME_LIMIT,318737,0,0,14,6
5,8,1.359464e6,-1.1192638974903917,-0.8619484131774695,TIME_LIMIT,318759,0,0,7,11
5,8,1.359551e6,-1.1192502349351368,-0.8619484131774695,TIME_LIMIT,318790,0,0,7,7
5,8,1.359587e6,-1.1192502349351368,-0.8619484131774695,TIME_LIMIT,318805,0,0,3,5
5,8,1.359602e6,-1.11924790624405,-0.8619484131774695,TIME_LIMIT,318810,0,0,3,3
5,8,1.359671e6,-1.11924790624405,-0.8619484131774695,TIME_LIMIT,318828,0,0,8,8
5,8,1.35977e6,-1.1192410181753296,-0.8619484131774695,TIME_LIMIT,318854,0,0,9,2
5,8,1.359884e6,-1.1192410181753296,-0.8619484131774695,TIME_LIMIT,318880,0,0,12,12
5,8,1.359938e6,-1.1192392137053442,-0.8619484131774695,TIME_LIMIT,318900,0,0,10,7
5,8,1.360031e6,-1.1192392137053442,-0.8619484131774695,TIME_LIMIT,318929,0,0,18,8
5,8,1.360123e6,-1.11923279330125,-0.8619484131774695,TIME_LIMIT,318946,0,0,2,4
5,8,1.360262e6,-1.11923279330125,-0.8619484131774695,TIME_LIMIT,318971,0,0,24,27
5,8,1.360464e6,-1.1192144689907673,-0.8619484131774695,TIME_LIMIT,319003,0,0,13,8
5,8,1.360623e6,-1.1192144689907673,-0.8619484131774695,TIME_LIMIT,319027,0,0,12,25
5,8,1.360734e6,-1.1192068492824039,-0.8619484131774695,TIME_LIMIT,319048,0,0,10,7
5,8,1.360865e6,-1.1192068492824039,-0.8619484131774695,TIME_LIMIT,319081,0,0,20,6
5,8,1.361094e6,-1.1192009779204413,-0.8619484131774695,TIME_LIMIT,319105,0,0,9,12
5,8,1.361322e6,-1.1192009779204413,-0.8619484131774695,TIME_LIMIT,319133,0,0,17,15
5,8,1.361407e6,-1.119191717149485,-0.8619484131774695,TIME_LIMIT,319153,0,0,15,7
5,8,1.36157e6,-1.119191717149485,-0.8619484131774695,TIME_LIMIT,319181,0,0,17,30
5,8,1.36171e6,-1.1191912431307842,-0.8619484131774695,TIME_LIMIT,319209,0,0,15,15
5,8,1.361818e6,-1.1191912431307842,-0.8619484131774695,TIME_LIMIT,319225,0,0,7,10
5,8,1.361903e6,-1.1191876022205096,-0.8619484131774695,TIME_LIMIT,319252,0,0,12,2
5,8,1.362024e6,-1.1191876022205096,-0.8619484131774695,TIME_LIMIT,319275,0,0,19,13
5,8,1.362256e6,-1.119177650021938,-0.8619484131774695,TIME_LIMIT,319305,0,0,18,13
5,8,1.362389e6,-1.119177650021938,-0.8619484131774695,TIME_LIMIT,319333,0,0,14,14
5,8,1.362455e6,-1.119160465921154,-0.8619484131774695,TIME_LIMIT,319354,0,0,12,6
5,8,1.36255e6,-1.119160465921154,-0.8619484131774695,TIME_LIMIT,319372,0,0,20,9
5,8,1.362647e6,-1.1191569936166759,-0.8619484131774695,TIME_LIMIT,319402,0,0,6,6
5,8,1.362705e6,-1.1191569936166759,-0.8619484131774695,TIME_LIMIT,319422,0,0,15,19
5,8,1.362924e6,-1.1191284146259315,-0.8619484131774695,TIME_LIMIT,319462,0,0,10,9
5,8,1.362994e6,-1.1191284146259315,-0.8619484131774695,TIME_LIMIT,319484,0,0,13,14
5,8,1.363049e6,-1.119118773640186,-0.8619484131774695,TIME_LIMIT,319503,0,0,8,7
5,8,1.363148e6,-1.119118773640186,-0.8619484131774695,TIME_LIMIT,319525,0,0,11,13
5,8,1.36323e6,-1.1191102893757559,-0.8619484131774695,TIME_LIMIT,319549,0,0,10,5
5,8,1.363269e6,-1.1191102893757559,-0.8619484131774695,TIME_LIMIT,319574,0,0,9,11
5,8,1.363299e6,-1.1191054729459713,-0.8619484131774695,TIME_LIMIT,319587,0,0,5,6
5,8,1.363406e6,-1.1191054729459713,-0.8619484131774695,TIME_LIMIT,319612,0,0,8,18
5,8,1.363537e6,-1.1191007299948588,-0.8619484131774695,TIME_LIMIT,319646,0,0,8,9
5,8,1.363602e6,-1.1191007299948588,-0.8619484131774695,TIME_LIMIT,319672,0,0,9,13
5,8,1.363747e6,-1.1190954714157118,-0.8619484131774695,TIME_LIMIT,319707,0,0,14,10
5,8,1.363856e6,-1.1190954714157118,-0.8619484131774695,TIME_LIMIT,319732,0,0,22,18
5,8,1.364067e6,-1.1190827027549117,-0.8619484131774695,TIME_LIMIT,319772,0,0,9,13
5,8,1.364218e6,-1.1190827027549117,-0.8619484131774695,TIME_LIMIT,319793,0,0,11,2
5,8,1.364284e6,-1.1190795609713855,-0.8619484131774695,TIME_LIMIT,319810,0,0,9,4
5,8,1.364329e6,-1.1190795609713855,-0.8619484131774695,TIME_LIMIT,319826,0,0,3,11
5,8,1.364414e6,-1.1190726240427524,-0.8619484131774695,TIME_LIMIT,319845,0,0,8,3
5,8,1.364595e6,-1.1190726240427524,-0.8619484131774695,TIME_LIMIT,319878,0,0,15,19
5,8,1.364827e6,-1.119071998085273,-0.8619484131774695,TIME_LIMIT,319907,0,0,11,13
5,8,1.364924e6,-1.119071998085273,-0.8619484131774695,TIME_LIMIT,319931,0,0,23,35
5,8,1.365223e6,-1.1190712178938353,-0.8619484131774695,TIME_LIMIT,319963,0,0,8,9
5,8,1.365311e6,-1.1190712178938353,-0.8619484131774695,TIME_LIMIT,319983,0,0,9,12
5,8,1.365382e6,-1.1190639973024306,-0.8619484131774695,TIME_LIMIT,320004,0,0,11,3
5,8,1.365495e6,-1.1190639973024306,-0.8619484131774695,TIME_LIMIT,320023,0,0,9,14
5,8,1.365592e6,-1.1190624772986624,-0.8619484131774695,TIME_LIMIT,320058,0,0,12,8
5,8,1.365706e6,-1.1190624772986624,-0.8619484131774695,TIME_LIMIT,320083,0,0,17,16
5,8,1.365924e6,-1.1190612759675975,-0.8619484131774695,TIME_LIMIT,320108,0,0,8,3
5,8,1.365987e6,-1.1190612759675975,-0.8619484131774695,TIME_LIMIT,320125,0,0,12,17
5,8,1.36606e6,-1.119056204376577,-0.8619484131774695,TIME_LIMIT,320158,0,0,6,8
5,8,1.366145e6,-1.119056204376577,-0.8619484131774695,TIME_LIMIT,320179,0,0,15,6
5,8,1.366214e6,-1.1190488828565268,-0.8619484131774695,TIME_LIMIT,320205,0,0,11,6
5,8,1.366264e6,-1.1190488828565268,-0.8619484131774695,TIME_LIMIT,320236,0,0,11,20
5,8,1.366349e6,-1.1190394768297487,-0.8619484131774695,TIME_LIMIT,320263,0,0,8,4
5,8,1.366523e6,-1.1190394768297487,-0.8619484131774695,TIME_LIMIT,320290,0,0,13,18
5,8,1.366592e6,-1.1190383637961634,-0.8619484131774695,TIME_LIMIT,320310,0,0,13,5
5,8,1.366702e6,-1.1190383637961634,-0.8619484131774695,TIME_LIMIT,320329,0,0,13,16
5,8,1.366892e6,-1.1190127155169085,-0.8619484131774695,TIME_LIMIT,320363,0,0,4,5
5,8,1.367036e6,-1.1190127155169085,-0.8619484131774695,TIME_LIMIT,320388,0,0,8,11
5,8,1.36714e6,-1.119007183002153,-0.8619484131774695,TIME_LIMIT,320410,0,0,7,4
5,8,1.367214e6,-1.119007183002153,-0.8619484131774695,TIME_LIMIT,320430,0,0,14,17
5,8,1.367387e6,-1.119001973936027,-0.8619484131774695,TIME_LIMIT,320469,0,0,15,5
5,8,1.367504e6,-1.119001973936027,-0.8619484131774695,TIME_LIMIT,320492,0,0,7,5
5,8,1.367579e6,-1.1189908794304784,-0.8619484131774695,TIME_LIMIT,320510,0,0,9,6
5,8,1.36775e6,-1.1189908794304784,-0.8619484131774695,TIME_LIMIT,320539,0,0,11,10
5,8,1.367958e6,-1.118981980166581,-0.8619484131774695,TIME_LIMIT,320570,0,0,8,8
5,8,1.368207e6,-1.118981980166581,-0.8619484131774695,TIME_LIMIT,320599,0,0,22,21
5,8,1.368373e6,-1.1189800861378596,-0.8619484131774695,TIME_LIMIT,320629,0,0,19,25
5,8,1.36841e6,-1.1189800861378596,-0.8619484131774695,TIME_LIMIT,320650,0,0,12,14
5,8,1.368473e6,-1.1189769482999858,-0.8619484131774695,TIME_LIMIT,320666,0,0,7,5
5,8,1.368594e6,-1.1189769482999858,-0.8619484131774695,TIME_LIMIT,320690,0,0,13,13
5,8,1.368693e6,-1.118973537191041,-0.8619484131774695,TIME_LIMIT,320713,0,0,10,3
5,8,1.368806e6,-1.118973537191041,-0.8619484131774695,TIME_LIMIT,320728,0,0,6,6
5,8,1.368896e6,-1.11897198239828,-0.8619484131774695,TIME_LIMIT,320759,0,0,9,4
5,8,1.368984e6,-1.11897198239828,-0.8619484131774695,TIME_LIMIT,320786,0,0,9,10
5,8,1.369029e6,-1.118967732358911,-0.8619484131774695,TIME_LIMIT,320803,0,0,7,2
5,8,1.369121e6,-1.118967732358911,-0.8619484131774695,TIME_LIMIT,320820,0,0,12,5
5,8,1.36918e6,-1.1189623893386644,-0.8619484131774695,TIME_LIMIT,320847,0,0,8,2
5,8,1.369267e6,-1.1189623893386644,-0.8619484131774695,TIME_LIMIT,320867,0,0,10,15
5,8,1.369362e6,-1.1189599469140197,-0.8619484131774695,TIME_LIMIT,320893,0,0,9,4
5,8,1.369539e6,-1.1189599469140197,-0.8619484131774695,TIME_LIMIT,320918,0,0,17,17
5,8,1.369666e6,-1.1189460504929856,-0.8619484131774695,TIME_LIMIT,320945,0,0,8,4
5,8,1.369812e6,-1.1189460504929856,-0.8619484131774695,TIME_LIMIT,320974,0,0,13,19
5,8,1.369935e6,-1.1189361832642675,-0.8619484131774695,TIME_LIMIT,321014,0,0,13,12
5,8,1.369988e6,-1.1189361832642675,-0.8619484131774695,TIME_LIMIT,321033,0,0,12,21
5,8,1.370154e6,-1.1189274579960076,-0.8619484131774695,TIME_LIMIT,321072,0,0,13,9
5,8,1.370311e6,-1.1189274579960076,-0.8619484131774695,TIME_LIMIT,321098,0,0,21,13
5,8,1.370535e6,-1.1189015836331837,-0.8619484131774695,TIME_LIMIT,321139,0,0,15,12
5,8,1.370563e6,-1.1189015836331837,-0.8619484131774695,TIME_LIMIT,321157,0,0,12,1
5,8,1.370639e6,-1.1188876230702611,-0.8619484131774695,TIME_LIMIT,321180,0,0,9,5
5,8,1.370844e6,-1.1188876230702611,-0.8619484131774695,TIME_LIMIT,321212,0,0,20,23
5,8,1.371018e6,-1.1188851541866356,-0.8619484131774695,TIME_LIMIT,321244,0,0,18,5
5,8,1.37109e6,-1.1188851541866356,-0.8619484131774695,TIME_LIMIT,321262,0,0,11,13
5,8,1.371138e6,-1.1188693816739956,-0.8619484131774695,TIME_LIMIT,321282,0,0,5,6
5,8,1.371302e6,-1.1188693816739956,-0.8619484131774695,TIME_LIMIT,321310,0,0,10,24
5,8,1.371425e6,-1.1188638506295694,-0.8619484131774695,TIME_LIMIT,321349,0,0,12,6
5,8,1.371507e6,-1.1188638506295694,-0.8619484131774695,TIME_LIMIT,321368,0,0,14,10
5,8,1.371629e6,-1.118855364617153,-0.8619484131774695,TIME_LIMIT,321400,0,0,16,5
5,8,1.371705e6,-1.118855364617153,-0.8619484131774695,TIME_LIMIT,321426,0,0,16,4
5,8,1.371792e6,-1.118849522765147,-0.8619484131774695,TIME_LIMIT,321448,0,0,8,5
5,8,1.371896e6,-1.118849522765147,-0.8619484131774695,TIME_LIMIT,321468,0,0,14,10
5,8,1.372017e6,-1.1188413902080643,-0.8619484131774695,TIME_LIMIT,321498,0,0,12,7
5,8,1.372142e6,-1.1188413902080643,-0.8619484131774695,TIME_LIMIT,321519,0,0,11,16
5,8,1.372314e6,-1.1188411467321107,-0.8619484131774695,TIME_LIMIT,321559,0,0,21,13
5,8,1.372415e6,-1.1188411467321107,-0.8619484131774695,TIME_LIMIT,321585,0,0,18,13
5,8,1.372531e6,-1.1188398965039579,-0.8619484131774695,TIME_LIMIT,321605,0,0,14,11
5,8,1.372696e6,-1.1188398965039579,-0.8619484131774695,TIME_LIMIT,321631,0,0,12,16
5,8,1.372828e6,-1.1188282313874616,-0.8619484131774695,TIME_LIMIT,321651,0,0,16,9
5,8,1.373031e6,-1.1188282313874616,-0.8619484131774695,TIME_LIMIT,321676,0,0,17,7
5,8,1.373238e6,-1.118826702936644,-0.8619484131774695,TIME_LIMIT,321713,0,0,16,11
5,8,1.373348e6,-1.118826702936644,-0.8619484131774695,TIME_LIMIT,321735,0,0,15,12
5,8,1.373399e6,-1.1188256699384702,-0.8619484131774695,TIME_LIMIT,321748,0,0,5,6
5,8,1.373496e6,-1.1188256699384702,-0.8619484131774695,TIME_LIMIT,321772,0,0,15,28
5,8,1.373601e6,-1.1188041501674841,-0.8619484131774695,TIME_LIMIT,321800,0,0,6,4
5,8,1.373703e6,-1.1188041501674841,-0.8619484131774695,TIME_LIMIT,321821,0,0,20,11
5,8,1.373816e6,-1.1187954155061197,-0.8619484131774695,TIME_LIMIT,321850,0,0,10,5
5,8,1.373991e6,-1.1187954155061197,-0.8619484131774695,TIME_LIMIT,321877,0,0,13,16
5,8,1.374177e6,-1.1187933042955431,-0.8619484131774695,TIME_LIMIT,321901,0,0,12,6
5,8,1.374303e6,-1.1187933042955431,-0.8619484131774695,TIME_LIMIT,321931,0,0,11,16
5,8,1.374538e6,-1.118791932314915,-0.8619484131774695,TIME_LIMIT,321954,0,0,17,24
5,8,1.374748e6,-1.118791932314915,-0.8619484131774695,TIME_LIMIT,321982,0,0,12,21
5,8,1.374983e6,-1.1187902609486757,-0.8619484131774695,TIME_LIMIT,322013,0,0,11,6
5,8,1.375123e6,-1.1187902609486757,-0.8619484131774695,TIME_LIMIT,322038,0,0,19,9
5,8,1.375302e6,-1.1187654059204821,-0.8619484131774695,TIME_LIMIT,322061,0,0,10,1
5,8,1.375401e6,-1.1187654059204821,-0.8619484131774695,TIME_LIMIT,322084,0,0,17,15
5,8,1.375474e6,-1.1187513677901564,-0.8619484131774695,TIME_LIMIT,322112,0,0,19,7
5,8,1.37557e6,-1.1187513677901564,-0.8619484131774695,TIME_LIMIT,322136,0,0,9,10
5,8,1.375769e6,-1.1187494937702234,-0.8619484131774695,TIME_LIMIT,322180,0,0,17,7
5,8,1.375903e6,-1.1187494937702234,-0.8619484131774695,TIME_LIMIT,322206,0,0,11,8
5,8,1.376001e6,-1.1187472843435216,-0.8619484131774695,TIME_LIMIT,322228,0,0,9,8
5,8,1.376188e6,-1.1187472843435216,-0.8619484131774695,TIME_LIMIT,322258,0,0,15,17
5,8,1.376236e6,-1.1187448362990686,-0.8619484131774695,TIME_LIMIT,322288,0,0,17,10
5,8,1.376325e6,-1.1187448362990686,-0.8619484131774695,TIME_LIMIT,322306,0,0,8,8
5,8,1.376352e6,-1.1187389051151788,-0.8619484131774695,TIME_LIMIT,322322,0,0,4,1
5,8,1.376575e6,-1.1187389051151788,-0.8619484131774695,TIME_LIMIT,322349,0,0,11,22
5,8,1.376751e6,-1.118736133810005,-0.8619484131774695,TIME_LIMIT,322375,0,0,16,11
5,8,1.376923e6,-1.118736133810005,-0.8619484131774695,TIME_LIMIT,322403,0,0,12,6
5,8,1.376978e6,-1.1187310312306697,-0.8619484131774695,TIME_LIMIT,322424,0,0,15,8
5,8,1.377209e6,-1.1187310312306697,-0.8619484131774695,TIME_LIMIT,322452,0,0,21,18
5,8,1.377468e6,-1.1187279822499105,-0.8619484131774695,TIME_LIMIT,322481,0,0,22,16
5,8,1.37758e6,-1.1187279822499105,-0.8619484131774695,TIME_LIMIT,322510,0,0,13,17
5,8,1.377719e6,-1.1187272012928753,-0.8619484131774695,TIME_LIMIT,322531,0,0,9,4
5,8,1.377832e6,-1.1187272012928753,-0.8619484131774695,TIME_LIMIT,322551,0,0,15,14
5,8,1.378078e6,-1.1187222591383645,-0.8619484131774695,TIME_LIMIT,322587,0,0,18,8
5,8,1.378205e6,-1.1187222591383645,-0.8619484131774695,TIME_LIMIT,322606,0,0,15,14
5,8,1.378338e6,-1.1187076931222388,-0.8619484131774695,TIME_LIMIT,322637,0,0,13,10
5,8,1.378559e6,-1.1187076931222388,-0.8619484131774695,TIME_LIMIT,322660,0,0,7,8
5,8,1.378673e6,-1.1187052282918217,-0.8619484131774695,TIME_LIMIT,322688,0,0,4,8
5,8,1.378768e6,-1.1187052282918217,-0.8619484131774695,TIME_LIMIT,322705,0,0,16,17
5,8,1.378872e6,-1.118698064505946,-0.8619484131774695,TIME_LIMIT,322747,0,0,11,7
5,8,1.378968e6,-1.118698064505946,-0.8619484131774695,TIME_LIMIT,322769,0,0,4,19
5,8,1.379079e6,-1.1186970882682545,-0.8619484131774695,TIME_LIMIT,322799,0,0,6,9
5,8,1.379266e6,-1.1186970882682545,-0.8619484131774695,TIME_LIMIT,322824,0,0,15,15
5,8,1.379386e6,-1.1186932158782774,-0.8619484131774695,TIME_LIMIT,322853,0,0,6,7
5,8,1.379561e6,-1.1186932158782774,-0.8619484131774695,TIME_LIMIT,322884,0,0,4,13
5,8,1.379609e6,-1.1186923498975363,-0.8619484131774695,TIME_LIMIT,322905,0,0,5,6
5,8,1.379731e6,-1.1186923498975363,-0.8619484131774695,TIME_LIMIT,322923,0,0,15,15
5,8,1.379816e6,-1.1186882665982882,-0.8619484131774695,TIME_LIMIT,322945,0,0,13,12
5,8,1.379901e6,-1.1186882665982882,-0.8619484131774695,TIME_LIMIT,322973,0,0,11,11
5,8,1.379979e6,-1.1186765887040262,-0.8619484131774695,TIME_LIMIT,323002,0,0,8,8
5,8,1.380161e6,-1.1186765887040262,-0.8619484131774695,TIME_LIMIT,323028,0,0,20,9
5,8,1.380303e6,-1.118675185238072,-0.8619484131774695,TIME_LIMIT,323058,0,0,11,7
5,8,1.38043e6,-1.118675185238072,-0.8619484131774695,TIME_LIMIT,323078,0,0,11,9
5,8,1.380475e6,-1.1186730940824587,-0.8619484131774695,TIME_LIMIT,323101,0,0,7,7
5,8,1.380507e6,-1.1186730940824587,-0.8619484131774695,TIME_LIMIT,323118,0,0,11,5
5,8,1.380594e6,-1.1186553489718811,-0.8619484131774695,TIME_LIMIT,323142,0,0,5,2
5,8,1.38064e6,-1.1186553489718811,-0.8619484131774695,TIME_LIMIT,323157,0,0,4,13
5,8,1.380713e6,-1.118653469631685,-0.8619484131774695,TIME_LIMIT,323181,0,0,8,10
5,8,1.380823e6,-1.118653469631685,-0.8619484131774695,TIME_LIMIT,323211,0,0,6,10
5,8,1.380889e6,-1.1186493179932535,-0.8619484131774695,TIME_LIMIT,323228,0,0,3,3
5,8,1.381034e6,-1.1186493179932535,-0.8619484131774695,TIME_LIMIT,323255,0,0,19,19
5,8,1.381124e6,-1.1186472630698834,-0.8619484131774695,TIME_LIMIT,323277,0,0,12,9
5,8,1.381246e6,-1.1186472630698834,-0.8619484131774695,TIME_LIMIT,323304,0,0,9,12
5,8,1.381305e6,-1.1186375840956515,-0.8619484131774695,TIME_LIMIT,323333,0,0,10,4
5,8,1.381478e6,-1.1186375840956515,-0.8619484131774695,TIME_LIMIT,323356,0,0,15,9
5,8,1.381627e6,-1.118620801498433,-0.8619484131774695,TIME_LIMIT,323386,0,0,16,6
5,8,1.381729e6,-1.118620801498433,-0.8619484131774695,TIME_LIMIT,323404,0,0,6,8
5,8,1.381845e6,-1.1186081423503473,-0.8619484131774695,TIME_LIMIT,323435,0,0,9,6
5,8,1.381962e6,-1.1186081423503473,-0.8619484131774695,TIME_LIMIT,323456,0,0,8,11
5,8,1.382076e6,-1.1186007647578513,-0.8619484131774695,TIME_LIMIT,323486,0,0,9,6
5,8,1.382153e6,-1.1186007647578513,-0.8619484131774695,TIME_LIMIT,323510,0,0,19,11
5,8,1.382254e6,-1.1185889637315416,-0.8619484131774695,TIME_LIMIT,323538,0,0,12,5
5,8,1.382288e6,-1.1185889637315416,-0.8619484131774695,TIME_LIMIT,323560,0,0,15,6
5,8,1.382415e6,-1.1185864697768029,-0.8619484131774695,TIME_LIMIT,323582,0,0,11,7
5,8,1.382628e6,-1.1185864697768029,-0.8619484131774695,TIME_LIMIT,323604,0,0,14,19
5,8,1.382841e6,-1.1185713823534744,-0.8619484131774695,TIME_LIMIT,323641,0,0,15,9
5,8,1.382991e6,-1.1185713823534744,-0.8619484131774695,TIME_LIMIT,323665,0,0,13,11
5,8,1.383109e6,-1.118556709330489,-0.8619484131774695,TIME_LIMIT,323689,0,0,4,2
5,8,1.383243e6,-1.118556709330489,-0.8619484131774695,TIME_LIMIT,323716,0,0,26,31
5,8,1.383469e6,-1.1185552528715197,-0.8619484131774695,TIME_LIMIT,323757,0,0,19,16
5,8,1.383548e6,-1.1185552528715197,-0.8619484131774695,TIME_LIMIT,323783,0,0,16,6
5,8,1.383643e6,-1.1185479210334914,-0.8619484131774695,TIME_LIMIT,323810,0,0,8,4
5,8,1.383753e6,-1.1185479210334914,-0.8619484131774695,TIME_LIMIT,323835,0,0,17,19
5,8,1.383866e6,-1.1185470993585205,-0.8619484131774695,TIME_LIMIT,323866,0,0,10,13
5,8,1.384e6,-1.1185470993585205,-0.8619484131774695,TIME_LIMIT,323892,0,0,13,5
5,8,1.384048e6,-1.1185463367360193,-0.8619484131774695,TIME_LIMIT,323907,0,0,10,8
5,8,1.384193e6,-1.1185463367360193,-0.8619484131774695,TIME_LIMIT,323933,0,0,11,11
5,8,1.38428e6,-1.1185393833692097,-0.8619484131774695,TIME_LIMIT,323950,0,0,7,11
5,8,1.384376e6,-1.1185393833692097,-0.8619484131774695,TIME_LIMIT,323980,0,0,10,8
5,8,1.384514e6,-1.1185307023660052,-0.8619484131774695,TIME_LIMIT,324006,0,0,12,15
5,8,1.384596e6,-1.1185307023660052,-0.8619484131774695,TIME_LIMIT,324022,0,0,20,9
5,8,1.384625e6,-1.1185268146521028,-0.8619484131774695,TIME_LIMIT,324043,0,0,7,4
5,8,1.384686e6,-1.1185268146521028,-0.8619484131774695,TIME_LIMIT,324058,0,0,12,7
5,8,1.384778e6,-1.1185041979987593,-0.8619484131774695,TIME_LIMIT,324086,0,0,7,5
5,8,1.384864e6,-1.1185041979987593,-0.8619484131774695,TIME_LIMIT,324107,0,0,10,11
5,8,1.384939e6,-1.1185025446060333,-0.8619484131774695,TIME_LIMIT,324133,0,0,17,6
5,8,1.385012e6,-1.1185025446060333,-0.8619484131774695,TIME_LIMIT,324158,0,0,12,7
5,8,1.385093e6,-1.1184967100280723,-0.8619484131774695,TIME_LIMIT,324176,0,0,12,5
5,8,1.385189e6,-1.1184967100280723,-0.8619484131774695,TIME_LIMIT,324200,0,0,9,21
5,8,1.385385e6,-1.1184807736600766,-0.8619484131774695,TIME_LIMIT,324236,0,0,12,9
5,8,1.385543e6,-1.1184807736600766,-0.8619484131774695,TIME_LIMIT,324269,0,0,17,13
5,8,1.385628e6,-1.118473851069831,-0.8619484131774695,TIME_LIMIT,324294,0,0,11,10
5,8,1.385684e6,-1.118473851069831,-0.8619484131774695,TIME_LIMIT,324316,0,0,12,6
5,8,1.38572e6,-1.118464313930711,-0.8619484131774695,TIME_LIMIT,324331,0,0,6,3
5,8,1.385821e6,-1.118464313930711,-0.8619484131774695,TIME_LIMIT,324355,0,0,22,21
5,8,1.385988e6,-1.1184445308903266,-0.8619484131774695,TIME_LIMIT,324394,0,0,8,7
5,8,1.386196e6,-1.1184445308903266,-0.8619484131774695,TIME_LIMIT,324423,0,0,13,17
5,8,1.386406e6,-1.1184423837743527,-0.8619484131774695,TIME_LIMIT,324450,0,0,18,6
5,8,1.386639e6,-1.1184423837743527,-0.8619484131774695,TIME_LIMIT,324477,0,0,20,25
5,8,1.38677e6,-1.1184385790152556,-0.8619484131774695,TIME_LIMIT,324513,0,0,8,9
5,8,1.386942e6,-1.1184385790152556,-0.8619484131774695,TIME_LIMIT,324536,0,0,22,21
5,8,1.387154e6,-1.1184347809262658,-0.8619484131774695,TIME_LIMIT,324574,0,0,12,6
5,8,1.38738e6,-1.1184347809262658,-0.8619484131774695,TIME_LIMIT,324603,0,0,8,17
5,8,1.387599e6,-1.1184259402053238,-0.8619484131774695,TIME_LIMIT,324641,0,0,19,7
5,8,1.38771e6,-1.1184259402053238,-0.8619484131774695,TIME_LIMIT,324662,0,0,9,13
5,8,1.387802e6,-1.1184186274588905,-0.8619484131774695,TIME_LIMIT,324686,0,0,10,6
5,8,1.3879e6,-1.1184186274588905,-0.8619484131774695,TIME_LIMIT,324709,0,0,21,13
5,8,1.388091e6,-1.1184113729255403,-0.8619484131774695,TIME_LIMIT,324748,0,0,10,15
5,8,1.388229e6,-1.1184113729255403,-0.8619484131774695,TIME_LIMIT,324773,0,0,11,5
5,8,1.388384e6,-1.1184075134577025,-0.8619484131774695,TIME_LIMIT,324797,0,0,7,5
5,8,1.388559e6,-1.1184075134577025,-0.8619484131774695,TIME_LIMIT,324825,0,0,7,4
5,8,1.388722e6,-1.118407408712283,-0.8619484131774695,TIME_LIMIT,324848,0,0,14,5
5,8,1.388858e6,-1.118407408712283,-0.8619484131774695,TIME_LIMIT,324872,0,0,9,16
5,8,1.388949e6,-1.1184065178815816,-0.8619484131774695,TIME_LIMIT,324899,0,0,11,12
5,8,1.389172e6,-1.1184065178815816,-0.8619484131774695,TIME_LIMIT,324926,0,0,12,11
5,8,1.389336e6,-1.1183924580326756,-0.8619484131774695,TIME_LIMIT,324951,0,0,11,11
5,8,1.389424e6,-1.1183924580326756,-0.8619484131774695,TIME_LIMIT,324970,0,0,7,7
5,8,1.389526e6,-1.1183879212522194,-0.8619484131774695,TIME_LIMIT,325000,0,0,10,8
5,8,1.389644e6,-1.1183879212522194,-0.8619484131774695,TIME_LIMIT,325023,0,0,12,16
5,8,1.389855e6,-1.1183815370842074,-0.8619484131774695,TIME_LIMIT,325064,0,0,19,11
5,8,1.390064e6,-1.1183815370842074,-0.8619484131774695,TIME_LIMIT,325090,0,0,19,10
5,8,1.390177e6,-1.1183584640178341,-0.8619484131774695,TIME_LIMIT,325113,0,0,8,9
5,8,1.390251e6,-1.1183584640178341,-0.8619484131774695,TIME_LIMIT,325139,0,0,10,4
5,8,1.390322e6,-1.1183448761673571,-0.8619484131774695,TIME_LIMIT,325156,0,0,7,1
5,8,1.390374e6,-1.1183448761673571,-0.8619484131774695,TIME_LIMIT,325179,0,0,9,9
5,8,1.390429e6,-1.1183433209519833,-0.8619484131774695,TIME_LIMIT,325197,0,0,9,7
5,8,1.390533e6,-1.1183433209519833,-0.8619484131774695,TIME_LIMIT,325227,0,0,17,8
5,8,1.39067e6,-1.1183387400221851,-0.8619484131774695,TIME_LIMIT,325247,0,0,9,8
5,8,1.390741e6,-1.1183387400221851,-0.8619484131774695,TIME_LIMIT,325264,0,0,7,22
5,8,1.390801e6,-1.118329903529224,-0.8619484131774695,TIME_LIMIT,325294,0,0,8,5
5,8,1.390924e6,-1.118329903529224,-0.8619484131774695,TIME_LIMIT,325313,0,0,8,12
5,8,1.391023e6,-1.1183258724539613,-0.8619484131774695,TIME_LIMIT,325345,0,0,13,11
5,8,1.391184e6,-1.1183258724539613,-0.8619484131774695,TIME_LIMIT,325380,0,0,12,19
5,8,1.391391e6,-1.1183195574759597,-0.8619484131774695,TIME_LIMIT,325408,0,0,19,9
5,8,1.391447e6,-1.1183195574759597,-0.8619484131774695,TIME_LIMIT,325425,0,0,15,7
5,8,1.391544e6,-1.1183086132593445,-0.8619484131774695,TIME_LIMIT,325450,0,0,8,4
5,8,1.391736e6,-1.1183086132593445,-0.8619484131774695,TIME_LIMIT,325475,0,0,15,22
5,8,1.391816e6,-1.1183083459832108,-0.8619484131774695,TIME_LIMIT,325501,0,0,15,8
5,8,1.392013e6,-1.1183083459832108,-0.8619484131774695,TIME_LIMIT,325535,0,0,7,8
5,8,1.392132e6,-1.1183075856253117,-0.8619484131774695,TIME_LIMIT,325558,0,0,11,15
5,8,1.392343e6,-1.1183075856253117,-0.8619484131774695,TIME_LIMIT,325582,0,0,10,8
5,8,1.392494e6,-1.1183019257045057,-0.8619484131774695,TIME_LIMIT,325607,0,0,19,8
5,8,1.392599e6,-1.1183019257045057,-0.8619484131774695,TIME_LIMIT,325634,0,0,14,9
5,8,1.392795e6,-1.1182973003412204,-0.8619484131774695,TIME_LIMIT,325658,0,0,15,13
5,8,1.392886e6,-1.1182973003412204,-0.8619484131774695,TIME_LIMIT,325679,0,0,11,9
5,8,1.393063e6,-1.118292329956107,-0.8619484131774695,TIME_LIMIT,325713,0,0,10,7
5,8,1.393273e6,-1.118292329956107,-0.8619484131774695,TIME_LIMIT,325746,0,0,23,10
5,8,1.3934e6,-1.1182874903147713,-0.8619484131774695,TIME_LIMIT,325768,0,0,10,14
5,8,1.393458e6,-1.1182874903147713,-0.8619484131774695,TIME_LIMIT,325789,0,0,4,6
5,8,1.393543e6,-1.1182806086534656,-0.8619484131774695,TIME_LIMIT,325809,0,0,11,9
5,8,1.393668e6,-1.1182806086534656,-0.8619484131774695,TIME_LIMIT,325832,0,0,13,8
5,8,1.393882e6,-1.1182524460449472,-0.8619484131774695,TIME_LIMIT,325870,0,0,14,12
5,8,1.393935e6,-1.1182524460449472,-0.8619484131774695,TIME_LIMIT,325884,0,0,4,2
5,8,1.393955e6,-1.1182354720895726,-0.8619484131774695,TIME_LIMIT,325897,0,0,5,5
5,8,1.394114e6,-1.1182354720895726,-0.8619484131774695,TIME_LIMIT,325924,0,0,20,8
5,8,1.394175e6,-1.1182331037340245,-0.8619484131774695,TIME_LIMIT,325948,0,0,15,6
5,8,1.394334e6,-1.1182331037340245,-0.8619484131774695,TIME_LIMIT,325977,0,0,6,16
5,8,1.394444e6,-1.1182322840004542,-0.8619484131774695,TIME_LIMIT,325998,0,0,10,8
5,8,1.394598e6,-1.1182322840004542,-0.8619484131774695,TIME_LIMIT,326023,0,0,13,10
5,8,1.3948e6,-1.1182279470094505,-0.8619484131774695,TIME_LIMIT,326053,0,0,10,7
5,8,1.394939e6,-1.1182279470094505,-0.8619484131774695,TIME_LIMIT,326075,0,0,6,10
5,8,1.395092e6,-1.118217567871839,-0.8619484131774695,TIME_LIMIT,326105,0,0,9,11
5,8,1.39525e6,-1.118217567871839,-0.8619484131774695,TIME_LIMIT,326133,0,0,18,11
5,8,1.395359e6,-1.1182167404035337,-0.8619484131774695,TIME_LIMIT,326166,0,0,8,4
5,8,1.395447e6,-1.1182167404035337,-0.8619484131774695,TIME_LIMIT,326186,0,0,9,11
5,8,1.395481e6,-1.118216488416664,-0.8619484131774695,TIME_LIMIT,326208,0,0,11,4
5,8,1.395566e6,-1.118216488416664,-0.8619484131774695,TIME_LIMIT,326228,0,0,15,6
5,8,1.39566e6,-1.1182142645376294,-0.8619484131774695,TIME_LIMIT,326252,0,0,9,3
5,8,1.395742e6,-1.1182142645376294,-0.8619484131774695,TIME_LIMIT,326276,0,0,7,12
5,8,1.39581e6,-1.1182124448758644,-0.8619484131774695,TIME_LIMIT,326302,0,0,7,9
5,8,1.395898e6,-1.1182124448758644,-0.8619484131774695,TIME_LIMIT,326325,0,0,8,9
5,8,1.396034e6,-1.1182061564424655,-0.8619484131774695,TIME_LIMIT,326354,0,0,3,8
5,8,1.396189e6,-1.1182061564424655,-0.8619484131774695,TIME_LIMIT,326375,0,0,14,10
5,8,1.396275e6,-1.1181837122584188,-0.8619484131774695,TIME_LIMIT,326395,0,0,11,7
5,8,1.396471e6,-1.1181837122584188,-0.8619484131774695,TIME_LIMIT,326410,0,0,15,22
5,8,1.396584e6,-1.1181798732931092,-0.8619484131774695,TIME_LIMIT,326440,0,0,10,5
5,8,1.39678e6,-1.1181798732931092,-0.8619484131774695,TIME_LIMIT,326466,0,0,17,15
5,8,1.396889e6,-1.1181786242257958,-0.8619484131774695,TIME_LIMIT,326493,0,0,8,4
5,8,1.397073e6,-1.1181786242257958,-0.8619484131774695,TIME_LIMIT,326515,0,0,10,10
5,8,1.397163e6,-1.1181753721614527,-0.8619484131774695,TIME_LIMIT,326538,0,0,17,10
5,8,1.397334e6,-1.1181753721614527,-0.8619484131774695,TIME_LIMIT,326571,0,0,22,19
5,8,1.397571e6,-1.1181735076658712,-0.8619484131774695,TIME_LIMIT,326596,0,0,13,11
5,8,1.397682e6,-1.1181735076658712,-0.8619484131774695,TIME_LIMIT,326612,0,0,19,7
5,8,1.397866e6,-1.1181689078689945,-0.8619484131774695,TIME_LIMIT,326645,0,0,8,2
5,8,1.397955e6,-1.1181689078689945,-0.8619484131774695,TIME_LIMIT,326668,0,0,12,7
5,8,1.398002e6,-1.1181658080077312,-0.8619484131774695,TIME_LIMIT,326688,0,0,2,3
5,8,1.398216e6,-1.1181658080077312,-0.8619484131774695,TIME_LIMIT,326711,0,0,22,19
5,8,1.398415e6,-1.118161597106439,-0.8619484131774695,TIME_LIMIT,326750,0,0,16,9
5,8,1.398548e6,-1.118161597106439,-0.8619484131774695,TIME_LIMIT,326766,0,0,10,10
5,8,1.398748e6,-1.1181529535553034,-0.8619484131774695,TIME_LIMIT,326798,0,0,13,9
5,8,1.398815e6,-1.1181529535553034,-0.8619484131774695,TIME_LIMIT,326818,0,0,13,14
5,8,1.39884e6,-1.118147690548577,-0.8619484131774695,TIME_LIMIT,326835,0,0,9,7
5,8,1.39899e6,-1.118147690548577,-0.8619484131774695,TIME_LIMIT,326869,0,0,23,12
5,8,1.399157e6,-1.118145234411759,-0.8619484131774695,TIME_LIMIT,326897,0,0,23,10
5,8,1.399247e6,-1.118145234411759,-0.8619484131774695,TIME_LIMIT,326916,0,0,13,8
5,8,1.399272e6,-1.1181421707211883,-0.8619484131774695,TIME_LIMIT,326930,0,0,5,4
5,8,1.399314e6,-1.1181421707211883,-0.8619484131774695,TIME_LIMIT,326951,0,0,11,15
5,8,1.399447e6,-1.118139127573689,-0.8619484131774695,TIME_LIMIT,326981,0,0,10,4
5,8,1.399571e6,-1.118139127573689,-0.8619484131774695,TIME_LIMIT,327003,0,0,14,9
5,8,1.399628e6,-1.1181289821530347,-0.8619484131774695,TIME_LIMIT,327026,0,0,15,7
5,8,1.399841e6,-1.1181289821530347,-0.8619484131774695,TIME_LIMIT,327054,0,0,17,23
5,8,1.400062e6,-1.1181265217188712,-0.8619484131774695,TIME_LIMIT,327082,0,0,17,9
5,8,1.40025e6,-1.1181265217188712,-0.8619484131774695,TIME_LIMIT,327109,0,0,16,20
5,8,1.400299e6,-1.1181221381887796,-0.8619484131774695,TIME_LIMIT,327127,0,0,10,11
5,8,1.400379e6,-1.1181221381887796,-0.8619484131774695,TIME_LIMIT,327150,0,0,9,9
5,8,1.400432e6,-1.1181184391591115,-0.8619484131774695,TIME_LIMIT,327168,0,0,13,7
5,8,1.400511e6,-1.1181184391591115,-0.8619484131774695,TIME_LIMIT,327182,0,0,7,8
5,8,1.40058e6,-1.118104150159229,-0.8619484131774695,TIME_LIMIT,327208,0,0,6,3
5,8,1.400675e6,-1.118104150159229,-0.8619484131774695,TIME_LIMIT,327232,0,0,4,6
5,8,1.400761e6,-1.1180979791663357,-0.8619484131774695,TIME_LIMIT,327250,0,0,6,8
5,8,1.400957e6,-1.1180979791663357,-0.8619484131774695,TIME_LIMIT,327279,0,0,14,12
5,8,1.401174e6,-1.1180891341538903,-0.8619484131774695,TIME_LIMIT,327307,0,0,23,9
5,8,1.401295e6,-1.1180891341538903,-0.8619484131774695,TIME_LIMIT,327332,0,0,10,13
5,8,1.401401e6,-1.1180721984890498,-0.8619484131774695,TIME_LIMIT,327365,0,0,4,8
5,8,1.401497e6,-1.1180721984890498,-0.8619484131774695,TIME_LIMIT,327388,0,0,7,8
5,8,1.401614e6,-1.1180702766647996,-0.8619484131774695,TIME_LIMIT,327411,0,0,7,5
5,8,1.401707e6,-1.1180702766647996,-0.8619484131774695,TIME_LIMIT,327437,0,0,17,30
5,8,1.401915e6,-1.1180688140226445,-0.8619484131774695,TIME_LIMIT,327473,0,0,7,11
5,8,1.401997e6,-1.1180688140226445,-0.8619484131774695,TIME_LIMIT,327491,0,0,17,16
5,8,1.40217e6,-1.1180670061583462,-0.8619484131774695,TIME_LIMIT,327519,0,0,14,3
5,8,1.402236e6,-1.1180670061583462,-0.8619484131774695,TIME_LIMIT,327538,0,0,9,7
5,8,1.40227e6,-1.1180633405380302,-0.8619484131774695,TIME_LIMIT,327551,0,0,8,0
5,8,1.402484e6,-1.1180633405380302,-0.8619484131774695,TIME_LIMIT,327576,0,0,14,24
5,8,1.402645e6,-1.1180453600372138,-0.8619484131774695,TIME_LIMIT,327612,0,0,18,11
5,8,1.402725e6,-1.1180453600372138,-0.8619484131774695,TIME_LIMIT,327633,0,0,10,13
5,8,1.402913e6,-1.1180398846734758,-0.8619484131774695,TIME_LIMIT,327666,0,0,11,7
5,8,1.403091e6,-1.1180398846734758,-0.8619484131774695,TIME_LIMIT,327694,0,0,18,12
5,8,1.403278e6,-1.1180306056710245,-0.8619484131774695,TIME_LIMIT,327730,0,0,24,6
5,8,1.403401e6,-1.1180306056710245,-0.8619484131774695,TIME_LIMIT,327756,0,0,14,17
5,8,1.403631e6,-1.11802576092124,-0.8619484131774695,TIME_LIMIT,327795,0,0,14,15
5,8,1.403822e6,-1.11802576092124,-0.8619484131774695,TIME_LIMIT,327824,0,0,12,8
5,8,1.403891e6,-1.118017342432968,-0.8619484131774695,TIME_LIMIT,327842,0,0,9,7
5,8,1.404087e6,-1.118017342432968,-0.8619484131774695,TIME_LIMIT,327865,0,0,11,16
5,8,1.404214e6,-1.1180118545325468,-0.8619484131774695,TIME_LIMIT,327899,0,0,7,9
5,8,1.404366e6,-1.1180118545325468,-0.8619484131774695,TIME_LIMIT,327927,0,0,11,10
5,8,1.404403e6,-1.1179895698440037,-0.8619484131774695,TIME_LIMIT,327943,0,0,8,7
5,8,1.404571e6,-1.1179895698440037,-0.8619484131774695,TIME_LIMIT,327973,0,0,14,13
5,8,1.404624e6,-1.117985087603896,-0.8619484131774695,TIME_LIMIT,327989,0,0,8,10
5,8,1.404671e6,-1.117985087603896,-0.8619484131774695,TIME_LIMIT,328012,0,0,10,2
5,8,1.404752e6,-1.117980962358171,-0.8619484131774695,TIME_LIMIT,328033,0,0,11,7
5,8,1.404836e6,-1.117980962358171,-0.8619484131774695,TIME_LIMIT,328053,0,0,14,9
5,8,1.404939e6,-1.1179782236564186,-0.8619484131774695,TIME_LIMIT,328073,0,0,8,5
5,8,1.405086e6,-1.1179782236564186,-0.8619484131774695,TIME_LIMIT,328095,0,0,18,19
5,8,1.405313e6,-1.1179645990931355,-0.8619484131774695,TIME_LIMIT,328124,0,0,14,9
5,8,1.405417e6,-1.1179645990931355,-0.8619484131774695,TIME_LIMIT,328142,0,0,12,5
5,8,1.405519e6,-1.1179585479896903,-0.8619484131774695,TIME_LIMIT,328163,0,0,8,6
5,8,1.405626e6,-1.1179585479896903,-0.8619484131774695,TIME_LIMIT,328184,0,0,8,3
5,8,1.405654e6,-1.117954874047094,-0.8619484131774695,TIME_LIMIT,328200,0,0,7,1
5,8,1.405867e6,-1.117954874047094,-0.8619484131774695,TIME_LIMIT,328224,0,0,16,22
5,8,1.406e6,-1.1179521916696484,-0.8619484131774695,TIME_LIMIT,328255,0,0,13,9
5,8,1.406044e6,-1.1179521916696484,-0.8619484131774695,TIME_LIMIT,328271,0,0,11,11
5,8,1.406106e6,-1.1179483947869837,-0.8619484131774695,TIME_LIMIT,328292,0,0,9,5
5,8,1.40623e6,-1.1179483947869837,-0.8619484131774695,TIME_LIMIT,328316,0,0,15,11
5,8,1.406349e6,-1.1179287060459058,-0.8619484131774695,TIME_LIMIT,328336,0,0,9,6
5,8,1.406405e6,-1.1179287060459058,-0.8619484131774695,TIME_LIMIT,328354,0,0,10,5
5,8,1.40651e6,-1.1179257807264518,-0.8619484131774695,TIME_LIMIT,328383,0,0,11,9
5,8,1.406577e6,-1.1179257807264518,-0.8619484131774695,TIME_LIMIT,328404,0,0,11,9
5,8,1.406674e6,-1.117920589885105,-0.8619484131774695,TIME_LIMIT,328421,0,0,8,5
5,8,1.406761e6,-1.117920589885105,-0.8619484131774695,TIME_LIMIT,328448,0,0,10,17
5,8,1.406958e6,-1.1179189157370466,-0.8619484131774695,TIME_LIMIT,328481,0,0,9,10
5,8,1.407028e6,-1.1179189157370466,-0.8619484131774695,TIME_LIMIT,328501,0,0,11,3
5,8,1.407134e6,-1.117906602060257,-0.8619484131774695,TIME_LIMIT,328518,0,0,6,3
5,8,1.407209e6,-1.117906602060257,-0.8619484131774695,TIME_LIMIT,328541,0,0,10,10
5,8,1.407254e6,-1.1178754314307857,-0.8619484131774695,TIME_LIMIT,328560,0,0,8,6
5,8,1.407365e6,-1.1178754314307857,-0.8619484131774695,TIME_LIMIT,328588,0,0,9,13
5,8,1.407492e6,-1.1178707702654453,-0.8619484131774695,TIME_LIMIT,328617,0,0,11,6
5,8,1.407733e6,-1.1178707702654453,-0.8619484131774695,TIME_LIMIT,328644,0,0,14,17
5,8,1.407816e6,-1.117867101363242,-0.8619484131774695,TIME_LIMIT,328672,0,0,13,6
5,8,1.407858e6,-1.117867101363242,-0.8619484131774695,TIME_LIMIT,328691,0,0,13,19
5,8,1.40797e6,-1.1178645738105262,-0.8619484131774695,TIME_LIMIT,328723,0,0,10,5
5,8,1.408101e6,-1.1178645738105262,-0.8619484131774695,TIME_LIMIT,328749,0,0,11,14
5,8,1.408227e6,-1.1178628753598288,-0.8619484131774695,TIME_LIMIT,328784,0,0,8,11
5,8,1.408341e6,-1.1178628753598288,-0.8619484131774695,TIME_LIMIT,328810,0,0,12,10
5,8,1.408443e6,-1.1178591809334368,-0.8619484131774695,TIME_LIMIT,328827,0,0,1,2
5,8,1.408678e6,-1.1178591809334368,-0.8619484131774695,TIME_LIMIT,328853,0,0,12,6
5,8,1.408767e6,-1.1178517720365337,-0.8619484131774695,TIME_LIMIT,328878,0,0,14,2
5,8,1.408818e6,-1.1178517720365337,-0.8619484131774695,TIME_LIMIT,328900,0,0,11,10
5,8,1.408911e6,-1.1178472834990725,-0.8619484131774695,TIME_LIMIT,328926,0,0,10,9
5,8,1.408987e6,-1.1178472834990725,-0.8619484131774695,TIME_LIMIT,328943,0,0,10,8
5,8,1.409017e6,-1.1178359883675046,-0.8619484131774695,TIME_LIMIT,328955,0,0,5,7
5,8,1.409209e6,-1.1178359883675046,-0.8619484131774695,TIME_LIMIT,328981,0,0,18,13
5,8,1.409455e6,-1.1178338511661405,-0.8619484131774695,TIME_LIMIT,329015,0,0,7,9
5,8,1.409531e6,-1.1178338511661405,-0.8619484131774695,TIME_LIMIT,329034,0,0,6,6
5,8,1.409624e6,-1.1178131693485347,-0.8619484131774695,TIME_LIMIT,329061,0,0,14,6
5,8,1.409663e6,-1.1178131693485347,-0.8619484131774695,TIME_LIMIT,329088,0,0,18,6
5,8,1.409752e6,-1.1178080200122242,-0.8619484131774695,TIME_LIMIT,329107,0,0,13,4
5,8,1.409803e6,-1.1178080200122242,-0.8619484131774695,TIME_LIMIT,329123,0,0,16,6
5,8,1.409968e6,-1.1178067565460803,-0.8619484131774695,TIME_LIMIT,329155,0,0,12,8
5,8,1.410063e6,-1.1178067565460803,-0.8619484131774695,TIME_LIMIT,329180,0,0,5,17
5,8,1.410204e6,-1.1177978986553363,-0.8619484131774695,TIME_LIMIT,329206,0,0,10,4
5,8,1.410342e6,-1.1177978986553363,-0.8619484131774695,TIME_LIMIT,329235,0,0,12,26
5,8,1.410568e6,-1.117797657620029,-0.8619484131774695,TIME_LIMIT,329271,0,0,15,12
5,8,1.410781e6,-1.117797657620029,-0.8619484131774695,TIME_LIMIT,329290,0,0,12,21
5,8,1.410826e6,-1.1177879739806997,-0.8619484131774695,TIME_LIMIT,329313,0,0,6,5
5,8,1.41104e6,-1.1177879739806997,-0.8619484131774695,TIME_LIMIT,329339,0,0,20,39
5,8,1.411201e6,-1.1177694872883848,-0.8619484131774695,TIME_LIMIT,329374,0,0,16,10
5,8,1.411313e6,-1.1177694872883848,-0.8619484131774695,TIME_LIMIT,329390,0,0,13,4
5,8,1.411405e6,-1.1177612167480362,-0.8619484131774695,TIME_LIMIT,329413,0,0,9,6
5,8,1.41148e6,-1.1177612167480362,-0.8619484131774695,TIME_LIMIT,329433,0,0,20,11
5,8,1.411591e6,-1.1177606564488995,-0.8619484131774695,TIME_LIMIT,329468,0,0,12,4
5,8,1.411616e6,-1.1177606564488995,-0.8619484131774695,TIME_LIMIT,329478,0,0,6,3
5,8,1.411639e6,-1.1177583710991914,-0.8619484131774695,TIME_LIMIT,329491,0,0,5,1
5,8,1.411812e6,-1.1177583710991914,-0.8619484131774695,TIME_LIMIT,329517,0,0,17,18
5,8,1.412045e6,-1.1177552065635918,-0.8619484131774695,TIME_LIMIT,329547,0,0,11,9
5,8,1.412138e6,-1.1177552065635918,-0.8619484131774695,TIME_LIMIT,329573,0,0,17,12
5,8,1.412212e6,-1.1177443689476985,-0.8619484131774695,TIME_LIMIT,329591,0,0,6,3
5,8,1.412282e6,-1.1177443689476985,-0.8619484131774695,TIME_LIMIT,329607,0,0,10,8
5,8,1.41241e6,-1.1177403006805953,-0.8619484131774695,TIME_LIMIT,329635,0,0,4,8
5,8,1.412572e6,-1.1177403006805953,-0.8619484131774695,TIME_LIMIT,329662,0,0,12,15
5,8,1.412719e6,-1.117734538543198,-0.8619484131774695,TIME_LIMIT,329696,0,0,7,5
5,8,1.412901e6,-1.117734538543198,-0.8619484131774695,TIME_LIMIT,329730,0,0,16,26
5,8,1.413079e6,-1.1177249859816822,-0.8619484131774695,TIME_LIMIT,329759,0,0,14,13
5,8,1.413274e6,-1.1177249859816822,-0.8619484131774695,TIME_LIMIT,329784,0,0,14,22
5,8,1.41338e6,-1.1177200838097012,-0.8619484131774695,TIME_LIMIT,329814,0,0,13,8
5,8,1.413531e6,-1.1177200838097012,-0.8619484131774695,TIME_LIMIT,329838,0,0,14,3
5,8,1.413633e6,-1.1177140727473993,-0.8619484131774695,TIME_LIMIT,329869,0,0,14,6
5,8,1.413695e6,-1.1177140727473993,-0.8619484131774695,TIME_LIMIT,329887,0,0,7,8
5,8,1.413736e6,-1.1177024925722345,-0.8619484131774695,TIME_LIMIT,329902,0,0,4,3
5,8,1.413856e6,-1.1177024925722345,-0.8619484131774695,TIME_LIMIT,329925,0,0,11,11
5,8,1.414005e6,-1.11769886004129,-0.8619484131774695,TIME_LIMIT,329954,0,0,7,4
5,8,1.414094e6,-1.11769886004129,-0.8619484131774695,TIME_LIMIT,329967,0,0,7,5
5,8,1.414187e6,-1.1176778160445862,-0.8619484131774695,TIME_LIMIT,329991,0,0,11,5
5,8,1.414286e6,-1.1176778160445862,-0.8619484131774695,TIME_LIMIT,330008,0,0,13,15
5,8,1.414368e6,-1.1176580963802631,-0.8619484131774695,TIME_LIMIT,330031,0,0,14,1
5,8,1.41446e6,-1.1176580963802631,-0.8619484131774695,TIME_LIMIT,330056,0,0,20,17
5,8,1.414606e6,-1.1176393991413391,-0.8619484131774695,TIME_LIMIT,330096,0,0,6,7
5,8,1.414729e6,-1.1176393991413391,-0.8619484131774695,TIME_LIMIT,330119,0,0,15,16
5,8,1.414798e6,-1.1176389890680043,-0.8619484131774695,TIME_LIMIT,330142,0,0,8,8
5,8,1.414877e6,-1.1176389890680043,-0.8619484131774695,TIME_LIMIT,330160,0,0,6,12
5,8,1.41501e6,-1.1176312474232903,-0.8619484131774695,TIME_LIMIT,330186,0,0,14,6
5,8,1.415126e6,-1.1176312474232903,-0.8619484131774695,TIME_LIMIT,330210,0,0,8,5
5,8,1.415186e6,-1.1176298687650357,-0.8619484131774695,TIME_LIMIT,330224,0,0,4,3
5,8,1.415222e6,-1.1176298687650357,-0.8619484131774695,TIME_LIMIT,330240,0,0,7,5
5,8,1.415247e6,-1.1176249236763787,-0.8619484131774695,TIME_LIMIT,330252,0,0,4,3
5,8,1.415291e6,-1.1176249236763787,-0.8619484131774695,TIME_LIMIT,330268,0,0,9,10
5,8,1.415412e6,-1.1176090584862137,-0.8619484131774695,TIME_LIMIT,330293,0,0,9,3
5,8,1.415632e6,-1.1176090584862137,-0.8619484131774695,TIME_LIMIT,330317,0,0,9,31
5,8,1.41585e6,-1.1176034882294916,-0.8619484131774695,TIME_LIMIT,330356,0,0,17,15
5,8,1.415942e6,-1.1176034882294916,-0.8619484131774695,TIME_LIMIT,330378,0,0,10,16
5,8,1.416023e6,-1.1176009207738025,-0.8619484131774695,TIME_LIMIT,330400,0,0,6,3
5,8,1.41611e6,-1.1176009207738025,-0.8619484131774695,TIME_LIMIT,330418,0,0,8,3
5,8,1.416122e6,-1.117600465214402,-0.8619484131774695,TIME_LIMIT,330424,0,0,2,3
5,8,1.416168e6,-1.117600465214402,-0.8619484131774695,TIME_LIMIT,330441,0,0,6,8
5,8,1.416226e6,-1.1175938253988889,-0.8619484131774695,TIME_LIMIT,330461,0,0,8,3
5,8,1.41626e6,-1.1175938253988889,-0.8619484131774695,TIME_LIMIT,330480,0,0,15,8
5,8,1.416291e6,-1.117591626286816,-0.8619484131774695,TIME_LIMIT,330496,0,0,4,3
5,8,1.416458e6,-1.117591626286816,-0.8619484131774695,TIME_LIMIT,330525,0,0,17,10
5,8,1.416667e6,-1.1175849659631614,-0.8619484131774695,TIME_LIMIT,330554,0,0,13,10
5,8,1.416798e6,-1.1175849659631614,-0.8619484131774695,TIME_LIMIT,330577,0,0,18,15
5,8,1.416862e6,-1.1175704922542278,-0.8619484131774695,TIME_LIMIT,330597,0,0,7,1
5,8,1.416914e6,-1.1175704922542278,-0.8619484131774695,TIME_LIMIT,330619,0,0,10,15
5,8,1.41699e6,-1.1175700672733955,-0.8619484131774695,TIME_LIMIT,330639,0,0,7,2
5,8,1.417079e6,-1.1175700672733955,-0.8619484131774695,TIME_LIMIT,330656,0,0,9,5
5,8,1.417198e6,-1.1175251027790254,-0.8619484131774695,TIME_LIMIT,330688,0,0,6,6
5,8,1.417348e6,-1.1175251027790254,-0.8619484131774695,TIME_LIMIT,330706,0,0,17,17
5,8,1.417572e6,-1.1175239606924288,-0.8619484131774695,TIME_LIMIT,330738,0,0,8,4
5,8,1.417669e6,-1.1175239606924288,-0.8619484131774695,TIME_LIMIT,330760,0,0,7,10
5,8,1.417729e6,-1.1175185076635663,-0.8619484131774695,TIME_LIMIT,330787,0,0,6,5
5,8,1.417823e6,-1.1175185076635663,-0.8619484131774695,TIME_LIMIT,330813,0,0,19,21
5,8,1.417925e6,-1.1175027396384793,-0.8619484131774695,TIME_LIMIT,330843,0,0,11,6
5,8,1.417996e6,-1.1175027396384793,-0.8619484131774695,TIME_LIMIT,330864,0,0,12,6
5,8,1.418054e6,-1.1174985980768763,-0.8619484131774695,TIME_LIMIT,330883,0,0,5,6
5,8,1.418128e6,-1.1174985980768763,-0.8619484131774695,TIME_LIMIT,330909,0,0,6,2
5,8,1.418205e6,-1.1174861801568206,-0.8619484131774695,TIME_LIMIT,330929,0,0,11,9
5,8,1.418331e6,-1.1174861801568206,-0.8619484131774695,TIME_LIMIT,330955,0,0,13,8
5,8,1.418397e6,-1.1174776717631063,-0.8619484131774695,TIME_LIMIT,330974,0,0,12,6
5,8,1.418539e6,-1.1174776717631063,-0.8619484131774695,TIME_LIMIT,330998,0,0,12,13
5,8,1.418691e6,-1.117475883475389,-0.8619484131774695,TIME_LIMIT,331019,0,0,6,4
5,8,1.418777e6,-1.117475883475389,-0.8619484131774695,TIME_LIMIT,331042,0,0,17,5
5,8,1.418848e6,-1.1174742190697,-0.8619484131774695,TIME_LIMIT,331065,0,0,9,5
5,8,1.419028e6,-1.1174742190697,-0.8619484131774695,TIME_LIMIT,331095,0,0,9,18
5,8,1.419145e6,-1.1174732738608357,-0.8619484131774695,TIME_LIMIT,331131,0,0,14,4
5,8,1.419211e6,-1.1174732738608357,-0.8619484131774695,TIME_LIMIT,331159,0,0,16,16
5,8,1.419296e6,-1.1174667933003644,-0.8619484131774695,TIME_LIMIT,331186,0,0,13,5
5,8,1.419357e6,-1.1174667933003644,-0.8619484131774695,TIME_LIMIT,331205,0,0,6,10
5,8,1.419386e6,-1.1174610953649413,-0.8619484131774695,TIME_LIMIT,331222,0,0,4,3
5,8,1.419437e6,-1.1174610953649413,-0.8619484131774695,TIME_LIMIT,331239,0,0,5,5
5,8,1.419474e6,-1.1174606577442012,-0.8619484131774695,TIME_LIMIT,331255,0,0,6,4
5,8,1.41956e6,-1.1174606577442012,-0.8619484131774695,TIME_LIMIT,331274,0,0,14,10
5,8,1.419658e6,-1.1174373529638664,-0.8619484131774695,TIME_LIMIT,331298,0,0,7,5
5,8,1.419678e6,-1.1174373529638664,-0.8619484131774695,TIME_LIMIT,331307,0,0,6,13
5,8,1.419701e6,-1.1174304519775364,-0.8619484131774695,TIME_LIMIT,331326,0,0,1,2
5,8,1.419901e6,-1.1174304519775364,-0.8619484131774695,TIME_LIMIT,331352,0,0,18,18
5,8,1.420066e6,-1.1174264680736354,-0.8619484131774695,TIME_LIMIT,331378,0,0,17,13
5,8,1.420209e6,-1.1174264680736354,-0.8619484131774695,TIME_LIMIT,331404,0,0,7,18
5,8,1.420332e6,-1.117424762794033,-0.8619484131774695,TIME_LIMIT,331431,0,0,7,6
5,8,1.420463e6,-1.117424762794033,-0.8619484131774695,TIME_LIMIT,331455,0,0,5,9
5,8,1.420671e6,-1.1174122229715606,-0.8619484131774695,TIME_LIMIT,331485,0,0,15,14
5,8,1.420805e6,-1.1174122229715606,-0.8619484131774695,TIME_LIMIT,331508,0,0,15,13
5,8,1.420887e6,-1.1173844126832484,-0.8619484131774695,TIME_LIMIT,331530,0,0,12,8
5,8,1.42091e6,-1.1173844126832484,-0.8619484131774695,TIME_LIMIT,331544,0,0,4,3
5,8,1.42093e6,-1.1173752325573603,-0.8619484131774695,TIME_LIMIT,331557,0,0,4,1
5,8,1.421067e6,-1.1173752325573603,-0.8619484131774695,TIME_LIMIT,331576,0,0,13,7
5,8,1.421223e6,-1.1173657001852275,-0.8619484131774695,TIME_LIMIT,331611,0,0,17,10
5,8,1.421459e6,-1.1173657001852275,-0.8619484131774695,TIME_LIMIT,331633,0,0,20,12
5,8,1.421662e6,-1.1173510022214364,-0.8619484131774695,TIME_LIMIT,331667,0,0,9,10
5,8,1.421729e6,-1.1173510022214364,-0.8619484131774695,TIME_LIMIT,331687,0,0,13,15
5,8,1.421859e6,-1.1173419937161644,-0.8619484131774695,TIME_LIMIT,331721,0,0,15,7
5,8,1.421906e6,-1.1173419937161644,-0.8619484131774695,TIME_LIMIT,331737,0,0,9,4
5,8,1.421971e6,-1.1173382971875823,-0.8619484131774695,TIME_LIMIT,331759,0,0,9,7
5,8,1.422058e6,-1.1173382971875823,-0.8619484131774695,TIME_LIMIT,331777,0,0,8,8
5,8,1.422091e6,-1.117330457191649,-0.8619484131774695,TIME_LIMIT,331795,0,0,5,8
5,8,1.422191e6,-1.117330457191649,-0.8619484131774695,TIME_LIMIT,331824,0,0,6,23
5,8,1.422276e6,-1.1173261500393439,-0.8619484131774695,TIME_LIMIT,331849,0,0,14,5
5,8,1.42244e6,-1.1173261500393439,-0.8619484131774695,TIME_LIMIT,331877,0,0,19,24
5,8,1.422577e6,-1.1173250421334573,-0.8619484131774695,TIME_LIMIT,331918,0,0,18,17
5,8,1.422737e6,-1.1173250421334573,-0.8619484131774695,TIME_LIMIT,331942,0,0,7,9
5,8,1.422905e6,-1.117317001082211,-0.8619484131774695,TIME_LIMIT,331966,0,0,12,9
5,8,1.423016e6,-1.117317001082211,-0.8619484131774695,TIME_LIMIT,331989,0,0,15,8
5,8,1.423089e6,-1.1173163811571816,-0.8619484131774695,TIME_LIMIT,332007,0,0,7,4
5,8,1.423213e6,-1.1173163811571816,-0.8619484131774695,TIME_LIMIT,332036,0,0,26,35
5,8,1.42332e6,-1.1173118785356007,-0.8619484131774695,TIME_LIMIT,332066,0,0,17,13
5,8,1.423419e6,-1.1173118785356007,-0.8619484131774695,TIME_LIMIT,332093,0,0,14,16
5,8,1.423527e6,-1.1172953417348666,-0.8619484131774695,TIME_LIMIT,332115,0,0,13,9
5,8,1.423629e6,-1.1172953417348666,-0.8619484131774695,TIME_LIMIT,332133,0,0,12,12
5,8,1.423842e6,-1.117282714551047,-0.8619484131774695,TIME_LIMIT,332163,0,0,10,7
5,8,1.424084e6,-1.117282714551047,-0.8619484131774695,TIME_LIMIT,332195,0,0,17,11
5,8,1.424172e6,-1.1172814706026992,-0.8619484131774695,TIME_LIMIT,332220,0,0,9,6
5,8,1.424286e6,-1.1172814706026992,-0.8619484131774695,TIME_LIMIT,332239,0,0,4,6
5,8,1.424353e6,-1.117274480614236,-0.8619484131774695,TIME_LIMIT,332263,0,0,12,4
5,8,1.424572e6,-1.117274480614236,-0.8619484131774695,TIME_LIMIT,332289,0,0,22,19
5,8,1.42479e6,-1.1172656189023982,-0.8619484131774695,TIME_LIMIT,332311,0,0,20,23
5,8,1.424934e6,-1.1172656189023982,-0.8619484131774695,TIME_LIMIT,332335,0,0,14,13
5,8,1.42501e6,-1.1172621500596611,-0.8619484131774695,TIME_LIMIT,332362,0,0,5,11
5,8,1.425159e6,-1.1172621500596611,-0.8619484131774695,TIME_LIMIT,332385,0,0,15,22
5,8,1.425356e6,-1.1172538193205068,-0.8619484131774695,TIME_LIMIT,332417,0,0,11,13
5,8,1.425525e6,-1.1172538193205068,-0.8619484131774695,TIME_LIMIT,332440,0,0,9,13
5,8,1.425641e6,-1.1172367692403027,-0.8619484131774695,TIME_LIMIT,332468,0,0,10,2
5,8,1.425688e6,-1.1172367692403027,-0.8619484131774695,TIME_LIMIT,332489,0,0,10,1
5,8,1.425825e6,-1.1172366768914033,-0.8619484131774695,TIME_LIMIT,332510,0,0,9,4
5,8,1.425955e6,-1.1172366768914033,-0.8619484131774695,TIME_LIMIT,332536,0,0,7,14
5,8,1.426014e6,-1.1172360817121616,-0.8619484131774695,TIME_LIMIT,332559,0,0,7,8
5,8,1.426233e6,-1.1172360817121616,-0.8619484131774695,TIME_LIMIT,332587,0,0,19,9
5,8,1.426379e6,-1.1172347476898867,-0.8619484131774695,TIME_LIMIT,332614,0,0,15,4
5,8,1.426516e6,-1.1172347476898867,-0.8619484131774695,TIME_LIMIT,332638,0,0,13,6
5,8,1.426605e6,-1.1172342492462843,-0.8619484131774695,TIME_LIMIT,332656,0,0,10,10
5,8,1.426754e6,-1.1172342492462843,-0.8619484131774695,TIME_LIMIT,332686,0,0,18,10
5,8,1.426814e6,-1.1172299691255776,-0.8619484131774695,TIME_LIMIT,332704,0,0,8,8
5,8,1.426984e6,-1.1172299691255776,-0.8619484131774695,TIME_LIMIT,332726,0,0,13,6
5,8,1.427158e6,-1.1172148667647153,-0.8619484131774695,TIME_LIMIT,332753,0,0,9,6
5,8,1.427221e6,-1.1172148667647153,-0.8619484131774695,TIME_LIMIT,332775,0,0,8,6
5,8,1.427356e6,-1.1172089034996358,-0.8619484131774695,TIME_LIMIT,332802,0,0,11,7
5,8,1.427431e6,-1.1172089034996358,-0.8619484131774695,TIME_LIMIT,332823,0,0,4,4
5,8,1.427468e6,-1.1172054456922473,-0.8619484131774695,TIME_LIMIT,332835,0,0,3,3
5,8,1.427573e6,-1.1172054456922473,-0.8619484131774695,TIME_LIMIT,332858,0,0,20,21
5,8,1.427736e6,-1.1172040602035154,-0.8619484131774695,TIME_LIMIT,332896,0,0,12,11
5,8,1.427911e6,-1.1172040602035154,-0.8619484131774695,TIME_LIMIT,332915,0,0,14,24
5,8,1.428003e6,-1.1171959187164435,-0.8619484131774695,TIME_LIMIT,332950,0,0,16,10
5,8,1.428088e6,-1.1171959187164435,-0.8619484131774695,TIME_LIMIT,332966,0,0,13,8
5,8,1.428192e6,-1.117188194392831,-0.8619484131774695,TIME_LIMIT,332986,0,0,6,4
5,8,1.428295e6,-1.117188194392831,-0.8619484131774695,TIME_LIMIT,333010,0,0,8,15
5,8,1.428421e6,-1.11718154402275,-0.8619484131774695,TIME_LIMIT,333035,0,0,10,10
5,8,1.428476e6,-1.11718154402275,-0.8619484131774695,TIME_LIMIT,333058,0,0,18,12
5,8,1.428557e6,-1.117176256697684,-0.8619484131774695,TIME_LIMIT,333081,0,0,9,6
5,8,1.428626e6,-1.117176256697684,-0.8619484131774695,TIME_LIMIT,333094,0,0,9,5
5,8,1.428767e6,-1.1171571754136624,-0.8619484131774695,TIME_LIMIT,333122,0,0,6,4
5,8,1.428856e6,-1.1171571754136624,-0.8619484131774695,TIME_LIMIT,333147,0,0,16,16
5,8,1.428917e6,-1.117155050009167,-0.8619484131774695,TIME_LIMIT,333169,0,0,13,9
5,8,1.429073e6,-1.117155050009167,-0.8619484131774695,TIME_LIMIT,333196,0,0,13,3
5,8,1.429107e6,-1.1171321317826708,-0.8619484131774695,TIME_LIMIT,333215,0,0,10,5
5,8,1.429208e6,-1.1171321317826708,-0.8619484131774695,TIME_LIMIT,333236,0,0,8,14
5,8,1.429363e6,-1.1171318092999005,-0.8619484131774695,TIME_LIMIT,333267,0,0,11,7
5,8,1.429436e6,-1.1171318092999005,-0.8619484131774695,TIME_LIMIT,333291,0,0,5,12
5,8,1.429552e6,-1.1171201326705589,-0.8619484131774695,TIME_LIMIT,333322,0,0,14,7
5,8,1.429634e6,-1.1171201326705589,-0.8619484131774695,TIME_LIMIT,333342,0,0,15,11
5,8,1.429835e6,-1.1171139115430324,-0.8619484131774695,TIME_LIMIT,333378,0,0,13,9
5,8,1.429995e6,-1.1171139115430324,-0.8619484131774695,TIME_LIMIT,333400,0,0,5,6
5,8,1.430066e6,-1.117110036125027,-0.8619484131774695,TIME_LIMIT,333419,0,0,10,4
5,8,1.43013e6,-1.117110036125027,-0.8619484131774695,TIME_LIMIT,333444,0,0,11,8
5,8,1.430311e6,-1.117108236038296,-0.8619484131774695,TIME_LIMIT,333477,0,0,7,9
5,8,1.430595e6,-1.117108236038296,-0.8619484131774695,TIME_LIMIT,333500,0,0,7,14
5,8,1.430714e6,-1.1170990390176612,-0.8619484131774695,TIME_LIMIT,333528,0,0,9,2
5,8,1.430787e6,-1.1170990390176612,-0.8619484131774695,TIME_LIMIT,333548,0,0,4,8
5,8,1.430877e6,-1.1170961995366333,-0.8619484131774695,TIME_LIMIT,333568,0,0,7,3
5,8,1.431e6,-1.1170961995366333,-0.8619484131774695,TIME_LIMIT,333593,0,0,16,12
5,8,1.431195e6,-1.1170950395870543,-0.8619484131774695,TIME_LIMIT,333624,0,0,7,9
5,8,1.431348e6,-1.1170950395870543,-0.8619484131774695,TIME_LIMIT,333656,0,0,11,12
5,8,1.431462e6,-1.117092580268665,-0.8619484131774695,TIME_LIMIT,333682,0,0,8,5
5,8,1.431627e6,-1.117092580268665,-0.8619484131774695,TIME_LIMIT,333705,0,0,13,12
5,8,1.431752e6,-1.1170888498672364,-0.8619484131774695,TIME_LIMIT,333734,0,0,9,10
5,8,1.431874e6,-1.1170888498672364,-0.8619484131774695,TIME_LIMIT,333757,0,0,13,8
5,8,1.431931e6,-1.117088129298061,-0.8619484131774695,TIME_LIMIT,333772,0,0,3,3
5,8,1.43207e6,-1.117088129298061,-0.8619484131774695,TIME_LIMIT,333794,0,0,10,10
5,8,1.432137e6,-1.1170776433739793,-0.8619484131774695,TIME_LIMIT,333808,0,0,6,1
5,8,1.432256e6,-1.1170776433739793,-0.8619484131774695,TIME_LIMIT,333833,0,0,14,13
5,8,1.432343e6,-1.1170626703972875,-0.8619484131774695,TIME_LIMIT,333857,0,0,11,5
5,8,1.432562e6,-1.1170626703972875,-0.8619484131774695,TIME_LIMIT,333875,0,0,17,11
5,8,1.432675e6,-1.1170505374198685,-0.8619484131774695,TIME_LIMIT,333900,0,0,9,6
5,8,1.432873e6,-1.1170505374198685,-0.8619484131774695,TIME_LIMIT,333917,0,0,9,13
5,8,1.432991e6,-1.1170498102928226,-0.8619484131774695,TIME_LIMIT,333951,0,0,14,9
5,8,1.433097e6,-1.1170498102928226,-0.8619484131774695,TIME_LIMIT,333969,0,0,9,4
5,8,1.433125e6,-1.1170477651017299,-0.8619484131774695,TIME_LIMIT,333988,0,0,9,4
5,8,1.433347e6,-1.1170477651017299,-0.8619484131774695,TIME_LIMIT,334024,0,0,15,22
5,8,1.43358e6,-1.1170284482884405,-0.8619484131774695,TIME_LIMIT,334053,0,0,9,7
5,8,1.433662e6,-1.1170284482884405,-0.8619484131774695,TIME_LIMIT,334069,0,0,10,13
5,8,1.433766e6,-1.1170276421627683,-0.8619484131774695,TIME_LIMIT,334101,0,0,12,7
5,8,1.433845e6,-1.1170276421627683,-0.8619484131774695,TIME_LIMIT,334122,0,0,11,11
5,8,1.4339e6,-1.1170268092805677,-0.8619484131774695,TIME_LIMIT,334146,0,0,13,8
5,8,1.434116e6,-1.1170268092805677,-0.8619484131774695,TIME_LIMIT,334169,0,0,9,9
5,8,1.434231e6,-1.11702508818735,-0.8619484131774695,TIME_LIMIT,334203,0,0,16,9
5,8,1.434353e6,-1.11702508818735,-0.8619484131774695,TIME_LIMIT,334229,0,0,20,3
5,8,1.434414e6,-1.1170210086379115,-0.8619484131774695,TIME_LIMIT,334250,0,0,7,9
5,8,1.434498e6,-1.1170210086379115,-0.8619484131774695,TIME_LIMIT,334270,0,0,12,10
5,8,1.434522e6,-1.1170205735793102,-0.8619484131774695,TIME_LIMIT,334289,0,0,4,5
5,8,1.434589e6,-1.1170205735793102,-0.8619484131774695,TIME_LIMIT,334313,0,0,14,19
5,8,1.434788e6,-1.1170042015083999,-0.8619484131774695,TIME_LIMIT,334348,0,0,7,5
5,8,1.434872e6,-1.1170042015083999,-0.8619484131774695,TIME_LIMIT,334366,0,0,11,6
5,8,1.434896e6,-1.1170037944573277,-0.8619484131774695,TIME_LIMIT,334384,0,0,3,2
5,8,1.434938e6,-1.1170037944573277,-0.8619484131774695,TIME_LIMIT,334405,0,0,10,14
5,8,1.43509e6,-1.1169903511297874,-0.8619484131774695,TIME_LIMIT,334431,0,0,4,7
5,8,1.435297e6,-1.1169903511297874,-0.8619484131774695,TIME_LIMIT,334459,0,0,11,11
5,8,1.435465e6,-1.116988364187114,-0.8619484131774695,TIME_LIMIT,334491,0,0,7,6
5,8,1.435565e6,-1.116988364187114,-0.8619484131774695,TIME_LIMIT,334514,0,0,13,7
5,8,1.435648e6,-1.1169881591474757,-0.8619484131774695,TIME_LIMIT,334533,0,0,7,4
5,8,1.43578e6,-1.1169881591474757,-0.8619484131774695,TIME_LIMIT,334551,0,0,13,23
5,8,1.435895e6,-1.1169726284393924,-0.8619484131774695,TIME_LIMIT,334580,0,0,13,8
5,8,1.436035e6,-1.1169726284393924,-0.8619484131774695,TIME_LIMIT,334599,0,0,12,19
5,8,1.436249e6,-1.1169635126017257,-0.8619484131774695,TIME_LIMIT,334634,0,0,14,5
5,8,1.436447e6,-1.1169635126017257,-0.8619484131774695,TIME_LIMIT,334660,0,0,13,12
5,8,1.436552e6,-1.1169457786573458,-0.8619484131774695,TIME_LIMIT,334688,0,0,12,6
5,8,1.436628e6,-1.1169457786573458,-0.8619484131774695,TIME_LIMIT,334706,0,0,12,14
5,8,1.436682e6,-1.1169410938263613,-0.8619484131774695,TIME_LIMIT,334722,0,0,8,10
5,8,1.436901e6,-1.1169410938263613,-0.8619484131774695,TIME_LIMIT,334746,0,0,16,31
5,8,1.437075e6,-1.1169385610469313,-0.8619484131774695,TIME_LIMIT,334785,0,0,14,9
5,8,1.437204e6,-1.1169385610469313,-0.8619484131774695,TIME_LIMIT,334812,0,0,6,9
5,8,1.437293e6,-1.116919111274015,-0.8619484131774695,TIME_LIMIT,334831,0,0,9,6
5,8,1.437511e6,-1.116919111274015,-0.8619484131774695,TIME_LIMIT,334861,0,0,19,16
5,8,1.43773e6,-1.1168933922624005,-0.8619484131774695,TIME_LIMIT,334893,0,0,17,7
5,8,1.437777e6,-1.1168933922624005,-0.8619484131774695,TIME_LIMIT,334912,0,0,8,4
5,8,1.437861e6,-1.116880183097439,-0.8619484131774695,TIME_LIMIT,334942,0,0,6,6
5,8,1.438029e6,-1.116880183097439,-0.8619484131774695,TIME_LIMIT,334964,0,0,17,6
5,8,1.438106e6,-1.1168798003107665,-0.8619484131774695,TIME_LIMIT,334985,0,0,10,3
5,8,1.438241e6,-1.1168798003107665,-0.8619484131774695,TIME_LIMIT,335009,0,0,5,5
5,8,1.43831e6,-1.1168767064666412,-0.8619484131774695,TIME_LIMIT,335022,0,0,9,4
5,8,1.438474e6,-1.1168767064666412,-0.8619484131774695,TIME_LIMIT,335043,0,0,19,15
5,8,1.438584e6,-1.1168669123999948,-0.8619484131774695,TIME_LIMIT,335084,0,0,6,7
5,8,1.438697e6,-1.1168669123999948,-0.8619484131774695,TIME_LIMIT,335107,0,0,12,9
5,8,1.438873e6,-1.1168660009090567,-0.8619484131774695,TIME_LIMIT,335145,0,0,11,10
5,8,1.439079e6,-1.1168660009090567,-0.8619484131774695,TIME_LIMIT,335174,0,0,21,18
5,8,1.439199e6,-1.116864281411298,-0.8619484131774695,TIME_LIMIT,335195,0,0,11,9
5,8,1.439418e6,-1.116864281411298,-0.8619484131774695,TIME_LIMIT,335226,0,0,13,9
5,8,1.439633e6,-1.1168569577250147,-0.8619484131774695,TIME_LIMIT,335253,0,0,12,8
5,8,1.439801e6,-1.1168569577250147,-0.8619484131774695,TIME_LIMIT,335279,0,0,15,14
5,8,1.440082e6,-1.1168462627431857,-0.8619484131774695,TIME_LIMIT,335310,0,0,13,10
5,8,1.440148e6,-1.1168462627431857,-0.8619484131774695,TIME_LIMIT,335331,0,0,15,16
5,8,1.440219e6,-1.1168256059991375,-0.8619484131774695,TIME_LIMIT,335356,0,0,5,3
5,8,1.440339e6,-1.1168256059991375,-0.8619484131774695,TIME_LIMIT,335377,0,0,12,9
5,8,1.440471e6,-1.1168219251914833,-0.8619484131774695,TIME_LIMIT,335399,0,0,7,2
5,8,1.440517e6,-1.1168219251914833,-0.8619484131774695,TIME_LIMIT,335423,0,0,7,11
5,8,1.440582e6,-1.116819811877107,-0.8619484131774695,TIME_LIMIT,335443,0,0,9,9
5,8,1.44071e6,-1.116819811877107,-0.8619484131774695,TIME_LIMIT,335472,0,0,19,8
5,8,1.44096e6,-1.116813297370074,-0.8619484131774695,TIME_LIMIT,335501,0,0,13,11
5,8,1.441096e6,-1.116813297370074,-0.8619484131774695,TIME_LIMIT,335525,0,0,13,7
5,8,1.441155e6,-1.1168062481330834,-0.8619484131774695,TIME_LIMIT,335549,0,0,9,5
5,8,1.441305e6,-1.1168062481330834,-0.8619484131774695,TIME_LIMIT,335569,0,0,11,4
5,8,1.441485e6,-1.1168053309022,-0.8619484131774695,TIME_LIMIT,335591,0,0,9,7
5,8,1.441567e6,-1.1168053309022,-0.8619484131774695,TIME_LIMIT,335612,0,0,12,17
5,8,1.441794e6,-1.1167984492727594,-0.8619484131774695,TIME_LIMIT,335654,0,0,20,11
5,8,1.442009e6,-1.1167984492727594,-0.8619484131774695,TIME_LIMIT,335684,0,0,15,7
5,8,1.442105e6,-1.1167972876358492,-0.8619484131774695,TIME_LIMIT,335703,0,0,13,7
5,8,1.442279e6,-1.1167972876358492,-0.8619484131774695,TIME_LIMIT,335728,0,0,12,12
5,8,1.442514e6,-1.1167927975048921,-0.8619484131774695,TIME_LIMIT,335762,0,0,8,10
5,8,1.442608e6,-1.1167927975048921,-0.8619484131774695,TIME_LIMIT,335784,0,0,9,9
5,8,1.442682e6,-1.1167837115321428,-0.8619484131774695,TIME_LIMIT,335808,0,0,9,4
5,8,1.442724e6,-1.1167837115321428,-0.8619484131774695,TIME_LIMIT,335828,0,0,11,3
5,8,1.442802e6,-1.1167631890972092,-0.8619484131774695,TIME_LIMIT,335849,0,0,4,7
5,8,1.442997e6,-1.1167631890972092,-0.8619484131774695,TIME_LIMIT,335872,0,0,12,11
5,8,1.443102e6,-1.1167609071726932,-0.8619484131774695,TIME_LIMIT,335893,0,0,9,8
5,8,1.443193e6,-1.1167609071726932,-0.8619484131774695,TIME_LIMIT,335913,0,0,13,10
5,8,1.443246e6,-1.1167465838548392,-0.8619484131774695,TIME_LIMIT,335929,0,0,9,1
5,8,1.443356e6,-1.1167465838548392,-0.8619484131774695,TIME_LIMIT,335956,0,0,13,10
5,8,1.443469e6,-1.116745180887634,-0.8619484131774695,TIME_LIMIT,335977,0,0,15,9
5,8,1.443552e6,-1.116745180887634,-0.8619484131774695,TIME_LIMIT,335999,0,0,14,8
5,8,1.443622e6,-1.1167434256789257,-0.8619484131774695,TIME_LIMIT,336022,0,0,7,9
5,8,1.443739e6,-1.1167434256789257,-0.8619484131774695,TIME_LIMIT,336051,0,0,4,9
5,8,1.443822e6,-1.1167424088238693,-0.8619484131774695,TIME_LIMIT,336069,0,0,3,7
5,8,1.443951e6,-1.1167424088238693,-0.8619484131774695,TIME_LIMIT,336086,0,0,15,9
5,8,1.444065e6,-1.116740428980536,-0.8619484131774695,TIME_LIMIT,336115,0,0,11,5
5,8,1.444119e6,-1.116740428980536,-0.8619484131774695,TIME_LIMIT,336137,0,0,20,15
5,8,1.444335e6,-1.116739920332037,-0.8619484131774695,TIME_LIMIT,336166,0,0,13,6
5,8,1.444421e6,-1.116739920332037,-0.8619484131774695,TIME_LIMIT,336193,0,0,12,11
5,8,1.44451e6,-1.11673431641428,-0.8619484131774695,TIME_LIMIT,336215,0,0,15,8
5,8,1.44468e6,-1.11673431641428,-0.8619484131774695,TIME_LIMIT,336242,0,0,20,19
5,8,1.444861e6,-1.1167213972499541,-0.8619484131774695,TIME_LIMIT,336267,0,0,18,13
5,8,1.444929e6,-1.1167213972499541,-0.8619484131774695,TIME_LIMIT,336293,0,0,15,4
5,8,1.444964e6,-1.116718257204559,-0.8619484131774695,TIME_LIMIT,336307,0,0,10,4
5,8,1.445041e6,-1.116718257204559,-0.8619484131774695,TIME_LIMIT,336328,0,0,14,14
5,8,1.445157e6,-1.116715314164574,-0.8619484131774695,TIME_LIMIT,336355,0,0,11,6
5,8,1.445231e6,-1.116715314164574,-0.8619484131774695,TIME_LIMIT,336372,0,0,6,4
5,8,1.445284e6,-1.1167110898587864,-0.8619484131774695,TIME_LIMIT,336391,0,0,11,2
5,8,1.445374e6,-1.1167110898587864,-0.8619484131774695,TIME_LIMIT,336409,0,0,7,5
5,8,1.445395e6,-1.1167076679462085,-0.8619484131774695,TIME_LIMIT,336427,0,0,4,1
5,8,1.445597e6,-1.1167076679462085,-0.8619484131774695,TIME_LIMIT,336454,0,0,7,21
5,8,1.445798e6,-1.116695480127993,-0.8619484131774695,TIME_LIMIT,336495,0,0,14,4
5,8,1.445942e6,-1.116695480127993,-0.8619484131774695,TIME_LIMIT,336520,0,0,7,25
5,8,1.446033e6,-1.11668850378443,-0.8619484131774695,TIME_LIMIT,336556,0,0,11,11
5,8,1.4462e6,-1.11668850378443,-0.8619484131774695,TIME_LIMIT,336585,0,0,14,11
5,8,1.446446e6,-1.1166864481312595,-0.8619484131774695,TIME_LIMIT,336609,0,0,13,18
5,8,1.446663e6,-1.1166864481312595,-0.8619484131774695,TIME_LIMIT,336638,0,0,16,39
5,8,1.446841e6,-1.1166863884638774,-0.8619484131774695,TIME_LIMIT,336675,0,0,18,27
5,8,1.447008e6,-1.1166863884638774,-0.8619484131774695,TIME_LIMIT,336695,0,0,13,12
5,8,1.447114e6,-1.116684375916071,-0.8619484131774695,TIME_LIMIT,336725,0,0,10,8
5,8,1.447202e6,-1.116684375916071,-0.8619484131774695,TIME_LIMIT,336749,0,0,9,3
5,8,1.447227e6,-1.1166799455258825,-0.8619484131774695,TIME_LIMIT,336766,0,0,13,5
5,8,1.447395e6,-1.1166799455258825,-0.8619484131774695,TIME_LIMIT,336792,0,0,8,9
5,8,1.447462e6,-1.116677035170636,-0.8619484131774695,TIME_LIMIT,336812,0,0,7,9
5,8,1.44757e6,-1.116677035170636,-0.8619484131774695,TIME_LIMIT,336829,0,0,14,14
5,8,1.447733e6,-1.1166739006544095,-0.8619484131774695,TIME_LIMIT,336862,0,0,7,3
5,8,1.447901e6,-1.1166739006544095,-0.8619484131774695,TIME_LIMIT,336888,0,0,11,24
5,8,1.448084e6,-1.1166712664535385,-0.8619484131774695,TIME_LIMIT,336922,0,0,10,6
5,8,1.448189e6,-1.1166712664535385,-0.8619484131774695,TIME_LIMIT,336945,0,0,16,11
5,8,1.448416e6,-1.116668581255396,-0.8619484131774695,TIME_LIMIT,336984,0,0,16,13
5,8,1.448552e6,-1.116668581255396,-0.8619484131774695,TIME_LIMIT,337005,0,0,9,17
5,8,1.448629e6,-1.1166653370339148,-0.8619484131774695,TIME_LIMIT,337033,0,0,10,4
5,8,1.448829e6,-1.1166653370339148,-0.8619484131774695,TIME_LIMIT,337059,0,0,16,18
5,8,1.448896e6,-1.1166618543474227,-0.8619484131774695,TIME_LIMIT,337086,0,0,5,3
5,8,1.448947e6,-1.1166618543474227,-0.8619484131774695,TIME_LIMIT,337106,0,0,10,10
5,8,1.449037e6,-1.116660624036724,-0.8619484131774695,TIME_LIMIT,337123,0,0,2,1
5,8,1.449216e6,-1.116660624036724,-0.8619484131774695,TIME_LIMIT,337151,0,0,12,8
5,8,1.449293e6,-1.1166522309208213,-0.8619484131774695,TIME_LIMIT,337172,0,0,17,11
5,8,1.449382e6,-1.1166522309208213,-0.8619484131774695,TIME_LIMIT,337190,0,0,11,14
5,8,1.449458e6,-1.116651396621555,-0.8619484131774695,TIME_LIMIT,337215,0,0,10,4
5,8,1.449582e6,-1.116651396621555,-0.8619484131774695,TIME_LIMIT,337243,0,0,13,8
5,8,1.449639e6,-1.116644863440055,-0.8619484131774695,TIME_LIMIT,337270,0,0,7,4
5,8,1.449859e6,-1.116644863440055,-0.8619484131774695,TIME_LIMIT,337298,0,0,12,9
5,8,1.44999e6,-1.1166205376118032,-0.8619484131774695,TIME_LIMIT,337324,0,0,7,16
5,8,1.450124e6,-1.1166205376118032,-0.8619484131774695,TIME_LIMIT,337342,0,0,14,28
5,8,1.450273e6,-1.1166198038034434,-0.8619484131774695,TIME_LIMIT,337374,0,0,8,8
5,8,1.450417e6,-1.1166198038034434,-0.8619484131774695,TIME_LIMIT,337399,0,0,13,18
5,8,1.450541e6,-1.1166167802105442,-0.8619484131774695,TIME_LIMIT,337433,0,0,13,9
5,8,1.450608e6,-1.1166167802105442,-0.8619484131774695,TIME_LIMIT,337454,0,0,9,11
5,8,1.450697e6,-1.1165859196869619,-0.8619484131774695,TIME_LIMIT,337479,0,0,8,5
5,8,1.4508e6,-1.1165859196869619,-0.8619484131774695,TIME_LIMIT,337501,0,0,14,20
5,8,1.451014e6,-1.1165808039263654,-0.8619484131774695,TIME_LIMIT,337540,0,0,18,15
5,8,1.451044e6,-1.1165808039263654,-0.8619484131774695,TIME_LIMIT,337557,0,0,9,15
5,8,1.45115e6,-1.1165768713743396,-0.8619484131774695,TIME_LIMIT,337587,0,0,12,7
5,8,1.451242e6,-1.1165768713743396,-0.8619484131774695,TIME_LIMIT,337610,0,0,10,10
5,8,1.451297e6,-1.1165768089394703,-0.8619484131774695,TIME_LIMIT,337627,0,0,12,9
5,8,1.451351e6,-1.1165768089394703,-0.8619484131774695,TIME_LIMIT,337646,0,0,15,8
5,8,1.451435e6,-1.1165762695130266,-0.8619484131774695,TIME_LIMIT,337673,0,0,8,11
5,8,1.451471e6,-1.1165762695130266,-0.8619484131774695,TIME_LIMIT,337691,0,0,12,4
5,8,1.451551e6,-1.1165754007481488,-0.8619484131774695,TIME_LIMIT,337718,0,0,9,3
5,8,1.451655e6,-1.1165754007481488,-0.8619484131774695,TIME_LIMIT,337743,0,0,9,19
5,8,1.451866e6,-1.116565947176273,-0.8619484131774695,TIME_LIMIT,337782,0,0,9,9
5,8,1.45204e6,-1.116565947176273,-0.8619484131774695,TIME_LIMIT,337807,0,0,13,17
5,8,1.452308e6,-1.1165645774574509,-0.8619484131774695,TIME_LIMIT,337847,0,0,14,7
5,8,1.452366e6,-1.1165645774574509,-0.8619484131774695,TIME_LIMIT,337869,0,0,15,10
5,8,1.452517e6,-1.1165616452696763,-0.8619484131774695,TIME_LIMIT,337891,0,0,4,2
5,8,1.452586e6,-1.1165616452696763,-0.8619484131774695,TIME_LIMIT,337911,0,0,9,5
5,8,1.452686e6,-1.1165605940220156,-0.8619484131774695,TIME_LIMIT,337937,0,0,6,3
5,8,1.452726e6,-1.1165605940220156,-0.8619484131774695,TIME_LIMIT,337948,0,0,9,8
5,8,1.45277e6,-1.1165483753333907,-0.8619484131774695,TIME_LIMIT,337964,0,0,5,4
5,8,1.452989e6,-1.1165483753333907,-0.8619484131774695,TIME_LIMIT,337994,0,0,19,18
5,8,1.453089e6,-1.1165414649555547,-0.8619484131774695,TIME_LIMIT,338025,0,0,9,9
5,8,1.453298e6,-1.1165414649555547,-0.8619484131774695,TIME_LIMIT,338054,0,0,20,18
5,8,1.453515e6,-1.1165367885652975,-0.8619484131774695,TIME_LIMIT,338079,0,0,15,11
5,8,1.453607e6,-1.1165367885652975,-0.8619484131774695,TIME_LIMIT,338108,0,0,16,11
5,8,1.453664e6,-1.1165260589575743,-0.8619484131774695,TIME_LIMIT,338124,0,0,10,13
5,8,1.453815e6,-1.1165260589575743,-0.8619484131774695,TIME_LIMIT,338147,0,0,14,19
5,8,1.453911e6,-1.1165230927792487,-0.8619484131774695,TIME_LIMIT,338165,0,0,9,2
5,8,1.454067e6,-1.1165230927792487,-0.8619484131774695,TIME_LIMIT,338182,0,0,12,6
5,8,1.454126e6,-1.1165222899092329,-0.8619484131774695,TIME_LIMIT,338201,0,0,9,6
5,8,1.454223e6,-1.1165222899092329,-0.8619484131774695,TIME_LIMIT,338226,0,0,16,7
5,8,1.454356e6,-1.116515909984009,-0.8619484131774695,TIME_LIMIT,338248,0,0,10,16
5,8,1.454464e6,-1.116515909984009,-0.8619484131774695,TIME_LIMIT,338266,0,0,16,12
5,8,1.45459e6,-1.1165140540775695,-0.8619484131774695,TIME_LIMIT,338288,0,0,8,11
5,8,1.45481e6,-1.1165140540775695,-0.8619484131774695,TIME_LIMIT,338311,0,0,15,12
5,8,1.454951e6,-1.1164955450650733,-0.8619484131774695,TIME_LIMIT,338334,0,0,15,3
5,8,1.455095e6,-1.1164955450650733,-0.8619484131774695,TIME_LIMIT,338354,0,0,15,11
5,8,1.455134e6,-1.116492912876024,-0.8619484131774695,TIME_LIMIT,338378,0,0,8,7
5,8,1.455177e6,-1.116492912876024,-0.8619484131774695,TIME_LIMIT,338399,0,0,12,6
5,8,1.455327e6,-1.1164894968201966,-0.8619484131774695,TIME_LIMIT,338420,0,0,14,7
5,8,1.455454e6,-1.1164894968201966,-0.8619484131774695,TIME_LIMIT,338441,0,0,14,9
5,8,1.455511e6,-1.1164819308062959,-0.8619484131774695,TIME_LIMIT,338463,0,0,9,4
5,8,1.455568e6,-1.1164819308062959,-0.8619484131774695,TIME_LIMIT,338482,0,0,11,11
5,8,1.455616e6,-1.1164772864109729,-0.8619484131774695,TIME_LIMIT,338500,0,0,10,2
5,8,1.455702e6,-1.1164772864109729,-0.8619484131774695,TIME_LIMIT,338530,0,0,17,12
5,8,1.455843e6,-1.1164722092178059,-0.8619484131774695,TIME_LIMIT,338559,0,0,11,5
5,8,1.455917e6,-1.1164722092178059,-0.8619484131774695,TIME_LIMIT,338579,0,0,12,18
5,8,1.456038e6,-1.116466277418996,-0.8619484131774695,TIME_LIMIT,338613,0,0,11,1
5,8,1.45624e6,-1.116466277418996,-0.8619484131774695,TIME_LIMIT,338641,0,0,22,9
5,8,1.456444e6,-1.1164514574130038,-0.8619484131774695,TIME_LIMIT,338666,0,0,15,6
5,8,1.456501e6,-1.1164514574130038,-0.8619484131774695,TIME_LIMIT,338688,0,0,9,7
5,8,1.456589e6,-1.1164366434736217,-0.8619484131774695,TIME_LIMIT,338714,0,0,7,4
5,8,1.456611e6,-1.1164366434736217,-0.8619484131774695,TIME_LIMIT,338728,0,0,6,4
5,8,1.456652e6,-1.1164334276691494,-0.8619484131774695,TIME_LIMIT,338738,0,0,3,3
5,8,1.456728e6,-1.1164334276691494,-0.8619484131774695,TIME_LIMIT,338758,0,0,13,5
5,8,1.456802e6,-1.1164285332312445,-0.8619484131774695,TIME_LIMIT,338778,0,0,11,2
5,8,1.456847e6,-1.1164285332312445,-0.8619484131774695,TIME_LIMIT,338798,0,0,5,3
5,8,1.456924e6,-1.116428091185404,-0.8619484131774695,TIME_LIMIT,338824,0,0,11,8
5,8,1.457077e6,-1.116428091185404,-0.8619484131774695,TIME_LIMIT,338850,0,0,17,15
5,8,1.457109e6,-1.1164165481402821,-0.8619484131774695,TIME_LIMIT,338872,0,0,6,7
5,8,1.457284e6,-1.1164165481402821,-0.8619484131774695,TIME_LIMIT,338899,0,0,9,12
5,8,1.457353e6,-1.1164060096667678,-0.8619484131774695,TIME_LIMIT,338920,0,0,8,4
5,8,1.457415e6,-1.1164060096667678,-0.8619484131774695,TIME_LIMIT,338943,0,0,12,6
5,8,1.457462e6,-1.1164054575638966,-0.8619484131774695,TIME_LIMIT,338959,0,0,8,2
5,8,1.457685e6,-1.1164054575638966,-0.8619484131774695,TIME_LIMIT,338991,0,0,23,28
5,8,1.457917e6,-1.1164013273811761,-0.8619484131774695,TIME_LIMIT,339017,0,0,15,4
5,8,1.45811e6,-1.1164013273811761,-0.8619484131774695,TIME_LIMIT,339041,0,0,12,20
5,8,1.458376e6,-1.1163836734056543,-0.8619484131774695,TIME_LIMIT,339076,0,0,15,12
5,8,1.45848e6,-1.1163836734056543,-0.8619484131774695,TIME_LIMIT,339095,0,0,14,22
5,8,1.458676e6,-1.116383508965285,-0.8619484131774695,TIME_LIMIT,339135,0,0,18,15
5,8,1.458777e6,-1.116383508965285,-0.8619484131774695,TIME_LIMIT,339160,0,0,14,16
5,8,1.458951e6,-1.1163722477758768,-0.8619484131774695,TIME_LIMIT,339193,0,0,10,4
5,8,1.459168e6,-1.1163722477758768,-0.8619484131774695,TIME_LIMIT,339213,0,0,15,12
5,8,1.459254e6,-1.116370218906026,-0.8619484131774695,TIME_LIMIT,339240,0,0,8,4
5,8,1.459328e6,-1.116370218906026,-0.8619484131774695,TIME_LIMIT,339258,0,0,13,12
5,8,1.459539e6,-1.1163472926766245,-0.8619484131774695,TIME_LIMIT,339288,0,0,9,5
5,8,1.459639e6,-1.1163472926766245,-0.8619484131774695,TIME_LIMIT,339311,0,0,7,5
5,8,1.459706e6,-1.1163360284101411,-0.8619484131774695,TIME_LIMIT,339333,0,0,4,9
5,8,1.459797e6,-1.1163360284101411,-0.8619484131774695,TIME_LIMIT,339356,0,0,13,18
5,8,1.459867e6,-1.1163159450541116,-0.8619484131774695,TIME_LIMIT,339380,0,0,8,5
5,8,1.459973e6,-1.1163159450541116,-0.8619484131774695,TIME_LIMIT,339406,0,0,9,12
5,8,1.460067e6,-1.1163088457477788,-0.8619484131774695,TIME_LIMIT,339428,0,0,6,4
5,8,1.460245e6,-1.1163088457477788,-0.8619484131774695,TIME_LIMIT,339454,0,0,11,19
5,8,1.460389e6,-1.1163063394648864,-0.8619484131774695,TIME_LIMIT,339478,0,0,10,4
5,8,1.460611e6,-1.1163063394648864,-0.8619484131774695,TIME_LIMIT,339506,0,0,16,10
5,8,1.460696e6,-1.1163047201840328,-0.8619484131774695,TIME_LIMIT,339528,0,0,8,7
5,8,1.460857e6,-1.1163047201840328,-0.8619484131774695,TIME_LIMIT,339551,0,0,18,15
5,8,1.460934e6,-1.1163023920308048,-0.8619484131774695,TIME_LIMIT,339573,0,0,11,3
5,8,1.461048e6,-1.1163023920308048,-0.8619484131774695,TIME_LIMIT,339596,0,0,20,15
5,8,1.461258e6,-1.1162985871452555,-0.8619484131774695,TIME_LIMIT,339621,0,0,8,8
5,8,1.46132e6,-1.1162985871452555,-0.8619484131774695,TIME_LIMIT,339640,0,0,8,15
5,8,1.461447e6,-1.1162908607257565,-0.8619484131774695,TIME_LIMIT,339680,0,0,8,8
5,8,1.461554e6,-1.1162908607257565,-0.8619484131774695,TIME_LIMIT,339708,0,0,21,16
5,8,1.461744e6,-1.116290205595235,-0.8619484131774695,TIME_LIMIT,339737,0,0,10,20
5,8,1.461848e6,-1.116290205595235,-0.8619484131774695,TIME_LIMIT,339754,0,0,10,8
5,8,1.461903e6,-1.1162882967988725,-0.8619484131774695,TIME_LIMIT,339771,0,0,8,7
5,8,1.461975e6,-1.1162882967988725,-0.8619484131774695,TIME_LIMIT,339794,0,0,14,11
5,8,1.462063e6,-1.1162821285992055,-0.8619484131774695,TIME_LIMIT,339816,0,0,11,11
5,8,1.462213e6,-1.1162821285992055,-0.8619484131774695,TIME_LIMIT,339835,0,0,13,7
5,8,1.462355e6,-1.1162776091490607,-0.8619484131774695,TIME_LIMIT,339864,0,0,8,2
5,8,1.462619e6,-1.1162776091490607,-0.8619484131774695,TIME_LIMIT,339886,0,0,10,13
5,8,1.462679e6,-1.1162769480445245,-0.8619484131774695,TIME_LIMIT,339911,0,0,10,3
5,8,1.462752e6,-1.1162769480445245,-0.8619484131774695,TIME_LIMIT,339932,0,0,9,11
5,8,1.462799e6,-1.1162721206128852,-0.8619484131774695,TIME_LIMIT,339954,0,0,5,5
5,8,1.462867e6,-1.1162721206128852,-0.8619484131774695,TIME_LIMIT,339980,0,0,13,4
5,8,1.46293e6,-1.1162457449433183,-0.8619484131774695,TIME_LIMIT,339993,0,0,9,10
5,8,1.462995e6,-1.1162457449433183,-0.8619484131774695,TIME_LIMIT,340018,0,0,17,15
5,8,1.46312e6,-1.1162422996898846,-0.8619484131774695,TIME_LIMIT,340043,0,0,11,1
5,8,1.463316e6,-1.1162422996898846,-0.8619484131774695,TIME_LIMIT,340071,0,0,10,10
5,8,1.46352e6,-1.116241807641729,-0.8619484131774695,TIME_LIMIT,340102,0,0,12,11
5,8,1.463716e6,-1.116241807641729,-0.8619484131774695,TIME_LIMIT,340129,0,0,22,16
5,8,1.463903e6,-1.1162198277263573,-0.8619484131774695,TIME_LIMIT,340154,0,0,12,7
5,8,1.464133e6,-1.1162198277263573,-0.8619484131774695,TIME_LIMIT,340176,0,0,13,10
5,8,1.464331e6,-1.1162071922435506,-0.8619484131774695,TIME_LIMIT,340206,0,0,18,4
5,8,1.464416e6,-1.1162071922435506,-0.8619484131774695,TIME_LIMIT,340224,0,0,9,7
5,8,1.464483e6,-1.1162043133359734,-0.8619484131774695,TIME_LIMIT,340238,0,0,8,6
5,8,1.464682e6,-1.1162043133359734,-0.8619484131774695,TIME_LIMIT,340267,0,0,22,13
5,8,1.464763e6,-1.1162032045439543,-0.8619484131774695,TIME_LIMIT,340289,0,0,13,3
5,8,1.464982e6,-1.1162032045439543,-0.8619484131774695,TIME_LIMIT,340307,0,0,17,12
5,8,1.465099e6,-1.116201048617071,-0.8619484131774695,TIME_LIMIT,340339,0,0,15,8
5,8,1.465214e6,-1.116201048617071,-0.8619484131774695,TIME_LIMIT,340363,0,0,10,9
5,8,1.465271e6,-1.1161965004795729,-0.8619484131774695,TIME_LIMIT,340376,0,0,2,2
5,8,1.465415e6,-1.1161965004795729,-0.8619484131774695,TIME_LIMIT,340401,0,0,13,9
5,8,1.465578e6,-1.1161915703385257,-0.8619484131774695,TIME_LIMIT,340437,0,0,15,10
5,8,1.465674e6,-1.1161915703385257,-0.8619484131774695,TIME_LIMIT,340454,0,0,11,10
5,8,1.465825e6,-1.1161902218912965,-0.8619484131774695,TIME_LIMIT,340483,0,0,9,5
5,8,1.4659e6,-1.1161902218912965,-0.8619484131774695,TIME_LIMIT,340503,0,0,8,5
5,8,1.465952e6,-1.116187005800817,-0.8619484131774695,TIME_LIMIT,340526,0,0,12,6
5,8,1.46602e6,-1.116187005800817,-0.8619484131774695,TIME_LIMIT,340540,0,0,11,5
5,8,1.466073e6,-1.1161846579716785,-0.8619484131774695,TIME_LIMIT,340564,0,0,7,1
5,8,1.466179e6,-1.1161846579716785,-0.8619484131774695,TIME_LIMIT,340579,0,0,13,13
5,8,1.466244e6,-1.1161840452027256,-0.8619484131774695,TIME_LIMIT,340602,0,0,7,4
5,8,1.466407e6,-1.1161840452027256,-0.8619484131774695,TIME_LIMIT,340627,0,0,15,9
5,8,1.46659e6,-1.1161831607672283,-0.8619484131774695,TIME_LIMIT,340657,0,0,16,9
5,8,1.466687e6,-1.1161831607672283,-0.8619484131774695,TIME_LIMIT,340681,0,0,16,6
5,8,1.46675e6,-1.11618185955997,-0.8619484131774695,TIME_LIMIT,340696,0,0,12,6
5,8,1.466964e6,-1.11618185955997,-0.8619484131774695,TIME_LIMIT,340721,0,0,7,11
5,8,1.467071e6,-1.1161815952858007,-0.8619484131774695,TIME_LIMIT,340761,0,0,16,6
5,8,1.467235e6,-1.1161815952858007,-0.8619484131774695,TIME_LIMIT,340788,0,0,11,7
5,8,1.467462e6,-1.1161713376016529,-0.8619484131774695,TIME_LIMIT,340811,0,0,8,6
5,8,1.467573e6,-1.1161713376016529,-0.8619484131774695,TIME_LIMIT,340831,0,0,10,9
5,8,1.46762e6,-1.116163411457284,-0.8619484131774695,TIME_LIMIT,340850,0,0,6,4
5,8,1.467679e6,-1.116163411457284,-0.8619484131774695,TIME_LIMIT,340863,0,0,11,10
5,8,1.467708e6,-1.1161537796309762,-0.8619484131774695,TIME_LIMIT,340882,0,0,9,1
5,8,1.467801e6,-1.1161537796309762,-0.8619484131774695,TIME_LIMIT,340911,0,0,14,8
5,8,1.467981e6,-1.1161526763838352,-0.8619484131774695,TIME_LIMIT,340944,0,0,18,6
5,8,1.468077e6,-1.1161526763838352,-0.8619484131774695,TIME_LIMIT,340970,0,0,7,15
5,8,1.468231e6,-1.1161526679908533,-0.8619484131774695,TIME_LIMIT,341002,0,0,13,4
5,8,1.468407e6,-1.1161526679908533,-0.8619484131774695,TIME_LIMIT,341032,0,0,18,10
5,8,1.468674e6,-1.116151314148105,-0.8619484131774695,TIME_LIMIT,341068,0,0,16,6
5,8,1.46876e6,-1.116151314148105,-0.8619484131774695,TIME_LIMIT,341096,0,0,14,6
5,8,1.468849e6,-1.1161508719904696,-0.8619484131774695,TIME_LIMIT,341113,0,0,7,5
5,8,1.468958e6,-1.1161508719904696,-0.8619484131774695,TIME_LIMIT,341140,0,0,20,23
5,8,1.469111e6,-1.1161379552577995,-0.8619484131774695,TIME_LIMIT,341178,0,0,18,9
5,8,1.469245e6,-1.1161379552577995,-0.8619484131774695,TIME_LIMIT,341201,0,0,16,11
5,8,1.469308e6,-1.1160932000992267,-0.8619484131774695,TIME_LIMIT,341217,0,0,8,8
5,8,1.469433e6,-1.1160932000992267,-0.8619484131774695,TIME_LIMIT,341237,0,0,12,7
5,8,1.469501e6,-1.1160888245876799,-0.8619484131774695,TIME_LIMIT,341261,0,0,12,7
5,8,1.469591e6,-1.1160888245876799,-0.8619484131774695,TIME_LIMIT,341284,0,0,9,7
5,8,1.469641e6,-1.1160829049053353,-0.8619484131774695,TIME_LIMIT,341303,0,0,8,6
5,8,1.469738e6,-1.1160829049053353,-0.8619484131774695,TIME_LIMIT,341334,0,0,14,24
5,8,1.469856e6,-1.116076285560975,-0.8619484131774695,TIME_LIMIT,341354,0,0,6,7
5,8,1.469998e6,-1.116076285560975,-0.8619484131774695,TIME_LIMIT,341378,0,0,15,19
5,8,1.470085e6,-1.1160675132342899,-0.8619484131774695,TIME_LIMIT,341403,0,0,13,4
5,8,1.470259e6,-1.1160675132342899,-0.8619484131774695,TIME_LIMIT,341426,0,0,13,11
5,8,1.470379e6,-1.1160511576254935,-0.8619484131774695,TIME_LIMIT,341453,0,0,6,5
5,8,1.470579e6,-1.1160511576254935,-0.8619484131774695,TIME_LIMIT,341478,0,0,19,25
5,8,1.470814e6,-1.116049696483084,-0.8619484131774695,TIME_LIMIT,341504,0,0,9,7
5,8,1.470884e6,-1.116049696483084,-0.8619484131774695,TIME_LIMIT,341521,0,0,14,11
5,8,1.470967e6,-1.1160439395450692,-0.8619484131774695,TIME_LIMIT,341551,0,0,11,9
5,8,1.471016e6,-1.1160439395450692,-0.8619484131774695,TIME_LIMIT,341563,0,0,2,2
5,8,1.471034e6,-1.116043209823885,-0.8619484131774695,TIME_LIMIT,341570,0,0,4,4
5,8,1.471235e6,-1.116043209823885,-0.8619484131774695,TIME_LIMIT,341601,0,0,14,14
5,8,1.471471e6,-1.1160316273966822,-0.8619484131774695,TIME_LIMIT,341628,0,0,17,12
5,8,1.471627e6,-1.1160316273966822,-0.8619484131774695,TIME_LIMIT,341659,0,0,18,13
5,8,1.471793e6,-1.1160180754856124,-0.8619484131774695,TIME_LIMIT,341684,0,0,13,12
5,8,1.471911e6,-1.1160180754856124,-0.8619484131774695,TIME_LIMIT,341710,0,0,12,17
5,8,1.472024e6,-1.1160067178892805,-0.8619484131774695,TIME_LIMIT,341736,0,0,11,5
5,8,1.472159e6,-1.1160067178892805,-0.8619484131774695,TIME_LIMIT,341761,0,0,10,12
5,8,1.472243e6,-1.115998299331118,-0.8619484131774695,TIME_LIMIT,341796,0,0,10,10
5,8,1.472318e6,-1.115998299331118,-0.8619484131774695,TIME_LIMIT,341823,0,0,12,14
5,8,1.472383e6,-1.1159766840909118,-0.8619484131774695,TIME_LIMIT,341843,0,0,5,9
5,8,1.472456e6,-1.1159766840909118,-0.8619484131774695,TIME_LIMIT,341861,0,0,8,9
5,8,1.47255e6,-1.1159766227925676,-0.8619484131774695,TIME_LIMIT,341871,0,0,7,4
5,8,1.472738e6,-1.1159766227925676,-0.8619484131774695,TIME_LIMIT,341897,0,0,18,13
5,8,1.472825e6,-1.1159711493566715,-0.8619484131774695,TIME_LIMIT,341915,0,0,11,8
5,8,1.472994e6,-1.1159711493566715,-0.8619484131774695,TIME_LIMIT,341940,0,0,18,18
5,8,1.473155e6,-1.1159696887182702,-0.8619484131774695,TIME_LIMIT,341965,0,0,16,12
5,8,1.4733e6,-1.1159696887182702,-0.8619484131774695,TIME_LIMIT,341984,0,0,12,13
5,8,1.473466e6,-1.1159686995334428,-0.8619484131774695,TIME_LIMIT,342015,0,0,9,8
5,8,1.473666e6,-1.1159686995334428,-0.8619484131774695,TIME_LIMIT,342037,0,0,13,13
5,8,1.473767e6,-1.1159575363020486,-0.8619484131774695,TIME_LIMIT,342060,0,0,12,8
5,8,1.474008e6,-1.1159575363020486,-0.8619484131774695,TIME_LIMIT,342084,0,0,18,20
5,8,1.474127e6,-1.1159534745978907,-0.8619484131774695,TIME_LIMIT,342118,0,0,19,6
5,8,1.474374e6,-1.1159534745978907,-0.8619484131774695,TIME_LIMIT,342153,0,0,21,22
5,8,1.474507e6,-1.1159442105694612,-0.8619484131774695,TIME_LIMIT,342181,0,0,10,6
5,8,1.4746e6,-1.1159442105694612,-0.8619484131774695,TIME_LIMIT,342202,0,0,11,11
5,8,1.47469e6,-1.115942710660247,-0.8619484131774695,TIME_LIMIT,342234,0,0,12,7
5,8,1.474811e6,-1.115942710660247,-0.8619484131774695,TIME_LIMIT,342262,0,0,19,11
5,8,1.474886e6,-1.1159400465200002,-0.8619484131774695,TIME_LIMIT,342284,0,0,10,15
5,8,1.475008e6,-1.1159400465200002,-0.8619484131774695,TIME_LIMIT,342303,0,0,14,13
5,8,1.475081e6,-1.1159313417047882,-0.8619484131774695,TIME_LIMIT,342331,0,0,6,7
5,8,1.475297e6,-1.1159313417047882,-0.8619484131774695,TIME_LIMIT,342363,0,0,19,13
5,8,1.475339e6,-1.1159202303815277,-0.8619484131774695,TIME_LIMIT,342383,0,0,10,3
5,8,1.475485e6,-1.1159202303815277,-0.8619484131774695,TIME_LIMIT,342407,0,0,15,21
5,8,1.475578e6,-1.1159164727573652,-0.8619484131774695,TIME_LIMIT,342438,0,0,6,4
5,8,1.475687e6,-1.1159164727573652,-0.8619484131774695,TIME_LIMIT,342456,0,0,14,14
5,8,1.475843e6,-1.115916352061574,-0.8619484131774695,TIME_LIMIT,342488,0,0,7,5
5,8,1.476026e6,-1.115916352061574,-0.8619484131774695,TIME_LIMIT,342516,0,0,14,10
5,8,1.476083e6,-1.1158960521354273,-0.8619484131774695,TIME_LIMIT,342530,0,0,5,5
5,8,1.476281e6,-1.1158960521354273,-0.8619484131774695,TIME_LIMIT,342561,0,0,15,15
5,8,1.476353e6,-1.1158918739608223,-0.8619484131774695,TIME_LIMIT,342580,0,0,14,9
5,8,1.476493e6,-1.1158918739608223,-0.8619484131774695,TIME_LIMIT,342610,0,0,18,13
5,8,1.476546e6,-1.1158864297824633,-0.8619484131774695,TIME_LIMIT,342632,0,0,6,7
5,8,1.476663e6,-1.1158864297824633,-0.8619484131774695,TIME_LIMIT,342658,0,0,15,8
5,8,1.476756e6,-1.1158801889082632,-0.8619484131774695,TIME_LIMIT,342680,0,0,5,7
5,8,1.476909e6,-1.1158801889082632,-0.8619484131774695,TIME_LIMIT,342710,0,0,19,6
5,8,1.477056e6,-1.1158726219960453,-0.8619484131774695,TIME_LIMIT,342733,0,0,14,10
5,8,1.47722e6,-1.1158726219960453,-0.8619484131774695,TIME_LIMIT,342759,0,0,9,16
5,8,1.477355e6,-1.1158668581424722,-0.8619484131774695,TIME_LIMIT,342775,0,0,11,6
5,8,1.477504e6,-1.1158668581424722,-0.8619484131774695,TIME_LIMIT,342798,0,0,9,13
5,8,1.477724e6,-1.1158654650711444,-0.8619484131774695,TIME_LIMIT,342832,0,0,11,17
5,8,1.477867e6,-1.1158654650711444,-0.8619484131774695,TIME_LIMIT,342850,0,0,17,16
5,8,1.477954e6,-1.1158521228811513,-0.8619484131774695,TIME_LIMIT,342873,0,0,13,4
5,8,1.478021e6,-1.1158521228811513,-0.8619484131774695,TIME_LIMIT,342889,0,0,13,4
5,8,1.478079e6,-1.1158519603942376,-0.8619484131774695,TIME_LIMIT,342914,0,0,6,2
5,8,1.47837e6,-1.1158519603942376,-0.8619484131774695,TIME_LIMIT,342937,0,0,8,9
5,8,1.47843e6,-1.1158469129058208,-0.8619484131774695,TIME_LIMIT,342965,0,0,1,4
5,8,1.47861e6,-1.1158469129058208,-0.8619484131774695,TIME_LIMIT,342997,0,0,25,12
5,8,1.478843e6,-1.115836767914149,-0.8619484131774695,TIME_LIMIT,343023,0,0,15,12
5,8,1.478932e6,-1.115836767914149,-0.8619484131774695,TIME_LIMIT,343046,0,0,8,20
5,8,1.478993e6,-1.1158338637559957,-0.8619484131774695,TIME_LIMIT,343067,0,0,8,9
5,8,1.479089e6,-1.1158338637559957,-0.8619484131774695,TIME_LIMIT,343091,0,0,20,18
5,8,1.479176e6,-1.115822253309645,-0.8619484131774695,TIME_LIMIT,343126,0,0,4,7
5,8,1.479251e6,-1.115822253309645,-0.8619484131774695,TIME_LIMIT,343145,0,0,8,12
5,8,1.479393e6,-1.115812767028031,-0.8619484131774695,TIME_LIMIT,343167,0,0,9,4
5,8,1.479528e6,-1.115812767028031,-0.8619484131774695,TIME_LIMIT,343191,0,0,11,8
5,8,1.47963e6,-1.1158097421548814,-0.8619484131774695,TIME_LIMIT,343209,0,0,4,8
5,8,1.479753e6,-1.1158097421548814,-0.8619484131774695,TIME_LIMIT,343227,0,0,11,10
5,8,1.479849e6,-1.1158091559042844,-0.8619484131774695,TIME_LIMIT,343250,0,0,5,4
5,8,1.480066e6,-1.1158091559042844,-0.8619484131774695,TIME_LIMIT,343279,0,0,15,19
5,8,1.480252e6,-1.1158026950786322,-0.8619484131774695,TIME_LIMIT,343304,0,0,13,19
5,8,1.480372e6,-1.1158026950786322,-0.8619484131774695,TIME_LIMIT,343322,0,0,11,9
5,8,1.48042e6,-1.1157947335395804,-0.8619484131774695,TIME_LIMIT,343346,0,0,6,4
5,8,1.480516e6,-1.1157947335395804,-0.8619484131774695,TIME_LIMIT,343363,0,0,7,6
5,8,1.480553e6,-1.1157946847907771,-0.8619484131774695,TIME_LIMIT,343382,0,0,7,4
5,8,1.480735e6,-1.1157946847907771,-0.8619484131774695,TIME_LIMIT,343399,0,0,5,5
5,8,1.480877e6,-1.115787088225202,-0.8619484131774695,TIME_LIMIT,343422,0,0,13,8
5,8,1.481098e6,-1.115787088225202,-0.8619484131774695,TIME_LIMIT,343446,0,0,8,10
5,8,1.481291e6,-1.1157838416586907,-0.8619484131774695,TIME_LIMIT,343483,0,0,6,9
5,8,1.481336e6,-1.1157838416586907,-0.8619484131774695,TIME_LIMIT,343503,0,0,13,18
5,8,1.481426e6,-1.1157819931240704,-0.8619484131774695,TIME_LIMIT,343532,0,0,8,7
5,8,1.481544e6,-1.1157819931240704,-0.8619484131774695,TIME_LIMIT,343552,0,0,14,20
5,8,1.481717e6,-1.1157767143779416,-0.8619484131774695,TIME_LIMIT,343578,0,0,10,4
5,8,1.481928e6,-1.1157767143779416,-0.8619484131774695,TIME_LIMIT,343603,0,0,17,37
5,8,1.482028e6,-1.1157739329452256,-0.8619484131774695,TIME_LIMIT,343635,0,0,19,9
5,8,1.48225e6,-1.1157739329452256,-0.8619484131774695,TIME_LIMIT,343669,0,0,22,9
5,8,1.4824e6,-1.1157729440206934,-0.8619484131774695,TIME_LIMIT,343692,0,0,15,4
5,8,1.482594e6,-1.1157729440206934,-0.8619484131774695,TIME_LIMIT,343719,0,0,5,11
5,8,1.48274e6,-1.1157496694566529,-0.8619484131774695,TIME_LIMIT,343747,0,0,8,7
5,8,1.482859e6,-1.1157496694566529,-0.8619484131774695,TIME_LIMIT,343769,0,0,16,14
5,8,1.482905e6,-1.11574041675651,-0.8619484131774695,TIME_LIMIT,343790,0,0,10,8
5,8,1.483001e6,-1.11574041675651,-0.8619484131774695,TIME_LIMIT,343814,0,0,17,13
5,8,1.483088e6,-1.1157381943053684,-0.8619484131774695,TIME_LIMIT,343843,0,0,10,4
5,8,1.48321e6,-1.1157381943053684,-0.8619484131774695,TIME_LIMIT,343866,0,0,23,7
5,8,1.483424e6,-1.1157336351750637,-0.8619484131774695,TIME_LIMIT,343905,0,0,16,13
5,8,1.483541e6,-1.1157336351750637,-0.8619484131774695,TIME_LIMIT,343927,0,0,12,6
5,8,1.483581e6,-1.1157331274081281,-0.8619484131774695,TIME_LIMIT,343943,0,0,6,4
5,8,1.483692e6,-1.1157331274081281,-0.8619484131774695,TIME_LIMIT,343964,0,0,7,18
5,8,1.483889e6,-1.1157295031661478,-0.8619484131774695,TIME_LIMIT,344001,0,0,9,8
5,8,1.484022e6,-1.1157295031661478,-0.8619484131774695,TIME_LIMIT,344028,0,0,16,10
5,8,1.484248e6,-1.1157266147855327,-0.8619484131774695,TIME_LIMIT,344060,0,0,16,7
5,8,1.484516e6,-1.1157266147855327,-0.8619484131774695,TIME_LIMIT,344085,0,0,9,19
5,8,1.484654e6,-1.1157217910493606,-0.8619484131774695,TIME_LIMIT,344121,0,0,15,9
5,8,1.484825e6,-1.1157217910493606,-0.8619484131774695,TIME_LIMIT,344150,0,0,14,16
5,8,1.48499e6,-1.1157194904599306,-0.8619484131774695,TIME_LIMIT,344173,0,0,10,11
5,8,1.485215e6,-1.1157194904599306,-0.8619484131774695,TIME_LIMIT,344200,0,0,21,19
5,8,1.485285e6,-1.1157122979472265,-0.8619484131774695,TIME_LIMIT,344223,0,0,16,9
5,8,1.48546e6,-1.1157122979472265,-0.8619484131774695,TIME_LIMIT,344248,0,0,13,13
5,8,1.485602e6,-1.115710006647013,-0.8619484131774695,TIME_LIMIT,344275,0,0,11,6
5,8,1.485723e6,-1.115710006647013,-0.8619484131774695,TIME_LIMIT,344302,0,0,13,21
5,8,1.48582e6,-1.1157078140575691,-0.8619484131774695,TIME_LIMIT,344326,0,0,13,7
5,8,1.485928e6,-1.1157078140575691,-0.8619484131774695,TIME_LIMIT,344350,0,0,15,11
5,8,1.486023e6,-1.1156992952956755,-0.8619484131774695,TIME_LIMIT,344375,0,0,10,5
5,8,1.486076e6,-1.1156992952956755,-0.8619484131774695,TIME_LIMIT,344394,0,0,9,7
5,8,1.486152e6,-1.1156973613321244,-0.8619484131774695,TIME_LIMIT,344413,0,0,4,3
5,8,1.486239e6,-1.1156973613321244,-0.8619484131774695,TIME_LIMIT,344436,0,0,14,11
5,8,1.486296e6,-1.115697225371901,-0.8619484131774695,TIME_LIMIT,344456,0,0,12,9
5,8,1.486476e6,-1.115697225371901,-0.8619484131774695,TIME_LIMIT,344480,0,0,21,20
5,8,1.486709e6,-1.1156922143548915,-0.8619484131774695,TIME_LIMIT,344518,0,0,14,7
5,8,1.48676e6,-1.1156922143548915,-0.8619484131774695,TIME_LIMIT,344538,0,0,8,2
5,8,1.486804e6,-1.115689642912255,-0.8619484131774695,TIME_LIMIT,344551,0,0,4,1
5,8,1.487004e6,-1.115689642912255,-0.8619484131774695,TIME_LIMIT,344575,0,0,17,14
5,8,1.487089e6,-1.1156783580986223,-0.8619484131774695,TIME_LIMIT,344599,0,0,10,1
5,8,1.487299e6,-1.1156783580986223,-0.8619484131774695,TIME_LIMIT,344632,0,0,22,27
5,8,1.487421e6,-1.115677524673171,-0.8619484131774695,TIME_LIMIT,344667,0,0,14,10
5,8,1.487507e6,-1.115677524673171,-0.8619484131774695,TIME_LIMIT,344689,0,0,15,9
5,8,1.487577e6,-1.1156609783608895,-0.8619484131774695,TIME_LIMIT,344710,0,0,6,4
5,8,1.487625e6,-1.1156609783608895,-0.8619484131774695,TIME_LIMIT,344735,0,0,22,12
5,8,1.487781e6,-1.1156597697054695,-0.8619484131774695,TIME_LIMIT,344769,0,0,12,18
5,8,1.487981e6,-1.1156597697054695,-0.8619484131774695,TIME_LIMIT,344799,0,0,13,17
5,8,1.488199e6,-1.1156581466031694,-0.8619484131774695,TIME_LIMIT,344836,0,0,16,14
5,8,1.488323e6,-1.1156581466031694,-0.8619484131774695,TIME_LIMIT,344857,0,0,13,18
5,8,1.48838e6,-1.1156407790406593,-0.8619484131774695,TIME_LIMIT,344877,0,0,4,6
5,8,1.488469e6,-1.1156407790406593,-0.8619484131774695,TIME_LIMIT,344901,0,0,12,25
5,8,1.488546e6,-1.1156366653115826,-0.8619484131774695,TIME_LIMIT,344936,0,0,13,7
5,8,1.488638e6,-1.1156366653115826,-0.8619484131774695,TIME_LIMIT,344959,0,0,10,13
5,8,1.488733e6,-1.115635863528053,-0.8619484131774695,TIME_LIMIT,344989,0,0,8,9
5,8,1.488828e6,-1.115635863528053,-0.8619484131774695,TIME_LIMIT,345012,0,0,16,15
5,8,1.488922e6,-1.115627001819627,-0.8619484131774695,TIME_LIMIT,345044,0,0,13,6
5,8,1.489132e6,-1.115627001819627,-0.8619484131774695,TIME_LIMIT,345073,0,0,17,17
5,8,1.489202e6,-1.1156210180836639,-0.8619484131774695,TIME_LIMIT,345099,0,0,15,9
5,8,1.489351e6,-1.1156210180836639,-0.8619484131774695,TIME_LIMIT,345126,0,0,11,14
5,8,1.489473e6,-1.1156176342830268,-0.8619484131774695,TIME_LIMIT,345156,0,0,11,9
5,8,1.489555e6,-1.1156176342830268,-0.8619484131774695,TIME_LIMIT,345174,0,0,11,6
5,8,1.489604e6,-1.1156091554227172,-0.8619484131774695,TIME_LIMIT,345191,0,0,10,3
5,8,1.4897e6,-1.1156091554227172,-0.8619484131774695,TIME_LIMIT,345211,0,0,13,12
5,8,1.489901e6,-1.1156080433851558,-0.8619484131774695,TIME_LIMIT,345240,0,0,8,3
5,8,1.489964e6,-1.1156080433851558,-0.8619484131774695,TIME_LIMIT,345259,0,0,13,6
5,8,1.490014e6,-1.1156035480389361,-0.8619484131774695,TIME_LIMIT,345279,0,0,7,3
5,8,1.490231e6,-1.1156035480389361,-0.8619484131774695,TIME_LIMIT,345302,0,0,9,7
5,8,1.490329e6,-1.115593814108781,-0.8619484131774695,TIME_LIMIT,345319,0,0,8,6
5,8,1.490494e6,-1.115593814108781,-0.8619484131774695,TIME_LIMIT,345347,0,0,17,13
5,8,1.490562e6,-1.1155934689522256,-0.8619484131774695,TIME_LIMIT,345368,0,0,16,8
5,8,1.490785e6,-1.1155934689522256,-0.8619484131774695,TIME_LIMIT,345393,0,0,14,12
5,8,1.491031e6,-1.1155687944830937,-0.8619484131774695,TIME_LIMIT,345429,0,0,22,3
5,8,1.491207e6,-1.1155687944830937,-0.8619484131774695,TIME_LIMIT,345455,0,0,13,13
5,8,1.491312e6,-1.1155589861555228,-0.8619484131774695,TIME_LIMIT,345479,0,0,13,6
5,8,1.491507e6,-1.1155589861555228,-0.8619484131774695,TIME_LIMIT,345505,0,0,20,21
5,8,1.491736e6,-1.1155568119832215,-0.8619484131774695,TIME_LIMIT,345548,0,0,15,15
5,8,1.491811e6,-1.1155568119832215,-0.8619484131774695,TIME_LIMIT,345558,0,0,11,8
5,8,1.491825e6,-1.1155559014869678,-0.8619484131774695,TIME_LIMIT,345568,0,0,3,1
5,8,1.492025e6,-1.1155559014869678,-0.8619484131774695,TIME_LIMIT,345598,0,0,15,17
5,8,1.492181e6,-1.1155547957143728,-0.8619484131774695,TIME_LIMIT,345625,0,0,11,14
5,8,1.492397e6,-1.1155547957143728,-0.8619484131774695,TIME_LIMIT,345658,0,0,14,19
5,8,1.492591e6,-1.1155524168086883,-0.8619484131774695,TIME_LIMIT,345696,0,0,12,13
5,8,1.4927e6,-1.1155524168086883,-0.8619484131774695,TIME_LIMIT,345721,0,0,11,13
5,8,1.492848e6,-1.115544052920177,-0.8619484131774695,TIME_LIMIT,345755,0,0,16,10
5,8,1.492951e6,-1.115544052920177,-0.8619484131774695,TIME_LIMIT,345779,0,0,9,5
5,8,1.493009e6,-1.1155406797341547,-0.8619484131774695,TIME_LIMIT,345800,0,0,12,4
5,8,1.493161e6,-1.1155406797341547,-0.8619484131774695,TIME_LIMIT,345830,0,0,18,10
5,8,1.493282e6,-1.1155389422319768,-0.8619484131774695,TIME_LIMIT,345843,0,0,6,4
5,8,1.493365e6,-1.1155389422319768,-0.8619484131774695,TIME_LIMIT,345864,0,0,5,6
5,8,1.493451e6,-1.115529412118811,-0.8619484131774695,TIME_LIMIT,345883,0,0,13,3
5,8,1.4935e6,-1.115529412118811,-0.8619484131774695,TIME_LIMIT,345901,0,0,10,19
5,8,1.493663e6,-1.1155219525786435,-0.8619484131774695,TIME_LIMIT,345929,0,0,11,4
5,8,1.493844e6,-1.1155219525786435,-0.8619484131774695,TIME_LIMIT,345954,0,0,13,22
5,8,1.494013e6,-1.1155118016059433,-0.8619484131774695,TIME_LIMIT,345989,0,0,13,13
5,8,1.49419e6,-1.1155118016059433,-0.8619484131774695,TIME_LIMIT,346017,0,0,19,12
5,8,1.494332e6,-1.115498383739017,-0.8619484131774695,TIME_LIMIT,346036,0,0,6,1
5,8,1.494483e6,-1.115498383739017,-0.8619484131774695,TIME_LIMIT,346060,0,0,12,10
5,8,1.494529e6,-1.1154966595164173,-0.8619484131774695,TIME_LIMIT,346086,0,0,11,2
5,8,1.494613e6,-1.1154966595164173,-0.8619484131774695,TIME_LIMIT,346114,0,0,13,13
5,8,1.494692e6,-1.115495086128553,-0.8619484131774695,TIME_LIMIT,346138,0,0,5,11
5,8,1.494827e6,-1.115495086128553,-0.8619484131774695,TIME_LIMIT,346166,0,0,23,21
5,8,1.494895e6,-1.11549009937452,-0.8619484131774695,TIME_LIMIT,346195,0,0,14,13
5,8,1.495074e6,-1.11549009937452,-0.8619484131774695,TIME_LIMIT,346227,0,0,19,15
5,8,1.495193e6,-1.1154849469940409,-0.8619484131774695,TIME_LIMIT,346255,0,0,8,5
5,8,1.495299e6,-1.1154849469940409,-0.8619484131774695,TIME_LIMIT,346279,0,0,17,11
5,8,1.495511e6,-1.1154810129822879,-0.8619484131774695,TIME_LIMIT,346313,0,0,16,16
5,8,1.495668e6,-1.1154810129822879,-0.8619484131774695,TIME_LIMIT,346344,0,0,10,5
5,8,1.495762e6,-1.1154792291477347,-0.8619484131774695,TIME_LIMIT,346369,0,0,16,3
5,8,1.495822e6,-1.1154792291477347,-0.8619484131774695,TIME_LIMIT,346391,0,0,12,18
5,8,1.496102e6,-1.115466536612985,-0.8619484131774695,TIME_LIMIT,346425,0,0,10,8
5,8,1.496229e6,-1.115466536612985,-0.8619484131774695,TIME_LIMIT,346448,0,0,18,27
5,8,1.496422e6,-1.11545872593081,-0.8619484131774695,TIME_LIMIT,346473,0,0,10,6
5,8,1.496501e6,-1.11545872593081,-0.8619484131774695,TIME_LIMIT,346492,0,0,11,14
5,8,1.496646e6,-1.1154539865425113,-0.8619484131774695,TIME_LIMIT,346522,0,0,10,11
5,8,1.496845e6,-1.1154539865425113,-0.8619484131774695,TIME_LIMIT,346545,0,0,21,15
5,8,1.496991e6,-1.115449372892072,-0.8619484131774695,TIME_LIMIT,346570,0,0,21,10
5,8,1.497164e6,-1.115449372892072,-0.8619484131774695,TIME_LIMIT,346593,0,0,14,16
5,8,1.49732e6,-1.1154484533144202,-0.8619484131774695,TIME_LIMIT,346625,0,0,10,4
5,8,1.497388e6,-1.1154484533144202,-0.8619484131774695,TIME_LIMIT,346637,0,0,5,8
5,8,1.497418e6,-1.115447558647334,-0.8619484131774695,TIME_LIMIT,346654,0,0,9,3
5,8,1.497505e6,-1.115447558647334,-0.8619484131774695,TIME_LIMIT,346680,0,0,8,6
5,8,1.497594e6,-1.1154419720329365,-0.8619484131774695,TIME_LIMIT,346706,0,0,13,12
5,8,1.497673e6,-1.1154419720329365,-0.8619484131774695,TIME_LIMIT,346728,0,0,9,11
5,8,1.497845e6,-1.1154393903125022,-0.8619484131774695,TIME_LIMIT,346761,0,0,13,12
5,8,1.497899e6,-1.1154393903125022,-0.8619484131774695,TIME_LIMIT,346785,0,0,22,9
5,8,1.498094e6,-1.1154326894847666,-0.8619484131774695,TIME_LIMIT,346809,0,0,12,12
5,8,1.498236e6,-1.1154326894847666,-0.8619484131774695,TIME_LIMIT,346831,0,0,12,22
5,8,1.498386e6,-1.115432627735934,-0.8619484131774695,TIME_LIMIT,346869,0,0,9,7
5,8,1.498439e6,-1.115432627735934,-0.8619484131774695,TIME_LIMIT,346897,0,0,13,8
5,8,1.498674e6,-1.1154287271833072,-0.8619484131774695,TIME_LIMIT,346925,0,0,15,26
5,8,1.49875e6,-1.1154287271833072,-0.8619484131774695,TIME_LIMIT,346942,0,0,10,10
5,8,1.49883e6,-1.1154064546840012,-0.8619484131774695,TIME_LIMIT,346972,0,0,15,4
5,8,1.498917e6,-1.1154064546840012,-0.8619484131774695,TIME_LIMIT,346989,0,0,11,5
5,8,1.499019e6,-1.1153956198157866,-0.8619484131774695,TIME_LIMIT,347019,0,0,12,8
5,8,1.499148e6,-1.1153956198157866,-0.8619484131774695,TIME_LIMIT,347052,0,0,8,15
5,8,1.499333e6,-1.1153923666877272,-0.8619484131774695,TIME_LIMIT,347093,0,0,9,16
5,8,1.499421e6,-1.1153923666877272,-0.8619484131774695,TIME_LIMIT,347118,0,0,12,13
5,8,1.499597e6,-1.1153843159354704,-0.8619484131774695,TIME_LIMIT,347138,0,0,6,5
5,8,1.499725e6,-1.1153843159354704,-0.8619484131774695,TIME_LIMIT,347167,0,0,18,12
5,8,1.499825e6,-1.1153783927852619,-0.8619484131774695,TIME_LIMIT,347190,0,0,17,7
5,8,1.500069e6,-1.1153783927852619,-0.8619484131774695,TIME_LIMIT,347221,0,0,8,6
5,8,1.500156e6,-1.115371483899262,-0.8619484131774695,TIME_LIMIT,347241,0,0,8,10
5,8,1.500283e6,-1.115371483899262,-0.8619484131774695,TIME_LIMIT,347266,0,0,19,13
5,8,1.500387e6,-1.1153662233972839,-0.8619484131774695,TIME_LIMIT,347289,0,0,14,12
5,8,1.500505e6,-1.1153662233972839,-0.8619484131774695,TIME_LIMIT,347313,0,0,13,7
5,8,1.500599e6,-1.115364663523152,-0.8619484131774695,TIME_LIMIT,347335,0,0,15,4
5,8,1.500701e6,-1.115364663523152,-0.8619484131774695,TIME_LIMIT,347354,0,0,18,14
5,8,1.500945e6,-1.1153593026595057,-0.8619484131774695,TIME_LIMIT,347386,0,0,6,8
5,8,1.50104e6,-1.1153593026595057,-0.8619484131774695,TIME_LIMIT,347410,0,0,4,6
5,8,1.501092e6,-1.1153486469066451,-0.8619484131774695,TIME_LIMIT,347424,0,0,7,6
5,8,1.501224e6,-1.1153486469066451,-0.8619484131774695,TIME_LIMIT,347449,0,0,22,30
5,8,1.501436e6,-1.115338588657265,-0.8619484131774695,TIME_LIMIT,347481,0,0,8,8
5,8,1.50154e6,-1.115338588657265,-0.8619484131774695,TIME_LIMIT,347508,0,0,7,11
5,8,1.501747e6,-1.1153346344051422,-0.8619484131774695,TIME_LIMIT,347540,0,0,17,7
5,8,1.501935e6,-1.1153346344051422,-0.8619484131774695,TIME_LIMIT,347574,0,0,12,12
5,8,1.502118e6,-1.1153241788861077,-0.8619484131774695,TIME_LIMIT,347603,0,0,16,18
5,8,1.502246e6,-1.1153241788861077,-0.8619484131774695,TIME_LIMIT,347631,0,0,14,7
5,8,1.502438e6,-1.1153012022163113,-0.8619484131774695,TIME_LIMIT,347654,0,0,11,6
5,8,1.502555e6,-1.1153012022163113,-0.8619484131774695,TIME_LIMIT,347679,0,0,3,11
5,8,1.50268e6,-1.1152990217488878,-0.8619484131774695,TIME_LIMIT,347710,0,0,17,11
5,8,1.502728e6,-1.1152990217488878,-0.8619484131774695,TIME_LIMIT,347726,0,0,9,8
5,8,1.502821e6,-1.1152873471302471,-0.8619484131774695,TIME_LIMIT,347743,0,0,10,12
5,8,1.502989e6,-1.1152873471302471,-0.8619484131774695,TIME_LIMIT,347767,0,0,12,13
5,8,1.503021e6,-1.1152864600152186,-0.8619484131774695,TIME_LIMIT,347784,0,0,10,3
5,8,1.503183e6,-1.1152864600152186,-0.8619484131774695,TIME_LIMIT,347807,0,0,23,23
5,8,1.503356e6,-1.1152838327406567,-0.8619484131774695,TIME_LIMIT,347838,0,0,12,5
5,8,1.503462e6,-1.1152838327406567,-0.8619484131774695,TIME_LIMIT,347863,0,0,16,11
5,8,1.503519e6,-1.1152832572472757,-0.8619484131774695,TIME_LIMIT,347881,0,0,10,10
5,8,1.50362e6,-1.1152832572472757,-0.8619484131774695,TIME_LIMIT,347900,0,0,10,15
5,8,1.503772e6,-1.1152820845329956,-0.8619484131774695,TIME_LIMIT,347932,0,0,10,8
5,8,1.503858e6,-1.1152820845329956,-0.8619484131774695,TIME_LIMIT,347956,0,0,11,7
5,8,1.503931e6,-1.1152724814851007,-0.8619484131774695,TIME_LIMIT,347986,0,0,9,11
5,8,1.50409e6,-1.1152724814851007,-0.8619484131774695,TIME_LIMIT,348013,0,0,13,8
5,8,1.50419e6,-1.1152705692862162,-0.8619484131774695,TIME_LIMIT,348036,0,0,8,4
5,8,1.504283e6,-1.1152705692862162,-0.8619484131774695,TIME_LIMIT,348059,0,0,14,13
5,8,1.504406e6,-1.1152504394758682,-0.8619484131774695,TIME_LIMIT,348090,0,0,9,10
5,8,1.50446e6,-1.1152504394758682,-0.8619484131774695,TIME_LIMIT,348111,0,0,14,12
5,8,1.504533e6,-1.1152352654453717,-0.8619484131774695,TIME_LIMIT,348131,0,0,4,4
5,8,1.504628e6,-1.1152352654453717,-0.8619484131774695,TIME_LIMIT,348147,0,0,13,18
5,8,1.504758e6,-1.115225104741751,-0.8619484131774695,TIME_LIMIT,348176,0,0,9,7
5,8,1.504848e6,-1.115225104741751,-0.8619484131774695,TIME_LIMIT,348198,0,0,11,8
5,8,1.504918e6,-1.1152204077646792,-0.8619484131774695,TIME_LIMIT,348216,0,0,10,1
5,8,1.505073e6,-1.1152204077646792,-0.8619484131774695,TIME_LIMIT,348249,0,0,16,17
5,8,1.505306e6,-1.115210878744739,-0.8619484131774695,TIME_LIMIT,348277,0,0,17,20
5,8,1.505494e6,-1.115210878744739,-0.8619484131774695,TIME_LIMIT,348303,0,0,10,13
5,8,1.505668e6,-1.1151917340621982,-0.8619484131774695,TIME_LIMIT,348321,0,0,12,16
5,8,1.505779e6,-1.1151917340621982,-0.8619484131774695,TIME_LIMIT,348343,0,0,12,5
5,8,1.505857e6,-1.1151905259855892,-0.8619484131774695,TIME_LIMIT,348364,0,0,6,5
5,8,1.506084e6,-1.1151905259855892,-0.8619484131774695,TIME_LIMIT,348389,0,0,11,11
5,8,1.506167e6,-1.115183856464919,-0.8619484131774695,TIME_LIMIT,348415,0,0,13,4
5,8,1.506236e6,-1.115183856464919,-0.8619484131774695,TIME_LIMIT,348432,0,0,13,13
5,8,1.506278e6,-1.115179678051999,-0.8619484131774695,TIME_LIMIT,348447,0,0,5,3
5,8,1.506385e6,-1.115179678051999,-0.8619484131774695,TIME_LIMIT,348469,0,0,16,13
5,8,1.506512e6,-1.1151716277726025,-0.8619484131774695,TIME_LIMIT,348491,0,0,13,13
5,8,1.50673e6,-1.1151716277726025,-0.8619484131774695,TIME_LIMIT,348516,0,0,11,17
5,8,1.506819e6,-1.1151668608959562,-0.8619484131774695,TIME_LIMIT,348537,0,0,10,4
5,8,1.506909e6,-1.1151668608959562,-0.8619484131774695,TIME_LIMIT,348559,0,0,20,15
5,8,1.507111e6,-1.1151591351362886,-0.8619484131774695,TIME_LIMIT,348597,0,0,14,8
5,8,1.50721e6,-1.1151591351362886,-0.8619484131774695,TIME_LIMIT,348618,0,0,16,9
5,8,1.507322e6,-1.115147037124467,-0.8619484131774695,TIME_LIMIT,348643,0,0,8,1
5,8,1.50738e6,-1.115147037124467,-0.8619484131774695,TIME_LIMIT,348659,0,0,9,11
5,8,1.507403e6,-1.1151364953450467,-0.8619484131774695,TIME_LIMIT,348678,0,0,4,1
5,8,1.507469e6,-1.1151364953450467,-0.8619484131774695,TIME_LIMIT,348701,0,0,19,12
5,8,1.507618e6,-1.115136265434896,-0.8619484131774695,TIME_LIMIT,348739,0,0,8,13
5,8,1.50782e6,-1.115136265434896,-0.8619484131774695,TIME_LIMIT,348764,0,0,23,29
5,8,1.508024e6,-1.1151350183557978,-0.8619484131774695,TIME_LIMIT,348801,0,0,17,11
5,8,1.508229e6,-1.1151350183557978,-0.8619484131774695,TIME_LIMIT,348825,0,0,6,13
5,8,1.508347e6,-1.1151280396321994,-0.8619484131774695,TIME_LIMIT,348849,0,0,6,4
5,8,1.508551e6,-1.1151280396321994,-0.8619484131774695,TIME_LIMIT,348882,0,0,16,10
5,8,1.508771e6,-1.1151279595306662,-0.8619484131774695,TIME_LIMIT,348916,0,0,20,14
5,8,1.50893e6,-1.1151279595306662,-0.8619484131774695,TIME_LIMIT,348935,0,0,19,17
5,8,1.509104e6,-1.115127509061376,-0.8619484131774695,TIME_LIMIT,348967,0,0,9,7
5,8,1.509197e6,-1.115127509061376,-0.8619484131774695,TIME_LIMIT,348988,0,0,19,16
5,8,1.509324e6,-1.1151211310702953,-0.8619484131774695,TIME_LIMIT,349020,0,0,13,4
5,8,1.509515e6,-1.1151211310702953,-0.8619484131774695,TIME_LIMIT,349054,0,0,25,17
5,8,1.509724e6,-1.1151152413160283,-0.8619484131774695,TIME_LIMIT,349078,0,0,9,5
5,8,1.509881e6,-1.1151152413160283,-0.8619484131774695,TIME_LIMIT,349107,0,0,16,15
5,8,1.509966e6,-1.1151120573313427,-0.8619484131774695,TIME_LIMIT,349137,0,0,7,8
5,8,1.510078e6,-1.1151120573313427,-0.8619484131774695,TIME_LIMIT,349155,0,0,13,8
5,8,1.510141e6,-1.1151003070327001,-0.8619484131774695,TIME_LIMIT,349178,0,0,10,5
5,8,1.510341e6,-1.1151003070327001,-0.8619484131774695,TIME_LIMIT,349200,0,0,15,20
5,8,1.510425e6,-1.1150988311135321,-0.8619484131774695,TIME_LIMIT,349229,0,0,14,2
5,8,1.510513e6,-1.1150988311135321,-0.8619484131774695,TIME_LIMIT,349251,0,0,10,6
5,8,1.510544e6,-1.1150818303583399,-0.8619484131774695,TIME_LIMIT,349267,0,0,4,5
5,8,1.510718e6,-1.1150818303583399,-0.8619484131774695,TIME_LIMIT,349288,0,0,19,13
5,8,1.51081e6,-1.1150792058270256,-0.8619484131774695,TIME_LIMIT,349322,0,0,5,8
5,8,1.511022e6,-1.1150792058270256,-0.8619484131774695,TIME_LIMIT,349353,0,0,10,14
5,8,1.511153e6,-1.1150616478860855,-0.8619484131774695,TIME_LIMIT,349378,0,0,13,2
5,8,1.511376e6,-1.1150616478860855,-0.8619484131774695,TIME_LIMIT,349407,0,0,20,20
5,8,1.511522e6,-1.1150598228920205,-0.8619484131774695,TIME_LIMIT,349438,0,0,12,6
5,8,1.511713e6,-1.1150598228920205,-0.8619484131774695,TIME_LIMIT,349465,0,0,13,17
5,8,1.51185e6,-1.115055410218408,-0.8619484131774695,TIME_LIMIT,349493,0,0,23,11
5,8,1.511944e6,-1.115055410218408,-0.8619484131774695,TIME_LIMIT,349516,0,0,10,11
5,8,1.512098e6,-1.115052327994289,-0.8619484131774695,TIME_LIMIT,349533,0,0,13,6
5,8,1.512217e6,-1.115052327994289,-0.8619484131774695,TIME_LIMIT,349558,0,0,17,17
5,8,1.512257e6,-1.1150315865272993,-0.8619484131774695,TIME_LIMIT,349580,0,0,8,9
5,8,1.512415e6,-1.1150315865272993,-0.8619484131774695,TIME_LIMIT,349602,0,0,21,23
5,8,1.512545e6,-1.1150149952464097,-0.8619484131774695,TIME_LIMIT,349632,0,0,20,8
5,8,1.512723e6,-1.1150149952464097,-0.8619484131774695,TIME_LIMIT,349658,0,0,10,9
5,8,1.512793e6,-1.1150095816398018,-0.8619484131774695,TIME_LIMIT,349681,0,0,18,5
5,8,1.512939e6,-1.1150095816398018,-0.8619484131774695,TIME_LIMIT,349701,0,0,19,15
5,8,1.513119e6,-1.115008230065172,-0.8619484131774695,TIME_LIMIT,349739,0,0,14,12
5,8,1.513164e6,-1.115008230065172,-0.8619484131774695,TIME_LIMIT,349756,0,0,10,14
5,8,1.513262e6,-1.1149881301952487,-0.8619484131774695,TIME_LIMIT,349781,0,0,7,6
5,8,1.513457e6,-1.1149881301952487,-0.8619484131774695,TIME_LIMIT,349814,0,0,10,21
5,8,1.513618e6,-1.1149865301249036,-0.8619484131774695,TIME_LIMIT,349841,0,0,15,20
5,8,1.513778e6,-1.1149865301249036,-0.8619484131774695,TIME_LIMIT,349867,0,0,18,16
5,8,1.513967e6,-1.1149811784099626,-0.8619484131774695,TIME_LIMIT,349904,0,0,6,12
5,8,1.51412e6,-1.1149811784099626,-0.8619484131774695,TIME_LIMIT,349924,0,0,12,11
5,8,1.51417e6,-1.1149802795129113,-0.8619484131774695,TIME_LIMIT,349941,0,0,6,4
5,8,1.514237e6,-1.1149802795129113,-0.8619484131774695,TIME_LIMIT,349962,0,0,13,13
5,8,1.514394e6,-1.1149788662945133,-0.8619484131774695,TIME_LIMIT,349994,0,0,4,11
5,8,1.514578e6,-1.1149788662945133,-0.8619484131774695,TIME_LIMIT,350025,0,0,25,34
5,8,1.514743e6,-1.1149696965892573,-0.8619484131774695,TIME_LIMIT,350066,0,0,10,9
5,8,1.514979e6,-1.1149696965892573,-0.8619484131774695,TIME_LIMIT,350094,0,0,9,34
5,8,1.515114e6,-1.114963656630255,-0.8619484131774695,TIME_LIMIT,350126,0,0,12,7
5,8,1.515214e6,-1.114963656630255,-0.8619484131774695,TIME_LIMIT,350153,0,0,24,13
5,8,1.515372e6,-1.1149504492976456,-0.8619484131774695,TIME_LIMIT,350188,0,0,7,8
5,8,1.515473e6,-1.1149504492976456,-0.8619484131774695,TIME_LIMIT,350217,0,0,12,8
5,8,1.515562e6,-1.1149496775096976,-0.8619484131774695,TIME_LIMIT,350233,0,0,12,3
5,8,1.515638e6,-1.1149496775096976,-0.8619484131774695,TIME_LIMIT,350257,0,0,9,8
5,8,1.515699e6,-1.1149437699997637,-0.8619484131774695,TIME_LIMIT,350279,0,0,9,6
5,8,1.515775e6,-1.1149437699997637,-0.8619484131774695,TIME_LIMIT,350296,0,0,14,28
5,8,1.515951e6,-1.114943425578939,-0.8619484131774695,TIME_LIMIT,350335,0,0,19,8
5,8,1.516019e6,-1.114943425578939,-0.8619484131774695,TIME_LIMIT,350360,0,0,14,7
5,8,1.516112e6,-1.1149401019918685,-0.8619484131774695,TIME_LIMIT,350380,0,0,12,5
5,8,1.516364e6,-1.1149401019918685,-0.8619484131774695,TIME_LIMIT,350407,0,0,13,25
5,8,1.516607e6,-1.1149371390080576,-0.8619484131774695,TIME_LIMIT,350447,0,0,12,12
5,8,1.516686e6,-1.1149371390080576,-0.8619484131774695,TIME_LIMIT,350473,0,0,11,8
5,8,1.516824e6,-1.1149226856586076,-0.8619484131774695,TIME_LIMIT,350495,0,0,12,11
5,8,1.516911e6,-1.1149226856586076,-0.8619484131774695,TIME_LIMIT,350519,0,0,11,8
5,8,1.516988e6,-1.1149086508906259,-0.8619484131774695,TIME_LIMIT,350540,0,0,6,4
5,8,1.517188e6,-1.1149086508906259,-0.8619484131774695,TIME_LIMIT,350569,0,0,22,10
5,8,1.517394e6,-1.114907155235287,-0.8619484131774695,TIME_LIMIT,350602,0,0,8,7
5,8,1.517504e6,-1.114907155235287,-0.8619484131774695,TIME_LIMIT,350621,0,0,12,4
5,8,1.517583e6,-1.1149058466225763,-0.8619484131774695,TIME_LIMIT,350639,0,0,6,4
5,8,1.517628e6,-1.1149058466225763,-0.8619484131774695,TIME_LIMIT,350655,0,0,10,7
5,8,1.517651e6,-1.1148995098720293,-0.8619484131774695,TIME_LIMIT,350670,0,0,5,2
5,8,1.517779e6,-1.1148995098720293,-0.8619484131774695,TIME_LIMIT,350697,0,0,15,17
5,8,1.517914e6,-1.114893046813067,-0.8619484131774695,TIME_LIMIT,350717,0,0,13,11
5,8,1.518084e6,-1.114893046813067,-0.8619484131774695,TIME_LIMIT,350744,0,0,14,17
5,8,1.518188e6,-1.114891460535596,-0.8619484131774695,TIME_LIMIT,350781,0,0,19,9
5,8,1.5183e6,-1.114891460535596,-0.8619484131774695,TIME_LIMIT,350805,0,0,10,16
5,8,1.518529e6,-1.114891007756456,-0.8619484131774695,TIME_LIMIT,350843,0,0,8,10
5,8,1.5187e6,-1.114891007756456,-0.8619484131774695,TIME_LIMIT,350867,0,0,9,13
5,8,1.51874e6,-1.1148882235722601,-0.8619484131774695,TIME_LIMIT,350885,0,0,5,3
5,8,1.518852e6,-1.1148882235722601,-0.8619484131774695,TIME_LIMIT,350901,0,0,18,19
5,8,1.518967e6,-1.1148879848209616,-0.8619484131774695,TIME_LIMIT,350933,0,0,10,5
5,8,1.519143e6,-1.1148879848209616,-0.8619484131774695,TIME_LIMIT,350960,0,0,13,8
5,8,1.519191e6,-1.1148781051385301,-0.8619484131774695,TIME_LIMIT,350980,0,0,11,5
5,8,1.519279e6,-1.1148781051385301,-0.8619484131774695,TIME_LIMIT,351005,0,0,22,12
5,8,1.519432e6,-1.1148746426395677,-0.8619484131774695,TIME_LIMIT,351035,0,0,15,18
5,8,1.51956e6,-1.1148746426395677,-0.8619484131774695,TIME_LIMIT,351066,0,0,15,5
5,8,1.519662e6,-1.1148733536169806,-0.8619484131774695,TIME_LIMIT,351090,0,0,16,12
5,8,1.519818e6,-1.1148733536169806,-0.8619484131774695,TIME_LIMIT,351115,0,0,22,15
5,8,1.520048e6,-1.1148674772927927,-0.8619484131774695,TIME_LIMIT,351153,0,0,19,6
5,8,1.520139e6,-1.1148674772927927,-0.8619484131774695,TIME_LIMIT,351167,0,0,12,7
5,8,1.520313e6,-1.114865541209848,-0.8619484131774695,TIME_LIMIT,351210,0,0,11,6
5,8,1.520415e6,-1.114865541209848,-0.8619484131774695,TIME_LIMIT,351233,0,0,5,17
5,8,1.520507e6,-1.1148639708191754,-0.8619484131774695,TIME_LIMIT,351258,0,0,9,5
5,8,1.520731e6,-1.1148639708191754,-0.8619484131774695,TIME_LIMIT,351282,0,0,10,13
5,8,1.520929e6,-1.1148628998068366,-0.8619484131774695,TIME_LIMIT,351313,0,0,9,10
5,8,1.521043e6,-1.1148628998068366,-0.8619484131774695,TIME_LIMIT,351338,0,0,13,15
5,8,1.521129e6,-1.1148593551611383,-0.8619484131774695,TIME_LIMIT,351357,0,0,13,15
5,8,1.521221e6,-1.1148593551611383,-0.8619484131774695,TIME_LIMIT,351382,0,0,4,15
5,8,1.521301e6,-1.114857394934178,-0.8619484131774695,TIME_LIMIT,351405,0,0,10,10
5,8,1.521383e6,-1.114857394934178,-0.8619484131774695,TIME_LIMIT,351424,0,0,11,3
5,8,1.521495e6,-1.1148561277446862,-0.8619484131774695,TIME_LIMIT,351450,0,0,7,7
5,8,1.521586e6,-1.1148561277446862,-0.8619484131774695,TIME_LIMIT,351478,0,0,13,23
5,8,1.521736e6,-1.1148536909682163,-0.8619484131774695,TIME_LIMIT,351512,0,0,13,11
5,8,1.521863e6,-1.1148536909682163,-0.8619484131774695,TIME_LIMIT,351537,0,0,13,9
5,8,1.521923e6,-1.1148523741380854,-0.8619484131774695,TIME_LIMIT,351553,0,0,5,10
5,8,1.522035e6,-1.1148523741380854,-0.8619484131774695,TIME_LIMIT,351574,0,0,14,15
5,8,1.522132e6,-1.1148520196240592,-0.8619484131774695,TIME_LIMIT,351599,0,0,12,4
5,8,1.522334e6,-1.1148520196240592,-0.8619484131774695,TIME_LIMIT,351631,0,0,12,15
5,8,1.522508e6,-1.1148430257662258,-0.8619484131774695,TIME_LIMIT,351657,0,0,11,18
5,8,1.522597e6,-1.1148430257662258,-0.8619484131774695,TIME_LIMIT,351680,0,0,16,8
5,8,1.522679e6,-1.1148325122000076,-0.8619484131774695,TIME_LIMIT,351709,0,0,6,4
5,8,1.522769e6,-1.1148325122000076,-0.8619484131774695,TIME_LIMIT,351736,0,0,21,22
5,8,1.522908e6,-1.114830746097057,-0.8619484131774695,TIME_LIMIT,351770,0,0,8,13
5,8,1.523069e6,-1.114830746097057,-0.8619484131774695,TIME_LIMIT,351800,0,0,10,10
5,8,1.523202e6,-1.114819260802225,-0.8619484131774695,TIME_LIMIT,351826,0,0,12,2
5,8,1.523318e6,-1.114819260802225,-0.8619484131774695,TIME_LIMIT,351847,0,0,18,8
5,8,1.523432e6,-1.1148144750102424,-0.8619484131774695,TIME_LIMIT,351870,0,0,16,3
5,8,1.523532e6,-1.1148144750102424,-0.8619484131774695,TIME_LIMIT,351895,0,0,9,6
5,8,1.523629e6,-1.1148051598675635,-0.8619484131774695,TIME_LIMIT,351911,0,0,8,5
5,8,1.523827e6,-1.1148051598675635,-0.8619484131774695,TIME_LIMIT,351944,0,0,6,16
5,8,1.523942e6,-1.1147967151762321,-0.8619484131774695,TIME_LIMIT,351971,0,0,10,13
5,8,1.523997e6,-1.1147967151762321,-0.8619484131774695,TIME_LIMIT,351990,0,0,10,9
5,8,1.524062e6,-1.1147959525477305,-0.8619484131774695,TIME_LIMIT,352017,0,0,11,7
5,8,1.524223e6,-1.1147959525477305,-0.8619484131774695,TIME_LIMIT,352041,0,0,8,8
5,8,1.5243e6,-1.1147859456200293,-0.8619484131774695,TIME_LIMIT,352062,0,0,11,15
5,8,1.524422e6,-1.1147859456200293,-0.8619484131774695,TIME_LIMIT,352079,0,0,4,6
5,8,1.524604e6,-1.1147785444936387,-0.8619484131774695,TIME_LIMIT,352111,0,0,11,7
5,8,1.524689e6,-1.1147785444936387,-0.8619484131774695,TIME_LIMIT,352132,0,0,7,11
5,8,1.524744e6,-1.1147776967895708,-0.8619484131774695,TIME_LIMIT,352146,0,0,9,4
5,8,1.524897e6,-1.1147776967895708,-0.8619484131774695,TIME_LIMIT,352172,0,0,17,40
5,8,1.525096e6,-1.11477053396584,-0.8619484131774695,TIME_LIMIT,352210,0,0,13,20
5,8,1.525173e6,-1.11477053396584,-0.8619484131774695,TIME_LIMIT,352232,0,0,16,9
5,8,1.525345e6,-1.1147687024383748,-0.8619484131774695,TIME_LIMIT,352267,0,0,12,4
5,8,1.525382e6,-1.1147687024383748,-0.8619484131774695,TIME_LIMIT,352286,0,0,8,4
5,8,1.525435e6,-1.1147556737304858,-0.8619484131774695,TIME_LIMIT,352299,0,0,6,5
5,8,1.525576e6,-1.1147556737304858,-0.8619484131774695,TIME_LIMIT,352327,0,0,19,36
5,8,1.525702e6,-1.1147502743157793,-0.8619484131774695,TIME_LIMIT,352363,0,0,8,5
5,8,1.525823e6,-1.1147502743157793,-0.8619484131774695,TIME_LIMIT,352387,0,0,14,3
5,8,1.525873e6,-1.114744708217093,-0.8619484131774695,TIME_LIMIT,352404,0,0,7,3
5,8,1.526089e6,-1.114744708217093,-0.8619484131774695,TIME_LIMIT,352433,0,0,16,24
5,8,1.526213e6,-1.1147360294952529,-0.8619484131774695,TIME_LIMIT,352461,0,0,15,10
5,8,1.526382e6,-1.1147360294952529,-0.8619484131774695,TIME_LIMIT,352487,0,0,18,24
5,8,1.526503e6,-1.1147146737376035,-0.8619484131774695,TIME_LIMIT,352521,0,0,11,8
5,8,1.526735e6,-1.1147146737376035,-0.8619484131774695,TIME_LIMIT,352549,0,0,6,14
5,8,1.526803e6,-1.114696666191991,-0.8619484131774695,TIME_LIMIT,352571,0,0,16,8
5,8,1.52698e6,-1.114696666191991,-0.8619484131774695,TIME_LIMIT,352598,0,0,13,16
5,8,1.527149e6,-1.114694828176475,-0.8619484131774695,TIME_LIMIT,352626,0,0,5,8
5,8,1.527226e6,-1.114694828176475,-0.8619484131774695,TIME_LIMIT,352641,0,0,18,9
5,8,1.527342e6,-1.11469449289291,-0.8619484131774695,TIME_LIMIT,352666,0,0,9,7
5,8,1.527418e6,-1.11469449289291,-0.8619484131774695,TIME_LIMIT,352687,0,0,16,9
5,8,1.527498e6,-1.1146937816713578,-0.8619484131774695,TIME_LIMIT,352706,0,0,12,9
5,8,1.527611e6,-1.1146937816713578,-0.8619484131774695,TIME_LIMIT,352731,0,0,13,10
5,8,1.527709e6,-1.1146918662462424,-0.8619484131774695,TIME_LIMIT,352761,0,0,14,11
5,8,1.527809e6,-1.1146918662462424,-0.8619484131774695,TIME_LIMIT,352786,0,0,13,13
5,8,1.52789e6,-1.1146888290908674,-0.8619484131774695,TIME_LIMIT,352806,0,0,9,5
5,8,1.528088e6,-1.1146888290908674,-0.8619484131774695,TIME_LIMIT,352826,0,0,13,12
5,8,1.528213e6,-1.1146827078444437,-0.8619484131774695,TIME_LIMIT,352850,0,0,17,14
5,8,1.528372e6,-1.1146827078444437,-0.8619484131774695,TIME_LIMIT,352877,0,0,10,7
5,8,1.528602e6,-1.1146805425130395,-0.8619484131774695,TIME_LIMIT,352908,0,0,17,8
5,8,1.528812e6,-1.1146805425130395,-0.8619484131774695,TIME_LIMIT,352930,0,0,14,15
5,8,1.529024e6,-1.1146646993462055,-0.8619484131774695,TIME_LIMIT,352962,0,0,11,6
5,8,1.52924e6,-1.1146646993462055,-0.8619484131774695,TIME_LIMIT,352982,0,0,13,3
5,8,1.529399e6,-1.1146587974743531,-0.8619484131774695,TIME_LIMIT,353005,0,0,7,5
5,8,1.529453e6,-1.1146587974743531,-0.8619484131774695,TIME_LIMIT,353029,0,0,7,8
5,8,1.529532e6,-1.1146498846785913,-0.8619484131774695,TIME_LIMIT,353053,0,0,9,7
5,8,1.529629e6,-1.1146498846785913,-0.8619484131774695,TIME_LIMIT,353076,0,0,11,12
5,8,1.529746e6,-1.1146420636210976,-0.8619484131774695,TIME_LIMIT,353090,0,0,8,5
5,8,1.529827e6,-1.1146420636210976,-0.8619484131774695,TIME_LIMIT,353107,0,0,13,11
5,8,1.529934e6,-1.1146416859261108,-0.8619484131774695,TIME_LIMIT,353132,0,0,6,5
5,8,1.529962e6,-1.1146416859261108,-0.8619484131774695,TIME_LIMIT,353146,0,0,10,2
5,8,1.529999e6,-1.1146396958523224,-0.8619484131774695,TIME_LIMIT,353163,0,0,5,4
5,8,1.530063e6,-1.1146396958523224,-0.8619484131774695,TIME_LIMIT,353182,0,0,8,13
5,8,1.530101e6,-1.114637050822987,-0.8619484131774695,TIME_LIMIT,353202,0,0,5,7
5,8,1.530186e6,-1.114637050822987,-0.8619484131774695,TIME_LIMIT,353226,0,0,9,8
5,8,1.530268e6,-1.1146353224256937,-0.8619484131774695,TIME_LIMIT,353242,0,0,12,4
5,8,1.530462e6,-1.1146353224256937,-0.8619484131774695,TIME_LIMIT,353273,0,0,13,17
5,8,1.530544e6,-1.1146348143640643,-0.8619484131774695,TIME_LIMIT,353290,0,0,8,6
5,8,1.530636e6,-1.1146348143640643,-0.8619484131774695,TIME_LIMIT,353309,0,0,11,6
5,8,1.530693e6,-1.1146324250027624,-0.8619484131774695,TIME_LIMIT,353322,0,0,8,0
5,8,1.530772e6,-1.1146324250027624,-0.8619484131774695,TIME_LIMIT,353348,0,0,12,11
5,8,1.530836e6,-1.1146307960130661,-0.8619484131774695,TIME_LIMIT,353370,0,0,12,6
5,8,1.530931e6,-1.1146307960130661,-0.8619484131774695,TIME_LIMIT,353389,0,0,8,13
5,8,1.531005e6,-1.114623543768351,-0.8619484131774695,TIME_LIMIT,353409,0,0,7,1
5,8,1.531176e6,-1.114623543768351,-0.8619484131774695,TIME_LIMIT,353444,0,0,20,8
5,8,1.531218e6,-1.11462223094071,-0.8619484131774695,TIME_LIMIT,353466,0,0,13,3
5,8,1.531294e6,-1.11462223094071,-0.8619484131774695,TIME_LIMIT,353483,0,0,16,17
5,8,1.531409e6,-1.114620913944171,-0.8619484131774695,TIME_LIMIT,353512,0,0,8,11
5,8,1.531438e6,-1.114620913944171,-0.8619484131774695,TIME_LIMIT,353531,0,0,8,6
5,8,1.531467e6,-1.1146207177474503,-0.8619484131774695,TIME_LIMIT,353547,0,0,4,2
5,8,1.531577e6,-1.1146207177474503,-0.8619484131774695,TIME_LIMIT,353574,0,0,13,14
5,8,1.53164e6,-1.1146089466278062,-0.8619484131774695,TIME_LIMIT,353593,0,0,7,9
5,8,1.531774e6,-1.1146089466278062,-0.8619484131774695,TIME_LIMIT,353618,0,0,19,13
5,8,1.532001e6,-1.114601121459204,-0.8619484131774695,TIME_LIMIT,353656,0,0,12,10
5,8,1.532104e6,-1.114601121459204,-0.8619484131774695,TIME_LIMIT,353678,0,0,19,7
5,8,1.532178e6,-1.1145846075663084,-0.8619484131774695,TIME_LIMIT,353695,0,0,11,6
5,8,1.532311e6,-1.1145846075663084,-0.8619484131774695,TIME_LIMIT,353721,0,0,8,12
5,8,1.532411e6,-1.1145770120346221,-0.8619484131774695,TIME_LIMIT,353745,0,0,7,3
5,8,1.532465e6,-1.1145770120346221,-0.8619484131774695,TIME_LIMIT,353762,0,0,10,11
5,8,1.532619e6,-1.114574698619278,-0.8619484131774695,TIME_LIMIT,353789,0,0,7,6
5,8,1.532703e6,-1.114574698619278,-0.8619484131774695,TIME_LIMIT,353812,0,0,8,12
5,8,1.532791e6,-1.1145719150757816,-0.8619484131774695,TIME_LIMIT,353835,0,0,6,4
5,8,1.532824e6,-1.1145719150757816,-0.8619484131774695,TIME_LIMIT,353849,0,0,8,4
5,8,1.53291e6,-1.1145708552096745,-0.8619484131774695,TIME_LIMIT,353865,0,0,4,4
5,8,1.533085e6,-1.1145708552096745,-0.8619484131774695,TIME_LIMIT,353894,0,0,17,28
5,8,1.533274e6,-1.1145614778655233,-0.8619484131774695,TIME_LIMIT,353930,0,0,6,7
5,8,1.533328e6,-1.1145614778655233,-0.8619484131774695,TIME_LIMIT,353947,0,0,10,10
5,8,1.533412e6,-1.1145544452878255,-0.8619484131774695,TIME_LIMIT,353972,0,0,8,5
5,8,1.533524e6,-1.1145544452878255,-0.8619484131774695,TIME_LIMIT,353994,0,0,18,9
5,8,1.533615e6,-1.1145528217847107,-0.8619484131774695,TIME_LIMIT,354026,0,0,10,9
5,8,1.533754e6,-1.1145528217847107,-0.8619484131774695,TIME_LIMIT,354045,0,0,15,9
5,8,1.533812e6,-1.1145497753974785,-0.8619484131774695,TIME_LIMIT,354067,0,0,7,5
5,8,1.533992e6,-1.1145497753974785,-0.8619484131774695,TIME_LIMIT,354094,0,0,15,13
5,8,1.534148e6,-1.1145364357592038,-0.8619484131774695,TIME_LIMIT,354122,0,0,14,8
5,8,1.53432e6,-1.1145364357592038,-0.8619484131774695,TIME_LIMIT,354145,0,0,8,4
5,8,1.534388e6,-1.1145296113438832,-0.8619484131774695,TIME_LIMIT,354171,0,0,9,7
5,8,1.534479e6,-1.1145296113438832,-0.8619484131774695,TIME_LIMIT,354194,0,0,17,12
5,8,1.534511e6,-1.1145020725704764,-0.8619484131774695,TIME_LIMIT,354214,0,0,9,9
5,8,1.534581e6,-1.1145020725704764,-0.8619484131774695,TIME_LIMIT,354236,0,0,10,4
5,8,1.534623e6,-1.1144903930683778,-0.8619484131774695,TIME_LIMIT,354257,0,0,9,11
5,8,1.534797e6,-1.1144903930683778,-0.8619484131774695,TIME_LIMIT,354278,0,0,18,10
5,8,1.535027e6,-1.1144831410806177,-0.8619484131774695,TIME_LIMIT,354313,0,0,11,7
5,8,1.535119e6,-1.1144831410806177,-0.8619484131774695,TIME_LIMIT,354340,0,0,19,17
5,8,1.535219e6,-1.1144785054487851,-0.8619484131774695,TIME_LIMIT,354361,0,0,13,5
5,8,1.535339e6,-1.1144785054487851,-0.8619484131774695,TIME_LIMIT,354387,0,0,11,12
5,8,1.535454e6,-1.1144782221500424,-0.8619484131774695,TIME_LIMIT,354421,0,0,10,7
5,8,1.535549e6,-1.1144782221500424,-0.8619484131774695,TIME_LIMIT,354443,0,0,9,8
5,8,1.535632e6,-1.1144732673270359,-0.8619484131774695,TIME_LIMIT,354458,0,0,6,1
5,8,1.535746e6,-1.1144732673270359,-0.8619484131774695,TIME_LIMIT,354479,0,0,7,11
5,8,1.535875e6,-1.1144687780067415,-0.8619484131774695,TIME_LIMIT,354509,0,0,10,5
5,8,1.536045e6,-1.1144687780067415,-0.8619484131774695,TIME_LIMIT,354536,0,0,14,19
5,8,1.536196e6,-1.1144649585923478,-0.8619484131774695,TIME_LIMIT,354572,0,0,5,8
5,8,1.536303e6,-1.1144649585923478,-0.8619484131774695,TIME_LIMIT,354590,0,0,17,13
5,8,1.536532e6,-1.1144566302826866,-0.8619484131774695,TIME_LIMIT,354627,0,0,10,9
5,8,1.536617e6,-1.1144566302826866,-0.8619484131774695,TIME_LIMIT,354650,0,0,12,2
5,8,1.536654e6,-1.1144416664600116,-0.8619484131774695,TIME_LIMIT,354663,0,0,6,2
5,8,1.536752e6,-1.1144416664600116,-0.8619484131774695,TIME_LIMIT,354682,0,0,8,13
5,8,1.536846e6,-1.1144404019612044,-0.8619484131774695,TIME_LIMIT,354709,0,0,9,7
5,8,1.537005e6,-1.1144404019612044,-0.8619484131774695,TIME_LIMIT,354734,0,0,14,15
5,8,1.537111e6,-1.1144399143475026,-0.8619484131774695,TIME_LIMIT,354760,0,0,7,9
5,8,1.537236e6,-1.1144399143475026,-0.8619484131774695,TIME_LIMIT,354782,0,0,11,15
5,8,1.537431e6,-1.114436289069382,-0.8619484131774695,TIME_LIMIT,354810,0,0,16,10
5,8,1.537509e6,-1.114436289069382,-0.8619484131774695,TIME_LIMIT,354836,0,0,12,2
5,8,1.53761e6,-1.114433012971443,-0.8619484131774695,TIME_LIMIT,354863,0,0,4,4
5,8,1.537685e6,-1.114433012971443,-0.8619484131774695,TIME_LIMIT,354881,0,0,7,10
5,8,1.53772e6,-1.1144168817219575,-0.8619484131774695,TIME_LIMIT,354897,0,0,8,4
5,8,1.537849e6,-1.1144168817219575,-0.8619484131774695,TIME_LIMIT,354920,0,0,18,15
5,8,1.537919e6,-1.1144019461700283,-0.8619484131774695,TIME_LIMIT,354951,0,0,10,10
5,8,1.538135e6,-1.1144019461700283,-0.8619484131774695,TIME_LIMIT,354975,0,0,13,24
5,8,1.538366e6,-1.1143974759177717,-0.8619484131774695,TIME_LIMIT,355001,0,0,16,8
5,8,1.538554e6,-1.1143974759177717,-0.8619484131774695,TIME_LIMIT,355028,0,0,11,15
5,8,1.538787e6,-1.1143950756899583,-0.8619484131774695,TIME_LIMIT,355064,0,0,8,8
5,8,1.538828e6,-1.1143950756899583,-0.8619484131774695,TIME_LIMIT,355080,0,0,7,4
5,8,1.538975e6,-1.1143805487221086,-0.8619484131774695,TIME_LIMIT,355103,0,0,7,5
5,8,1.539062e6,-1.1143805487221086,-0.8619484131774695,TIME_LIMIT,355127,0,0,14,20
5,8,1.539182e6,-1.1143777455303436,-0.8619484131774695,TIME_LIMIT,355163,0,0,7,9
5,8,1.539309e6,-1.1143777455303436,-0.8619484131774695,TIME_LIMIT,355185,0,0,8,9
5,8,1.539388e6,-1.1143762679520361,-0.8619484131774695,TIME_LIMIT,355207,0,0,14,7
5,8,1.539473e6,-1.1143762679520361,-0.8619484131774695,TIME_LIMIT,355225,0,0,8,9
5,8,1.539647e6,-1.1143658506655465,-0.8619484131774695,TIME_LIMIT,355262,0,0,5,9
5,8,1.53971e6,-1.1143658506655465,-0.8619484131774695,TIME_LIMIT,355287,0,0,18,15
5,8,1.539772e6,-1.1143655001325978,-0.8619484131774695,TIME_LIMIT,355311,0,0,14,8
5,8,1.539879e6,-1.1143655001325978,-0.8619484131774695,TIME_LIMIT,355329,0,0,9,4
5,8,1.539962e6,-1.1143636433366346,-0.8619484131774695,TIME_LIMIT,355358,0,0,5,7
5,8,1.540002e6,-1.1143636433366346,-0.8619484131774695,TIME_LIMIT,355374,0,0,7,5
5,8,1.540016e6,-1.1143589104357645,-0.8619484131774695,TIME_LIMIT,355381,0,0,1,0
5,8,1.540186e6,-1.1143589104357645,-0.8619484131774695,TIME_LIMIT,355407,0,0,10,11
5,8,1.540312e6,-1.114357726235955,-0.8619484131774695,TIME_LIMIT,355431,0,0,12,11
5,8,1.540512e6,-1.114357726235955,-0.8619484131774695,TIME_LIMIT,355456,0,0,14,26
5,8,1.540581e6,-1.1143564143501306,-0.8619484131774695,TIME_LIMIT,355479,0,0,7,4
5,8,1.54069e6,-1.1143564143501306,-0.8619484131774695,TIME_LIMIT,355501,0,0,12,6
5,8,1.5409e6,-1.1143544379275272,-0.8619484131774695,TIME_LIMIT,355533,0,0,12,5
5,8,1.540983e6,-1.1143544379275272,-0.8619484131774695,TIME_LIMIT,355559,0,0,17,7
5,8,1.541032e6,-1.114345047825145,-0.8619484131774695,TIME_LIMIT,355576,0,0,5,3
5,8,1.541198e6,-1.114345047825145,-0.8619484131774695,TIME_LIMIT,355604,0,0,8,4
5,8,1.541218e6,-1.1143335085835362,-0.8619484131774695,TIME_LIMIT,355615,0,0,9,9
5,8,1.541281e6,-1.1143335085835362,-0.8619484131774695,TIME_LIMIT,355628,0,0,10,12
5,8,1.541336e6,-1.1143331585821838,-0.8619484131774695,TIME_LIMIT,355654,0,0,12,4
5,8,1.541521e6,-1.1143331585821838,-0.8619484131774695,TIME_LIMIT,355686,0,0,12,21
5,8,1.541586e6,-1.11433177609013,-0.8619484131774695,TIME_LIMIT,355705,0,0,11,13
5,8,1.541743e6,-1.11433177609013,-0.8619484131774695,TIME_LIMIT,355726,0,0,12,11
5,8,1.541771e6,-1.1143296667870934,-0.8619484131774695,TIME_LIMIT,355740,0,0,6,6
5,8,1.54188e6,-1.1143296667870934,-0.8619484131774695,TIME_LIMIT,355761,0,0,9,13
5,8,1.541904e6,-1.114321234766781,-0.8619484131774695,TIME_LIMIT,355779,0,0,7,6
5,8,1.541992e6,-1.114321234766781,-0.8619484131774695,TIME_LIMIT,355793,0,0,11,14
5,8,1.542032e6,-1.114321011864722,-0.8619484131774695,TIME_LIMIT,355812,0,0,1,3
5,8,1.542144e6,-1.114321011864722,-0.8619484131774695,TIME_LIMIT,355837,0,0,12,15
5,8,1.542192e6,-1.1143172617984702,-0.8619484131774695,TIME_LIMIT,355852,0,0,8,3
5,8,1.542409e6,-1.1143172617984702,-0.8619484131774695,TIME_LIMIT,355878,0,0,25,18
5,8,1.542639e6,-1.114316191910817,-0.8619484131774695,TIME_LIMIT,355914,0,0,17,8
5,8,1.542884e6,-1.114316191910817,-0.8619484131774695,TIME_LIMIT,355936,0,0,9,22
5,8,1.54299e6,-1.1143016261311327,-0.8619484131774695,TIME_LIMIT,355955,0,0,9,6
5,8,1.543099e6,-1.1143016261311327,-0.8619484131774695,TIME_LIMIT,355973,0,0,14,19
5,8,1.5432e6,-1.1142986481423613,-0.8619484131774695,TIME_LIMIT,356006,0,0,7,5
5,8,1.543294e6,-1.1142986481423613,-0.8619484131774695,TIME_LIMIT,356034,0,0,18,14
5,8,1.543363e6,-1.11429713625104,-0.8619484131774695,TIME_LIMIT,356056,0,0,13,4
5,8,1.543507e6,-1.11429713625104,-0.8619484131774695,TIME_LIMIT,356086,0,0,11,28
5,8,1.54369e6,-1.1142941489373301,-0.8619484131774695,TIME_LIMIT,356120,0,0,15,19
5,8,1.543784e6,-1.1142941489373301,-0.8619484131774695,TIME_LIMIT,356146,0,0,15,11
5,8,1.544055e6,-1.1142940759742372,-0.8619484131774695,TIME_LIMIT,356185,0,0,15,17
5,8,1.544141e6,-1.1142940759742372,-0.8619484131774695,TIME_LIMIT,356206,0,0,11,9
5,8,1.544234e6,-1.114292196099645,-0.8619484131774695,TIME_LIMIT,356222,0,0,10,2
5,8,1.544336e6,-1.114292196099645,-0.8619484131774695,TIME_LIMIT,356248,0,0,16,7
5,8,1.544427e6,-1.1142835204719668,-0.8619484131774695,TIME_LIMIT,356269,0,0,6,8
5,8,1.544489e6,-1.1142835204719668,-0.8619484131774695,TIME_LIMIT,356290,0,0,12,1
5,8,1.544546e6,-1.114277972207197,-0.8619484131774695,TIME_LIMIT,356308,0,0,9,2
5,8,1.544746e6,-1.114277972207197,-0.8619484131774695,TIME_LIMIT,356335,0,0,6,7
5,8,1.544878e6,-1.1142685836513035,-0.8619484131774695,TIME_LIMIT,356360,0,0,18,18
5,8,1.545007e6,-1.1142685836513035,-0.8619484131774695,TIME_LIMIT,356383,0,0,22,18
5,8,1.545241e6,-1.1142645778455247,-0.8619484131774695,TIME_LIMIT,356423,0,0,5,8
5,8,1.545334e6,-1.1142645778455247,-0.8619484131774695,TIME_LIMIT,356446,0,0,11,11
5,8,1.545436e6,-1.114257373537504,-0.8619484131774695,TIME_LIMIT,356464,0,0,9,3
5,8,1.545522e6,-1.114257373537504,-0.8619484131774695,TIME_LIMIT,356484,0,0,14,7
5,8,1.545577e6,-1.1142529453611387,-0.8619484131774695,TIME_LIMIT,356505,0,0,7,2
5,8,1.545618e6,-1.1142529453611387,-0.8619484131774695,TIME_LIMIT,356525,0,0,13,3
5,8,1.545693e6,-1.1142470843894663,-0.8619484131774695,TIME_LIMIT,356547,0,0,7,8
5,8,1.545728e6,-1.1142470843894663,-0.8619484131774695,TIME_LIMIT,356565,0,0,8,4
5,8,1.545803e6,-1.1142443861212752,-0.8619484131774695,TIME_LIMIT,356577,0,0,5,2
5,8,1.546002e6,-1.1142443861212752,-0.8619484131774695,TIME_LIMIT,356600,0,0,22,23
5,8,1.546153e6,-1.1142394943265899,-0.8619484131774695,TIME_LIMIT,356637,0,0,11,7
5,8,1.546241e6,-1.1142394943265899,-0.8619484131774695,TIME_LIMIT,356661,0,0,11,7
5,8,1.546349e6,-1.1142268559951942,-0.8619484131774695,TIME_LIMIT,356680,0,0,5,3
5,8,1.546507e6,-1.1142268559951942,-0.8619484131774695,TIME_LIMIT,356705,0,0,6,4
5,8,1.546584e6,-1.1142255698965156,-0.8619484131774695,TIME_LIMIT,356728,0,0,13,4
5,8,1.546615e6,-1.1142255698965156,-0.8619484131774695,TIME_LIMIT,356746,0,0,7,6
5,8,1.546674e6,-1.1142209286421387,-0.8619484131774695,TIME_LIMIT,356765,0,0,7,1
5,8,1.54683e6,-1.1142209286421387,-0.8619484131774695,TIME_LIMIT,356798,0,0,24,16
5,8,1.547048e6,-1.1142099853372225,-0.8619484131774695,TIME_LIMIT,356820,0,0,9,17
5,8,1.547294e6,-1.1142099853372225,-0.8619484131774695,TIME_LIMIT,356857,0,0,19,14
5,8,1.547552e6,-1.1142004609581284,-0.8619484131774695,TIME_LIMIT,356884,0,0,21,14
5,8,1.547599e6,-1.1142004609581284,-0.8619484131774695,TIME_LIMIT,356901,0,0,6,11
5,8,1.547657e6,-1.1141970156519474,-0.8619484131774695,TIME_LIMIT,356915,0,0,5,1
5,8,1.547758e6,-1.1141970156519474,-0.8619484131774695,TIME_LIMIT,356935,0,0,11,13
5,8,1.5479e6,-1.1141932771627379,-0.8619484131774695,TIME_LIMIT,356970,0,0,13,7
5,8,1.547925e6,-1.1141932771627379,-0.8619484131774695,TIME_LIMIT,356988,0,0,11,15
5,8,1.548034e6,-1.1141797844165433,-0.8619484131774695,TIME_LIMIT,357012,0,0,4,5
5,8,1.548142e6,-1.1141797844165433,-0.8619484131774695,TIME_LIMIT,357033,0,0,8,14
5,8,1.548304e6,-1.1141762645560473,-0.8619484131774695,TIME_LIMIT,357064,0,0,10,8
5,8,1.5484e6,-1.1141762645560473,-0.8619484131774695,TIME_LIMIT,357090,0,0,11,10
5,8,1.54844e6,-1.1141675913281934,-0.8619484131774695,TIME_LIMIT,357108,0,0,4,5
5,8,1.548518e6,-1.1141675913281934,-0.8619484131774695,TIME_LIMIT,357127,0,0,12,10
5,8,1.548644e6,-1.1141617654979585,-0.8619484131774695,TIME_LIMIT,357163,0,0,13,10
5,8,1.548727e6,-1.1141617654979585,-0.8619484131774695,TIME_LIMIT,357184,0,0,10,13
5,8,1.548844e6,-1.114149471879796,-0.8619484131774695,TIME_LIMIT,357210,0,0,6,4
5,8,1.549043e6,-1.114149471879796,-0.8619484131774695,TIME_LIMIT,357241,0,0,16,8
5,8,1.549224e6,-1.1141456307091617,-0.8619484131774695,TIME_LIMIT,357261,0,0,12,17
5,8,1.549361e6,-1.1141456307091617,-0.8619484131774695,TIME_LIMIT,357291,0,0,22,16
5,8,1.549498e6,-1.1141360707395773,-0.8619484131774695,TIME_LIMIT,357323,0,0,21,10
5,8,1.549624e6,-1.1141360707395773,-0.8619484131774695,TIME_LIMIT,357343,0,0,15,9
5,8,1.549705e6,-1.1141348438151024,-0.8619484131774695,TIME_LIMIT,357365,0,0,7,1
5,8,1.549844e6,-1.1141348438151024,-0.8619484131774695,TIME_LIMIT,357393,0,0,9,16
5,8,1.550102e6,-1.114122286535602,-0.8619484131774695,TIME_LIMIT,357429,0,0,16,12
5,8,1.550253e6,-1.114122286535602,-0.8619484131774695,TIME_LIMIT,357454,0,0,12,13
5,8,1.550322e6,-1.1141150517539578,-0.8619484131774695,TIME_LIMIT,357482,0,0,7,8
5,8,1.550422e6,-1.1141150517539578,-0.8619484131774695,TIME_LIMIT,357502,0,0,6,5
5,8,1.550511e6,-1.1141080404531851,-0.8619484131774695,TIME_LIMIT,357515,0,0,7,3
5,8,1.550701e6,-1.1141080404531851,-0.8619484131774695,TIME_LIMIT,357543,0,0,17,11
5,8,1.550784e6,-1.1140921126205554,-0.8619484131774695,TIME_LIMIT,357565,0,0,14,6
5,8,1.551026e6,-1.1140921126205554,-0.8619484131774695,TIME_LIMIT,357594,0,0,10,18
5,8,1.551264e6,-1.1140906998352604,-0.8619484131774695,TIME_LIMIT,357630,0,0,11,14
5,8,1.551353e6,-1.1140906998352604,-0.8619484131774695,TIME_LIMIT,357649,0,0,8,11
5,8,1.55144e6,-1.1140874710127657,-0.8619484131774695,TIME_LIMIT,357682,0,0,12,11
5,8,1.551596e6,-1.1140874710127657,-0.8619484131774695,TIME_LIMIT,357711,0,0,6,15
5,8,1.551712e6,-1.1140727510120016,-0.8619484131774695,TIME_LIMIT,357734,0,0,11,1
5,8,1.551829e6,-1.1140727510120016,-0.8619484131774695,TIME_LIMIT,357756,0,0,14,7
5,8,1.5519e6,-1.1140725799409452,-0.8619484131774695,TIME_LIMIT,357774,0,0,10,5
5,8,1.551946e6,-1.1140725799409452,-0.8619484131774695,TIME_LIMIT,357795,0,0,13,8
5,8,1.552018e6,-1.1140685217953632,-0.8619484131774695,TIME_LIMIT,357822,0,0,9,11
5,8,1.552099e6,-1.1140685217953632,-0.8619484131774695,TIME_LIMIT,357845,0,0,15,16
5,8,1.552155e6,-1.1140607128045024,-0.8619484131774695,TIME_LIMIT,357868,0,0,9,8
5,8,1.552247e6,-1.1140607128045024,-0.8619484131774695,TIME_LIMIT,357890,0,0,12,10
5,8,1.552332e6,-1.1140570257298967,-0.8619484131774695,TIME_LIMIT,357912,0,0,13,4
5,8,1.552546e6,-1.1140570257298967,-0.8619484131774695,TIME_LIMIT,357942,0,0,19,14
5,8,1.5527e6,-1.1140558529214222,-0.8619484131774695,TIME_LIMIT,357961,0,0,15,5
5,8,1.552866e6,-1.1140558529214222,-0.8619484131774695,TIME_LIMIT,357990,0,0,10,15
5,8,1.553085e6,-1.1140462888745455,-0.8619484131774695,TIME_LIMIT,358023,0,0,13,8
5,8,1.553196e6,-1.1140462888745455,-0.8619484131774695,TIME_LIMIT,358047,0,0,7,19
5,8,1.553372e6,-1.1140455481411744,-0.8619484131774695,TIME_LIMIT,358075,0,0,16,8
5,8,1.55341e6,-1.1140455481411744,-0.8619484131774695,TIME_LIMIT,358094,0,0,10,11
5,8,1.553491e6,-1.1140434629650289,-0.8619484131774695,TIME_LIMIT,358107,0,0,5,4
5,8,1.553692e6,-1.1140434629650289,-0.8619484131774695,TIME_LIMIT,358132,0,0,16,12
5,8,1.553802e6,-1.114037914768336,-0.8619484131774695,TIME_LIMIT,358150,0,0,11,11
5,8,1.554001e6,-1.114037914768336,-0.8619484131774695,TIME_LIMIT,358174,0,0,17,29
5,8,1.55422e6,-1.1140347789464986,-0.8619484131774695,TIME_LIMIT,358215,0,0,11,11
5,8,1.554311e6,-1.1140347789464986,-0.8619484131774695,TIME_LIMIT,358232,0,0,7,14
5,8,1.554406e6,-1.1140342734502038,-0.8619484131774695,TIME_LIMIT,358265,0,0,6,5
5,8,1.554606e6,-1.1140342734502038,-0.8619484131774695,TIME_LIMIT,358289,0,0,8,9
5,8,1.554752e6,-1.1140269997157364,-0.8619484131774695,TIME_LIMIT,358312,0,0,8,5
5,8,1.554832e6,-1.1140269997157364,-0.8619484131774695,TIME_LIMIT,358335,0,0,16,12
5,8,1.554982e6,-1.114017451191854,-0.8619484131774695,TIME_LIMIT,358368,0,0,17,8
5,8,1.555063e6,-1.114017451191854,-0.8619484131774695,TIME_LIMIT,358395,0,0,17,10
5,8,1.555178e6,-1.1140071030117138,-0.8619484131774695,TIME_LIMIT,358418,0,0,14,7
5,8,1.555392e6,-1.1140071030117138,-0.8619484131774695,TIME_LIMIT,358445,0,0,15,6
5,8,1.555514e6,-1.1140060411418276,-0.8619484131774695,TIME_LIMIT,358468,0,0,7,5
5,8,1.555674e6,-1.1140060411418276,-0.8619484131774695,TIME_LIMIT,358496,0,0,12,20
5,8,1.555745e6,-1.1140050094182892,-0.8619484131774695,TIME_LIMIT,358514,0,0,7,3
5,8,1.555806e6,-1.1140050094182892,-0.8619484131774695,TIME_LIMIT,358531,0,0,8,5
5,8,1.555826e6,-1.114001054817514,-0.8619484131774695,TIME_LIMIT,358541,0,0,6,2
5,8,1.555927e6,-1.114001054817514,-0.8619484131774695,TIME_LIMIT,358565,0,0,9,14
5,8,1.556038e6,-1.1139995964388547,-0.8619484131774695,TIME_LIMIT,358597,0,0,11,4
5,8,1.556199e6,-1.1139995964388547,-0.8619484131774695,TIME_LIMIT,358619,0,0,7,8
5,8,1.556265e6,-1.1139965354988266,-0.8619484131774695,TIME_LIMIT,358638,0,0,6,5
5,8,1.556394e6,-1.1139965354988266,-0.8619484131774695,TIME_LIMIT,358662,0,0,18,28
5,8,1.556593e6,-1.1139941717878947,-0.8619484131774695,TIME_LIMIT,358703,0,0,10,10
5,8,1.556688e6,-1.1139941717878947,-0.8619484131774695,TIME_LIMIT,358726,0,0,8,10
5,8,1.556845e6,-1.1139872100488124,-0.8619484131774695,TIME_LIMIT,358750,0,0,9,13
5,8,1.556949e6,-1.1139872100488124,-0.8619484131774695,TIME_LIMIT,358778,0,0,15,9
5,8,1.557025e6,-1.1139841652701281,-0.8619484131774695,TIME_LIMIT,358797,0,0,11,7
5,8,1.557142e6,-1.1139841652701281,-0.8619484131774695,TIME_LIMIT,358827,0,0,14,9
5,8,1.557212e6,-1.1139650328853397,-0.8619484131774695,TIME_LIMIT,358843,0,0,4,8
5,8,1.557385e6,-1.1139650328853397,-0.8619484131774695,TIME_LIMIT,358867,0,0,21,17
5,8,1.557637e6,-1.1139543349712684,-0.8619484131774695,TIME_LIMIT,358904,0,0,21,11
5,8,1.557713e6,-1.1139543349712684,-0.8619484131774695,TIME_LIMIT,358923,0,0,9,8
5,8,1.557792e6,-1.1139526938008615,-0.8619484131774695,TIME_LIMIT,358941,0,0,7,2
5,8,1.557862e6,-1.1139526938008615,-0.8619484131774695,TIME_LIMIT,358960,0,0,15,8
5,8,1.557936e6,-1.1139485339868624,-0.8619484131774695,TIME_LIMIT,358978,0,0,10,6
5,8,1.558134e6,-1.1139485339868624,-0.8619484131774695,TIME_LIMIT,359002,0,0,19,25
5,8,1.558291e6,-1.1139469841936998,-0.8619484131774695,TIME_LIMIT,359039,0,0,16,7
5,8,1.55837e6,-1.1139469841936998,-0.8619484131774695,TIME_LIMIT,359068,0,0,8,8
5,8,1.558471e6,-1.113945062812554,-0.8619484131774695,TIME_LIMIT,359090,0,0,10,3
5,8,1.558554e6,-1.113945062812554,-0.8619484131774695,TIME_LIMIT,359113,0,0,13,11
5,8,1.55867e6,-1.1139391972997887,-0.8619484131774695,TIME_LIMIT,359135,0,0,12,2
5,8,1.558746e6,-1.1139391972997887,-0.8619484131774695,TIME_LIMIT,359154,0,0,13,8
5,8,1.558872e6,-1.1139346353420987,-0.8619484131774695,TIME_LIMIT,359183,0,0,8,5
5,8,1.558978e6,-1.1139346353420987,-0.8619484131774695,TIME_LIMIT,359205,0,0,11,9
5,8,1.559162e6,-1.1139314591084224,-0.8619484131774695,TIME_LIMIT,359237,0,0,9,5
5,8,1.559265e6,-1.1139314591084224,-0.8619484131774695,TIME_LIMIT,359257,0,0,9,10
5,8,1.559372e6,-1.1139289155621093,-0.8619484131774695,TIME_LIMIT,359282,0,0,8,4
5,8,1.559572e6,-1.1139289155621093,-0.8619484131774695,TIME_LIMIT,359306,0,0,15,10
5,8,1.559737e6,-1.1139144744147678,-0.8619484131774695,TIME_LIMIT,359332,0,0,16,11
5,8,1.559814e6,-1.1139144744147678,-0.8619484131774695,TIME_LIMIT,359348,0,0,18,12
5,8,1.559969e6,-1.1139143327576548,-0.8619484131774695,TIME_LIMIT,359382,0,0,8,9
5,8,1.560039e6,-1.1139143327576548,-0.8619484131774695,TIME_LIMIT,359404,0,0,8,9
5,8,1.560074e6,-1.1139050802632553,-0.8619484131774695,TIME_LIMIT,359420,0,0,4,1
5,8,1.560222e6,-1.1139050802632553,-0.8619484131774695,TIME_LIMIT,359451,0,0,5,14
5,8,1.560328e6,-1.1139038475171856,-0.8619484131774695,TIME_LIMIT,359475,0,0,7,7
5,8,1.560431e6,-1.1139038475171856,-0.8619484131774695,TIME_LIMIT,359507,0,0,10,7
5,8,1.560501e6,-1.113898850600175,-0.8619484131774695,TIME_LIMIT,359526,0,0,15,8
5,8,1.560566e6,-1.113898850600175,-0.8619484131774695,TIME_LIMIT,359541,0,0,14,6
5,8,1.560729e6,-1.1138976009339092,-0.8619484131774695,TIME_LIMIT,359568,0,0,7,7
5,8,1.560895e6,-1.1138976009339092,-0.8619484131774695,TIME_LIMIT,359598,0,0,17,24
5,8,1.560998e6,-1.1138975211304443,-0.8619484131774695,TIME_LIMIT,359630,0,0,5,9
5,8,1.56113e6,-1.1138975211304443,-0.8619484131774695,TIME_LIMIT,359649,0,0,13,21
5,8,1.561305e6,-1.1138966216195336,-0.8619484131774695,TIME_LIMIT,359682,0,0,13,15
5,8,1.561409e6,-1.1138966216195336,-0.8619484131774695,TIME_LIMIT,359703,0,0,3,16
5,8,1.561604e6,-1.1138953052935117,-0.8619484131774695,TIME_LIMIT,359737,0,0,14,4
5,8,1.561732e6,-1.1138953052935117,-0.8619484131774695,TIME_LIMIT,359755,0,0,13,12
5,8,1.56176e6,-1.1138929317016069,-0.8619484131774695,TIME_LIMIT,359774,0,0,10,5
5,8,1.561823e6,-1.1138929317016069,-0.8619484131774695,TIME_LIMIT,359791,0,0,9,9
5,8,1.561881e6,-1.113887949836506,-0.8619484131774695,TIME_LIMIT,359813,0,0,5,2
5,8,1.561987e6,-1.113887949836506,-0.8619484131774695,TIME_LIMIT,359835,0,0,7,14
5,8,1.562022e6,-1.1138803424387964,-0.8619484131774695,TIME_LIMIT,359853,0,0,7,2
5,8,1.562149e6,-1.1138803424387964,-0.8619484131774695,TIME_LIMIT,359884,0,0,19,15
5,8,1.562295e6,-1.1138778301340508,-0.8619484131774695,TIME_LIMIT,359912,0,0,16,1
5,8,1.562364e6,-1.1138778301340508,-0.8619484131774695,TIME_LIMIT,359934,0,0,10,12
5,8,1.562469e6,-1.1138769882864397,-0.8619484131774695,TIME_LIMIT,359948,0,0,11,10
5,8,1.562578e6,-1.1138769882864397,-0.8619484131774695,TIME_LIMIT,359976,0,0,8,15
5,8,1.562682e6,-1.1138765361903915,-0.8619484131774695,TIME_LIMIT,360011,0,0,13,17
5,8,1.562871e6,-1.1138765361903915,-0.8619484131774695,TIME_LIMIT,360029,0,0,11,8
5,8,1.563027e6,-1.1138717185463314,-0.8619484131774695,TIME_LIMIT,360062,0,0,10,9
5,8,1.563108e6,-1.1138717185463314,-0.8619484131774695,TIME_LIMIT,360082,0,0,12,7
5,8,1.563183e6,-1.113869991760645,-0.8619484131774695,TIME_LIMIT,360110,0,0,10,3
5,8,1.563403e6,-1.113869991760645,-0.8619484131774695,TIME_LIMIT,360127,0,0,10,22
5,8,1.563617e6,-1.1138662015618188,-0.8619484131774695,TIME_LIMIT,360158,0,0,12,9
5,8,1.563827e6,-1.1138662015618188,-0.8619484131774695,TIME_LIMIT,360188,0,0,13,10
5,8,1.563955e6,-1.113846306876173,-0.8619484131774695,TIME_LIMIT,360224,0,0,14,15
5,8,1.564003e6,-1.113846306876173,-0.8619484131774695,TIME_LIMIT,360239,0,0,8,4
5,8,1.564071e6,-1.1138311843186355,-0.8619484131774695,TIME_LIMIT,360256,0,0,3,1
5,8,1.564271e6,-1.1138311843186355,-0.8619484131774695,TIME_LIMIT,360275,0,0,12,25
5,8,1.564497e6,-1.1138302944557283,-0.8619484131774695,TIME_LIMIT,360317,0,0,9,10
5,8,1.56465e6,-1.1138302944557283,-0.8619484131774695,TIME_LIMIT,360347,0,0,16,21
5,8,1.564822e6,-1.1138210017278625,-0.8619484131774695,TIME_LIMIT,360373,0,0,17,15
5,8,1.564909e6,-1.1138210017278625,-0.8619484131774695,TIME_LIMIT,360395,0,0,11,14
5,8,1.565009e6,-1.1138172725395825,-0.8619484131774695,TIME_LIMIT,360420,0,0,8,9
5,8,1.565257e6,-1.1138172725395825,-0.8619484131774695,TIME_LIMIT,360442,0,0,9,13
5,8,1.565319e6,-1.1138147994647976,-0.8619484131774695,TIME_LIMIT,360457,0,0,2,0
5,8,1.565505e6,-1.1138147994647976,-0.8619484131774695,TIME_LIMIT,360480,0,0,14,23
5,8,1.56559e6,-1.1138079739448408,-0.8619484131774695,TIME_LIMIT,360510,0,0,5,8
5,8,1.5657e6,-1.1138079739448408,-0.8619484131774695,TIME_LIMIT,360527,0,0,8,8
5,8,1.565729e6,-1.113806075995092,-0.8619484131774695,TIME_LIMIT,360546,0,0,8,1
5,8,1.5659e6,-1.113806075995092,-0.8619484131774695,TIME_LIMIT,360570,0,0,10,18
5,8,1.566068e6,-1.1138053194065094,-0.8619484131774695,TIME_LIMIT,360608,0,0,10,10
5,8,1.566194e6,-1.1138053194065094,-0.8619484131774695,TIME_LIMIT,360630,0,0,12,11
5,8,1.566277e6,-1.1138027522688736,-0.8619484131774695,TIME_LIMIT,360658,0,0,6,6
5,8,1.566395e6,-1.1138027522688736,-0.8619484131774695,TIME_LIMIT,360682,0,0,11,11
5,8,1.566452e6,-1.1138027110826765,-0.8619484131774695,TIME_LIMIT,360695,0,0,6,1
5,8,1.566653e6,-1.1138027110826765,-0.8619484131774695,TIME_LIMIT,360723,0,0,23,8
5,8,1.566761e6,-1.1137998774700477,-0.8619484131774695,TIME_LIMIT,360742,0,0,13,6
5,8,1.566942e6,-1.1137998774700477,-0.8619484131774695,TIME_LIMIT,360766,0,0,18,19
5,8,1.567048e6,-1.1137997284510281,-0.8619484131774695,TIME_LIMIT,360798,0,0,11,10
5,8,1.56716e6,-1.1137997284510281,-0.8619484131774695,TIME_LIMIT,360823,0,0,13,12
5,8,1.56724e6,-1.1137961298902495,-0.8619484131774695,TIME_LIMIT,360845,0,0,10,5
5,8,1.567317e6,-1.1137961298902495,-0.8619484131774695,TIME_LIMIT,360868,0,0,12,17
5,8,1.567415e6,-1.1137951652527898,-0.8619484131774695,TIME_LIMIT,360895,0,0,12,5
5,8,1.567497e6,-1.1137951652527898,-0.8619484131774695,TIME_LIMIT,360920,0,0,9,7
5,8,1.567678e6,-1.1137938892875927,-0.8619484131774695,TIME_LIMIT,360940,0,0,10,4
5,8,1.567745e6,-1.1137938892875927,-0.8619484131774695,TIME_LIMIT,360958,0,0,13,5
5,8,1.567809e6,-1.1137926744899727,-0.8619484131774695,TIME_LIMIT,360979,0,0,5,2
5,8,1.56789e6,-1.1137926744899727,-0.8619484131774695,TIME_LIMIT,360997,0,0,11,7
5,8,1.567988e6,-1.1137840134893575,-0.8619484131774695,TIME_LIMIT,361026,0,0,11,6
5,8,1.568071e6,-1.1137840134893575,-0.8619484131774695,TIME_LIMIT,361055,0,0,5,7
5,8,1.568146e6,-1.1137828758094628,-0.8619484131774695,TIME_LIMIT,361072,0,0,6,3
5,8,1.568294e6,-1.1137828758094628,-0.8619484131774695,TIME_LIMIT,361095,0,0,17,25
5,8,1.568524e6,-1.1137799585840014,-0.8619484131774695,TIME_LIMIT,361134,0,0,17,15
5,8,1.568627e6,-1.1137799585840014,-0.8619484131774695,TIME_LIMIT,361159,0,0,16,27
5,8,1.568828e6,-1.113777572820759,-0.8619484131774695,TIME_LIMIT,361189,0,0,18,17
5,8,1.568863e6,-1.113777572820759,-0.8619484131774695,TIME_LIMIT,361202,0,0,4,8
5,8,1.568897e6,-1.1137610672331204,-0.8619484131774695,TIME_LIMIT,361216,0,0,5,1
5,8,1.569003e6,-1.1137610672331204,-0.8619484131774695,TIME_LIMIT,361233,0,0,3,7
5,8,1.569112e6,-1.1137596472618536,-0.8619484131774695,TIME_LIMIT,361256,0,0,8,4
5,8,1.569248e6,-1.1137596472618536,-0.8619484131774695,TIME_LIMIT,361279,0,0,12,10
5,8,1.569389e6,-1.113755684693687,-0.8619484131774695,TIME_LIMIT,361297,0,0,11,9
5,8,1.569536e6,-1.113755684693687,-0.8619484131774695,TIME_LIMIT,361321,0,0,14,17
5,8,1.569691e6,-1.113748675176656,-0.8619484131774695,TIME_LIMIT,361354,0,0,11,4
5,8,1.569795e6,-1.113748675176656,-0.8619484131774695,TIME_LIMIT,361374,0,0,12,17
5,8,1.569909e6,-1.1137461272506792,-0.8619484131774695,TIME_LIMIT,361403,0,0,6,9
5,8,1.57008e6,-1.1137461272506792,-0.8619484131774695,TIME_LIMIT,361427,0,0,11,13
5,8,1.570155e6,-1.1137379894607822,-0.8619484131774695,TIME_LIMIT,361450,0,0,11,9
5,8,1.570277e6,-1.1137379894607822,-0.8619484131774695,TIME_LIMIT,361473,0,0,14,9
5,8,1.57041e6,-1.1137305133379203,-0.8619484131774695,TIME_LIMIT,361498,0,0,10,10
5,8,1.570642e6,-1.1137305133379203,-0.8619484131774695,TIME_LIMIT,361523,0,0,13,28
5,8,1.570882e6,-1.1137292928398936,-0.8619484131774695,TIME_LIMIT,361547,0,0,16,20
5,8,1.570989e6,-1.1137292928398936,-0.8619484131774695,TIME_LIMIT,361568,0,0,9,7
5,8,1.571037e6,-1.1137226038282584,-0.8619484131774695,TIME_LIMIT,361587,0,0,8,8
5,8,1.571095e6,-1.1137226038282584,-0.8619484131774695,TIME_LIMIT,361604,0,0,9,8
5,8,1.57113e6,-1.1137115363160044,-0.8619484131774695,TIME_LIMIT,361621,0,0,5,2
5,8,1.571223e6,-1.1137115363160044,-0.8619484131774695,TIME_LIMIT,361636,0,0,11,11
5,8,1.571302e6,-1.1137011641025643,-0.8619484131774695,TIME_LIMIT,361661,0,0,6,2
5,8,1.571531e6,-1.1137011641025643,-0.8619484131774695,TIME_LIMIT,361689,0,0,5,23
5,8,1.571744e6,-1.1136982502115444,-0.8619484131774695,TIME_LIMIT,361727,0,0,12,6
5,8,1.57193e6,-1.1136982502115444,-0.8619484131774695,TIME_LIMIT,361754,0,0,15,7
5,8,1.572036e6,-1.113697620914885,-0.8619484131774695,TIME_LIMIT,361777,0,0,18,7
5,8,1.57224e6,-1.113697620914885,-0.8619484131774695,TIME_LIMIT,361802,0,0,13,27
5,8,1.572464e6,-1.1136968247022248,-0.8619484131774695,TIME_LIMIT,361839,0,0,14,18
5,8,1.572512e6,-1.1136968247022248,-0.8619484131774695,TIME_LIMIT,361854,0,0,9,15
5,8,1.572586e6,-1.1136904516609514,-0.8619484131774695,TIME_LIMIT,361876,0,0,8,2
5,8,1.57272e6,-1.1136904516609514,-0.8619484131774695,TIME_LIMIT,361898,0,0,9,15
5,8,1.572919e6,-1.113677055765941,-0.8619484131774695,TIME_LIMIT,361931,0,0,11,8
5,8,1.572974e6,-1.113677055765941,-0.8619484131774695,TIME_LIMIT,361941,0,0,10,9
5,8,1.573002e6,-1.113672635287737,-0.8619484131774695,TIME_LIMIT,361960,0,0,7,3
5,8,1.573076e6,-1.113672635287737,-0.8619484131774695,TIME_LIMIT,361983,0,0,12,15
5,8,1.573144e6,-1.1136698258934623,-0.8619484131774695,TIME_LIMIT,362006,0,0,8,4
5,8,1.573254e6,-1.1136698258934623,-0.8619484131774695,TIME_LIMIT,362024,0,0,8,5
5,8,1.573321e6,-1.1136685174330236,-0.8619484131774695,TIME_LIMIT,362044,0,0,10,6
5,8,1.573444e6,-1.1136685174330236,-0.8619484131774695,TIME_LIMIT,362064,0,0,11,17
5,8,1.573727e6,-1.1136669426800057,-0.8619484131774695,TIME_LIMIT,362099,0,0,8,7
5,8,1.573897e6,-1.1136669426800057,-0.8619484131774695,TIME_LIMIT,362124,0,0,15,16
5,8,1.574055e6,-1.1136646708036035,-0.8619484131774695,TIME_LIMIT,362161,0,0,13,6
5,8,1.574207e6,-1.1136646708036035,-0.8619484131774695,TIME_LIMIT,362182,0,0,9,6
5,8,1.574279e6,-1.1136638682433708,-0.8619484131774695,TIME_LIMIT,362195,0,0,6,1
5,8,1.574363e6,-1.1136638682433708,-0.8619484131774695,TIME_LIMIT,362215,0,0,13,13
5,8,1.574454e6,-1.1136637687461939,-0.8619484131774695,TIME_LIMIT,362242,0,0,14,4
5,8,1.574579e6,-1.1136637687461939,-0.8619484131774695,TIME_LIMIT,362266,0,0,18,10
5,8,1.574699e6,-1.1136601226787175,-0.8619484131774695,TIME_LIMIT,362298,0,0,9,9
5,8,1.57483e6,-1.1136601226787175,-0.8619484131774695,TIME_LIMIT,362319,0,0,17,19
5,8,1.575052e6,-1.1136566414555462,-0.8619484131774695,TIME_LIMIT,362354,0,0,14,12
5,8,1.575175e6,-1.1136566414555462,-0.8619484131774695,TIME_LIMIT,362378,0,0,14,10
5,8,1.575243e6,-1.1136527277370507,-0.8619484131774695,TIME_LIMIT,362400,0,0,14,5
5,8,1.575302e6,-1.1136527277370507,-0.8619484131774695,TIME_LIMIT,362421,0,0,15,18
5,8,1.575409e6,-1.1136526476111428,-0.8619484131774695,TIME_LIMIT,362440,0,0,9,11
5,8,1.575559e6,-1.1136526476111428,-0.8619484131774695,TIME_LIMIT,362468,0,0,17,9
5,8,1.575677e6,-1.113651030952372,-0.8619484131774695,TIME_LIMIT,362488,0,0,9,5
5,8,1.575903e6,-1.113651030952372,-0.8619484131774695,TIME_LIMIT,362514,0,0,11,5
5,8,1.576043e6,-1.1136450238235112,-0.8619484131774695,TIME_LIMIT,362539,0,0,14,4
5,8,1.576169e6,-1.1136450238235112,-0.8619484131774695,TIME_LIMIT,362565,0,0,17,20
5,8,1.576286e6,-1.1136423027897697,-0.8619484131774695,TIME_LIMIT,362593,0,0,6,10
5,8,1.576324e6,-1.1136423027897697,-0.8619484131774695,TIME_LIMIT,362611,0,0,8,13
5,8,1.576462e6,-1.1136359303387837,-0.8619484131774695,TIME_LIMIT,362641,0,0,9,12
5,8,1.576559e6,-1.1136359303387837,-0.8619484131774695,TIME_LIMIT,362663,0,0,14,6
5,8,1.57674e6,-1.1136309839993397,-0.8619484131774695,TIME_LIMIT,362698,0,0,8,8
5,8,1.576815e6,-1.1136309839993397,-0.8619484131774695,TIME_LIMIT,362717,0,0,14,4
5,8,1.576877e6,-1.1136201873580198,-0.8619484131774695,TIME_LIMIT,362740,0,0,10,6
5,8,1.576947e6,-1.1136201873580198,-0.8619484131774695,TIME_LIMIT,362755,0,0,8,8
5,8,1.576993e6,-1.1136196212698277,-0.8619484131774695,TIME_LIMIT,362766,0,0,4,4
5,8,1.577198e6,-1.1136196212698277,-0.8619484131774695,TIME_LIMIT,362793,0,0,20,28
5,8,1.577403e6,-1.1136140851700251,-0.8619484131774695,TIME_LIMIT,362832,0,0,16,14
5,8,1.577511e6,-1.1136140851700251,-0.8619484131774695,TIME_LIMIT,362853,0,0,11,8
5,8,1.577598e6,-1.1136121263456125,-0.8619484131774695,TIME_LIMIT,362877,0,0,13,3
5,8,1.577687e6,-1.1136121263456125,-0.8619484131774695,TIME_LIMIT,362900,0,0,12,9
5,8,1.577759e6,-1.1136119306858325,-0.8619484131774695,TIME_LIMIT,362914,0,0,8,8
5,8,1.577947e6,-1.1136119306858325,-0.8619484131774695,TIME_LIMIT,362942,0,0,20,6
5,8,1.577984e6,-1.1136096356077565,-0.8619484131774695,TIME_LIMIT,362960,0,0,4,3
5,8,1.578166e6,-1.1136096356077565,-0.8619484131774695,TIME_LIMIT,362991,0,0,21,22
5,8,1.578214e6,-1.1136089143272663,-0.8619484131774695,TIME_LIMIT,363012,0,0,9,9
5,8,1.578359e6,-1.1136089143272663,-0.8619484131774695,TIME_LIMIT,363039,0,0,12,11
5,8,1.57846e6,-1.1135950278580566,-0.8619484131774695,TIME_LIMIT,363059,0,0,2,5
5,8,1.578658e6,-1.1135950278580566,-0.8619484131774695,TIME_LIMIT,363081,0,0,18,22
5,8,1.5788e6,-1.113594166455484,-0.8619484131774695,TIME_LIMIT,363117,0,0,9,16
5,8,1.579002e6,-1.113594166455484,-0.8619484131774695,TIME_LIMIT,363145,0,0,16,14
5,8,1.57924e6,-1.1135932680168668,-0.8619484131774695,TIME_LIMIT,363169,0,0,17,11
5,8,1.579303e6,-1.1135932680168668,-0.8619484131774695,TIME_LIMIT,363185,0,0,17,8
5,8,1.579349e6,-1.1135870724066526,-0.8619484131774695,TIME_LIMIT,363203,0,0,8,1
5,8,1.579531e6,-1.1135870724066526,-0.8619484131774695,TIME_LIMIT,363232,0,0,14,22
5,8,1.579647e6,-1.113582820816717,-0.8619484131774695,TIME_LIMIT,363264,0,0,11,6
5,8,1.579758e6,-1.113582820816717,-0.8619484131774695,TIME_LIMIT,363293,0,0,11,13
5,8,1.579963e6,-1.113579973860455,-0.8619484131774695,TIME_LIMIT,363321,0,0,12,8
5,8,1.580056e6,-1.113579973860455,-0.8619484131774695,TIME_LIMIT,363346,0,0,10,9
5,8,1.580133e6,-1.1135777283122925,-0.8619484131774695,TIME_LIMIT,363364,0,0,10,3
5,8,1.580204e6,-1.1135777283122925,-0.8619484131774695,TIME_LIMIT,363393,0,0,19,21
5,8,1.580316e6,-1.1135774887415022,-0.8619484131774695,TIME_LIMIT,363414,0,0,6,6
5,8,1.580387e6,-1.1135774887415022,-0.8619484131774695,TIME_LIMIT,363437,0,0,13,26
5,8,1.58044e6,-1.1135750269228912,-0.8619484131774695,TIME_LIMIT,363474,0,0,11,4
5,8,1.580561e6,-1.1135750269228912,-0.8619484131774695,TIME_LIMIT,363500,0,0,13,20
5,8,1.580758e6,-1.1135702835157701,-0.8619484131774695,TIME_LIMIT,363549,0,0,12,10
5,8,1.580976e6,-1.1135702835157701,-0.8619484131774695,TIME_LIMIT,363569,0,0,12,39
5,8,1.581183e6,-1.1135697374001765,-0.8619484131774695,TIME_LIMIT,363602,0,0,17,15
5,8,1.581317e6,-1.1135697374001765,-0.8619484131774695,TIME_LIMIT,363629,0,0,16,18
5,8,1.581398e6,-1.1135648911396472,-0.8619484131774695,TIME_LIMIT,363652,0,0,15,18
5,8,1.581576e6,-1.1135648911396472,-0.8619484131774695,TIME_LIMIT,363678,0,0,15,13
5,8,1.581758e6,-1.1135589480361388,-0.8619484131774695,TIME_LIMIT,363719,0,0,13,13
5,8,1.581951e6,-1.1135589480361388,-0.8619484131774695,TIME_LIMIT,363751,0,0,13,10
5,8,1.582089e6,-1.1135556589258448,-0.8619484131774695,TIME_LIMIT,363782,0,0,13,8
5,8,1.58217e6,-1.1135556589258448,-0.8619484131774695,TIME_LIMIT,363803,0,0,13,10
5,8,1.582227e6,-1.1135543149121803,-0.8619484131774695,TIME_LIMIT,363823,0,0,7,2
5,8,1.582268e6,-1.1135543149121803,-0.8619484131774695,TIME_LIMIT,363844,0,0,10,5
5,8,1.582349e6,-1.113549043176374,-0.8619484131774695,TIME_LIMIT,363867,0,0,5,3
5,8,1.582443e6,-1.113549043176374,-0.8619484131774695,TIME_LIMIT,363892,0,0,14,3
5,8,1.582474e6,-1.1135432539208256,-0.8619484131774695,TIME_LIMIT,363904,0,0,7,5
5,8,1.582529e6,-1.1135432539208256,-0.8619484131774695,TIME_LIMIT,363924,0,0,10,15
5,8,1.582642e6,-1.1135368786956692,-0.8619484131774695,TIME_LIMIT,363955,0,0,5,4
5,8,1.582863e6,-1.1135368786956692,-0.8619484131774695,TIME_LIMIT,363981,0,0,12,14
5,8,1.583096e6,-1.1135366037713301,-0.8619484131774695,TIME_LIMIT,364003,0,0,10,4
5,8,1.583249e6,-1.1135366037713301,-0.8619484131774695,TIME_LIMIT,364025,0,0,15,7
5,8,1.58334e6,-1.1135356780480887,-0.8619484131774695,TIME_LIMIT,364044,0,0,10,7
5,8,1.583559e6,-1.1135356780480887,-0.8619484131774695,TIME_LIMIT,364068,0,0,18,18
5,8,1.583699e6,-1.1135320851887907,-0.8619484131774695,TIME_LIMIT,364096,0,0,13,8
5,8,1.583785e6,-1.1135320851887907,-0.8619484131774695,TIME_LIMIT,364122,0,0,14,20
5,8,1.584043e6,-1.113526402873344,-0.8619484131774695,TIME_LIMIT,364144,0,0,9,6
5,8,1.584145e6,-1.113526402873344,-0.8619484131774695,TIME_LIMIT,364164,0,0,13,19
5,8,1.584333e6,-1.1135253641406069,-0.8619484131774695,TIME_LIMIT,364198,0,0,5,9
5,8,1.584482e6,-1.1135253641406069,-0.8619484131774695,TIME_LIMIT,364222,0,0,22,17
5,8,1.584651e6,-1.1135063751332663,-0.8619484131774695,TIME_LIMIT,364260,0,0,11,8
5,8,1.5848e6,-1.1135063751332663,-0.8619484131774695,TIME_LIMIT,364286,0,0,16,8
5,8,1.585055e6,-1.113502343799384,-0.8619484131774695,TIME_LIMIT,364309,0,0,13,4
5,8,1.585158e6,-1.113502343799384,-0.8619484131774695,TIME_LIMIT,364338,0,0,14,18
5,8,1.585317e6,-1.1134974042388757,-0.8619484131774695,TIME_LIMIT,364357,0,0,12,12
5,8,1.585383e6,-1.1134974042388757,-0.8619484131774695,TIME_LIMIT,364381,0,0,15,10
5,8,1.585612e6,-1.1134945746305074,-0.8619484131774695,TIME_LIMIT,364409,0,0,10,3
5,8,1.585853e6,-1.1134945746305074,-0.8619484131774695,TIME_LIMIT,364433,0,0,10,21
5,8,1.586112e6,-1.1134930903969202,-0.8619484131774695,TIME_LIMIT,364455,0,0,13,10
5,8,1.586243e6,-1.1134930903969202,-0.8619484131774695,TIME_LIMIT,364488,0,0,13,11
5,8,1.586316e6,-1.1134920765494112,-0.8619484131774695,TIME_LIMIT,364507,0,0,7,8
5,8,1.586448e6,-1.1134920765494112,-0.8619484131774695,TIME_LIMIT,364535,0,0,12,19
5,8,1.586541e6,-1.1134836459177264,-0.8619484131774695,TIME_LIMIT,364554,0,0,14,12
5,8,1.586654e6,-1.1134836459177264,-0.8619484131774695,TIME_LIMIT,364575,0,0,14,18
5,8,1.586723e6,-1.1134825824388481,-0.8619484131774695,TIME_LIMIT,364598,0,0,12,2
5,8,1.58681e6,-1.1134825824388481,-0.8619484131774695,TIME_LIMIT,364624,0,0,17,18
5,8,1.586961e6,-1.113479952574353,-0.8619484131774695,TIME_LIMIT,364666,0,0,11,14
5,8,1.587125e6,-1.113479952574353,-0.8619484131774695,TIME_LIMIT,364689,0,0,20,13
5,8,1.587246e6,-1.1134791736376928,-0.8619484131774695,TIME_LIMIT,364715,0,0,5,5
5,8,1.587449e6,-1.1134791736376928,-0.8619484131774695,TIME_LIMIT,364745,0,0,7,7
5,8,1.587479e6,-1.113478875064535,-0.8619484131774695,TIME_LIMIT,364758,0,0,9,9
5,8,1.587584e6,-1.113478875064535,-0.8619484131774695,TIME_LIMIT,364774,0,0,11,5
5,8,1.587662e6,-1.1134783566434643,-0.8619484131774695,TIME_LIMIT,364791,0,0,9,2
5,8,1.587766e6,-1.1134783566434643,-0.8619484131774695,TIME_LIMIT,364812,0,0,9,18
5,8,1.587875e6,-1.1134781459399958,-0.8619484131774695,TIME_LIMIT,364844,0,0,12,6
5,8,1.587992e6,-1.1134781459399958,-0.8619484131774695,TIME_LIMIT,364871,0,0,20,12
5,8,1.588101e6,-1.1134753775484127,-0.8619484131774695,TIME_LIMIT,364893,0,0,10,8
5,8,1.588152e6,-1.1134753775484127,-0.8619484131774695,TIME_LIMIT,364907,0,0,13,11
5,8,1.588232e6,-1.1134743409349908,-0.8619484131774695,TIME_LIMIT,364932,0,0,7,8
5,8,1.588337e6,-1.1134743409349908,-0.8619484131774695,TIME_LIMIT,364956,0,0,11,13
5,8,1.58843e6,-1.1134710049783412,-0.8619484131774695,TIME_LIMIT,364973,0,0,5,3
5,8,1.588673e6,-1.1134710049783412,-0.8619484131774695,TIME_LIMIT,365001,0,0,23,24
5,8,1.588893e6,-1.1134570584303352,-0.8619484131774695,TIME_LIMIT,365033,0,0,11,7
5,8,1.589151e6,-1.1134570584303352,-0.8619484131774695,TIME_LIMIT,365056,0,0,13,23
5,8,1.589416e6,-1.1134547604564182,-0.8619484131774695,TIME_LIMIT,365090,0,0,15,16
5,8,1.58967e6,-1.1134547604564182,-0.8619484131774695,TIME_LIMIT,365120,0,0,21,25
5,8,1.589923e6,-1.1134506948278116,-0.8619484131774695,TIME_LIMIT,365142,0,0,16,25
5,8,1.590131e6,-1.1134506948278116,-0.8619484131774695,TIME_LIMIT,365165,0,0,4,11
5,8,1.590258e6,-1.113448138539275,-0.8619484131774695,TIME_LIMIT,365184,0,0,9,3
5,8,1.590368e6,-1.113448138539275,-0.8619484131774695,TIME_LIMIT,365208,0,0,20,26
5,8,1.5906e6,-1.1134467951514853,-0.8619484131774695,TIME_LIMIT,365245,0,0,13,12
5,8,1.59068e6,-1.1134467951514853,-0.8619484131774695,TIME_LIMIT,365269,0,0,11,10
5,8,1.59075e6,-1.113439082027016,-0.8619484131774695,TIME_LIMIT,365289,0,0,10,6
5,8,1.590962e6,-1.113439082027016,-0.8619484131774695,TIME_LIMIT,365318,0,0,21,19
5,8,1.59099e6,-1.1134308428582962,-0.8619484131774695,TIME_LIMIT,365344,0,0,8,3
5,8,1.591156e6,-1.1134308428582962,-0.8619484131774695,TIME_LIMIT,365371,0,0,10,20
5,8,1.591265e6,-1.1134083513212647,-0.8619484131774695,TIME_LIMIT,365395,0,0,11,1
5,8,1.591367e6,-1.1134083513212647,-0.8619484131774695,TIME_LIMIT,365418,0,0,11,13
5,8,1.591516e6,-1.1134067751728245,-0.8619484131774695,TIME_LIMIT,365448,0,0,11,6
5,8,1.591572e6,-1.1134067751728245,-0.8619484131774695,TIME_LIMIT,365459,0,0,2,3
5,8,1.591631e6,-1.1133928017383647,-0.8619484131774695,TIME_LIMIT,365473,0,0,4,2
5,8,1.591773e6,-1.1133928017383647,-0.8619484131774695,TIME_LIMIT,365502,0,0,18,17
5,8,1.591869e6,-1.1133898295158908,-0.8619484131774695,TIME_LIMIT,365534,0,0,9,6
5,8,1.592012e6,-1.1133898295158908,-0.8619484131774695,TIME_LIMIT,365560,0,0,16,14
5,8,1.592059e6,-1.1133820192530475,-0.8619484131774695,TIME_LIMIT,365579,0,0,14,10
5,8,1.592285e6,-1.1133820192530475,-0.8619484131774695,TIME_LIMIT,365606,0,0,18,16
5,8,1.592525e6,-1.113373797859578,-0.8619484131774695,TIME_LIMIT,365636,0,0,14,9
5,8,1.592592e6,-1.113373797859578,-0.8619484131774695,TIME_LIMIT,365652,0,0,11,4
5,8,1.59262e6,-1.1133737222014974,-0.8619484131774695,TIME_LIMIT,365665,0,0,4,2
5,8,1.592665e6,-1.1133737222014974,-0.8619484131774695,TIME_LIMIT,365682,0,0,4,6
5,8,1.592762e6,-1.1133534378008143,-0.8619484131774695,TIME_LIMIT,365701,0,0,7,5
5,8,1.592862e6,-1.1133534378008143,-0.8619484131774695,TIME_LIMIT,365727,0,0,15,7
5,8,1.592976e6,-1.1133501101570493,-0.8619484131774695,TIME_LIMIT,365746,0,0,13,17
5,8,1.593136e6,-1.1133501101570493,-0.8619484131774695,TIME_LIMIT,365764,0,0,13,17
5,8,1.593213e6,-1.113339582847455,-0.8619484131774695,TIME_LIMIT,365787,0,0,8,3
5,8,1.593295e6,-1.113339582847455,-0.8619484131774695,TIME_LIMIT,365806,0,0,9,16
5,8,1.59351e6,-1.1133349572379985,-0.8619484131774695,TIME_LIMIT,365839,0,0,8,8
5,8,1.593626e6,-1.1133349572379985,-0.8619484131774695,TIME_LIMIT,365868,0,0,21,11
5,8,1.593727e6,-1.1133331647258298,-0.8619484131774695,TIME_LIMIT,365893,0,0,15,6
5,8,1.593823e6,-1.1133331647258298,-0.8619484131774695,TIME_LIMIT,365909,0,0,12,12
5,8,1.593964e6,-1.1133244164191667,-0.8619484131774695,TIME_LIMIT,365937,0,0,10,8
5,8,1.594093e6,-1.1133244164191667,-0.8619484131774695,TIME_LIMIT,365968,0,0,14,20
5,8,1.594237e6,-1.1133212954004397,-0.8619484131774695,TIME_LIMIT,365996,0,0,11,3
5,8,1.594303e6,-1.1133212954004397,-0.8619484131774695,TIME_LIMIT,366016,0,0,10,3
5,8,1.594352e6,-1.113316089028809,-0.8619484131774695,TIME_LIMIT,366029,0,0,9,3
5,8,1.594449e6,-1.113316089028809,-0.8619484131774695,TIME_LIMIT,366050,0,0,13,5
5,8,1.594511e6,-1.1133123872184991,-0.8619484131774695,TIME_LIMIT,366068,0,0,11,6
5,8,1.594637e6,-1.1133123872184991,-0.8619484131774695,TIME_LIMIT,366100,0,0,23,7
5,8,1.594858e6,-1.1132967904480022,-0.8619484131774695,TIME_LIMIT,366138,0,0,18,16
5,8,1.595018e6,-1.1132967904480022,-0.8619484131774695,TIME_LIMIT,366150,0,0,11,6
5,8,1.595073e6,-1.1132832337049932,-0.8619484131774695,TIME_LIMIT,366166,0,0,5,1
5,8,1.595149e6,-1.1132832337049932,-0.8619484131774695,TIME_LIMIT,366186,0,0,10,12
5,8,1.59531e6,-1.1132780190105327,-0.8619484131774695,TIME_LIMIT,366211,0,0,6,6
5,8,1.595476e6,-1.1132780190105327,-0.8619484131774695,TIME_LIMIT,366232,0,0,17,13
5,8,1.595566e6,-1.113276586536778,-0.8619484131774695,TIME_LIMIT,366263,0,0,11,4
5,8,1.595762e6,-1.113276586536778,-0.8619484131774695,TIME_LIMIT,366287,0,0,16,19
5,8,1.595991e6,-1.113274799508198,-0.8619484131774695,TIME_LIMIT,366323,0,0,15,9
5,8,1.596045e6,-1.113274799508198,-0.8619484131774695,TIME_LIMIT,366339,0,0,8,4
5,8,1.596128e6,-1.1132696655110104,-0.8619484131774695,TIME_LIMIT,366350,0,0,4,0
5,8,1.596188e6,-1.1132696655110104,-0.8619484131774695,TIME_LIMIT,366366,0,0,9,18
5,8,1.596268e6,-1.1132692172212793,-0.8619484131774695,TIME_LIMIT,366396,0,0,12,8
5,8,1.596341e6,-1.1132692172212793,-0.8619484131774695,TIME_LIMIT,366419,0,0,9,9
5,8,1.596402e6,-1.1132646462999896,-0.8619484131774695,TIME_LIMIT,366443,0,0,7,5
5,8,1.596495e6,-1.1132646462999896,-0.8619484131774695,TIME_LIMIT,366469,0,0,16,16
5,8,1.596572e6,-1.1132642106635449,-0.8619484131774695,TIME_LIMIT,366490,0,0,15,13
5,8,1.596783e6,-1.1132642106635449,-0.8619484131774695,TIME_LIMIT,366512,0,0,8,18
5,8,1.59689e6,-1.1132550366144436,-0.8619484131774695,TIME_LIMIT,366544,0,0,12,9
5,8,1.596967e6,-1.1132550366144436,-0.8619484131774695,TIME_LIMIT,366568,0,0,13,9
5,8,1.597089e6,-1.113253736018942,-0.8619484131774695,TIME_LIMIT,366597,0,0,10,7
5,8,1.597133e6,-1.113253736018942,-0.8619484131774695,TIME_LIMIT,366610,0,0,5,2
5,8,1.59718e6,-1.113253201218064,-0.8619484131774695,TIME_LIMIT,366627,0,0,6,2
5,8,1.597319e6,-1.113253201218064,-0.8619484131774695,TIME_LIMIT,366649,0,0,13,9
5,8,1.597509e6,-1.1132481519946922,-0.8619484131774695,TIME_LIMIT,366683,0,0,10,9
5,8,1.597599e6,-1.1132481519946922,-0.8619484131774695,TIME_LIMIT,366703,0,0,12,8
5,8,1.597676e6,-1.1132436378084505,-0.8619484131774695,TIME_LIMIT,366737,0,0,14,11
5,8,1.597712e6,-1.1132436378084505,-0.8619484131774695,TIME_LIMIT,366752,0,0,8,7
5,8,1.597732e6,-1.1132263610811644,-0.8619484131774695,TIME_LIMIT,366765,0,0,5,2
5,8,1.597863e6,-1.1132263610811644,-0.8619484131774695,TIME_LIMIT,366786,0,0,14,21
5,8,1.59796e6,-1.113216041573432,-0.8619484131774695,TIME_LIMIT,366813,0,0,15,7
5,8,1.598046e6,-1.113216041573432,-0.8619484131774695,TIME_LIMIT,366833,0,0,9,12
5,8,1.59817e6,-1.1132131023162628,-0.8619484131774695,TIME_LIMIT,366865,0,0,12,8
5,8,1.598373e6,-1.1132131023162628,-0.8619484131774695,TIME_LIMIT,366888,0,0,12,12
5,8,1.598548e6,-1.1132098639292352,-0.8619484131774695,TIME_LIMIT,366916,0,0,17,4
5,8,1.598713e6,-1.1132098639292352,-0.8619484131774695,TIME_LIMIT,366945,0,0,16,20
5,8,1.598845e6,-1.1132091583791883,-0.8619484131774695,TIME_LIMIT,366963,0,0,10,6
5,8,1.599021e6,-1.1132091583791883,-0.8619484131774695,TIME_LIMIT,366988,0,0,19,31
5,8,1.599116e6,-1.1132061445436796,-0.8619484131774695,TIME_LIMIT,367017,0,0,10,15
5,8,1.599204e6,-1.1132061445436796,-0.8619484131774695,TIME_LIMIT,367044,0,0,9,9
5,8,1.599308e6,-1.113205454196755,-0.8619484131774695,TIME_LIMIT,367064,0,0,10,6
5,8,1.599489e6,-1.113205454196755,-0.8619484131774695,TIME_LIMIT,367090,0,0,8,14
5,8,1.599574e6,-1.113198589933213,-0.8619484131774695,TIME_LIMIT,367114,0,0,19,2
5,8,1.599773e6,-1.113198589933213,-0.8619484131774695,TIME_LIMIT,367139,0,0,14,18
5,8,1.60002e6,-1.1131892101771144,-0.8619484131774695,TIME_LIMIT,367178,0,0,11,8
5,8,1.600145e6,-1.1131892101771144,-0.8619484131774695,TIME_LIMIT,367210,0,0,9,7
5,8,1.600266e6,-1.1131832517943747,-0.8619484131774695,TIME_LIMIT,367232,0,0,9,4
5,8,1.600488e6,-1.1131832517943747,-0.8619484131774695,TIME_LIMIT,367261,0,0,21,17
5,8,1.600583e6,-1.1131823656667927,-0.8619484131774695,TIME_LIMIT,367283,0,0,12,4
5,8,1.600787e6,-1.1131823656667927,-0.8619484131774695,TIME_LIMIT,367310,0,0,9,16
5,8,1.600918e6,-1.113168489942074,-0.8619484131774695,TIME_LIMIT,367337,0,0,21,9
5,8,1.601086e6,-1.113168489942074,-0.8619484131774695,TIME_LIMIT,367365,0,0,12,5
5,8,1.601166e6,-1.1131561141116344,-0.8619484131774695,TIME_LIMIT,367386,0,0,11,10
5,8,1.601312e6,-1.1131561141116344,-0.8619484131774695,TIME_LIMIT,367415,0,0,20,4
5,8,1.601419e6,-1.1131536861434113,-0.8619484131774695,TIME_LIMIT,367436,0,0,13,8
5,8,1.601561e6,-1.1131536861434113,-0.8619484131774695,TIME_LIMIT,367461,0,0,10,6
5,8,1.601648e6,-1.113151862088377,-0.8619484131774695,TIME_LIMIT,367480,0,0,9,6
5,8,1.601708e6,-1.113151862088377,-0.8619484131774695,TIME_LIMIT,367492,0,0,8,4
5,8,1.601748e6,-1.1131515008900188,-0.8619484131774695,TIME_LIMIT,367506,0,0,8,1
5,8,1.601811e6,-1.1131515008900188,-0.8619484131774695,TIME_LIMIT,367521,0,0,15,7
5,8,1.601945e6,-1.1131472993369023,-0.8619484131774695,TIME_LIMIT,367552,0,0,6,5
5,8,1.601999e6,-1.1131472993369023,-0.8619484131774695,TIME_LIMIT,367579,0,0,16,7
5,8,1.602135e6,-1.1131465832909808,-0.8619484131774695,TIME_LIMIT,367599,0,0,13,10
5,8,1.602272e6,-1.1131465832909808,-0.8619484131774695,TIME_LIMIT,367617,0,0,14,6
5,8,1.602368e6,-1.1131453304235581,-0.8619484131774695,TIME_LIMIT,367646,0,0,11,9
5,8,1.602599e6,-1.1131453304235581,-0.8619484131774695,TIME_LIMIT,367678,0,0,16,20
5,8,1.602714e6,-1.1131446835905354,-0.8619484131774695,TIME_LIMIT,367707,0,0,15,10
5,8,1.602781e6,-1.1131446835905354,-0.8619484131774695,TIME_LIMIT,367729,0,0,18,18
5,8,1.602954e6,-1.1131415700908294,-0.8619484131774695,TIME_LIMIT,367769,0,0,18,12
5,8,1.603069e6,-1.1131415700908294,-0.8619484131774695,TIME_LIMIT,367795,0,0,19,10
5,8,1.603188e6,-1.11313377193878,-0.8619484131774695,TIME_LIMIT,367826,0,0,14,8
5,8,1.603389e6,-1.11313377193878,-0.8619484131774695,TIME_LIMIT,367854,0,0,14,14
5,8,1.603473e6,-1.1131286084336016,-0.8619484131774695,TIME_LIMIT,367879,0,0,9,4
5,8,1.603644e6,-1.1131286084336016,-0.8619484131774695,TIME_LIMIT,367914,0,0,16,12
5,8,1.603824e6,-1.1131236648302059,-0.8619484131774695,TIME_LIMIT,367943,0,0,17,12
5,8,1.603927e6,-1.1131236648302059,-0.8619484131774695,TIME_LIMIT,367966,0,0,10,14
5,8,1.603974e6,-1.1131200168320798,-0.8619484131774695,TIME_LIMIT,367990,0,0,7,6
5,8,1.604089e6,-1.1131200168320798,-0.8619484131774695,TIME_LIMIT,368011,0,0,14,15
5,8,1.604256e6,-1.1131165781592909,-0.8619484131774695,TIME_LIMIT,368049,0,0,9,6
5,8,1.604359e6,-1.1131165781592909,-0.8619484131774695,TIME_LIMIT,368071,0,0,12,6
5,8,1.604408e6,-1.1131148390431087,-0.8619484131774695,TIME_LIMIT,368089,0,0,9,1
5,8,1.604569e6,-1.1131148390431087,-0.8619484131774695,TIME_LIMIT,368114,0,0,20,14
5,8,1.604728e6,-1.113110375281615,-0.8619484131774695,TIME_LIMIT,368142,0,0,9,7
5,8,1.604845e6,-1.113110375281615,-0.8619484131774695,TIME_LIMIT,368165,0,0,13,6
5,8,1.604952e6,-1.11310852444738,-0.8619484131774695,TIME_LIMIT,368184,0,0,7,2
5,8,1.60516e6,-1.11310852444738,-0.8619484131774695,TIME_LIMIT,368209,0,0,15,29
5,8,1.605308e6,-1.113108405514552,-0.8619484131774695,TIME_LIMIT,368245,0,0,11,7
5,8,1.605377e6,-1.113108405514552,-0.8619484131774695,TIME_LIMIT,368272,0,0,6,7
5,8,1.605474e6,-1.1131077013768644,-0.8619484131774695,TIME_LIMIT,368283,0,0,3,3
5,8,1.605576e6,-1.1131077013768644,-0.8619484131774695,TIME_LIMIT,368307,0,0,12,15
5,8,1.605671e6,-1.1131073387722576,-0.8619484131774695,TIME_LIMIT,368322,0,0,7,1
5,8,1.605733e6,-1.1131073387722576,-0.8619484131774695,TIME_LIMIT,368341,0,0,7,5
5,8,1.605808e6,-1.113101566991622,-0.8619484131774695,TIME_LIMIT,368361,0,0,10,7
5,8,1.605921e6,-1.113101566991622,-0.8619484131774695,TIME_LIMIT,368388,0,0,18,9
5,8,1.606086e6,-1.1130964908592638,-0.8619484131774695,TIME_LIMIT,368413,0,0,9,9
5,8,1.606208e6,-1.1130964908592638,-0.8619484131774695,TIME_LIMIT,368435,0,0,16,5
5,8,1.606289e6,-1.1130850339720335,-0.8619484131774695,TIME_LIMIT,368455,0,0,7,0
5,8,1.606556e6,-1.1130850339720335,-0.8619484131774695,TIME_LIMIT,368481,0,0,22,28
5,8,1.606764e6,-1.113078485931231,-0.8619484131774695,TIME_LIMIT,368524,0,0,17,12
5,8,1.606863e6,-1.113078485931231,-0.8619484131774695,TIME_LIMIT,368548,0,0,12,10
5,8,1.606903e6,-1.113078102484581,-0.8619484131774695,TIME_LIMIT,368569,0,0,12,7
5,8,1.607114e6,-1.113078102484581,-0.8619484131774695,TIME_LIMIT,368594,0,0,17,19
5,8,1.607258e6,-1.1130768196590775,-0.8619484131774695,TIME_LIMIT,368634,0,0,15,9
5,8,1.607447e6,-1.1130768196590775,-0.8619484131774695,TIME_LIMIT,368662,0,0,13,16
5,8,1.607533e6,-1.1130730745060737,-0.8619484131774695,TIME_LIMIT,368690,0,0,12,3
5,8,1.607624e6,-1.1130730745060737,-0.8619484131774695,TIME_LIMIT,368717,0,0,11,13
5,8,1.607659e6,-1.1130729853294392,-0.8619484131774695,TIME_LIMIT,368733,0,0,7,8
5,8,1.607819e6,-1.1130729853294392,-0.8619484131774695,TIME_LIMIT,368761,0,0,8,7
5,8,1.607901e6,-1.1130720471051165,-0.8619484131774695,TIME_LIMIT,368780,0,0,11,5
5,8,1.608116e6,-1.1130720471051165,-0.8619484131774695,TIME_LIMIT,368809,0,0,21,24
5,8,1.608246e6,-1.1130682154030511,-0.8619484131774695,TIME_LIMIT,368834,0,0,13,6
5,8,1.608332e6,-1.1130682154030511,-0.8619484131774695,TIME_LIMIT,368852,0,0,16,12
5,8,1.60842e6,-1.113066549280826,-0.8619484131774695,TIME_LIMIT,368877,0,0,9,6
5,8,1.60856e6,-1.113066549280826,-0.8619484131774695,TIME_LIMIT,368900,0,0,8,10
5,8,1.608772e6,-1.113061321009242,-0.8619484131774695,TIME_LIMIT,368935,0,0,16,19
5,8,1.608865e6,-1.113061321009242,-0.8619484131774695,TIME_LIMIT,368960,0,0,13,6
5,8,1.608939e6,-1.1130612328425435,-0.8619484131774695,TIME_LIMIT,368979,0,0,9,3
5,8,1.609149e6,-1.1130612328425435,-0.8619484131774695,TIME_LIMIT,369010,0,0,15,15
5,8,1.609397e6,-1.1130593529449508,-0.8619484131774695,TIME_LIMIT,369037,0,0,15,10
5,8,1.609534e6,-1.1130593529449508,-0.8619484131774695,TIME_LIMIT,369057,0,0,10,7
5,8,1.609563e6,-1.1130589146041818,-0.8619484131774695,TIME_LIMIT,369076,0,0,9,13
5,8,1.609661e6,-1.1130589146041818,-0.8619484131774695,TIME_LIMIT,369101,0,0,20,14
5,8,1.609842e6,-1.1130491898077195,-0.8619484131774695,TIME_LIMIT,369123,0,0,8,7
5,8,1.609971e6,-1.1130491898077195,-0.8619484131774695,TIME_LIMIT,369151,0,0,14,15
5,8,1.61016e6,-1.1130487291919482,-0.8619484131774695,TIME_LIMIT,369186,0,0,13,11
5,8,1.610264e6,-1.1130487291919482,-0.8619484131774695,TIME_LIMIT,369210,0,0,24,27
5,8,1.610457e6,-1.1130458363682567,-0.8619484131774695,TIME_LIMIT,369249,0,0,10,10
5,8,1.610659e6,-1.1130458363682567,-0.8619484131774695,TIME_LIMIT,369288,0,0,24,18
5,8,1.610891e6,-1.1130354335044639,-0.8619484131774695,TIME_LIMIT,369314,0,0,19,16
5,8,1.611004e6,-1.1130354335044639,-0.8619484131774695,TIME_LIMIT,369332,0,0,14,7
5,8,1.611144e6,-1.1130147811796915,-0.8619484131774695,TIME_LIMIT,369363,0,0,9,9
5,8,1.611323e6,-1.1130147811796915,-0.8619484131774695,TIME_LIMIT,369391,0,0,17,16
5,8,1.611532e6,-1.113002547032759,-0.8619484131774695,TIME_LIMIT,369412,0,0,11,6
5,8,1.61158e6,-1.113002547032759,-0.8619484131774695,TIME_LIMIT,369431,0,0,9,1
5,8,1.611644e6,-1.1129761238855835,-0.8619484131774695,TIME_LIMIT,369449,0,0,7,4
5,8,1.611816e6,-1.1129761238855835,-0.8619484131774695,TIME_LIMIT,369478,0,0,13,13
5,8,1.611959e6,-1.11296393931997,-0.8619484131774695,TIME_LIMIT,369511,0,0,20,4
5,8,1.61206e6,-1.11296393931997,-0.8619484131774695,TIME_LIMIT,369541,0,0,12,21
5,8,1.612159e6,-1.1129609905664315,-0.8619484131774695,TIME_LIMIT,369572,0,0,19,5
5,8,1.612291e6,-1.1129609905664315,-0.8619484131774695,TIME_LIMIT,369598,0,0,11,17
5,8,1.612442e6,-1.1129570652100624,-0.8619484131774695,TIME_LIMIT,369625,0,0,20,16
5,8,1.612551e6,-1.1129570652100624,-0.8619484131774695,TIME_LIMIT,369654,0,0,11,12
5,8,1.612634e6,-1.1129534362895068,-0.8619484131774695,TIME_LIMIT,369673,0,0,6,10
5,8,1.612716e6,-1.1129534362895068,-0.8619484131774695,TIME_LIMIT,369699,0,0,12,13
5,8,1.61281e6,-1.1129533421879039,-0.8619484131774695,TIME_LIMIT,369726,0,0,9,7
5,8,1.612888e6,-1.1129533421879039,-0.8619484131774695,TIME_LIMIT,369740,0,0,9,8
5,8,1.612917e6,-1.1129499857084657,-0.8619484131774695,TIME_LIMIT,369756,0,0,5,4
5,8,1.613122e6,-1.1129499857084657,-0.8619484131774695,TIME_LIMIT,369779,0,0,21,25
5,8,1.613264e6,-1.1129492359644688,-0.8619484131774695,TIME_LIMIT,369816,0,0,18,16
5,8,1.613398e6,-1.1129492359644688,-0.8619484131774695,TIME_LIMIT,369845,0,0,14,13
5,8,1.613454e6,-1.1129476297890215,-0.8619484131774695,TIME_LIMIT,369861,0,0,12,11
5,8,1.613637e6,-1.1129476297890215,-0.8619484131774695,TIME_LIMIT,369891,0,0,18,13
5,8,1.613783e6,-1.1129472493676014,-0.8619484131774695,TIME_LIMIT,369920,0,0,9,4
5,8,1.613976e6,-1.1129472493676014,-0.8619484131774695,TIME_LIMIT,369947,0,0,17,16
5,8,1.614051e6,-1.112933398615874,-0.8619484131774695,TIME_LIMIT,369964,0,0,10,6
5,8,1.614132e6,-1.112933398615874,-0.8619484131774695,TIME_LIMIT,369987,0,0,10,5
5,8,1.614193e6,-1.1129292796419146,-0.8619484131774695,TIME_LIMIT,370000,0,0,4,4
5,8,1.614396e6,-1.1129292796419146,-0.8619484131774695,TIME_LIMIT,370029,0,0,14,9
5,8,1.614494e6,-1.1129248944454782,-0.8619484131774695,TIME_LIMIT,370051,0,0,16,15
5,8,1.614569e6,-1.1129248944454782,-0.8619484131774695,TIME_LIMIT,370073,0,0,10,11
5,8,1.614648e6,-1.1129226782077564,-0.8619484131774695,TIME_LIMIT,370094,0,0,11,9
5,8,1.614836e6,-1.1129226782077564,-0.8619484131774695,TIME_LIMIT,370120,0,0,17,13
5,8,1.614869e6,-1.1129123107637402,-0.8619484131774695,TIME_LIMIT,370140,0,0,11,0
5,8,1.614986e6,-1.1129123107637402,-0.8619484131774695,TIME_LIMIT,370161,0,0,15,16
5,8,1.615198e6,-1.1129044013876683,-0.8619484131774695,TIME_LIMIT,370199,0,0,15,11
5,8,1.61528e6,-1.1129044013876683,-0.8619484131774695,TIME_LIMIT,370224,0,0,12,7
5,8,1.615339e6,-1.1128890138042755,-0.8619484131774695,TIME_LIMIT,370246,0,0,10,5
5,8,1.615398e6,-1.1128890138042755,-0.8619484131774695,TIME_LIMIT,370263,0,0,3,4
5,8,1.615428e6,-1.1128863832125333,-0.8619484131774695,TIME_LIMIT,370275,0,0,3,4
5,8,1.615547e6,-1.1128863832125333,-0.8619484131774695,TIME_LIMIT,370300,0,0,13,14
5,8,1.615653e6,-1.1128813518359717,-0.8619484131774695,TIME_LIMIT,370333,0,0,14,10
5,8,1.615805e6,-1.1128813518359717,-0.8619484131774695,TIME_LIMIT,370360,0,0,11,16
5,8,1.615881e6,-1.1128760330068077,-0.8619484131774695,TIME_LIMIT,370388,0,0,16,9
5,8,1.616136e6,-1.1128760330068077,-0.8619484131774695,TIME_LIMIT,370415,0,0,10,12
5,8,1.616342e6,-1.112874349026145,-0.8619484131774695,TIME_LIMIT,370437,0,0,13,12
5,8,1.616421e6,-1.112874349026145,-0.8619484131774695,TIME_LIMIT,370454,0,0,7,4
5,8,1.616466e6,-1.112870903257392,-0.8619484131774695,TIME_LIMIT,370476,0,0,9,4
5,8,1.616617e6,-1.112870903257392,-0.8619484131774695,TIME_LIMIT,370499,0,0,10,2
5,8,1.616689e6,-1.1128590230317974,-0.8619484131774695,TIME_LIMIT,370520,0,0,5,9
5,8,1.616746e6,-1.1128590230317974,-0.8619484131774695,TIME_LIMIT,370535,0,0,9,7
5,8,1.616788e6,-1.1128530702501922,-0.8619484131774695,TIME_LIMIT,370556,0,0,7,3
5,8,1.616917e6,-1.1128530702501922,-0.8619484131774695,TIME_LIMIT,370583,0,0,10,11
5,8,1.617032e6,-1.1128471123945487,-0.8619484131774695,TIME_LIMIT,370613,0,0,14,9
5,8,1.617133e6,-1.1128471123945487,-0.8619484131774695,TIME_LIMIT,370635,0,0,7,11
5,8,1.617243e6,-1.112846162782534,-0.8619484131774695,TIME_LIMIT,370660,0,0,3,6
5,8,1.617446e6,-1.112846162782534,-0.8619484131774695,TIME_LIMIT,370687,0,0,11,7
5,8,1.617671e6,-1.112846090561096,-0.8619484131774695,TIME_LIMIT,370712,0,0,11,8
5,8,1.617811e6,-1.112846090561096,-0.8619484131774695,TIME_LIMIT,370738,0,0,7,21
5,8,1.617911e6,-1.112836264573451,-0.8619484131774695,TIME_LIMIT,370757,0,0,13,8
5,8,1.618043e6,-1.112836264573451,-0.8619484131774695,TIME_LIMIT,370785,0,0,17,21
5,8,1.618087e6,-1.112833109042596,-0.8619484131774695,TIME_LIMIT,370807,0,0,6,7
5,8,1.618263e6,-1.112833109042596,-0.8619484131774695,TIME_LIMIT,370834,0,0,13,14
5,8,1.618366e6,-1.1128325200809148,-0.8619484131774695,TIME_LIMIT,370859,0,0,14,7
5,8,1.618537e6,-1.1128325200809148,-0.8619484131774695,TIME_LIMIT,370880,0,0,13,19
5,8,1.618713e6,-1.1128313477287413,-0.8619484131774695,TIME_LIMIT,370919,0,0,5,10
5,8,1.618803e6,-1.1128313477287413,-0.8619484131774695,TIME_LIMIT,370940,0,0,16,7
5,8,1.618878e6,-1.1128109610688206,-0.8619484131774695,TIME_LIMIT,370961,0,0,12,8
5,8,1.61904e6,-1.1128109610688206,-0.8619484131774695,TIME_LIMIT,370986,0,0,13,7
5,8,1.619129e6,-1.1127945753005293,-0.8619484131774695,TIME_LIMIT,371005,0,0,10,13
5,8,1.619288e6,-1.1127945753005293,-0.8619484131774695,TIME_LIMIT,371029,0,0,17,13
5,8,1.61948e6,-1.1127876653779847,-0.8619484131774695,TIME_LIMIT,371072,0,0,13,7
5,8,1.619618e6,-1.1127876653779847,-0.8619484131774695,TIME_LIMIT,371095,0,0,10,9
5,8,1.619697e6,-1.1127779979811803,-0.8619484131774695,TIME_LIMIT,371116,0,0,7,6
5,8,1.619921e6,-1.1127779979811803,-0.8619484131774695,TIME_LIMIT,371145,0,0,9,17
5,8,1.62017e6,-1.112760847154304,-0.8619484131774695,TIME_LIMIT,371173,0,0,14,4
5,8,1.620315e6,-1.112760847154304,-0.8619484131774695,TIME_LIMIT,371193,0,0,14,11
5,8,1.620409e6,-1.112756176131796,-0.8619484131774695,TIME_LIMIT,371220,0,0,11,6
5,8,1.620582e6,-1.112756176131796,-0.8619484131774695,TIME_LIMIT,371249,0,0,16,17
5,8,1.620814e6,-1.1127477972444118,-0.8619484131774695,TIME_LIMIT,371274,0,0,14,20
5,8,1.621011e6,-1.1127477972444118,-0.8619484131774695,TIME_LIMIT,371295,0,0,9,9
5,8,1.621218e6,-1.1127467105378355,-0.8619484131774695,TIME_LIMIT,371326,0,0,16,10
5,8,1.621405e6,-1.1127467105378355,-0.8619484131774695,TIME_LIMIT,371350,0,0,6,13
5,8,1.621587e6,-1.112746469592332,-0.8619484131774695,TIME_LIMIT,371379,0,0,10,11
5,8,1.621704e6,-1.112746469592332,-0.8619484131774695,TIME_LIMIT,371408,0,0,16,7
5,8,1.621785e6,-1.1127419176025701,-0.8619484131774695,TIME_LIMIT,371426,0,0,12,16
5,8,1.62189e6,-1.1127419176025701,-0.8619484131774695,TIME_LIMIT,371448,0,0,18,23
5,8,1.622017e6,-1.1127373658324577,-0.8619484131774695,TIME_LIMIT,371486,0,0,2,8
5,8,1.622175e6,-1.1127373658324577,-0.8619484131774695,TIME_LIMIT,371510,0,0,18,20
5,8,1.622293e6,-1.1127283213412449,-0.8619484131774695,TIME_LIMIT,371546,0,0,11,9
5,8,1.622389e6,-1.1127283213412449,-0.8619484131774695,TIME_LIMIT,371560,0,0,10,11
5,8,1.622525e6,-1.112720097422663,-0.8619484131774695,TIME_LIMIT,371583,0,0,7,6
5,8,1.622655e6,-1.112720097422663,-0.8619484131774695,TIME_LIMIT,371609,0,0,22,21
5,8,1.622764e6,-1.1127186801515614,-0.8619484131774695,TIME_LIMIT,371650,0,0,17,12
5,8,1.622891e6,-1.1127186801515614,-0.8619484131774695,TIME_LIMIT,371680,0,0,9,10
5,8,1.62298e6,-1.1127171360083894,-0.8619484131774695,TIME_LIMIT,371703,0,0,13,5
5,8,1.623172e6,-1.1127171360083894,-0.8619484131774695,TIME_LIMIT,371727,0,0,20,19
5,8,1.623359e6,-1.1127133746191178,-0.8619484131774695,TIME_LIMIT,371753,0,0,8,5
5,8,1.623481e6,-1.1127133746191178,-0.8619484131774695,TIME_LIMIT,371774,0,0,15,15
5,8,1.623602e6,-1.1127122686990525,-0.8619484131774695,TIME_LIMIT,371802,0,0,8,3
5,8,1.623768e6,-1.1127122686990525,-0.8619484131774695,TIME_LIMIT,371826,0,0,20,14
5,8,1.623919e6,-1.112705806892995,-0.8619484131774695,TIME_LIMIT,371863,0,0,19,14
5,8,1.624071e6,-1.112705806892995,-0.8619484131774695,TIME_LIMIT,371885,0,0,16,7
5,8,1.624141e6,-1.1126965700685396,-0.8619484131774695,TIME_LIMIT,371914,0,0,10,7
5,8,1.624266e6,-1.1126965700685396,-0.8619484131774695,TIME_LIMIT,371933,0,0,13,8
5,8,1.624375e6,-1.112673183216741,-0.8619484131774695,TIME_LIMIT,371962,0,0,8,4
5,8,1.62447e6,-1.112673183216741,-0.8619484131774695,TIME_LIMIT,371987,0,0,19,15
5,8,1.624586e6,-1.1126592188589297,-0.8619484131774695,TIME_LIMIT,372019,0,0,13,13
5,8,1.624765e6,-1.1126592188589297,-0.8619484131774695,TIME_LIMIT,372047,0,0,13,10
5,8,1.624843e6,-1.1126565581355878,-0.8619484131774695,TIME_LIMIT,372070,0,0,14,14
5,8,1.624997e6,-1.1126565581355878,-0.8619484131774695,TIME_LIMIT,372088,0,0,10,10
5,8,1.625092e6,-1.112656365910198,-0.8619484131774695,TIME_LIMIT,372115,0,0,8,6
5,8,1.625348e6,-1.112656365910198,-0.8619484131774695,TIME_LIMIT,372137,0,0,10,5
5,8,1.625489e6,-1.1126522733965343,-0.8619484131774695,TIME_LIMIT,372161,0,0,14,5
5,8,1.625602e6,-1.1126522733965343,-0.8619484131774695,TIME_LIMIT,372182,0,0,9,6
5,8,1.625718e6,-1.11262866001171,-0.8619484131774695,TIME_LIMIT,372200,0,0,5,4
5,8,1.625868e6,-1.11262866001171,-0.8619484131774695,TIME_LIMIT,372226,0,0,11,9
5,8,1.625939e6,-1.1126277253046672,-0.8619484131774695,TIME_LIMIT,372241,0,0,10,4
5,8,1.626014e6,-1.1126277253046672,-0.8619484131774695,TIME_LIMIT,372261,0,0,10,7
5,8,1.626105e6,-1.1126259190110053,-0.8619484131774695,TIME_LIMIT,372286,0,0,7,8
5,8,1.626217e6,-1.1126259190110053,-0.8619484131774695,TIME_LIMIT,372309,0,0,19,12
5,8,1.626364e6,-1.112622140875228,-0.8619484131774695,TIME_LIMIT,372335,0,0,15,6
5,8,1.626402e6,-1.112622140875228,-0.8619484131774695,TIME_LIMIT,372358,0,0,14,8
5,8,1.626492e6,-1.1126216629001995,-0.8619484131774695,TIME_LIMIT,372377,0,0,4,7
5,8,1.626643e6,-1.1126216629001995,-0.8619484131774695,TIME_LIMIT,372403,0,0,10,13
5,8,1.626753e6,-1.1126188307760203,-0.8619484131774695,TIME_LIMIT,372425,0,0,10,7
5,8,1.626982e6,-1.1126188307760203,-0.8619484131774695,TIME_LIMIT,372450,0,0,12,22
5,8,1.62709e6,-1.1126073909890595,-0.8619484131774695,TIME_LIMIT,372486,0,0,17,12
5,8,1.627242e6,-1.1126073909890595,-0.8619484131774695,TIME_LIMIT,372516,0,0,11,8
5,8,1.627343e6,-1.1125997051046934,-0.8619484131774695,TIME_LIMIT,372536,0,0,8,3
5,8,1.627568e6,-1.1125997051046934,-0.8619484131774695,TIME_LIMIT,372561,0,0,14,20
5,8,1.627761e6,-1.1125901153167552,-0.8619484131774695,TIME_LIMIT,372600,0,0,17,15
5,8,1.627975e6,-1.1125901153167552,-0.8619484131774695,TIME_LIMIT,372624,0,0,15,19
5,8,1.628133e6,-1.1125870335799506,-0.8619484131774695,TIME_LIMIT,372654,0,0,11,10
5,8,1.628331e6,-1.1125870335799506,-0.8619484131774695,TIME_LIMIT,372683,0,0,19,25
5,8,1.628519e6,-1.1125682244102735,-0.8619484131774695,TIME_LIMIT,372726,0,0,16,14
5,8,1.628701e6,-1.1125682244102735,-0.8619484131774695,TIME_LIMIT,372754,0,0,13,12
5,8,1.628801e6,-1.1125622878823118,-0.8619484131774695,TIME_LIMIT,372782,0,0,15,16
5,8,1.628847e6,-1.1125622878823118,-0.8619484131774695,TIME_LIMIT,372796,0,0,17,13
5,8,1.628922e6,-1.1125596996145504,-0.8619484131774695,TIME_LIMIT,372819,0,0,8,4
5,8,1.629056e6,-1.1125596996145504,-0.8619484131774695,TIME_LIMIT,372851,0,0,15,7
5,8,1.629141e6,-1.1125582096606017,-0.8619484131774695,TIME_LIMIT,372872,0,0,11,9
5,8,1.629348e6,-1.1125582096606017,-0.8619484131774695,TIME_LIMIT,372896,0,0,12,15
5,8,1.629532e6,-1.112542421823787,-0.8619484131774695,TIME_LIMIT,372921,0,0,13,6
5,8,1.629635e6,-1.112542421823787,-0.8619484131774695,TIME_LIMIT,372943,0,0,10,24
5,8,1.62974e6,-1.112530845797583,-0.8619484131774695,TIME_LIMIT,372972,0,0,4,6
5,8,1.629934e6,-1.112530845797583,-0.8619484131774695,TIME_LIMIT,372995,0,0,16,16
5,8,1.63014e6,-1.11252965040611,-0.8619484131774695,TIME_LIMIT,373028,0,0,16,17
5,8,1.630215e6,-1.11252965040611,-0.8619484131774695,TIME_LIMIT,373046,0,0,21,20
5,8,1.630473e6,-1.112526649378528,-0.8619484131774695,TIME_LIMIT,373087,0,0,15,15
5,8,1.630621e6,-1.112526649378528,-0.8619484131774695,TIME_LIMIT,373117,0,0,16,14
5,8,1.630713e6,-1.1125219501758008,-0.8619484131774695,TIME_LIMIT,373137,0,0,15,8
5,8,1.630807e6,-1.1125219501758008,-0.8619484131774695,TIME_LIMIT,373158,0,0,10,8
5,8,1.630868e6,-1.1125205577331778,-0.8619484131774695,TIME_LIMIT,373175,0,0,2,4
5,8,1.630944e6,-1.1125205577331778,-0.8619484131774695,TIME_LIMIT,373195,0,0,11,1
5,8,1.631067e6,-1.1125161893484043,-0.8619484131774695,TIME_LIMIT,373210,0,0,10,6
5,8,1.631221e6,-1.1125161893484043,-0.8619484131774695,TIME_LIMIT,373231,0,0,9,10
5,8,1.631304e6,-1.1124880958176158,-0.8619484131774695,TIME_LIMIT,373242,0,0,3,5
5,8,1.63135e6,-1.1124880958176158,-0.8619484131774695,TIME_LIMIT,373260,0,0,12,4
5,8,1.631442e6,-1.1124869169299247,-0.8619484131774695,TIME_LIMIT,373279,0,0,12,5
5,8,1.631553e6,-1.1124869169299247,-0.8619484131774695,TIME_LIMIT,373298,0,0,18,29
5,8,1.631761e6,-1.1124768886433998,-0.8619484131774695,TIME_LIMIT,373331,0,0,5,11
5,8,1.631843e6,-1.1124768886433998,-0.8619484131774695,TIME_LIMIT,373353,0,0,10,19
5,8,1.631936e6,-1.1124723961209262,-0.8619484131774695,TIME_LIMIT,373388,0,0,8,8
5,8,1.632063e6,-1.1124723961209262,-0.8619484131774695,TIME_LIMIT,373412,0,0,7,12
5,8,1.632189e6,-1.1124701152947751,-0.8619484131774695,TIME_LIMIT,373445,0,0,12,10
5,8,1.632392e6,-1.1124701152947751,-0.8619484131774695,TIME_LIMIT,373468,0,0,19,41
5,8,1.632579e6,-1.1124680242455753,-0.8619484131774695,TIME_LIMIT,373511,0,0,20,11
5,8,1.632654e6,-1.1124680242455753,-0.8619484131774695,TIME_LIMIT,373529,0,0,5,7
5,8,1.632682e6,-1.1124672268737763,-0.8619484131774695,TIME_LIMIT,373543,0,0,6,1
5,8,1.632763e6,-1.1124672268737763,-0.8619484131774695,TIME_LIMIT,373559,0,0,10,13
5,8,1.632892e6,-1.1124650791422324,-0.8619484131774695,TIME_LIMIT,373587,0,0,10,8
5,8,1.633037e6,-1.1124650791422324,-0.8619484131774695,TIME_LIMIT,373614,0,0,8,19
5,8,1.633248e6,-1.112463916401707,-0.8619484131774695,TIME_LIMIT,373645,0,0,14,11
5,8,1.633442e6,-1.112463916401707,-0.8619484131774695,TIME_LIMIT,373670,0,0,15,13
5,8,1.633599e6,-1.1124603572196574,-0.8619484131774695,TIME_LIMIT,373701,0,0,15,12
5,8,1.633841e6,-1.1124603572196574,-0.8619484131774695,TIME_LIMIT,373728,0,0,11,16
5,8,1.63395e6,-1.1124345249895304,-0.8619484131774695,TIME_LIMIT,373754,0,0,5,7
5,8,1.634176e6,-1.1124345249895304,-0.8619484131774695,TIME_LIMIT,373778,0,0,19,26
5,8,1.634385e6,-1.1124331653438921,-0.8619484131774695,TIME_LIMIT,373817,0,0,15,8
5,8,1.63449e6,-1.1124331653438921,-0.8619484131774695,TIME_LIMIT,373836,0,0,12,8
5,8,1.634615e6,-1.112433051341187,-0.8619484131774695,TIME_LIMIT,373869,0,0,12,8
5,8,1.634723e6,-1.112433051341187,-0.8619484131774695,TIME_LIMIT,373890,0,0,17,20
5,8,1.634985e6,-1.112412227359336,-0.8619484131774695,TIME_LIMIT,373929,0,0,16,15
5,8,1.635122e6,-1.112412227359336,-0.8619484131774695,TIME_LIMIT,373953,0,0,16,16
5,8,1.635223e6,-1.1124061606755613,-0.8619484131774695,TIME_LIMIT,373974,0,0,9,9
5,8,1.63532e6,-1.1124061606755613,-0.8619484131774695,TIME_LIMIT,373996,0,0,13,8
5,8,1.635435e6,-1.1124052387569527,-0.8619484131774695,TIME_LIMIT,374029,0,0,10,6
5,8,1.635524e6,-1.1124052387569527,-0.8619484131774695,TIME_LIMIT,374048,0,0,12,20
5,8,1.635629e6,-1.1124035439861668,-0.8619484131774695,TIME_LIMIT,374075,0,0,6,10
5,8,1.635705e6,-1.1124035439861668,-0.8619484131774695,TIME_LIMIT,374095,0,0,20,15
5,8,1.635817e6,-1.1124034518025052,-0.8619484131774695,TIME_LIMIT,374127,0,0,14,10
5,8,1.635921e6,-1.1124034518025052,-0.8619484131774695,TIME_LIMIT,374149,0,0,9,19
5,8,1.636025e6,-1.112402465400985,-0.8619484131774695,TIME_LIMIT,374185,0,0,12,6
5,8,1.636231e6,-1.112402465400985,-0.8619484131774695,TIME_LIMIT,374217,0,0,20,12
5,8,1.636459e6,-1.1123938187015845,-0.8619484131774695,TIME_LIMIT,374253,0,0,14,13
5,8,1.636678e6,-1.1123938187015845,-0.8619484131774695,TIME_LIMIT,374273,0,0,10,10
5,8,1.636753e6,-1.1123655866258015,-0.8619484131774695,TIME_LIMIT,374299,0,0,8,5
5,8,1.636979e6,-1.1123655866258015,-0.8619484131774695,TIME_LIMIT,374327,0,0,15,25
5,8,1.637187e6,-1.1123633788275589,-0.8619484131774695,TIME_LIMIT,374352,0,0,7,8
5,8,1.637413e6,-1.1123633788275589,-0.8619484131774695,TIME_LIMIT,374372,0,0,6,17
5,8,1.63763e6,-1.112359450054683,-0.8619484131774695,TIME_LIMIT,374411,0,0,13,10
5,8,1.637852e6,-1.112359450054683,-0.8619484131774695,TIME_LIMIT,374439,0,0,18,10
5,8,1.637984e6,-1.1123530496241583,-0.8619484131774695,TIME_LIMIT,374475,0,0,12,8
5,8,1.638163e6,-1.1123530496241583,-0.8619484131774695,TIME_LIMIT,374503,0,0,13,11
5,8,1.638289e6,-1.1123518799979402,-0.8619484131774695,TIME_LIMIT,374529,0,0,12,5
5,8,1.63843e6,-1.1123518799979402,-0.8619484131774695,TIME_LIMIT,374552,0,0,14,5
5,8,1.638572e6,-1.1123377862893833,-0.8619484131774695,TIME_LIMIT,374576,0,0,18,10
5,8,1.638686e6,-1.1123377862893833,-0.8619484131774695,TIME_LIMIT,374603,0,0,15,10
5,8,1.638799e6,-1.1123316858828183,-0.8619484131774695,TIME_LIMIT,374620,0,0,9,3
5,8,1.638951e6,-1.1123316858828183,-0.8619484131774695,TIME_LIMIT,374646,0,0,6,17
5,8,1.639117e6,-1.1123227293374316,-0.8619484131774695,TIME_LIMIT,374684,0,0,17,10
5,8,1.639196e6,-1.1123227293374316,-0.8619484131774695,TIME_LIMIT,374701,0,0,12,15
5,8,1.63925e6,-1.1123173739907357,-0.8619484131774695,TIME_LIMIT,374726,0,0,10,3
5,8,1.639401e6,-1.1123173739907357,-0.8619484131774695,TIME_LIMIT,374741,0,0,5,6
5,8,1.63943e6,-1.1123162446236907,-0.8619484131774695,TIME_LIMIT,374760,0,0,7,4
5,8,1.639507e6,-1.1123162446236907,-0.8619484131774695,TIME_LIMIT,374779,0,0,11,8
5,8,1.639611e6,-1.1123154379681663,-0.8619484131774695,TIME_LIMIT,374796,0,0,13,7
5,8,1.639818e6,-1.1123154379681663,-0.8619484131774695,TIME_LIMIT,374818,0,0,17,10
5,8,1.639983e6,-1.1123066571765836,-0.8619484131774695,TIME_LIMIT,374850,0,0,15,9
5,8,1.640025e6,-1.1123066571765836,-0.8619484131774695,TIME_LIMIT,374875,0,0,14,12
5,8,1.640119e6,-1.1123043203566583,-0.8619484131774695,TIME_LIMIT,374898,0,0,15,8
5,8,1.640337e6,-1.1123043203566583,-0.8619484131774695,TIME_LIMIT,374923,0,0,10,17
5,8,1.640556e6,-1.1122993300281983,-0.8619484131774695,TIME_LIMIT,374951,0,0,7,7
5,8,1.640761e6,-1.1122993300281983,-0.8619484131774695,TIME_LIMIT,374974,0,0,17,20
5,8,1.640897e6,-1.1122911462307457,-0.8619484131774695,TIME_LIMIT,375007,0,0,12,6
5,8,1.640989e6,-1.1122911462307457,-0.8619484131774695,TIME_LIMIT,375031,0,0,10,12
5,8,1.64104e6,-1.1122890007451707,-0.8619484131774695,TIME_LIMIT,375050,0,0,8,4
5,8,1.641123e6,-1.1122890007451707,-0.8619484131774695,TIME_LIMIT,375070,0,0,11,7
5,8,1.641224e6,-1.1122841203852856,-0.8619484131774695,TIME_LIMIT,375094,0,0,8,5
5,8,1.641291e6,-1.1122841203852856,-0.8619484131774695,TIME_LIMIT,375115,0,0,5,8
5,8,1.641313e6,-1.1122821738484907,-0.8619484131774695,TIME_LIMIT,375127,0,0,4,2
5,8,1.641489e6,-1.1122821738484907,-0.8619484131774695,TIME_LIMIT,375155,0,0,20,16
5,8,1.641583e6,-1.1122733970190755,-0.8619484131774695,TIME_LIMIT,375192,0,0,12,10
5,8,1.641647e6,-1.1122733970190755,-0.8619484131774695,TIME_LIMIT,375218,0,0,17,10
5,8,1.641752e6,-1.112260902540788,-0.8619484131774695,TIME_LIMIT,375249,0,0,12,6
5,8,1.641974e6,-1.112260902540788,-0.8619484131774695,TIME_LIMIT,375272,0,0,10,11
5,8,1.642047e6,-1.1122578936459915,-0.8619484131774695,TIME_LIMIT,375283,0,0,7,4
5,8,1.642104e6,-1.1122578936459915,-0.8619484131774695,TIME_LIMIT,375309,0,0,15,13
5,8,1.642262e6,-1.112255166477627,-0.8619484131774695,TIME_LIMIT,375334,0,0,21,14
5,8,1.642472e6,-1.112255166477627,-0.8619484131774695,TIME_LIMIT,375357,0,0,17,12
5,8,1.642733e6,-1.1122534301997797,-0.8619484131774695,TIME_LIMIT,375381,0,0,16,5
5,8,1.642862e6,-1.1122534301997797,-0.8619484131774695,TIME_LIMIT,375407,0,0,13,9
5,8,1.642939e6,-1.1122478224354628,-0.8619484131774695,TIME_LIMIT,375426,0,0,7,7
5,8,1.643126e6,-1.1122478224354628,-0.8619484131774695,TIME_LIMIT,375448,0,0,8,7
5,8,1.643209e6,-1.1122460234745222,-0.8619484131774695,TIME_LIMIT,375468,0,0,6,2
5,8,1.64327e6,-1.1122460234745222,-0.8619484131774695,TIME_LIMIT,375490,0,0,7,6
5,8,1.643373e6,-1.112233036490264,-0.8619484131774695,TIME_LIMIT,375507,0,0,12,2
5,8,1.643549e6,-1.112233036490264,-0.8619484131774695,TIME_LIMIT,375537,0,0,14,8
5,8,1.643743e6,-1.1122215346112747,-0.8619484131774695,TIME_LIMIT,375567,0,0,10,12
5,8,1.643778e6,-1.1122215346112747,-0.8619484131774695,TIME_LIMIT,375589,0,0,9,11
5,8,1.643854e6,-1.1122206171998374,-0.8619484131774695,TIME_LIMIT,375609,0,0,10,11
5,8,1.644052e6,-1.1122206171998374,-0.8619484131774695,TIME_LIMIT,375639,0,0,20,16
5,8,1.644132e6,-1.1122171871363462,-0.8619484131774695,TIME_LIMIT,375663,0,0,10,9
5,8,1.644209e6,-1.1122171871363462,-0.8619484131774695,TIME_LIMIT,375682,0,0,10,1
5,8,1.644237e6,-1.1122010155600899,-0.8619484131774695,TIME_LIMIT,375693,0,0,4,2
5,8,1.644288e6,-1.1122010155600899,-0.8619484131774695,TIME_LIMIT,375716,0,0,10,3
5,8,1.644363e6,-1.112193792238547,-0.8619484131774695,TIME_LIMIT,375731,0,0,1,2
5,8,1.644417e6,-1.112193792238547,-0.8619484131774695,TIME_LIMIT,375752,0,0,8,11
5,8,1.644489e6,-1.1121937137363407,-0.8619484131774695,TIME_LIMIT,375773,0,0,6,4
5,8,1.64453e6,-1.1121937137363407,-0.8619484131774695,TIME_LIMIT,375794,0,0,12,23
5,8,1.644758e6,-1.1121858379864766,-0.8619484131774695,TIME_LIMIT,375821,0,0,13,12
5,8,1.644914e6,-1.1121858379864766,-0.8619484131774695,TIME_LIMIT,375847,0,0,9,10
5,8,1.645023e6,-1.1121857435033684,-0.8619484131774695,TIME_LIMIT,375876,0,0,11,8
5,8,1.645105e6,-1.1121857435033684,-0.8619484131774695,TIME_LIMIT,375899,0,0,13,3
5,8,1.645202e6,-1.1121821777517888,-0.8619484131774695,TIME_LIMIT,375923,0,0,11,9
5,8,1.645356e6,-1.1121821777517888,-0.8619484131774695,TIME_LIMIT,375948,0,0,14,17
5,8,1.645421e6,-1.1121739758903035,-0.8619484131774695,TIME_LIMIT,375972,0,0,15,2
5,8,1.645535e6,-1.1121739758903035,-0.8619484131774695,TIME_LIMIT,375992,0,0,17,11
5,8,1.645624e6,-1.112172497542236,-0.8619484131774695,TIME_LIMIT,376021,0,0,10,8
5,8,1.645848e6,-1.112172497542236,-0.8619484131774695,TIME_LIMIT,376046,0,0,21,25
5,8,1.646072e6,-1.1121713722952629,-0.8619484131774695,TIME_LIMIT,376081,0,0,13,13
5,8,1.646239e6,-1.1121713722952629,-0.8619484131774695,TIME_LIMIT,376103,0,0,14,12
5,8,1.646408e6,-1.1121672955470108,-0.8619484131774695,TIME_LIMIT,376138,0,0,7,8
5,8,1.646476e6,-1.1121672955470108,-0.8619484131774695,TIME_LIMIT,376159,0,0,9,9
5,8,1.646536e6,-1.1121649730987837,-0.8619484131774695,TIME_LIMIT,376178,0,0,11,4
5,8,1.646788e6,-1.1121649730987837,-0.8619484131774695,TIME_LIMIT,376196,0,0,14,13
5,8,1.647057e6,-1.11216440458618,-0.8619484131774695,TIME_LIMIT,376227,0,0,14,8
5,8,1.647281e6,-1.11216440458618,-0.8619484131774695,TIME_LIMIT,376255,0,0,6,5
5,8,1.647384e6,-1.1121630421678477,-0.8619484131774695,TIME_LIMIT,376280,0,0,14,5
5,8,1.647482e6,-1.1121630421678477,-0.8619484131774695,TIME_LIMIT,376301,0,0,17,11
5,8,1.647559e6,-1.1121595230445358,-0.8619484131774695,TIME_LIMIT,376325,0,0,9,5
5,8,1.647687e6,-1.1121595230445358,-0.8619484131774695,TIME_LIMIT,376349,0,0,17,18
5,8,1.647796e6,-1.1121495896583553,-0.8619484131774695,TIME_LIMIT,376383,0,0,12,2
5,8,1.647984e6,-1.1121495896583553,-0.8619484131774695,TIME_LIMIT,376410,0,0,25,36
5,8,1.648178e6,-1.1121435750990192,-0.8619484131774695,TIME_LIMIT,376451,0,0,16,15
5,8,1.648252e6,-1.1121435750990192,-0.8619484131774695,TIME_LIMIT,376474,0,0,11,7
5,8,1.648368e6,-1.1121317673083655,-0.8619484131774695,TIME_LIMIT,376489,0,0,7,4
5,8,1.648573e6,-1.1121317673083655,-0.8619484131774695,TIME_LIMIT,376520,0,0,19,11
5,8,1.648752e6,-1.1121284431182132,-0.8619484131774695,TIME_LIMIT,376541,0,0,6,11
5,8,1.648861e6,-1.1121284431182132,-0.8619484131774695,TIME_LIMIT,376565,0,0,15,15
5,8,1.649032e6,-1.1121259871549611,-0.8619484131774695,TIME_LIMIT,376590,0,0,9,6
5,8,1.649162e6,-1.1121259871549611,-0.8619484131774695,TIME_LIMIT,376614,0,0,10,24
5,8,1.649273e6,-1.1121254459497107,-0.8619484131774695,TIME_LIMIT,376650,0,0,15,8
5,8,1.649348e6,-1.1121254459497107,-0.8619484131774695,TIME_LIMIT,376666,0,0,11,5
5,8,1.649458e6,-1.1121252509531034,-0.8619484131774695,TIME_LIMIT,376693,0,0,9,8
5,8,1.649575e6,-1.1121252509531034,-0.8619484131774695,TIME_LIMIT,376718,0,0,16,15
5,8,1.649693e6,-1.1121172541193207,-0.8619484131774695,TIME_LIMIT,376749,0,0,7,10
5,8,1.649773e6,-1.1121172541193207,-0.8619484131774695,TIME_LIMIT,376776,0,0,11,11
5,8,1.649863e6,-1.1121157461418103,-0.8619484131774695,TIME_LIMIT,376793,0,0,10,8
5,8,1.649971e6,-1.1121157461418103,-0.8619484131774695,TIME_LIMIT,376820,0,0,15,14
5,8,1.650096e6,-1.1121104665276125,-0.8619484131774695,TIME_LIMIT,376845,0,0,16,9
5,8,1.650194e6,-1.1121104665276125,-0.8619484131774695,TIME_LIMIT,376873,0,0,11,15
5,8,1.650269e6,-1.112103803038977,-0.8619484131774695,TIME_LIMIT,376900,0,0,9,5
5,8,1.650479e6,-1.112103803038977,-0.8619484131774695,TIME_LIMIT,376930,0,0,22,19
5,8,1.650621e6,-1.112103219049858,-0.8619484131774695,TIME_LIMIT,376953,0,0,15,7
5,8,1.65068e6,-1.112103219049858,-0.8619484131774695,TIME_LIMIT,376974,0,0,16,4
5,8,1.650753e6,-1.1120922104129258,-0.8619484131774695,TIME_LIMIT,376996,0,0,8,2
5,8,1.650926e6,-1.1120922104129258,-0.8619484131774695,TIME_LIMIT,377020,0,0,21,12
5,8,1.651066e6,-1.112090685444308,-0.8619484131774695,TIME_LIMIT,377054,0,0,11,9
5,8,1.651162e6,-1.112090685444308,-0.8619484131774695,TIME_LIMIT,377078,0,0,6,5
5,8,1.651347e6,-1.1120897807040204,-0.8619484131774695,TIME_LIMIT,377099,0,0,9,5
5,8,1.651538e6,-1.1120897807040204,-0.8619484131774695,TIME_LIMIT,377122,0,0,16,27
5,8,1.651747e6,-1.1120823170148255,-0.8619484131774695,TIME_LIMIT,377160,0,0,7,13
5,8,1.651825e6,-1.1120823170148255,-0.8619484131774695,TIME_LIMIT,377178,0,0,10,8
5,8,1.651884e6,-1.112073565253727,-0.8619484131774695,TIME_LIMIT,377194,0,0,4,2
5,8,1.651964e6,-1.112073565253727,-0.8619484131774695,TIME_LIMIT,377215,0,0,6,12
5,8,1.651996e6,-1.1120688683891589,-0.8619484131774695,TIME_LIMIT,377232,0,0,8,2
5,8,1.652107e6,-1.1120688683891589,-0.8619484131774695,TIME_LIMIT,377254,0,0,7,11
5,8,1.652199e6,-1.1120659139977047,-0.8619484131774695,TIME_LIMIT,377284,0,0,8,9
5,8,1.652384e6,-1.1120659139977047,-0.8619484131774695,TIME_LIMIT,377308,0,0,13,15
5,8,1.652535e6,-1.112062519476396,-0.8619484131774695,TIME_LIMIT,377338,0,0,18,5
5,8,1.652624e6,-1.112062519476396,-0.8619484131774695,TIME_LIMIT,377357,0,0,14,13
5,8,1.652745e6,-1.112062417795354,-0.8619484131774695,TIME_LIMIT,377388,0,0,10,2
5,8,1.652943e6,-1.112062417795354,-0.8619484131774695,TIME_LIMIT,377417,0,0,14,17
5,8,1.653182e6,-1.1120605175273934,-0.8619484131774695,TIME_LIMIT,377444,0,0,16,15
5,8,1.653415e6,-1.1120605175273934,-0.8619484131774695,TIME_LIMIT,377473,0,0,12,14
5,8,1.65359e6,-1.1120598882853465,-0.8619484131774695,TIME_LIMIT,377494,0,0,11,8
5,8,1.653702e6,-1.1120598882853465,-0.8619484131774695,TIME_LIMIT,377521,0,0,13,5
5,8,1.653786e6,-1.112055066100027,-0.8619484131774695,TIME_LIMIT,377540,0,0,12,5
5,8,1.653853e6,-1.112055066100027,-0.8619484131774695,TIME_LIMIT,377552,0,0,11,10
5,8,1.653896e6,-1.1120536645112993,-0.8619484131774695,TIME_LIMIT,377572,0,0,8,5
5,8,1.654007e6,-1.1120536645112993,-0.8619484131774695,TIME_LIMIT,377594,0,0,21,20
5,8,1.654166e6,-1.1120424930165647,-0.8619484131774695,TIME_LIMIT,377629,0,0,16,9
5,8,1.654253e6,-1.1120424930165647,-0.8619484131774695,TIME_LIMIT,377650,0,0,5,19
5,8,1.654415e6,-1.112034839579764,-0.8619484131774695,TIME_LIMIT,377681,0,0,11,9
5,8,1.654481e6,-1.112034839579764,-0.8619484131774695,TIME_LIMIT,377698,0,0,6,7
5,8,1.654702e6,-1.1120283227345822,-0.8619484131774695,TIME_LIMIT,377729,0,0,14,9
5,8,1.65478e6,-1.1120283227345822,-0.8619484131774695,TIME_LIMIT,377751,0,0,13,6
5,8,1.654923e6,-1.1120169495440002,-0.8619484131774695,TIME_LIMIT,377784,0,0,13,10
5,8,1.655055e6,-1.1120169495440002,-0.8619484131774695,TIME_LIMIT,377804,0,0,14,14
5,8,1.655238e6,-1.1120167520163893,-0.8619484131774695,TIME_LIMIT,377839,0,0,13,9
5,8,1.655368e6,-1.1120167520163893,-0.8619484131774695,TIME_LIMIT,377865,0,0,9,21
5,8,1.655631e6,-1.1120124195708962,-0.8619484131774695,TIME_LIMIT,377902,0,0,13,19
5,8,1.65578e6,-1.1120124195708962,-0.8619484131774695,TIME_LIMIT,377926,0,0,19,16
5,8,1.655974e6,-1.1120116156388424,-0.8619484131774695,TIME_LIMIT,377960,0,0,9,7
5,8,1.656089e6,-1.1120116156388424,-0.8619484131774695,TIME_LIMIT,377980,0,0,7,10
5,8,1.656168e6,-1.1119909725968138,-0.8619484131774695,TIME_LIMIT,378000,0,0,5,2
5,8,1.656235e6,-1.1119909725968138,-0.8619484131774695,TIME_LIMIT,378018,0,0,6,6
5,8,1.656318e6,-1.1119888595148866,-0.8619484131774695,TIME_LIMIT,378041,0,0,4,2
5,8,1.656452e6,-1.1119888595148866,-0.8619484131774695,TIME_LIMIT,378064,0,0,6,18
5,8,1.656617e6,-1.1119873533901854,-0.8619484131774695,TIME_LIMIT,378101,0,0,13,14
5,8,1.656829e6,-1.1119873533901854,-0.8619484131774695,TIME_LIMIT,378129,0,0,11,17
5,8,1.656986e6,-1.1119854777274916,-0.8619484131774695,TIME_LIMIT,378159,0,0,16,18
5,8,1.65717e6,-1.1119854777274916,-0.8619484131774695,TIME_LIMIT,378181,0,0,14,14
5,8,1.657269e6,-1.1119723784220965,-0.8619484131774695,TIME_LIMIT,378208,0,0,12,2
5,8,1.657322e6,-1.1119723784220965,-0.8619484131774695,TIME_LIMIT,378224,0,0,14,6
5,8,1.657421e6,-1.1119650254125273,-0.8619484131774695,TIME_LIMIT,378241,0,0,8,4
5,8,1.657491e6,-1.1119650254125273,-0.8619484131774695,TIME_LIMIT,378262,0,0,13,9
5,8,1.657593e6,-1.1119618922237147,-0.8619484131774695,TIME_LIMIT,378286,0,0,7,5
5,8,1.657815e6,-1.1119618922237147,-0.8619484131774695,TIME_LIMIT,378309,0,0,16,27
5,8,1.657949e6,-1.1119614650030225,-0.8619484131774695,TIME_LIMIT,378335,0,0,13,14
5,8,1.658025e6,-1.1119614650030225,-0.8619484131774695,TIME_LIMIT,378349,0,0,9,8
5,8,1.658069e6,-1.1119589535742016,-0.8619484131774695,TIME_LIMIT,378370,0,0,9,4
5,8,1.658172e6,-1.1119589535742016,-0.8619484131774695,TIME_LIMIT,378384,0,0,6,6
5,8,1.65825e6,-1.1119548582715664,-0.8619484131774695,TIME_LIMIT,378410,0,0,10,4
5,8,1.658414e6,-1.1119548582715664,-0.8619484131774695,TIME_LIMIT,378432,0,0,16,9
5,8,1.658615e6,-1.1119401101835469,-0.8619484131774695,TIME_LIMIT,378475,0,0,7,11
5,8,1.658746e6,-1.1119401101835469,-0.8619484131774695,TIME_LIMIT,378500,0,0,8,8
5,8,1.658839e6,-1.111937956080939,-0.8619484131774695,TIME_LIMIT,378522,0,0,7,12
5,8,1.658965e6,-1.111937956080939,-0.8619484131774695,TIME_LIMIT,378543,0,0,18,10
5,8,1.65905e6,-1.111930430786511,-0.8619484131774695,TIME_LIMIT,378572,0,0,4,9
5,8,1.659161e6,-1.111930430786511,-0.8619484131774695,TIME_LIMIT,378590,0,0,6,8
5,8,1.659346e6,-1.1119247879579643,-0.8619484131774695,TIME_LIMIT,378621,0,0,12,8
5,8,1.659614e6,-1.1119247879579643,-0.8619484131774695,TIME_LIMIT,378649,0,0,11,25
5,8,1.659823e6,-1.1119241028600508,-0.8619484131774695,TIME_LIMIT,378690,0,0,15,12
5,8,1.659883e6,-1.1119241028600508,-0.8619484131774695,TIME_LIMIT,378709,0,0,11,7
5,8,1.659924e6,-1.1119215238528317,-0.8619484131774695,TIME_LIMIT,378730,0,0,8,6
5,8,1.660099e6,-1.1119215238528317,-0.8619484131774695,TIME_LIMIT,378752,0,0,9,9
5,8,1.660193e6,-1.1119048049317959,-0.8619484131774695,TIME_LIMIT,378773,0,0,6,3
5,8,1.660396e6,-1.1119048049317959,-0.8619484131774695,TIME_LIMIT,378796,0,0,12,13
5,8,1.660617e6,-1.1119047998867904,-0.8619484131774695,TIME_LIMIT,378837,0,0,7,7
5,8,1.660686e6,-1.1119047998867904,-0.8619484131774695,TIME_LIMIT,378852,0,0,7,14
5,8,1.660762e6,-1.1119046726251622,-0.8619484131774695,TIME_LIMIT,378875,0,0,9,7
5,8,1.660907e6,-1.1119046726251622,-0.8619484131774695,TIME_LIMIT,378898,0,0,11,25
5,8,1.66096e6,-1.1119027587097432,-0.8619484131774695,TIME_LIMIT,378918,0,0,5,3
5,8,1.661028e6,-1.1119027587097432,-0.8619484131774695,TIME_LIMIT,378936,0,0,9,15
5,8,1.661072e6,-1.1118974285598509,-0.8619484131774695,TIME_LIMIT,378959,0,0,12,4
5,8,1.661154e6,-1.1118974285598509,-0.8619484131774695,TIME_LIMIT,378977,0,0,16,14
5,8,1.661255e6,-1.1118935237742782,-0.8619484131774695,TIME_LIMIT,379001,0,0,12,6
5,8,1.661346e6,-1.1118935237742782,-0.8619484131774695,TIME_LIMIT,379025,0,0,10,11
5,8,1.661448e6,-1.1118878236543812,-0.8619484131774695,TIME_LIMIT,379042,0,0,11,2
5,8,1.661546e6,-1.1118878236543812,-0.8619484131774695,TIME_LIMIT,379060,0,0,15,10
5,8,1.661582e6,-1.1118862775312999,-0.8619484131774695,TIME_LIMIT,379083,0,0,9,3
5,8,1.661796e6,-1.1118862775312999,-0.8619484131774695,TIME_LIMIT,379109,0,0,19,22
5,8,1.661998e6,-1.1118686101510349,-0.8619484131774695,TIME_LIMIT,379142,0,0,10,7
5,8,1.662159e6,-1.1118686101510349,-0.8619484131774695,TIME_LIMIT,379167,0,0,5,11
5,8,1.662296e6,-1.111867870549906,-0.8619484131774695,TIME_LIMIT,379188,0,0,13,6
5,8,1.662366e6,-1.111867870549906,-0.8619484131774695,TIME_LIMIT,379208,0,0,7,5
5,8,1.662487e6,-1.111864132965061,-0.8619484131774695,TIME_LIMIT,379225,0,0,7,5
5,8,1.662562e6,-1.111864132965061,-0.8619484131774695,TIME_LIMIT,379250,0,0,10,6
5,8,1.662631e6,-1.1118598913742646,-0.8619484131774695,TIME_LIMIT,379264,0,0,5,9
5,8,1.662761e6,-1.1118598913742646,-0.8619484131774695,TIME_LIMIT,379285,0,0,18,19
5,8,1.662939e6,-1.1118375556320381,-0.8619484131774695,TIME_LIMIT,379319,0,0,7,9
5,8,1.663157e6,-1.1118375556320381,-0.8619484131774695,TIME_LIMIT,379346,0,0,10,10
5,8,1.663273e6,-1.1118358360785292,-0.8619484131774695,TIME_LIMIT,379372,0,0,11,10
5,8,1.663477e6,-1.1118358360785292,-0.8619484131774695,TIME_LIMIT,379396,0,0,15,32
5,8,1.663685e6,-1.1118326559056282,-0.8619484131774695,TIME_LIMIT,379439,0,0,8,14
5,8,1.663772e6,-1.1118326559056282,-0.8619484131774695,TIME_LIMIT,379461,0,0,12,12
5,8,1.663875e6,-1.111832301549672,-0.8619484131774695,TIME_LIMIT,379487,0,0,8,6
5,8,1.664077e6,-1.111832301549672,-0.8619484131774695,TIME_LIMIT,379516,0,0,14,10
5,8,1.664277e6,-1.1118234275653873,-0.8619484131774695,TIME_LIMIT,379539,0,0,9,8
5,8,1.664369e6,-1.1118234275653873,-0.8619484131774695,TIME_LIMIT,379570,0,0,13,12
5,8,1.664453e6,-1.1118193817500877,-0.8619484131774695,TIME_LIMIT,379589,0,0,6,13
5,8,1.664541e6,-1.1118193817500877,-0.8619484131774695,TIME_LIMIT,379612,0,0,10,7
5,8,1.664596e6,-1.111817247160087,-0.8619484131774695,TIME_LIMIT,379641,0,0,15,9
5,8,1.664809e6,-1.111817247160087,-0.8619484131774695,TIME_LIMIT,379668,0,0,9,15
5,8,1.66505e6,-1.1118136041221587,-0.8619484131774695,TIME_LIMIT,379699,0,0,15,4
5,8,1.665189e6,-1.1118136041221587,-0.8619484131774695,TIME_LIMIT,379723,0,0,13,17
5,8,1.665307e6,-1.1118096659876897,-0.8619484131774695,TIME_LIMIT,379751,0,0,10,9
5,8,1.665368e6,-1.1118096659876897,-0.8619484131774695,TIME_LIMIT,379769,0,0,7,5
5,8,1.665403e6,-1.1118055305869152,-0.8619484131774695,TIME_LIMIT,379779,0,0,3,1
5,8,1.665485e6,-1.1118055305869152,-0.8619484131774695,TIME_LIMIT,379804,0,0,13,2
5,8,1.665526e6,-1.11179937649288,-0.8619484131774695,TIME_LIMIT,379816,0,0,7,1
5,8,1.665685e6,-1.11179937649288,-0.8619484131774695,TIME_LIMIT,379836,0,0,18,21
5,8,1.665869e6,-1.111794731038823,-0.8619484131774695,TIME_LIMIT,379874,0,0,15,5
5,8,1.666022e6,-1.111794731038823,-0.8619484131774695,TIME_LIMIT,379899,0,0,17,21
5,8,1.666225e6,-1.111788839657867,-0.8619484131774695,TIME_LIMIT,379923,0,0,15,13
5,8,1.666413e6,-1.111788839657867,-0.8619484131774695,TIME_LIMIT,379953,0,0,11,11
5,8,1.666508e6,-1.111787726256328,-0.8619484131774695,TIME_LIMIT,379984,0,0,13,6
5,8,1.666621e6,-1.111787726256328,-0.8619484131774695,TIME_LIMIT,380010,0,0,25,19
5,8,1.666785e6,-1.1117797307223527,-0.8619484131774695,TIME_LIMIT,380048,0,0,4,8
5,8,1.667035e6,-1.1117797307223527,-0.8619484131774695,TIME_LIMIT,380073,0,0,14,23
5,8,1.667126e6,-1.1117725926881554,-0.8619484131774695,TIME_LIMIT,380097,0,0,17,15
5,8,1.667247e6,-1.1117725926881554,-0.8619484131774695,TIME_LIMIT,380118,0,0,15,9
5,8,1.667327e6,-1.111767266633009,-0.8619484131774695,TIME_LIMIT,380134,0,0,9,4
5,8,1.667374e6,-1.111767266633009,-0.8619484131774695,TIME_LIMIT,380150,0,0,18,17
5,8,1.667534e6,-1.111762802056538,-0.8619484131774695,TIME_LIMIT,380183,0,0,11,5
5,8,1.667696e6,-1.111762802056538,-0.8619484131774695,TIME_LIMIT,380206,0,0,16,21
5,8,1.667929e6,-1.1117627342344578,-0.8619484131774695,TIME_LIMIT,380242,0,0,13,13
5,8,1.668012e6,-1.1117627342344578,-0.8619484131774695,TIME_LIMIT,380267,0,0,11,11
5,8,1.668112e6,-1.1117576865301189,-0.8619484131774695,TIME_LIMIT,380302,0,0,9,9
5,8,1.668313e6,-1.1117576865301189,-0.8619484131774695,TIME_LIMIT,380324,0,0,10,7
5,8,1.668405e6,-1.1117471260653198,-0.8619484131774695,TIME_LIMIT,380348,0,0,7,7
5,8,1.668612e6,-1.1117471260653198,-0.8619484131774695,TIME_LIMIT,380373,0,0,13,6
5,8,1.668679e6,-1.111743172988152,-0.8619484131774695,TIME_LIMIT,380389,0,0,9,4
5,8,1.668747e6,-1.111743172988152,-0.8619484131774695,TIME_LIMIT,380415,0,0,16,7
5,8,1.668943e6,-1.1117349368928087,-0.8619484131774695,TIME_LIMIT,380439,0,0,7,7
5,8,1.669015e6,-1.1117349368928087,-0.8619484131774695,TIME_LIMIT,380463,0,0,5,5
5,8,1.669069e6,-1.1117346463729296,-0.8619484131774695,TIME_LIMIT,380479,0,0,5,3
5,8,1.66913e6,-1.1117346463729296,-0.8619484131774695,TIME_LIMIT,380504,0,0,13,7
5,8,1.669213e6,-1.1117275124724797,-0.8619484131774695,TIME_LIMIT,380525,0,0,14,6
5,8,1.669376e6,-1.1117275124724797,-0.8619484131774695,TIME_LIMIT,380550,0,0,5,9
5,8,1.669603e6,-1.1117274813342501,-0.8619484131774695,TIME_LIMIT,380578,0,0,18,19
5,8,1.669684e6,-1.1117274813342501,-0.8619484131774695,TIME_LIMIT,380603,0,0,14,14
5,8,1.669781e6,-1.1117136825568754,-0.8619484131774695,TIME_LIMIT,380630,0,0,8,6
5,8,1.669863e6,-1.1117136825568754,-0.8619484131774695,TIME_LIMIT,380647,0,0,16,13
5,8,1.66999e6,-1.1116984399561924,-0.8619484131774695,TIME_LIMIT,380682,0,0,2,7
5,8,1.670064e6,-1.1116984399561924,-0.8619484131774695,TIME_LIMIT,380707,0,0,4,5
5,8,1.670116e6,-1.1116968720004112,-0.8619484131774695,TIME_LIMIT,380726,0,0,10,5
5,8,1.670326e6,-1.1116968720004112,-0.8619484131774695,TIME_LIMIT,380755,0,0,9,17
5,8,1.670429e6,-1.1116830785644245,-0.8619484131774695,TIME_LIMIT,380776,0,0,5,6
5,8,1.670514e6,-1.1116830785644245,-0.8619484131774695,TIME_LIMIT,380800,0,0,12,22
5,8,1.670621e6,-1.111682594862768,-0.8619484131774695,TIME_LIMIT,380825,0,0,15,11
5,8,1.670662e6,-1.111682594862768,-0.8619484131774695,TIME_LIMIT,380842,0,0,15,8
5,8,1.670757e6,-1.1116810683223564,-0.8619484131774695,TIME_LIMIT,380865,0,0,4,4
5,8,1.670847e6,-1.1116810683223564,-0.8619484131774695,TIME_LIMIT,380883,0,0,9,10
5,8,1.671013e6,-1.1116726677918292,-0.8619484131774695,TIME_LIMIT,380918,0,0,8,8
5,8,1.671069e6,-1.1116726677918292,-0.8619484131774695,TIME_LIMIT,380934,0,0,5,8
5,8,1.671223e6,-1.1116676738450684,-0.8619484131774695,TIME_LIMIT,380954,0,0,7,4
5,8,1.671311e6,-1.1116676738450684,-0.8619484131774695,TIME_LIMIT,380975,0,0,17,22
5,8,1.671404e6,-1.1116596135880061,-0.8619484131774695,TIME_LIMIT,381007,0,0,11,10
5,8,1.671553e6,-1.1116596135880061,-0.8619484131774695,TIME_LIMIT,381033,0,0,10,21
5,8,1.671782e6,-1.1116561463664698,-0.8619484131774695,TIME_LIMIT,381068,0,0,14,8
5,8,1.671984e6,-1.1116561463664698,-0.8619484131774695,TIME_LIMIT,381094,0,0,17,18
5,8,1.672136e6,-1.1116473993995122,-0.8619484131774695,TIME_LIMIT,381125,0,0,7,5
5,8,1.672316e6,-1.1116473993995122,-0.8619484131774695,TIME_LIMIT,381156,0,0,21,20
5,8,1.672458e6,-1.111638759474432,-0.8619484131774695,TIME_LIMIT,381177,0,0,5,7
5,8,1.672554e6,-1.111638759474432,-0.8619484131774695,TIME_LIMIT,381195,0,0,10,11
5,8,1.672622e6,-1.111638737095104,-0.8619484131774695,TIME_LIMIT,381218,0,0,2,3
5,8,1.67272e6,-1.111638737095104,-0.8619484131774695,TIME_LIMIT,381245,0,0,13,8
5,8,1.672819e6,-1.1116364258012488,-0.8619484131774695,TIME_LIMIT,381265,0,0,10,6
5,8,1.672982e6,-1.1116364258012488,-0.8619484131774695,TIME_LIMIT,381295,0,0,4,6
5,8,1.67303e6,-1.1116243714806249,-0.8619484131774695,TIME_LIMIT,381310,0,0,7,4
5,8,1.67315e6,-1.1116243714806249,-0.8619484131774695,TIME_LIMIT,381330,0,0,14,9
5,8,1.673247e6,-1.111617518742568,-0.8619484131774695,TIME_LIMIT,381364,0,0,10,8
5,8,1.67346e6,-1.111617518742568,-0.8619484131774695,TIME_LIMIT,381386,0,0,15,6
5,8,1.673541e6,-1.111614054220589,-0.8619484131774695,TIME_LIMIT,381406,0,0,13,6
5,8,1.673638e6,-1.111614054220589,-0.8619484131774695,TIME_LIMIT,381427,0,0,16,7
5,8,1.67375e6,-1.1116135415459403,-0.8619484131774695,TIME_LIMIT,381457,0,0,10,5
5,8,1.673939e6,-1.1116135415459403,-0.8619484131774695,TIME_LIMIT,381490,0,0,10,5
5,8,1.674033e6,-1.11160339753906,-0.8619484131774695,TIME_LIMIT,381514,0,0,17,8
5,8,1.674179e6,-1.11160339753906,-0.8619484131774695,TIME_LIMIT,381541,0,0,8,31
5,8,1.674307e6,-1.1116030468840639,-0.8619484131774695,TIME_LIMIT,381580,0,0,18,16
5,8,1.674422e6,-1.1116030468840639,-0.8619484131774695,TIME_LIMIT,381603,0,0,24,21
5,8,1.674557e6,-1.1115918940114848,-0.8619484131774695,TIME_LIMIT,381643,0,0,13,17
5,8,1.674703e6,-1.1115918940114848,-0.8619484131774695,TIME_LIMIT,381664,0,0,6,3
5,8,1.674766e6,-1.1115889051721757,-0.8619484131774695,TIME_LIMIT,381685,0,0,9,6
5,8,1.674986e6,-1.1115889051721757,-0.8619484131774695,TIME_LIMIT,381706,0,0,18,16
5,8,1.675144e6,-1.1115793508364962,-0.8619484131774695,TIME_LIMIT,381737,0,0,10,12
5,8,1.675273e6,-1.1115793508364962,-0.8619484131774695,TIME_LIMIT,381761,0,0,8,16
5,8,1.675488e6,-1.1115789028246952,-0.8619484131774695,TIME_LIMIT,381796,0,0,5,11
5,8,1.675711e6,-1.1115789028246952,-0.8619484131774695,TIME_LIMIT,381827,0,0,11,13
5,8,1.67588e6,-1.111568893611476,-0.8619484131774695,TIME_LIMIT,381854,0,0,6,12
5,8,1.676007e6,-1.111568893611476,-0.8619484131774695,TIME_LIMIT,381883,0,0,22,9
5,8,1.676218e6,-1.1115632640961428,-0.8619484131774695,TIME_LIMIT,381912,0,0,16,11
5,8,1.676268e6,-1.1115632640961428,-0.8619484131774695,TIME_LIMIT,381935,0,0,10,7
5,8,1.676464e6,-1.111561820993476,-0.8619484131774695,TIME_LIMIT,381969,0,0,10,13
5,8,1.676636e6,-1.111561820993476,-0.8619484131774695,TIME_LIMIT,381987,0,0,18,12
5,8,1.67672e6,-1.111554726548184,-0.8619484131774695,TIME_LIMIT,382015,0,0,10,3
5,8,1.676789e6,-1.111554726548184,-0.8619484131774695,TIME_LIMIT,382033,0,0,11,8
5,8,1.676885e6,-1.111549661585658,-0.8619484131774695,TIME_LIMIT,382058,0,0,7,9
5,8,1.677004e6,-1.111549661585658,-0.8619484131774695,TIME_LIMIT,382085,0,0,16,10
5,8,1.677148e6,-1.111542613210151,-0.8619484131774695,TIME_LIMIT,382107,0,0,13,13
5,8,1.677237e6,-1.111542613210151,-0.8619484131774695,TIME_LIMIT,382128,0,0,4,13
5,8,1.677417e6,-1.1115367178316746,-0.8619484131774695,TIME_LIMIT,382151,0,0,8,5
5,8,1.677485e6,-1.1115367178316746,-0.8619484131774695,TIME_LIMIT,382175,0,0,8,31
5,8,1.677635e6,-1.1115309712359798,-0.8619484131774695,TIME_LIMIT,382208,0,0,12,9
5,8,1.67773e6,-1.1115309712359798,-0.8619484131774695,TIME_LIMIT,382224,0,0,8,10
5,8,1.677793e6,-1.1115193299417347,-0.8619484131774695,TIME_LIMIT,382247,0,0,6,8
5,8,1.677908e6,-1.1115193299417347,-0.8619484131774695,TIME_LIMIT,382275,0,0,14,11
5,8,1.678009e6,-1.1115192736859636,-0.8619484131774695,TIME_LIMIT,382307,0,0,17,12
5,8,1.678081e6,-1.1115192736859636,-0.8619484131774695,TIME_LIMIT,382323,0,0,8,14
5,8,1.678153e6,-1.1115160384906426,-0.8619484131774695,TIME_LIMIT,382351,0,0,9,6
5,8,1.678326e6,-1.1115160384906426,-0.8619484131774695,TIME_LIMIT,382374,0,0,17,13
5,8,1.678456e6,-1.1115133471629426,-0.8619484131774695,TIME_LIMIT,382410,0,0,8,8
5,8,1.678615e6,-1.1115133471629426,-0.8619484131774695,TIME_LIMIT,382438,0,0,11,18
5,8,1.678676e6,-1.1115070370759155,-0.8619484131774695,TIME_LIMIT,382461,0,0,6,9
5,8,1.678754e6,-1.1115070370759155,-0.8619484131774695,TIME_LIMIT,382482,0,0,10,15
5,8,1.678875e6,-1.1115032446408715,-0.8619484131774695,TIME_LIMIT,382515,0,0,12,7
5,8,1.679042e6,-1.1115032446408715,-0.8619484131774695,TIME_LIMIT,382548,0,0,21,19
5,8,1.679165e6,-1.111500739206864,-0.8619484131774695,TIME_LIMIT,382574,0,0,14,6
5,8,1.679278e6,-1.111500739206864,-0.8619484131774695,TIME_LIMIT,382593,0,0,9,7
5,8,1.679419e6,-1.1114970549363559,-0.8619484131774695,TIME_LIMIT,382615,0,0,8,6
5,8,1.679621e6,-1.1114970549363559,-0.8619484131774695,TIME_LIMIT,382644,0,0,12,16
5,8,1.679873e6,-1.111487211951668,-0.8619484131774695,TIME_LIMIT,382673,0,0,12,7
5,8,1.679947e6,-1.111487211951668,-0.8619484131774695,TIME_LIMIT,382697,0,0,15,8
5,8,1.680032e6,-1.1114871079640005,-0.8619484131774695,TIME_LIMIT,382718,0,0,5,3
5,8,1.68014e6,-1.1114871079640005,-0.8619484131774695,TIME_LIMIT,382739,0,0,12,13
5,8,1.680245e6,-1.1114830466828747,-0.8619484131774695,TIME_LIMIT,382769,0,0,10,6
5,8,1.680386e6,-1.1114830466828747,-0.8619484131774695,TIME_LIMIT,382794,0,0,9,11
5,8,1.680453e6,-1.1114793438089592,-0.8619484131774695,TIME_LIMIT,382810,0,0,9,4
5,8,1.680565e6,-1.1114793438089592,-0.8619484131774695,TIME_LIMIT,382834,0,0,13,15
5,8,1.680682e6,-1.1114791224883953,-0.8619484131774695,TIME_LIMIT,382857,0,0,14,10
5,8,1.680758e6,-1.1114791224883953,-0.8619484131774695,TIME_LIMIT,382880,0,0,13,15
5,8,1.680877e6,-1.1114729198963373,-0.8619484131774695,TIME_LIMIT,382908,0,0,9,12
5,8,1.680962e6,-1.1114729198963373,-0.8619484131774695,TIME_LIMIT,382927,0,0,12,14
5,8,1.681083e6,-1.111471907460409,-0.8619484131774695,TIME_LIMIT,382951,0,0,12,4
5,8,1.681161e6,-1.111471907460409,-0.8619484131774695,TIME_LIMIT,382965,0,0,3,13
5,8,1.681226e6,-1.111449605717434,-0.8619484131774695,TIME_LIMIT,382995,0,0,4,8
5,8,1.68128e6,-1.111449605717434,-0.8619484131774695,TIME_LIMIT,383015,0,0,21,20
5,8,1.68143e6,-1.1114420540180663,-0.8619484131774695,TIME_LIMIT,383047,0,0,11,4
5,8,1.681466e6,-1.1114420540180663,-0.8619484131774695,TIME_LIMIT,383068,0,0,13,7
5,8,1.68154e6,-1.1114371048132576,-0.8619484131774695,TIME_LIMIT,383083,0,0,6,9
5,8,1.681664e6,-1.1114371048132576,-0.8619484131774695,TIME_LIMIT,383104,0,0,25,11
5,8,1.681768e6,-1.1114353622097246,-0.8619484131774695,TIME_LIMIT,383136,0,0,14,10
5,8,1.681991e6,-1.1114353622097246,-0.8619484131774695,TIME_LIMIT,383159,0,0,11,8
5,8,1.68223e6,-1.1114295269219738,-0.8619484131774695,TIME_LIMIT,383194,0,0,13,15
5,8,1.68246e6,-1.1114295269219738,-0.8619484131774695,TIME_LIMIT,383221,0,0,11,29
5,8,1.682618e6,-1.1114211009870678,-0.8619484131774695,TIME_LIMIT,383254,0,0,5,9
5,8,1.682789e6,-1.1114211009870678,-0.8619484131774695,TIME_LIMIT,383269,0,0,12,14
5,8,1.682894e6,-1.1114192943289178,-0.8619484131774695,TIME_LIMIT,383297,0,0,4,5
5,8,1.683109e6,-1.1114192943289178,-0.8619484131774695,TIME_LIMIT,383322,0,0,12,19
5,8,1.683318e6,-1.1114152284141072,-0.8619484131774695,TIME_LIMIT,383353,0,0,8,11
5,8,1.683449e6,-1.1114152284141072,-0.8619484131774695,TIME_LIMIT,383375,0,0,14,15
5,8,1.683606e6,-1.11141481813278,-0.8619484131774695,TIME_LIMIT,383407,0,0,12,5
5,8,1.68378e6,-1.11141481813278,-0.8619484131774695,TIME_LIMIT,383427,0,0,20,17
5,8,1.683923e6,-1.1114089431812377,-0.8619484131774695,TIME_LIMIT,383456,0,0,10,4
5,8,1.684006e6,-1.1114089431812377,-0.8619484131774695,TIME_LIMIT,383473,0,0,11,9
5,8,1.684041e6,-1.1113973652613314,-0.8619484131774695,TIME_LIMIT,383491,0,0,10,2
5,8,1.684113e6,-1.1113973652613314,-0.8619484131774695,TIME_LIMIT,383512,0,0,11,19
5,8,1.684227e6,-1.111392793186349,-0.8619484131774695,TIME_LIMIT,383550,0,0,15,10
5,8,1.68447e6,-1.111392793186349,-0.8619484131774695,TIME_LIMIT,383573,0,0,18,15
5,8,1.684571e6,-1.111391746580129,-0.8619484131774695,TIME_LIMIT,383601,0,0,6,8
5,8,1.684709e6,-1.111391746580129,-0.8619484131774695,TIME_LIMIT,383623,0,0,9,5
5,8,1.684788e6,-1.1113913933832986,-0.8619484131774695,TIME_LIMIT,383644,0,0,9,11
5,8,1.68491e6,-1.1113913933832986,-0.8619484131774695,TIME_LIMIT,383669,0,0,11,10
5,8,1.684991e6,-1.1113869382880508,-0.8619484131774695,TIME_LIMIT,383683,0,0,11,8
5,8,1.685157e6,-1.1113869382880508,-0.8619484131774695,TIME_LIMIT,383707,0,0,8,7
5,8,1.68521e6,-1.1113866876856497,-0.8619484131774695,TIME_LIMIT,383737,0,0,8,4
5,8,1.685373e6,-1.1113866876856497,-0.8619484131774695,TIME_LIMIT,383758,0,0,15,14
5,8,1.685438e6,-1.1113857782712,-0.8619484131774695,TIME_LIMIT,383781,0,0,8,5
5,8,1.685634e6,-1.1113857782712,-0.8619484131774695,TIME_LIMIT,383807,0,0,18,19
5,8,1.685841e6,-1.1113853737335324,-0.8619484131774695,TIME_LIMIT,383836,0,0,8,10
5,8,1.686004e6,-1.1113853737335324,-0.8619484131774695,TIME_LIMIT,383869,0,0,18,19
5,8,1.686141e6,-1.111372565207943,-0.8619484131774695,TIME_LIMIT,383893,0,0,12,10
5,8,1.686249e6,-1.111372565207943,-0.8619484131774695,TIME_LIMIT,383915,0,0,13,14
5,8,1.686473e6,-1.111364275273412,-0.8619484131774695,TIME_LIMIT,383950,0,0,9,2
5,8,1.686566e6,-1.111364275273412,-0.8619484131774695,TIME_LIMIT,383972,0,0,13,6
5,8,1.686718e6,-1.1113639906720867,-0.8619484131774695,TIME_LIMIT,383993,0,0,14,5
5,8,1.686758e6,-1.1113639906720867,-0.8619484131774695,TIME_LIMIT,384014,0,0,11,11
5,8,1.686824e6,-1.111360660408497,-0.8619484131774695,TIME_LIMIT,384032,0,0,8,6
5,8,1.686925e6,-1.111360660408497,-0.8619484131774695,TIME_LIMIT,384057,0,0,11,9
5,8,1.686959e6,-1.1113606445615964,-0.8619484131774695,TIME_LIMIT,384072,0,0,13,5
5,8,1.687217e6,-1.1113606445615964,-0.8619484131774695,TIME_LIMIT,384094,0,0,14,20
5,8,1.687426e6,-1.1113452811222628,-0.8619484131774695,TIME_LIMIT,384132,0,0,9,6
5,8,1.687553e6,-1.1113452811222628,-0.8619484131774695,TIME_LIMIT,384161,0,0,18,14
5,8,1.687666e6,-1.1113409278868005,-0.8619484131774695,TIME_LIMIT,384193,0,0,20,5
5,8,1.687806e6,-1.1113409278868005,-0.8619484131774695,TIME_LIMIT,384217,0,0,18,25
5,8,1.688027e6,-1.111340677950222,-0.8619484131774695,TIME_LIMIT,384258,0,0,14,18
5,8,1.688209e6,-1.111340677950222,-0.8619484131774695,TIME_LIMIT,384285,0,0,17,11
5,8,1.688302e6,-1.1113394358975968,-0.8619484131774695,TIME_LIMIT,384306,0,0,10,8
5,8,1.688559e6,-1.1113394358975968,-0.8619484131774695,TIME_LIMIT,384330,0,0,7,4
5,8,1.688646e6,-1.1113341265520487,-0.8619484131774695,TIME_LIMIT,384347,0,0,10,4
5,8,1.688753e6,-1.1113341265520487,-0.8619484131774695,TIME_LIMIT,384365,0,0,8,6
5,8,1.688823e6,-1.1113255220509846,-0.8619484131774695,TIME_LIMIT,384388,0,0,11,3
5,8,1.68905e6,-1.1113255220509846,-0.8619484131774695,TIME_LIMIT,384420,0,0,11,9
5,8,1.689168e6,-1.1113235175389393,-0.8619484131774695,TIME_LIMIT,384444,0,0,11,4
5,8,1.689394e6,-1.1113235175389393,-0.8619484131774695,TIME_LIMIT,384476,0,0,18,11
5,8,1.689615e6,-1.1113202213009954,-0.8619484131774695,TIME_LIMIT,384505,0,0,13,21
5,8,1.689834e6,-1.1113202213009954,-0.8619484131774695,TIME_LIMIT,384520,0,0,14,11
5,8,1.69004e6,-1.1113164239739723,-0.8619484131774695,TIME_LIMIT,384553,0,0,17,7
5,8,1.690141e6,-1.1113164239739723,-0.8619484131774695,TIME_LIMIT,384573,0,0,13,19
5,8,1.690318e6,-1.1113116044411242,-0.8619484131774695,TIME_LIMIT,384611,0,0,18,12
5,8,1.690521e6,-1.1113116044411242,-0.8619484131774695,TIME_LIMIT,384635,0,0,19,13
5,8,1.690631e6,-1.111310280718393,-0.8619484131774695,TIME_LIMIT,384661,0,0,16,3
5,8,1.690736e6,-1.111310280718393,-0.8619484131774695,TIME_LIMIT,384679,0,0,7,14
5,8,1.690896e6,-1.1113076543529798,-0.8619484131774695,TIME_LIMIT,384709,0,0,14,6
5,8,1.691084e6,-1.1113076543529798,-0.8619484131774695,TIME_LIMIT,384742,0,0,20,17
5,8,1.691224e6,-1.1113000707173666,-0.8619484131774695,TIME_LIMIT,384773,0,0,18,3
5,8,1.691302e6,-1.1113000707173666,-0.8619484131774695,TIME_LIMIT,384784,0,0,9,10
5,8,1.691386e6,-1.1112934742334486,-0.8619484131774695,TIME_LIMIT,384803,0,0,7,2
5,8,1.691486e6,-1.1112934742334486,-0.8619484131774695,TIME_LIMIT,384820,0,0,10,9
5,8,1.69158e6,-1.111292796813441,-0.8619484131774695,TIME_LIMIT,384845,0,0,10,2
5,8,1.691719e6,-1.111292796813441,-0.8619484131774695,TIME_LIMIT,384868,0,0,14,8
5,8,1.69176e6,-1.1112917136124068,-0.8619484131774695,TIME_LIMIT,384892,0,0,12,5
5,8,1.69185e6,-1.1112917136124068,-0.8619484131774695,TIME_LIMIT,384917,0,0,7,17
5,8,1.692038e6,-1.1112682822061455,-0.8619484131774695,TIME_LIMIT,384949,0,0,19,11
5,8,1.692118e6,-1.1112682822061455,-0.8619484131774695,TIME_LIMIT,384965,0,0,11,7
5,8,1.692141e6,-1.1112589683143774,-0.8619484131774695,TIME_LIMIT,384978,0,0,5,1
5,8,1.692241e6,-1.1112589683143774,-0.8619484131774695,TIME_LIMIT,385000,0,0,24,15
5,8,1.692337e6,-1.1112516037547833,-0.8619484131774695,TIME_LIMIT,385035,0,0,7,9
5,8,1.692565e6,-1.1112516037547833,-0.8619484131774695,TIME_LIMIT,385063,0,0,16,11
5,8,1.692713e6,-1.111245377693597,-0.8619484131774695,TIME_LIMIT,385095,0,0,14,10
5,8,1.692809e6,-1.111245377693597,-0.8619484131774695,TIME_LIMIT,385120,0,0,11,10
5,8,1.692884e6,-1.1112439921268082,-0.8619484131774695,TIME_LIMIT,385141,0,0,5,4
5,8,1.692924e6,-1.1112439921268082,-0.8619484131774695,TIME_LIMIT,385160,0,0,8,6
5,8,1.693002e6,-1.1112433001812012,-0.8619484131774695,TIME_LIMIT,385179,0,0,5,3
5,8,1.693073e6,-1.1112433001812012,-0.8619484131774695,TIME_LIMIT,385200,0,0,10,12
5,8,1.693153e6,-1.1112378277719435,-0.8619484131774695,TIME_LIMIT,385220,0,0,2,4
5,8,1.693202e6,-1.1112378277719435,-0.8619484131774695,TIME_LIMIT,385245,0,0,16,9
5,8,1.69332e6,-1.111234459641742,-0.8619484131774695,TIME_LIMIT,385264,0,0,3,4
5,8,1.693405e6,-1.111234459641742,-0.8619484131774695,TIME_LIMIT,385285,0,0,11,6
5,8,1.693536e6,-1.1112337186347978,-0.8619484131774695,TIME_LIMIT,385313,0,0,7,6
5,8,1.693627e6,-1.1112337186347978,-0.8619484131774695,TIME_LIMIT,385332,0,0,11,12
5,8,1.693747e6,-1.1112051419529925,-0.8619484131774695,TIME_LIMIT,385352,0,0,7,6
5,8,1.693965e6,-1.1112051419529925,-0.8619484131774695,TIME_LIMIT,385381,0,0,16,22
5,8,1.694111e6,-1.111190876302358,-0.8619484131774695,TIME_LIMIT,385419,0,0,8,6
5,8,1.694239e6,-1.111190876302358,-0.8619484131774695,TIME_LIMIT,385438,0,0,10,7
5,8,1.694307e6,-1.1111860104333844,-0.8619484131774695,TIME_LIMIT,385454,0,0,6,1
5,8,1.694455e6,-1.1111860104333844,-0.8619484131774695,TIME_LIMIT,385479,0,0,12,10
5,8,1.694549e6,-1.1111820648435708,-0.8619484131774695,TIME_LIMIT,385503,0,0,13,7
5,8,1.69468e6,-1.1111820648435708,-0.8619484131774695,TIME_LIMIT,385536,0,0,8,10
5,8,1.694903e6,-1.1111773361113086,-0.8619484131774695,TIME_LIMIT,385553,0,0,10,13
5,8,1.694973e6,-1.1111773361113086,-0.8619484131774695,TIME_LIMIT,385570,0,0,11,19
5,8,1.695123e6,-1.1111753098247155,-0.8619484131774695,TIME_LIMIT,385599,0,0,7,11
5,8,1.695287e6,-1.1111753098247155,-0.8619484131774695,TIME_LIMIT,385626,0,0,21,26
5,8,1.695554e6,-1.111164514226182,-0.8619484131774695,TIME_LIMIT,385667,0,0,10,13
5,8,1.695653e6,-1.111164514226182,-0.8619484131774695,TIME_LIMIT,385688,0,0,14,12
5,8,1.695766e6,-1.1111644521779585,-0.8619484131774695,TIME_LIMIT,385710,0,0,14,8
5,8,1.695911e6,-1.1111644521779585,-0.8619484131774695,TIME_LIMIT,385735,0,0,19,14
5,8,1.696077e6,-1.1111630453887358,-0.8619484131774695,TIME_LIMIT,385773,0,0,19,9
5,8,1.696238e6,-1.1111630453887358,-0.8619484131774695,TIME_LIMIT,385801,0,0,24,11
5,8,1.696319e6,-1.1111628597608258,-0.8619484131774695,TIME_LIMIT,385825,0,0,10,8
5,8,1.696452e6,-1.1111628597608258,-0.8619484131774695,TIME_LIMIT,385842,0,0,12,8
5,8,1.696528e6,-1.111159497718757,-0.8619484131774695,TIME_LIMIT,385868,0,0,9,6
5,8,1.696639e6,-1.111159497718757,-0.8619484131774695,TIME_LIMIT,385899,0,0,12,10
5,8,1.696713e6,-1.1111536818659047,-0.8619484131774695,TIME_LIMIT,385914,0,0,6,4
5,8,1.696771e6,-1.1111536818659047,-0.8619484131774695,TIME_LIMIT,385932,0,0,12,11
5,8,1.696854e6,-1.1111513179702763,-0.8619484131774695,TIME_LIMIT,385956,0,0,10,2
5,8,1.697024e6,-1.1111513179702763,-0.8619484131774695,TIME_LIMIT,385980,0,0,8,10
5,8,1.69719e6,-1.1111507317761444,-0.8619484131774695,TIME_LIMIT,386005,0,0,11,5
5,8,1.697441e6,-1.1111507317761444,-0.8619484131774695,TIME_LIMIT,386024,0,0,9,16
5,8,1.697513e6,-1.1111473876650009,-0.8619484131774695,TIME_LIMIT,386046,0,0,11,7
5,8,1.697571e6,-1.1111473876650009,-0.8619484131774695,TIME_LIMIT,386063,0,0,8,2
5,8,1.6976e6,-1.1111457346728424,-0.8619484131774695,TIME_LIMIT,386072,0,0,4,6
5,8,1.69766e6,-1.1111457346728424,-0.8619484131774695,TIME_LIMIT,386101,0,0,6,22
5,8,1.697795e6,-1.1111430052252111,-0.8619484131774695,TIME_LIMIT,386128,0,0,16,13
5,8,1.697981e6,-1.1111430052252111,-0.8619484131774695,TIME_LIMIT,386157,0,0,12,14
5,8,1.698042e6,-1.1111426463795975,-0.8619484131774695,TIME_LIMIT,386180,0,0,10,5
5,8,1.698167e6,-1.1111426463795975,-0.8619484131774695,TIME_LIMIT,386196,0,0,15,12
5,8,1.698332e6,-1.1111377575233423,-0.8619484131774695,TIME_LIMIT,386231,0,0,11,10
5,8,1.698489e6,-1.1111377575233423,-0.8619484131774695,TIME_LIMIT,386257,0,0,13,22
5,8,1.698691e6,-1.1111317687609574,-0.8619484131774695,TIME_LIMIT,386301,0,0,21,13
5,8,1.698722e6,-1.1111317687609574,-0.8619484131774695,TIME_LIMIT,386321,0,0,6,5
5,8,1.698783e6,-1.1111307624518476,-0.8619484131774695,TIME_LIMIT,386334,0,0,6,4
5,8,1.698821e6,-1.1111307624518476,-0.8619484131774695,TIME_LIMIT,386350,0,0,13,9
5,8,1.698883e6,-1.1111302643210959,-0.8619484131774695,TIME_LIMIT,386374,0,0,8,3
5,8,1.698962e6,-1.1111302643210959,-0.8619484131774695,TIME_LIMIT,386395,0,0,3,11
5,8,1.699087e6,-1.1111134732941155,-0.8619484131774695,TIME_LIMIT,386425,0,0,8,9
5,8,1.699293e6,-1.1111134732941155,-0.8619484131774695,TIME_LIMIT,386458,0,0,13,7
5,8,1.699356e6,-1.1111127213813279,-0.8619484131774695,TIME_LIMIT,386480,0,0,8,5
5,8,1.699496e6,-1.1111127213813279,-0.8619484131774695,TIME_LIMIT,386499,0,0,10,14
5,8,1.699571e6,-1.1111078628452482,-0.8619484131774695,TIME_LIMIT,386530,0,0,11,8
5,8,1.699624e6,-1.1111078628452482,-0.8619484131774695,TIME_LIMIT,386551,0,0,13,12
5,8,1.699822e6,-1.1111071474118854,-0.8619484131774695,TIME_LIMIT,386585,0,0,10,11
5,8,1.700018e6,-1.1111071474118854,-0.8619484131774695,TIME_LIMIT,386616,0,0,8,20
5,8,1.70025e6,-1.1110952062917452,-0.8619484131774695,TIME_LIMIT,386652,0,0,16,18
5,8,1.7003e6,-1.1110952062917452,-0.8619484131774695,TIME_LIMIT,386673,0,0,8,13
5,8,1.700374e6,-1.1110946266778874,-0.8619484131774695,TIME_LIMIT,386690,0,0,8,9
5,8,1.700431e6,-1.1110946266778874,-0.8619484131774695,TIME_LIMIT,386711,0,0,5,7
5,8,1.700504e6,-1.1110901275542329,-0.8619484131774695,TIME_LIMIT,386729,0,0,4,2
5,8,1.700669e6,-1.1110901275542329,-0.8619484131774695,TIME_LIMIT,386752,0,0,3,15
5,8,1.700789e6,-1.111089651662975,-0.8619484131774695,TIME_LIMIT,386784,0,0,7,6
5,8,1.700868e6,-1.111089651662975,-0.8619484131774695,TIME_LIMIT,386795,0,0,7,6
5,8,1.700899e6,-1.1110860530776525,-0.8619484131774695,TIME_LIMIT,386812,0,0,8,0
5,8,1.701101e6,-1.1110860530776525,-0.8619484131774695,TIME_LIMIT,386847,0,0,18,7
5,8,1.7012e6,-1.111082186880944,-0.8619484131774695,TIME_LIMIT,386865,0,0,8,12
5,8,1.701404e6,-1.111082186880944,-0.8619484131774695,TIME_LIMIT,386892,0,0,8,13
5,8,1.701656e6,-1.1110811117311477,-0.8619484131774695,TIME_LIMIT,386922,0,0,15,14
5,8,1.701709e6,-1.1110811117311477,-0.8619484131774695,TIME_LIMIT,386946,0,0,10,3
5,8,1.701794e6,-1.111070903493024,-0.8619484131774695,TIME_LIMIT,386965,0,0,10,5
5,8,1.701964e6,-1.111070903493024,-0.8619484131774695,TIME_LIMIT,386995,0,0,16,14
5,8,1.702069e6,-1.1110707991396334,-0.8619484131774695,TIME_LIMIT,387018,0,0,7,6
5,8,1.702189e6,-1.1110707991396334,-0.8619484131774695,TIME_LIMIT,387048,0,0,16,12
5,8,1.7023e6,-1.111065407822898,-0.8619484131774695,TIME_LIMIT,387069,0,0,16,9
5,8,1.702482e6,-1.111065407822898,-0.8619484131774695,TIME_LIMIT,387093,0,0,12,13
5,8,1.702646e6,-1.1110639925963044,-0.8619484131774695,TIME_LIMIT,387127,0,0,10,6
5,8,1.702854e6,-1.1110639925963044,-0.8619484131774695,TIME_LIMIT,387155,0,0,10,7
5,8,1.702988e6,-1.111058912516229,-0.8619484131774695,TIME_LIMIT,387177,0,0,15,13
5,8,1.703179e6,-1.111058912516229,-0.8619484131774695,TIME_LIMIT,387204,0,0,11,13
5,8,1.703317e6,-1.1110579253577508,-0.8619484131774695,TIME_LIMIT,387248,0,0,14,16
5,8,1.703565e6,-1.1110579253577508,-0.8619484131774695,TIME_LIMIT,387276,0,0,21,19
5,8,1.703719e6,-1.1110568079014005,-0.8619484131774695,TIME_LIMIT,387307,0,0,13,9
5,8,1.70384e6,-1.1110568079014005,-0.8619484131774695,TIME_LIMIT,387331,0,0,18,4
5,8,1.703916e6,-1.1110344571546218,-0.8619484131774695,TIME_LIMIT,387350,0,0,12,3
5,8,1.704122e6,-1.1110344571546218,-0.8619484131774695,TIME_LIMIT,387377,0,0,16,15
5,8,1.7043e6,-1.1110226911267802,-0.8619484131774695,TIME_LIMIT,387404,0,0,16,7
5,8,1.704381e6,-1.1110226911267802,-0.8619484131774695,TIME_LIMIT,387434,0,0,15,10
5,8,1.70445e6,-1.1110118636578328,-0.8619484131774695,TIME_LIMIT,387454,0,0,6,4
5,8,1.704639e6,-1.1110118636578328,-0.8619484131774695,TIME_LIMIT,387485,0,0,18,32
5,8,1.704735e6,-1.1110090966932349,-0.8619484131774695,TIME_LIMIT,387515,0,0,13,5
5,8,1.704945e6,-1.1110090966932349,-0.8619484131774695,TIME_LIMIT,387537,0,0,8,9
5,8,1.705083e6,-1.111008759340991,-0.8619484131774695,TIME_LIMIT,387563,0,0,15,6
5,8,1.705186e6,-1.111008759340991,-0.8619484131774695,TIME_LIMIT,387585,0,0,5,10
5,8,1.705269e6,-1.11099630161042,-0.8619484131774695,TIME_LIMIT,387606,0,0,6,7
5,8,1.70534e6,-1.11099630161042,-0.8619484131774695,TIME_LIMIT,387622,0,0,8,11
5,8,1.705404e6,-1.1109959482412974,-0.8619484131774695,TIME_LIMIT,387642,0,0,9,8
5,8,1.705505e6,-1.1109959482412974,-0.8619484131774695,TIME_LIMIT,387664,0,0,11,8
5,8,1.705674e6,-1.1109854535791763,-0.8619484131774695,TIME_LIMIT,387694,0,0,10,6
5,8,1.705801e6,-1.1109854535791763,-0.8619484131774695,TIME_LIMIT,387722,0,0,20,15
5,8,1.705966e6,-1.1109798624223544,-0.8619484131774695,TIME_LIMIT,387761,0,0,11,11
5,8,1.706069e6,-1.1109798624223544,-0.8619484131774695,TIME_LIMIT,387782,0,0,16,14
5,8,1.706136e6,-1.1109718822435861,-0.8619484131774695,TIME_LIMIT,387801,0,0,12,14
5,8,1.70636e6,-1.1109718822435861,-0.8619484131774695,TIME_LIMIT,387834,0,0,10,12
5,8,1.706585e6,-1.1109668098161458,-0.8619484131774695,TIME_LIMIT,387855,0,0,3,5
5,8,1.70674e6,-1.1109668098161458,-0.8619484131774695,TIME_LIMIT,387885,0,0,19,15
5,8,1.706864e6,-1.1109634657308727,-0.8619484131774695,TIME_LIMIT,387910,0,0,12,5
5,8,1.706978e6,-1.1109634657308727,-0.8619484131774695,TIME_LIMIT,387929,0,0,9,5
5,8,1.707087e6,-1.1109613824071767,-0.8619484131774695,TIME_LIMIT,387950,0,0,9,8
5,8,1.707274e6,-1.1109613824071767,-0.8619484131774695,TIME_LIMIT,387975,0,0,14,7
5,8,1.707485e6,-1.110953055734375,-0.8619484131774695,TIME_LIMIT,388000,0,0,16,6
5,8,1.707638e6,-1.110953055734375,-0.8619484131774695,TIME_LIMIT,388030,0,0,18,16
5,8,1.707822e6,-1.110946751034207,-0.8619484131774695,TIME_LIMIT,388069,0,0,13,14
5,8,1.707927e6,-1.110946751034207,-0.8619484131774695,TIME_LIMIT,388090,0,0,10,14
5,8,1.708176e6,-1.1109420944284316,-0.8619484131774695,TIME_LIMIT,388129,0,0,15,14
5,8,1.708274e6,-1.1109420944284316,-0.8619484131774695,TIME_LIMIT,388152,0,0,6,9
5,8,1.708424e6,-1.1109375057529243,-0.8619484131774695,TIME_LIMIT,388181,0,0,9,7
5,8,1.70862e6,-1.1109375057529243,-0.8619484131774695,TIME_LIMIT,388207,0,0,13,24
5,8,1.708802e6,-1.1109231358934513,-0.8619484131774695,TIME_LIMIT,388243,0,0,9,9
5,8,1.708889e6,-1.1109231358934513,-0.8619484131774695,TIME_LIMIT,388265,0,0,12,22
5,8,1.709099e6,-1.110920347615199,-0.8619484131774695,TIME_LIMIT,388298,0,0,8,13
5,8,1.709155e6,-1.110920347615199,-0.8619484131774695,TIME_LIMIT,388321,0,0,9,7
5,8,1.709274e6,-1.1109084500601631,-0.8619484131774695,TIME_LIMIT,388349,0,0,5,3
5,8,1.709316e6,-1.1109084500601631,-0.8619484131774695,TIME_LIMIT,388366,0,0,8,9
5,8,1.709453e6,-1.1108838774563716,-0.8619484131774695,TIME_LIMIT,388388,0,0,10,5
5,8,1.709567e6,-1.1108838774563716,-0.8619484131774695,TIME_LIMIT,388414,0,0,24,19
5,8,1.709724e6,-1.1108757033918977,-0.8619484131774695,TIME_LIMIT,388448,0,0,16,8
5,8,1.709756e6,-1.1108757033918977,-0.8619484131774695,TIME_LIMIT,388465,0,0,7,5
5,8,1.709813e6,-1.110869629952295,-0.8619484131774695,TIME_LIMIT,388476,0,0,4,5
5,8,1.709915e6,-1.110869629952295,-0.8619484131774695,TIME_LIMIT,388496,0,0,15,22
5,8,1.709981e6,-1.1108695033786775,-0.8619484131774695,TIME_LIMIT,388527,0,0,11,13
5,8,1.710037e6,-1.1108695033786775,-0.8619484131774695,TIME_LIMIT,388545,0,0,9,11
5,8,1.710078e6,-1.1108648677224173,-0.8619484131774695,TIME_LIMIT,388556,0,0,3,5
5,8,1.710202e6,-1.1108648677224173,-0.8619484131774695,TIME_LIMIT,388577,0,0,19,22
5,8,1.710373e6,-1.1108645488601225,-0.8619484131774695,TIME_LIMIT,388614,0,0,14,11
5,8,1.710439e6,-1.1108645488601225,-0.8619484131774695,TIME_LIMIT,388634,0,0,10,11
5,8,1.710547e6,-1.1108584942442912,-0.8619484131774695,TIME_LIMIT,388661,0,0,10,8
5,8,1.710659e6,-1.1108584942442912,-0.8619484131774695,TIME_LIMIT,388683,0,0,10,6
5,8,1.710779e6,-1.110856621591743,-0.8619484131774695,TIME_LIMIT,388719,0,0,7,6
5,8,1.710945e6,-1.110856621591743,-0.8619484131774695,TIME_LIMIT,388748,0,0,21,12
5,8,1.711051e6,-1.1108451189915551,-0.8619484131774695,TIME_LIMIT,388775,0,0,7,2
5,8,1.71129e6,-1.1108451189915551,-0.8619484131774695,TIME_LIMIT,388801,0,0,15,24
5,8,1.711526e6,-1.1108436403007065,-0.8619484131774695,TIME_LIMIT,388838,0,0,13,17
5,8,1.711669e6,-1.1108436403007065,-0.8619484131774695,TIME_LIMIT,388868,0,0,13,13
5,8,1.711726e6,-1.110843337222526,-0.8619484131774695,TIME_LIMIT,388889,0,0,12,3
5,8,1.711804e6,-1.110843337222526,-0.8619484131774695,TIME_LIMIT,388910,0,0,20,9
5,8,1.711932e6,-1.1108397487394137,-0.8619484131774695,TIME_LIMIT,388931,0,0,11,21
5,8,1.712035e6,-1.1108397487394137,-0.8619484131774695,TIME_LIMIT,388952,0,0,11,9
5,8,1.712117e6,-1.110836690456778,-0.8619484131774695,TIME_LIMIT,388974,0,0,6,4
5,8,1.712277e6,-1.110836690456778,-0.8619484131774695,TIME_LIMIT,388997,0,0,5,8
5,8,1.712309e6,-1.1108277397905457,-0.8619484131774695,TIME_LIMIT,389013,0,0,8,3
5,8,1.712417e6,-1.1108277397905457,-0.8619484131774695,TIME_LIMIT,389038,0,0,18,8
5,8,1.713396e6,-1.1108241616781225,-0.8619484131774695,TIME_LIMIT,389069,0,0,11,14
5,8,1.713449e6,-1.1108241616781225,-0.8619484131774695,TIME_LIMIT,389090,0,0,11,16
5,8,1.713531e6,-1.1108115469716227,-0.8619484131774695,TIME_LIMIT,389109,0,0,4,6
5,8,1.713626e6,-1.1108115469716227,-0.8619484131774695,TIME_LIMIT,389128,0,0,10,13
5,8,1.713709e6,-1.1108100833581431,-0.8619484131774695,TIME_LIMIT,389151,0,0,13,4
5,8,1.713863e6,-1.1108100833581431,-0.8619484131774695,TIME_LIMIT,389177,0,0,6,8
5,8,1.713933e6,-1.1108052753257374,-0.8619484131774695,TIME_LIMIT,389199,0,0,12,14
5,8,1.714074e6,-1.1108052753257374,-0.8619484131774695,TIME_LIMIT,389228,0,0,22,24
5,8,1.71433e6,-1.110794723856628,-0.8619484131774695,TIME_LIMIT,389262,0,0,14,16
5,8,1.714397e6,-1.110794723856628,-0.8619484131774695,TIME_LIMIT,389285,0,0,15,9
5,8,1.714441e6,-1.1107900877091335,-0.8619484131774695,TIME_LIMIT,389307,0,0,5,10
5,8,1.714575e6,-1.1107900877091335,-0.8619484131774695,TIME_LIMIT,389334,0,0,14,10
5,8,1.714786e6,-1.110782446695997,-0.8619484131774695,TIME_LIMIT,389356,0,0,13,13
5,8,1.715005e6,-1.110782446695997,-0.8619484131774695,TIME_LIMIT,389383,0,0,18,19
5,8,1.715241e6,-1.1107762176316764,-0.8619484131774695,TIME_LIMIT,389420,0,0,8,12
5,8,1.715356e6,-1.1107762176316764,-0.8619484131774695,TIME_LIMIT,389440,0,0,10,16
5,8,1.715392e6,-1.1107734284050486,-0.8619484131774695,TIME_LIMIT,389460,0,0,7,9
5,8,1.715491e6,-1.1107734284050486,-0.8619484131774695,TIME_LIMIT,389482,0,0,8,7
5,8,1.715604e6,-1.110772966721186,-0.8619484131774695,TIME_LIMIT,389500,0,0,3,4
5,8,1.715821e6,-1.110772966721186,-0.8619484131774695,TIME_LIMIT,389528,0,0,18,20
5,8,1.715994e6,-1.1107722116254544,-0.8619484131774695,TIME_LIMIT,389561,0,0,14,18
5,8,1.716149e6,-1.1107722116254544,-0.8619484131774695,TIME_LIMIT,389581,0,0,8,9
5,8,1.716215e6,-1.1107711035169527,-0.8619484131774695,TIME_LIMIT,389600,0,0,11,6
5,8,1.716397e6,-1.1107711035169527,-0.8619484131774695,TIME_LIMIT,389626,0,0,23,7
5,8,1.716533e6,-1.1107692265547837,-0.8619484131774695,TIME_LIMIT,389651,0,0,16,9
5,8,1.716616e6,-1.1107692265547837,-0.8619484131774695,TIME_LIMIT,389676,0,0,15,6
5,8,1.716718e6,-1.1107679502999526,-0.8619484131774695,TIME_LIMIT,389696,0,0,12,5
5,8,1.716855e6,-1.1107679502999526,-0.8619484131774695,TIME_LIMIT,389717,0,0,5,15
5,8,1.716971e6,-1.1107651377339545,-0.8619484131774695,TIME_LIMIT,389752,0,0,10,9
5,8,1.717128e6,-1.1107651377339545,-0.8619484131774695,TIME_LIMIT,389776,0,0,7,9
5,8,1.717181e6,-1.1107611529081625,-0.8619484131774695,TIME_LIMIT,389801,0,0,2,4
5,8,1.717339e6,-1.1107611529081625,-0.8619484131774695,TIME_LIMIT,389827,0,0,15,12
5,8,1.717398e6,-1.1107554358631653,-0.8619484131774695,TIME_LIMIT,389849,0,0,10,1
5,8,1.717476e6,-1.1107554358631653,-0.8619484131774695,TIME_LIMIT,389870,0,0,9,4
5,8,1.71752e6,-1.1107476291374248,-0.8619484131774695,TIME_LIMIT,389885,0,0,7,6
5,8,1.717747e6,-1.1107476291374248,-0.8619484131774695,TIME_LIMIT,389912,0,0,15,29
5,8,1.717986e6,-1.1107396558651073,-0.8619484131774695,TIME_LIMIT,389949,0,0,16,13
5,8,1.71807e6,-1.1107396558651073,-0.8619484131774695,TIME_LIMIT,389968,0,0,16,8
5,8,1.718254e6,-1.1107242861101208,-0.8619484131774695,TIME_LIMIT,389995,0,0,6,7
5,8,1.718416e6,-1.1107242861101208,-0.8619484131774695,TIME_LIMIT,390021,0,0,21,14
5,8,1.718581e6,-1.110718941920653,-0.8619484131774695,TIME_LIMIT,390052,0,0,9,9
5,8,1.718659e6,-1.110718941920653,-0.8619484131774695,TIME_LIMIT,390070,0,0,6,7
5,8,1.718783e6,-1.1107180595646913,-0.8619484131774695,TIME_LIMIT,390091,0,0,8,7
5,8,1.718983e6,-1.1107180595646913,-0.8619484131774695,TIME_LIMIT,390115,0,0,15,7
5,8,1.719101e6,-1.1107155876457542,-0.8619484131774695,TIME_LIMIT,390138,0,0,12,13
5,8,1.719253e6,-1.1107155876457542,-0.8619484131774695,TIME_LIMIT,390170,0,0,21,17
5,8,1.719386e6,-1.1107030509210518,-0.8619484131774695,TIME_LIMIT,390199,0,0,10,17
5,8,1.719496e6,-1.1107030509210518,-0.8619484131774695,TIME_LIMIT,390218,0,0,7,12
5,8,1.719771e6,-1.1106946036005216,-0.8619484131774695,TIME_LIMIT,390250,0,0,14,8
5,8,1.719922e6,-1.1106946036005216,-0.8619484131774695,TIME_LIMIT,390270,0,0,16,13
5,8,1.720037e6,-1.1106853912134005,-0.8619484131774695,TIME_LIMIT,390298,0,0,14,5
5,8,1.720235e6,-1.1106853912134005,-0.8619484131774695,TIME_LIMIT,390323,0,0,20,16
5,8,1.720438e6,-1.1106781346563435,-0.8619484131774695,TIME_LIMIT,390367,0,0,18,11
5,8,1.720691e6,-1.1106781346563435,-0.8619484131774695,TIME_LIMIT,390390,0,0,15,8
5,8,1.720791e6,-1.110660901791142,-0.8619484131774695,TIME_LIMIT,390413,0,0,10,5
5,8,1.720998e6,-1.110660901791142,-0.8619484131774695,TIME_LIMIT,390440,0,0,21,29
5,8,1.721217e6,-1.110659849384334,-0.8619484131774695,TIME_LIMIT,390478,0,0,17,13
5,8,1.721253e6,-1.110659849384334,-0.8619484131774695,TIME_LIMIT,390491,0,0,7,5
5,8,1.721365e6,-1.1106531151043773,-0.8619484131774695,TIME_LIMIT,390509,0,0,1,2
5,8,1.721507e6,-1.1106531151043773,-0.8619484131774695,TIME_LIMIT,390535,0,0,16,17
5,8,1.721611e6,-1.1106484932536544,-0.8619484131774695,TIME_LIMIT,390558,0,0,3,10
5,8,1.721809e6,-1.1106484932536544,-0.8619484131774695,TIME_LIMIT,390592,0,0,16,8
5,8,1.721934e6,-1.1106452160238391,-0.8619484131774695,TIME_LIMIT,390619,0,0,4,6
5,8,1.722038e6,-1.1106452160238391,-0.8619484131774695,TIME_LIMIT,390646,0,0,9,19
5,8,1.722276e6,-1.110639276501019,-0.8619484131774695,TIME_LIMIT,390678,0,0,17,7
5,8,1.722565e6,-1.110639276501019,-0.8619484131774695,TIME_LIMIT,390706,0,0,10,26
5,8,1.722762e6,-1.1106315508434228,-0.8619484131774695,TIME_LIMIT,390734,0,0,12,5
5,8,1.722938e6,-1.1106315508434228,-0.8619484131774695,TIME_LIMIT,390760,0,0,16,14
5,8,1.723042e6,-1.1106252291531906,-0.8619484131774695,TIME_LIMIT,390782,0,0,6,8
5,8,1.723136e6,-1.1106252291531906,-0.8619484131774695,TIME_LIMIT,390802,0,0,12,15
5,8,1.723265e6,-1.1106179015198427,-0.8619484131774695,TIME_LIMIT,390827,0,0,6,6
5,8,1.723485e6,-1.1106179015198427,-0.8619484131774695,TIME_LIMIT,390857,0,0,16,14
5,8,1.723563e6,-1.1106141239950658,-0.8619484131774695,TIME_LIMIT,390870,0,0,5,6
5,8,1.723663e6,-1.1106141239950658,-0.8619484131774695,TIME_LIMIT,390886,0,0,6,10
5,8,1.723773e6,-1.1106116154570156,-0.8619484131774695,TIME_LIMIT,390916,0,0,11,7
5,8,1.723884e6,-1.1106116154570156,-0.8619484131774695,TIME_LIMIT,390937,0,0,14,17
5,8,1.723989e6,-1.1106074735566795,-0.8619484131774695,TIME_LIMIT,390968,0,0,16,7
5,8,1.724137e6,-1.1106074735566795,-0.8619484131774695,TIME_LIMIT,390987,0,0,10,8
5,8,1.724234e6,-1.1106042233442321,-0.8619484131774695,TIME_LIMIT,391011,0,0,7,2
5,8,1.724292e6,-1.1106042233442321,-0.8619484131774695,TIME_LIMIT,391029,0,0,8,4
5,8,1.724322e6,-1.1105924619550536,-0.8619484131774695,TIME_LIMIT,391043,0,0,3,2
5,8,1.724513e6,-1.1105924619550536,-0.8619484131774695,TIME_LIMIT,391075,0,0,20,13
5,8,1.72465e6,-1.1105918616415051,-0.8619484131774695,TIME_LIMIT,391109,0,0,5,17
5,8,1.724749e6,-1.1105918616415051,-0.8619484131774695,TIME_LIMIT,391132,0,0,10,12
5,8,1.724944e6,-1.1105903735084866,-0.8619484131774695,TIME_LIMIT,391163,0,0,11,7
5,8,1.725001e6,-1.1105903735084866,-0.8619484131774695,TIME_LIMIT,391178,0,0,13,9
5,8,1.725118e6,-1.1105848759667412,-0.8619484131774695,TIME_LIMIT,391207,0,0,12,7
5,8,1.725334e6,-1.1105848759667412,-0.8619484131774695,TIME_LIMIT,391240,0,0,6,10
5,8,1.725552e6,-1.11058446014678,-0.8619484131774695,TIME_LIMIT,391265,0,0,13,14
5,8,1.725638e6,-1.11058446014678,-0.8619484131774695,TIME_LIMIT,391287,0,0,16,6
5,8,1.725795e6,-1.110580853914,-0.8619484131774695,TIME_LIMIT,391316,0,0,11,5
5,8,1.725867e6,-1.110580853914,-0.8619484131774695,TIME_LIMIT,391338,0,0,9,9
5,8,1.725915e6,-1.110571865706134,-0.8619484131774695,TIME_LIMIT,391355,0,0,7,2
5,8,1.726041e6,-1.110571865706134,-0.8619484131774695,TIME_LIMIT,391382,0,0,22,23
5,8,1.726215e6,-1.110569099448927,-0.8619484131774695,TIME_LIMIT,391416,0,0,12,13
5,8,1.726328e6,-1.110569099448927,-0.8619484131774695,TIME_LIMIT,391444,0,0,10,7
5,8,1.726425e6,-1.1105662840091617,-0.8619484131774695,TIME_LIMIT,391473,0,0,17,7
5,8,1.726624e6,-1.1105662840091617,-0.8619484131774695,TIME_LIMIT,391498,0,0,24,24
5,8,1.726794e6,-1.1105609745897755,-0.8619484131774695,TIME_LIMIT,391536,0,0,15,11
5,8,1.726888e6,-1.1105609745897755,-0.8619484131774695,TIME_LIMIT,391557,0,0,14,12
5,8,1.726999e6,-1.1105553631902512,-0.8619484131774695,TIME_LIMIT,391579,0,0,10,2
5,8,1.72718e6,-1.1105553631902512,-0.8619484131774695,TIME_LIMIT,391604,0,0,10,13
5,8,1.727245e6,-1.1105547514116054,-0.8619484131774695,TIME_LIMIT,391626,0,0,9,3
5,8,1.727468e6,-1.1105547514116054,-0.8619484131774695,TIME_LIMIT,391656,0,0,18,19
5,8,1.727735e6,-1.11055339742758,-0.8619484131774695,TIME_LIMIT,391681,0,0,14,6
5,8,1.727926e6,-1.11055339742758,-0.8619484131774695,TIME_LIMIT,391704,0,0,12,18
5,8,1.728013e6,-1.1105510452537897,-0.8619484131774695,TIME_LIMIT,391729,0,0,10,5
5,8,1.728059e6,-1.1105510452537897,-0.8619484131774695,TIME_LIMIT,391752,0,0,11,3
5,8,1.728137e6,-1.1105482243290707,-0.8619484131774695,TIME_LIMIT,391767,0,0,4,5
5,8,1.728357e6,-1.1105482243290707,-0.8619484131774695,TIME_LIMIT,391794,0,0,21,20
5,8,1.728554e6,-1.110547889813426,-0.8619484131774695,TIME_LIMIT,391824,0,0,18,10
5,8,1.728621e6,-1.110547889813426,-0.8619484131774695,TIME_LIMIT,391840,0,0,12,15
5,8,1.728774e6,-1.1105289733014416,-0.8619484131774695,TIME_LIMIT,391872,0,0,11,8
5,8,1.728967e6,-1.1105289733014416,-0.8619484131774695,TIME_LIMIT,391897,0,0,11,16
5,8,1.729082e6,-1.1105224689347386,-0.8619484131774695,TIME_LIMIT,391923,0,0,10,5
5,8,1.729176e6,-1.1105224689347386,-0.8619484131774695,TIME_LIMIT,391944,0,0,11,10
5,8,1.729282e6,-1.1105197574613312,-0.8619484131774695,TIME_LIMIT,391974,0,0,9,4
5,8,1.7294e6,-1.1105197574613312,-0.8619484131774695,TIME_LIMIT,392000,0,0,14,13
5,8,1.729501e6,-1.1105014117077132,-0.8619484131774695,TIME_LIMIT,392020,0,0,4,4
5,8,1.729597e6,-1.1105014117077132,-0.8619484131774695,TIME_LIMIT,392038,0,0,14,18
5,8,1.729722e6,-1.1104952787856954,-0.8619484131774695,TIME_LIMIT,392065,0,0,9,7
5,8,1.72984e6,-1.1104952787856954,-0.8619484131774695,TIME_LIMIT,392088,0,0,9,7
5,8,1.729927e6,-1.1104908608029636,-0.8619484131774695,TIME_LIMIT,392105,0,0,6,7
5,8,1.73013e6,-1.1104908608029636,-0.8619484131774695,TIME_LIMIT,392134,0,0,15,17
5,8,1.730279e6,-1.1104777081039507,-0.8619484131774695,TIME_LIMIT,392154,0,0,13,11
5,8,1.730388e6,-1.1104777081039507,-0.8619484131774695,TIME_LIMIT,392180,0,0,13,9
5,8,1.730495e6,-1.1104774720981918,-0.8619484131774695,TIME_LIMIT,392209,0,0,9,12
5,8,1.730593e6,-1.1104774720981918,-0.8619484131774695,TIME_LIMIT,392231,0,0,10,12
5,8,1.73069e6,-1.1104729040324606,-0.8619484131774695,TIME_LIMIT,392253,0,0,8,6
5,8,1.730714e6,-1.1104729040324606,-0.8619484131774695,TIME_LIMIT,392266,0,0,7,5
5,8,1.730793e6,-1.110469959705348,-0.8619484131774695,TIME_LIMIT,392290,0,0,10,4
5,8,1.730964e6,-1.110469959705348,-0.8619484131774695,TIME_LIMIT,392310,0,0,13,7
5,8,1.731024e6,-1.1104695672575617,-0.8619484131774695,TIME_LIMIT,392325,0,0,10,6
5,8,1.731166e6,-1.1104695672575617,-0.8619484131774695,TIME_LIMIT,392352,0,0,20,14
5,8,1.731398e6,-1.110448874855284,-0.8619484131774695,TIME_LIMIT,392386,0,0,15,13
5,8,1.731529e6,-1.110448874855284,-0.8619484131774695,TIME_LIMIT,392412,0,0,14,3
5,8,1.731655e6,-1.1104474739798254,-0.8619484131774695,TIME_LIMIT,392432,0,0,17,6
5,8,1.73183e6,-1.1104474739798254,-0.8619484131774695,TIME_LIMIT,392452,0,0,11,12
5,8,1.731943e6,-1.1104438774363006,-0.8619484131774695,TIME_LIMIT,392486,0,0,15,7
5,8,1.732025e6,-1.1104438774363006,-0.8619484131774695,TIME_LIMIT,392508,0,0,13,10
5,8,1.732208e6,-1.1104389992493204,-0.8619484131774695,TIME_LIMIT,392525,0,0,9,4
5,8,1.732448e6,-1.1104389992493204,-0.8619484131774695,TIME_LIMIT,392548,0,0,18,12
5,8,1.732637e6,-1.1104354485145755,-0.8619484131774695,TIME_LIMIT,392585,0,0,15,10
5,8,1.732719e6,-1.1104354485145755,-0.8619484131774695,TIME_LIMIT,392608,0,0,18,12
5,8,1.732875e6,-1.110422354011252,-0.8619484131774695,TIME_LIMIT,392632,0,0,14,10
5,8,1.733051e6,-1.110422354011252,-0.8619484131774695,TIME_LIMIT,392661,0,0,15,17
5,8,1.733244e6,-1.1104218265882264,-0.8619484131774695,TIME_LIMIT,392688,0,0,9,6
5,8,1.733327e6,-1.1104218265882264,-0.8619484131774695,TIME_LIMIT,392709,0,0,14,9
5,8,1.733442e6,-1.1104216668158817,-0.8619484131774695,TIME_LIMIT,392734,0,0,11,9
5,8,1.733663e6,-1.1104216668158817,-0.8619484131774695,TIME_LIMIT,392763,0,0,15,18
5,8,1.733806e6,-1.110419818148865,-0.8619484131774695,TIME_LIMIT,392796,0,0,13,9
5,8,1.733966e6,-1.110419818148865,-0.8619484131774695,TIME_LIMIT,392829,0,0,17,16
5,8,1.734148e6,-1.110415975814186,-0.8619484131774695,TIME_LIMIT,392853,0,0,12,7
5,8,1.734283e6,-1.110415975814186,-0.8619484131774695,TIME_LIMIT,392874,0,0,16,21
5,8,1.734455e6,-1.1104093976228782,-0.8619484131774695,TIME_LIMIT,392908,0,0,13,10
5,8,1.734529e6,-1.1104093976228782,-0.8619484131774695,TIME_LIMIT,392929,0,0,8,8
5,8,1.734626e6,-1.1104091978005763,-0.8619484131774695,TIME_LIMIT,392943,0,0,10,10
5,8,1.734791e6,-1.1104091978005763,-0.8619484131774695,TIME_LIMIT,392966,0,0,7,26
5,8,1.73498e6,-1.1104038753850003,-0.8619484131774695,TIME_LIMIT,392996,0,0,10,8
5,8,1.735221e6,-1.1104038753850003,-0.8619484131774695,TIME_LIMIT,393023,0,0,13,9
5,8,1.735405e6,-1.1103917969775325,-0.8619484131774695,TIME_LIMIT,393054,0,0,14,15
5,8,1.735452e6,-1.1103917969775325,-0.8619484131774695,TIME_LIMIT,393076,0,0,5,2
5,8,1.735513e6,-1.110389593126881,-0.8619484131774695,TIME_LIMIT,393094,0,0,10,2
5,8,1.735636e6,-1.110389593126881,-0.8619484131774695,TIME_LIMIT,393113,0,0,13,15
5,8,1.73577e6,-1.1103715510129568,-0.8619484131774695,TIME_LIMIT,393141,0,0,5,7
5,8,1.735864e6,-1.1103715510129568,-0.8619484131774695,TIME_LIMIT,393156,0,0,8,10
5,8,1.735948e6,-1.110368526871211,-0.8619484131774695,TIME_LIMIT,393185,0,0,9,7
5,8,1.73606e6,-1.110368526871211,-0.8619484131774695,TIME_LIMIT,393209,0,0,16,16
5,8,1.736215e6,-1.1103549897859,-0.8619484131774695,TIME_LIMIT,393243,0,0,4,9
5,8,1.736328e6,-1.1103549897859,-0.8619484131774695,TIME_LIMIT,393263,0,0,11,9
5,8,1.736394e6,-1.110354048202029,-0.8619484131774695,TIME_LIMIT,393283,0,0,6,4
5,8,1.736552e6,-1.110354048202029,-0.8619484131774695,TIME_LIMIT,393313,0,0,12,9
5,8,1.736603e6,-1.1103506817377302,-0.8619484131774695,TIME_LIMIT,393338,0,0,13,6
5,8,1.736708e6,-1.1103506817377302,-0.8619484131774695,TIME_LIMIT,393362,0,0,6,8
5,8,1.736834e6,-1.1103443150012466,-0.8619484131774695,TIME_LIMIT,393403,0,0,10,11
5,8,1.737075e6,-1.1103443150012466,-0.8619484131774695,TIME_LIMIT,393424,0,0,15,16
5,8,1.737188e6,-1.1103334428865586,-0.8619484131774695,TIME_LIMIT,393447,0,0,15,4
5,8,1.737284e6,-1.1103334428865586,-0.8619484131774695,TIME_LIMIT,393470,0,0,4,5
5,8,1.73735e6,-1.1103248127861993,-0.8619484131774695,TIME_LIMIT,393490,0,0,8,4
5,8,1.73745e6,-1.1103248127861993,-0.8619484131774695,TIME_LIMIT,393508,0,0,9,11
5,8,1.737546e6,-1.1103230656812308,-0.8619484131774695,TIME_LIMIT,393534,0,0,8,4
5,8,1.737605e6,-1.1103230656812308,-0.8619484131774695,TIME_LIMIT,393552,0,0,8,7
5,8,1.7377e6,-1.1103228394567664,-0.8619484131774695,TIME_LIMIT,393578,0,0,10,2
5,8,1.73792e6,-1.1103228394567664,-0.8619484131774695,TIME_LIMIT,393605,0,0,11,7
5,8,1.738109e6,-1.1103208922837904,-0.8619484131774695,TIME_LIMIT,393629,0,0,14,12
5,8,1.738179e6,-1.1103208922837904,-0.8619484131774695,TIME_LIMIT,393645,0,0,8,10
5,8,1.738298e6,-1.110311391779172,-0.8619484131774695,TIME_LIMIT,393673,0,0,9,11
5,8,1.738501e6,-1.110311391779172,-0.8619484131774695,TIME_LIMIT,393700,0,0,14,15
5,8,1.7386e6,-1.110306426269541,-0.8619484131774695,TIME_LIMIT,393725,0,0,12,1
5,8,1.738815e6,-1.110306426269541,-0.8619484131774695,TIME_LIMIT,393759,0,0,12,27
5,8,1.739011e6,-1.1103037412013559,-0.8619484131774695,TIME_LIMIT,393780,0,0,14,11
5,8,1.739102e6,-1.1103037412013559,-0.8619484131774695,TIME_LIMIT,393798,0,0,13,10
5,8,1.739201e6,-1.1102735438747988,-0.8619484131774695,TIME_LIMIT,393825,0,0,7,4
5,8,1.739427e6,-1.1102735438747988,-0.8619484131774695,TIME_LIMIT,393850,0,0,7,11
5,8,1.739686e6,-1.110264734235991,-0.8619484131774695,TIME_LIMIT,393880,0,0,8,11
5,8,1.739866e6,-1.110264734235991,-0.8619484131774695,TIME_LIMIT,393915,0,0,9,8
5,8,1.739934e6,-1.1102640336391016,-0.8619484131774695,TIME_LIMIT,393930,0,0,9,10
5,8,1.740064e6,-1.1102640336391016,-0.8619484131774695,TIME_LIMIT,393959,0,0,12,12
5,8,1.740147e6,-1.1102635823422475,-0.8619484131774695,TIME_LIMIT,393985,0,0,10,9
5,8,1.74023e6,-1.1102635823422475,-0.8619484131774695,TIME_LIMIT,394000,0,0,7,4
5,8,1.740302e6,-1.110230651369131,-0.8619484131774695,TIME_LIMIT,394024,0,0,9,6
5,8,1.740451e6,-1.110230651369131,-0.8619484131774695,TIME_LIMIT,394049,0,0,9,17
5,8,1.740527e6,-1.1102281246109886,-0.8619484131774695,TIME_LIMIT,394073,0,0,8,9
5,8,1.74065e6,-1.1102281246109886,-0.8619484131774695,TIME_LIMIT,394098,0,0,10,21
5,8,1.740746e6,-1.1102250501956956,-0.8619484131774695,TIME_LIMIT,394121,0,0,7,15
5,8,1.740978e6,-1.1102250501956956,-0.8619484131774695,TIME_LIMIT,394146,0,0,12,6
5,8,1.741084e6,-1.1102171181556144,-0.8619484131774695,TIME_LIMIT,394173,0,0,16,7
5,8,1.74112e6,-1.1102171181556144,-0.8619484131774695,TIME_LIMIT,394191,0,0,9,15
5,8,1.741226e6,-1.1102059078637847,-0.8619484131774695,TIME_LIMIT,394216,0,0,2,7
5,8,1.741341e6,-1.1102059078637847,-0.8619484131774695,TIME_LIMIT,394245,0,0,14,10
5,8,1.741481e6,-1.1101714515713128,-0.8619484131774695,TIME_LIMIT,394266,0,0,12,9
5,8,1.741532e6,-1.1101714515713128,-0.8619484131774695,TIME_LIMIT,394279,0,0,12,13
5,8,1.74163e6,-1.1101545978593714,-0.8619484131774695,TIME_LIMIT,394303,0,0,1,6
5,8,1.741835e6,-1.1101545978593714,-0.8619484131774695,TIME_LIMIT,394331,0,0,23,22
5,8,1.742055e6,-1.1101541946560036,-0.8619484131774695,TIME_LIMIT,394371,0,0,14,6
5,8,1.742245e6,-1.1101541946560036,-0.8619484131774695,TIME_LIMIT,394396,0,0,9,21
5,8,1.742429e6,-1.1101518578099803,-0.8619484131774695,TIME_LIMIT,394424,0,0,8,20
5,8,1.742542e6,-1.1101518578099803,-0.8619484131774695,TIME_LIMIT,394445,0,0,13,15
5,8,1.742712e6,-1.1101500099568693,-0.8619484131774695,TIME_LIMIT,394474,0,0,17,8
5,8,1.742915e6,-1.1101500099568693,-0.8619484131774695,TIME_LIMIT,394502,0,0,12,21
5,8,1.743047e6,-1.1101472954777598,-0.8619484131774695,TIME_LIMIT,394540,0,0,18,6
5,8,1.743093e6,-1.1101472954777598,-0.8619484131774695,TIME_LIMIT,394559,0,0,10,4
5,8,1.743132e6,-1.1101438984383263,-0.8619484131774695,TIME_LIMIT,394577,0,0,5,6
5,8,1.743362e6,-1.1101438984383263,-0.8619484131774695,TIME_LIMIT,394605,0,0,12,15
5,8,1.74358e6,-1.1101419124754606,-0.8619484131774695,TIME_LIMIT,394635,0,0,16,8
5,8,1.743694e6,-1.1101419124754606,-0.8619484131774695,TIME_LIMIT,394656,0,0,14,23
5,8,1.743805e6,-1.1101386343096311,-0.8619484131774695,TIME_LIMIT,394684,0,0,7,9
5,8,1.744018e6,-1.1101386343096311,-0.8619484131774695,TIME_LIMIT,394710,0,0,18,11
5,8,1.744287e6,-1.1101372886232617,-0.8619484131774695,TIME_LIMIT,394745,0,0,12,5
5,8,1.744383e6,-1.1101372886232617,-0.8619484131774695,TIME_LIMIT,394766,0,0,10,7
5,8,1.744442e6,-1.1101304038445345,-0.8619484131774695,TIME_LIMIT,394790,0,0,6,7
5,8,1.744476e6,-1.1101304038445345,-0.8619484131774695,TIME_LIMIT,394808,0,0,7,13
5,8,1.744552e6,-1.1101298138930373,-0.8619484131774695,TIME_LIMIT,394822,0,0,1,2
5,8,1.744664e6,-1.1101298138930373,-0.8619484131774695,TIME_LIMIT,394846,0,0,13,20
5,8,1.74481e6,-1.110123541894852,-0.8619484131774695,TIME_LIMIT,394888,0,0,14,10
5,8,1.744922e6,-1.110123541894852,-0.8619484131774695,TIME_LIMIT,394909,0,0,17,13
5,8,1.745076e6,-1.1101159326041141,-0.8619484131774695,TIME_LIMIT,394943,0,0,11,10
5,8,1.745154e6,-1.1101159326041141,-0.8619484131774695,TIME_LIMIT,394962,0,0,11,11
5,8,1.745265e6,-1.1101101076043722,-0.8619484131774695,TIME_LIMIT,394991,0,0,11,7
5,8,1.745389e6,-1.1101101076043722,-0.8619484131774695,TIME_LIMIT,395021,0,0,13,16
5,8,1.745546e6,-1.1101099580636231,-0.8619484131774695,TIME_LIMIT,395060,0,0,9,12
5,8,1.745782e6,-1.1101099580636231,-0.8619484131774695,TIME_LIMIT,395094,0,0,25,25
5,8,1.746015e6,-1.1101079269096823,-0.8619484131774695,TIME_LIMIT,395138,0,0,10,14
5,8,1.746142e6,-1.1101079269096823,-0.8619484131774695,TIME_LIMIT,395163,0,0,23,29
5,8,1.746303e6,-1.1101055289336461,-0.8619484131774695,TIME_LIMIT,395198,0,0,14,6
5,8,1.746528e6,-1.1101055289336461,-0.8619484131774695,TIME_LIMIT,395227,0,0,22,28
5,8,1.746786e6,-1.110095852229818,-0.8619484131774695,TIME_LIMIT,395266,0,0,23,17
5,8,1.746939e6,-1.110095852229818,-0.8619484131774695,TIME_LIMIT,395296,0,0,15,13
5,8,1.747074e6,-1.1100954931018445,-0.8619484131774695,TIME_LIMIT,395316,0,0,13,11
5,8,1.747231e6,-1.1100954931018445,-0.8619484131774695,TIME_LIMIT,395340,0,0,16,10
5,8,1.747341e6,-1.11009498563804,-0.8619484131774695,TIME_LIMIT,395360,0,0,9,6
5,8,1.747519e6,-1.11009498563804,-0.8619484131774695,TIME_LIMIT,395384,0,0,21,27
5,8,1.747743e6,-1.1100735746314203,-0.8619484131774695,TIME_LIMIT,395415,0,0,11,13
5,8,1.747856e6,-1.1100735746314203,-0.8619484131774695,TIME_LIMIT,395439,0,0,7,9
5,8,1.747936e6,-1.110072813671712,-0.8619484131774695,TIME_LIMIT,395455,0,0,7,1
5,8,1.748141e6,-1.110072813671712,-0.8619484131774695,TIME_LIMIT,395484,0,0,4,10
5,8,1.748307e6,-1.1100638929703992,-0.8619484131774695,TIME_LIMIT,395516,0,0,12,9
5,8,1.74852e6,-1.1100638929703992,-0.8619484131774695,TIME_LIMIT,395548,0,0,19,15
5,8,1.748611e6,-1.1100601642749182,-0.8619484131774695,TIME_LIMIT,395579,0,0,11,9
5,8,1.748719e6,-1.1100601642749182,-0.8619484131774695,TIME_LIMIT,395598,0,0,12,17
5,8,1.748976e6,-1.1100439190785854,-0.8619484131774695,TIME_LIMIT,395638,0,0,9,10
5,8,1.749047e6,-1.1100439190785854,-0.8619484131774695,TIME_LIMIT,395657,0,0,10,3
5,8,1.749077e6,-1.110041022612247,-0.8619484131774695,TIME_LIMIT,395671,0,0,5,4
5,8,1.749297e6,-1.110041022612247,-0.8619484131774695,TIME_LIMIT,395699,0,0,22,27
5,8,1.749504e6,-1.1100390554450779,-0.8619484131774695,TIME_LIMIT,395733,0,0,23,22
5,8,1.749733e6,-1.1100390554450779,-0.8619484131774695,TIME_LIMIT,395763,0,0,9,12
5,8,1.749796e6,-1.110038131319925,-0.8619484131774695,TIME_LIMIT,395783,0,0,9,10
5,8,1.750012e6,-1.110038131319925,-0.8619484131774695,TIME_LIMIT,395808,0,0,23,18
5,8,1.750207e6,-1.110025194556144,-0.8619484131774695,TIME_LIMIT,395836,0,0,15,2
5,8,1.750272e6,-1.110025194556144,-0.8619484131774695,TIME_LIMIT,395852,0,0,10,13
5,8,1.750332e6,-1.1100242979327435,-0.8619484131774695,TIME_LIMIT,395866,0,0,2,0
5,8,1.750477e6,-1.1100242979327435,-0.8619484131774695,TIME_LIMIT,395890,0,0,8,9
5,8,1.750595e6,-1.1100222319075246,-0.8619484131774695,TIME_LIMIT,395917,0,0,8,6
5,8,1.750816e6,-1.1100222319075246,-0.8619484131774695,TIME_LIMIT,395947,0,0,11,6
5,8,1.750912e6,-1.110017016065477,-0.8619484131774695,TIME_LIMIT,395970,0,0,16,14
5,8,1.751031e6,-1.110017016065477,-0.8619484131774695,TIME_LIMIT,395988,0,0,5,5
5,8,1.751192e6,-1.1100030433022563,-0.8619484131774695,TIME_LIMIT,396007,0,0,8,5
5,8,1.751237e6,-1.1100030433022563,-0.8619484131774695,TIME_LIMIT,396024,0,0,8,7
5,8,1.751297e6,-1.1099931258948734,-0.8619484131774695,TIME_LIMIT,396042,0,0,7,2
5,8,1.751474e6,-1.1099931258948734,-0.8619484131774695,TIME_LIMIT,396069,0,0,18,24
5,8,1.751587e6,-1.1099876506903512,-0.8619484131774695,TIME_LIMIT,396107,0,0,14,10
5,8,1.751741e6,-1.1099876506903512,-0.8619484131774695,TIME_LIMIT,396134,0,0,10,8
5,8,1.751822e6,-1.1099770665018989,-0.8619484131774695,TIME_LIMIT,396154,0,0,10,5
5,8,1.752041e6,-1.1099770665018989,-0.8619484131774695,TIME_LIMIT,396189,0,0,26,18
5,8,1.752183e6,-1.109976583300043,-0.8619484131774695,TIME_LIMIT,396217,0,0,8,7
5,8,1.752438e6,-1.109976583300043,-0.8619484131774695,TIME_LIMIT,396241,0,0,19,14
5,8,1.752519e6,-1.109974732769232,-0.8619484131774695,TIME_LIMIT,396262,0,0,13,5
5,8,1.75262e6,-1.109974732769232,-0.8619484131774695,TIME_LIMIT,396282,0,0,8,3
5,8,1.752841e6,-1.1099663588555773,-0.8619484131774695,TIME_LIMIT,396320,0,0,19,8
5,8,1.75295e6,-1.1099663588555773,-0.8619484131774695,TIME_LIMIT,396341,0,0,10,10
5,8,1.752996e6,-1.109964046899271,-0.8619484131774695,TIME_LIMIT,396359,0,0,9,3
5,8,1.753167e6,-1.109964046899271,-0.8619484131774695,TIME_LIMIT,396384,0,0,9,11
5,8,1.753243e6,-1.1099611719354239,-0.8619484131774695,TIME_LIMIT,396401,0,0,4,4
5,8,1.753301e6,-1.1099611719354239,-0.8619484131774695,TIME_LIMIT,396415,0,0,7,5
5,8,1.753338e6,-1.1099538687164316,-0.8619484131774695,TIME_LIMIT,396429,0,0,4,3
5,8,1.753427e6,-1.1099538687164316,-0.8619484131774695,TIME_LIMIT,396446,0,0,17,11
5,8,1.753594e6,-1.1099531147345045,-0.8619484131774695,TIME_LIMIT,396480,0,0,14,8
5,8,1.753645e6,-1.1099531147345045,-0.8619484131774695,TIME_LIMIT,396501,0,0,16,12
5,8,1.753752e6,-1.1099528604369293,-0.8619484131774695,TIME_LIMIT,396531,0,0,10,9
5,8,1.753992e6,-1.1099528604369293,-0.8619484131774695,TIME_LIMIT,396563,0,0,23,15
5,8,1.754149e6,-1.1099507246512408,-0.8619484131774695,TIME_LIMIT,396590,0,0,8,28
5,8,1.754422e6,-1.1099507246512408,-0.8619484131774695,TIME_LIMIT,396612,0,0,15,8
5,8,1.754551e6,-1.109947491875471,-0.8619484131774695,TIME_LIMIT,396633,0,0,4,6
5,8,1.754766e6,-1.109947491875471,-0.8619484131774695,TIME_LIMIT,396660,0,0,14,21
5,8,1.754942e6,-1.1099462135803995,-0.8619484131774695,TIME_LIMIT,396699,0,0,17,7
5,8,1.755144e6,-1.1099462135803995,-0.8619484131774695,TIME_LIMIT,396714,0,0,14,17
5,8,1.755279e6,-1.109946159436055,-0.8619484131774695,TIME_LIMIT,396745,0,0,9,6
5,8,1.755391e6,-1.109946159436055,-0.8619484131774695,TIME_LIMIT,396769,0,0,8,6
5,8,1.755624e6,-1.1099359935830218,-0.8619484131774695,TIME_LIMIT,396791,0,0,14,8
5,8,1.755844e6,-1.1099359935830218,-0.8619484131774695,TIME_LIMIT,396818,0,0,14,13
5,8,1.756067e6,-1.1099296548390434,-0.8619484131774695,TIME_LIMIT,396843,0,0,19,11
5,8,1.756275e6,-1.1099296548390434,-0.8619484131774695,TIME_LIMIT,396864,0,0,22,7
5,8,1.756389e6,-1.1099233623770783,-0.8619484131774695,TIME_LIMIT,396885,0,0,19,3
5,8,1.75646e6,-1.1099233623770783,-0.8619484131774695,TIME_LIMIT,396905,0,0,11,6
5,8,1.756528e6,-1.1099154326333198,-0.8619484131774695,TIME_LIMIT,396933,0,0,7,8
5,8,1.756609e6,-1.1099154326333198,-0.8619484131774695,TIME_LIMIT,396951,0,0,9,5
5,8,1.75675e6,-1.1099040107644744,-0.8619484131774695,TIME_LIMIT,396974,0,0,11,8
5,8,1.756901e6,-1.1099040107644744,-0.8619484131774695,TIME_LIMIT,396999,0,0,14,27
5,8,1.757081e6,-1.1098920629362032,-0.8619484131774695,TIME_LIMIT,397035,0,0,13,11
5,8,1.757123e6,-1.1098920629362032,-0.8619484131774695,TIME_LIMIT,397054,0,0,15,6
5,8,1.757231e6,-1.1098828562678156,-0.8619484131774695,TIME_LIMIT,397070,0,0,4,0
5,8,1.757454e6,-1.1098828562678156,-0.8619484131774695,TIME_LIMIT,397098,0,0,19,27
5,8,1.757683e6,-1.1098796124949317,-0.8619484131774695,TIME_LIMIT,397133,0,0,9,10
5,8,1.757773e6,-1.1098796124949317,-0.8619484131774695,TIME_LIMIT,397146,0,0,8,8
5,8,1.757795e6,-1.1098781733849066,-0.8619484131774695,TIME_LIMIT,397155,0,0,4,0
5,8,1.757922e6,-1.1098781733849066,-0.8619484131774695,TIME_LIMIT,397180,0,0,12,13
5,8,1.75801e6,-1.1098765894789722,-0.8619484131774695,TIME_LIMIT,397203,0,0,5,6
5,8,1.758128e6,-1.1098765894789722,-0.8619484131774695,TIME_LIMIT,397213,0,0,9,4
5,8,1.758205e6,-1.1098738864440403,-0.8619484131774695,TIME_LIMIT,397234,0,0,9,2
5,8,1.758444e6,-1.1098738864440403,-0.8619484131774695,TIME_LIMIT,397259,0,0,12,9
5,8,1.758546e6,-1.1098704203226815,-0.8619484131774695,TIME_LIMIT,397293,0,0,16,4
5,8,1.758705e6,-1.1098704203226815,-0.8619484131774695,TIME_LIMIT,397318,0,0,14,7
5,8,1.758823e6,-1.1098549603636743,-0.8619484131774695,TIME_LIMIT,397342,0,0,7,4
5,8,1.758925e6,-1.1098549603636743,-0.8619484131774695,TIME_LIMIT,397358,0,0,7,9
5,8,1.758995e6,-1.1098548958497672,-0.8619484131774695,TIME_LIMIT,397379,0,0,5,3
5,8,1.759233e6,-1.1098548958497672,-0.8619484131774695,TIME_LIMIT,397399,0,0,14,21
5,8,1.759469e6,-1.1098375142665846,-0.8619484131774695,TIME_LIMIT,397431,0,0,15,11
5,8,1.759669e6,-1.1098375142665846,-0.8619484131774695,TIME_LIMIT,397463,0,0,9,15
5,8,1.759851e6,-1.1098271465496121,-0.8619484131774695,TIME_LIMIT,397491,0,0,11,13
5,8,1.759992e6,-1.1098271465496121,-0.8619484131774695,TIME_LIMIT,397512,0,0,17,10
5,8,1.760086e6,-1.1098247109142214,-0.8619484131774695,TIME_LIMIT,397544,0,0,8,6
5,8,1.760165e6,-1.1098247109142214,-0.8619484131774695,TIME_LIMIT,397568,0,0,9,4
5,8,1.760281e6,-1.1098185705350305,-0.8619484131774695,TIME_LIMIT,397582,0,0,9,4
5,8,1.760401e6,-1.1098185705350305,-0.8619484131774695,TIME_LIMIT,397607,0,0,13,9
5,8,1.760438e6,-1.1098099405835522,-0.8619484131774695,TIME_LIMIT,397628,0,0,10,5
5,8,1.760574e6,-1.1098099405835522,-0.8619484131774695,TIME_LIMIT,397656,0,0,14,15
5,8,1.760648e6,-1.1098063034906656,-0.8619484131774695,TIME_LIMIT,397679,0,0,9,3
5,8,1.760837e6,-1.1098063034906656,-0.8619484131774695,TIME_LIMIT,397706,0,0,9,19
5,8,1.761043e6,-1.1098019243169959,-0.8619484131774695,TIME_LIMIT,397748,0,0,13,14
5,8,1.761173e6,-1.1098019243169959,-0.8619484131774695,TIME_LIMIT,397768,0,0,18,17
5,8,1.761438e6,-1.1097919824402034,-0.8619484131774695,TIME_LIMIT,397801,0,0,7,7
5,8,1.761552e6,-1.1097919824402034,-0.8619484131774695,TIME_LIMIT,397825,0,0,19,13
5,8,1.761709e6,-1.1097914702742349,-0.8619484131774695,TIME_LIMIT,397852,0,0,11,15
5,8,1.761901e6,-1.1097914702742349,-0.8619484131774695,TIME_LIMIT,397879,0,0,6,23
5,8,1.76218e6,-1.1097815760744152,-0.8619484131774695,TIME_LIMIT,397918,0,0,5,13
5,8,1.762318e6,-1.1097815760744152,-0.8619484131774695,TIME_LIMIT,397941,0,0,8,11
5,8,1.762532e6,-1.109775641848553,-0.8619484131774695,TIME_LIMIT,397968,0,0,16,24
5,8,1.762741e6,-1.109775641848553,-0.8619484131774695,TIME_LIMIT,397996,0,0,22,7
5,8,1.76281e6,-1.1097659906484099,-0.8619484131774695,TIME_LIMIT,398021,0,0,14,7
5,8,1.762883e6,-1.1097659906484099,-0.8619484131774695,TIME_LIMIT,398041,0,0,21,17
5,8,1.763113e6,-1.1097648116407772,-0.8619484131774695,TIME_LIMIT,398077,0,0,10,11
5,8,1.763227e6,-1.1097648116407772,-0.8619484131774695,TIME_LIMIT,398094,0,0,10,10
5,8,1.763322e6,-1.1097632386006642,-0.8619484131774695,TIME_LIMIT,398117,0,0,10,5
5,8,1.763374e6,-1.1097632386006642,-0.8619484131774695,TIME_LIMIT,398134,0,0,9,10
5,8,1.763491e6,-1.109760241558715,-0.8619484131774695,TIME_LIMIT,398155,0,0,7,8
5,8,1.763698e6,-1.109760241558715,-0.8619484131774695,TIME_LIMIT,398182,0,0,14,9
5,8,1.763878e6,-1.1097585896484874,-0.8619484131774695,TIME_LIMIT,398201,0,0,9,10
5,8,1.76407e6,-1.1097585896484874,-0.8619484131774695,TIME_LIMIT,398230,0,0,15,20
5,8,1.764217e6,-1.1097563538187982,-0.8619484131774695,TIME_LIMIT,398259,0,0,13,7
5,8,1.76442e6,-1.1097563538187982,-0.8619484131774695,TIME_LIMIT,398284,0,0,15,8
5,8,1.764681e6,-1.109754055852561,-0.8619484131774695,TIME_LIMIT,398323,0,0,16,13
5,8,1.764796e6,-1.109754055852561,-0.8619484131774695,TIME_LIMIT,398347,0,0,8,11
5,8,1.76499e6,-1.1097451777102312,-0.8619484131774695,TIME_LIMIT,398365,0,0,10,8
5,8,1.765089e6,-1.1097451777102312,-0.8619484131774695,TIME_LIMIT,398379,0,0,12,16
5,8,1.765212e6,-1.1097442483038091,-0.8619484131774695,TIME_LIMIT,398408,0,0,11,2
5,8,1.765356e6,-1.1097442483038091,-0.8619484131774695,TIME_LIMIT,398430,0,0,8,15
5,8,1.765452e6,-1.1097417000776284,-0.8619484131774695,TIME_LIMIT,398461,0,0,6,5
5,8,1.765616e6,-1.1097417000776284,-0.8619484131774695,TIME_LIMIT,398486,0,0,13,7
5,8,1.765809e6,-1.1097405463099443,-0.8619484131774695,TIME_LIMIT,398518,0,0,11,6
5,8,1.766032e6,-1.1097405463099443,-0.8619484131774695,TIME_LIMIT,398541,0,0,23,24
5,8,1.7663e6,-1.1097381748735866,-0.8619484131774695,TIME_LIMIT,398582,0,0,13,15
5,8,1.766363e6,-1.1097381748735866,-0.8619484131774695,TIME_LIMIT,398600,0,0,12,7
5,8,1.766418e6,-1.1097362945716382,-0.8619484131774695,TIME_LIMIT,398621,0,0,8,1
5,8,1.766635e6,-1.1097362945716382,-0.8619484131774695,TIME_LIMIT,398651,0,0,20,15
5,8,1.766757e6,-1.1097235994473207,-0.8619484131774695,TIME_LIMIT,398677,0,0,10,6
5,8,1.766794e6,-1.1097235994473207,-0.8619484131774695,TIME_LIMIT,398692,0,0,6,3
5,8,1.766926e6,-1.1097164869076914,-0.8619484131774695,TIME_LIMIT,398715,0,0,3,5
5,8,1.766997e6,-1.1097164869076914,-0.8619484131774695,TIME_LIMIT,398734,0,0,12,7
5,8,1.767045e6,-1.1097055255748882,-0.8619484131774695,TIME_LIMIT,398752,0,0,3,4
5,8,1.767167e6,-1.1097055255748882,-0.8619484131774695,TIME_LIMIT,398775,0,0,13,11
5,8,1.767379e6,-1.109704758286875,-0.8619484131774695,TIME_LIMIT,398811,0,0,7,10
5,8,1.767494e6,-1.109704758286875,-0.8619484131774695,TIME_LIMIT,398835,0,0,11,24
5,8,1.767637e6,-1.1096966748615595,-0.8619484131774695,TIME_LIMIT,398871,0,0,11,11
5,8,1.767705e6,-1.1096966748615595,-0.8619484131774695,TIME_LIMIT,398887,0,0,9,4
5,8,1.767729e6,-1.1096885068774751,-0.8619484131774695,TIME_LIMIT,398903,0,0,6,4
5,8,1.767924e6,-1.1096885068774751,-0.8619484131774695,TIME_LIMIT,398931,0,0,20,16
5,8,1.768051e6,-1.1096807077385402,-0.8619484131774695,TIME_LIMIT,398966,0,0,14,14
5,8,1.768324e6,-1.1096807077385402,-0.8619484131774695,TIME_LIMIT,398991,0,0,14,9
5,8,1.768598e6,-1.1096785221140233,-0.8619484131774695,TIME_LIMIT,399032,0,0,19,14
5,8,1.768812e6,-1.1096785221140233,-0.8619484131774695,TIME_LIMIT,399055,0,0,17,16
5,8,1.769039e6,-1.10967773055308,-0.8619484131774695,TIME_LIMIT,399089,0,0,16,11
5,8,1.769141e6,-1.10967773055308,-0.8619484131774695,TIME_LIMIT,399111,0,0,12,12
5,8,1.769212e6,-1.1096770651140155,-0.8619484131774695,TIME_LIMIT,399134,0,0,10,9
5,8,1.769337e6,-1.1096770651140155,-0.8619484131774695,TIME_LIMIT,399155,0,0,18,8
5,8,1.769434e6,-1.109676980789408,-0.8619484131774695,TIME_LIMIT,399179,0,0,11,6
5,8,1.769476e6,-1.109676980789408,-0.8619484131774695,TIME_LIMIT,399199,0,0,11,6
5,8,1.769558e6,-1.1096746446436878,-0.8619484131774695,TIME_LIMIT,399213,0,0,7,2
5,8,1.769668e6,-1.1096746446436878,-0.8619484131774695,TIME_LIMIT,399241,0,0,11,20
5,8,1.769883e6,-1.109668067061885,-0.8619484131774695,TIME_LIMIT,399268,0,0,13,13
5,8,1.77008e6,-1.109668067061885,-0.8619484131774695,TIME_LIMIT,399297,0,0,23,28
5,8,1.770251e6,-1.109667813796881,-0.8619484131774695,TIME_LIMIT,399333,0,0,16,10
5,8,1.770458e6,-1.109667813796881,-0.8619484131774695,TIME_LIMIT,399358,0,0,12,17
5,8,1.770493e6,-1.109659757600779,-0.8619484131774695,TIME_LIMIT,399375,0,0,6,2
5,8,1.770609e6,-1.109659757600779,-0.8619484131774695,TIME_LIMIT,399402,0,0,13,6
5,8,1.770768e6,-1.1096571334757372,-0.8619484131774695,TIME_LIMIT,399422,0,0,9,7
5,8,1.770874e6,-1.1096571334757372,-0.8619484131774695,TIME_LIMIT,399452,0,0,18,5
5,8,1.770953e6,-1.1096565425153881,-0.8619484131774695,TIME_LIMIT,399467,0,0,13,8
5,8,1.77101e6,-1.1096565425153881,-0.8619484131774695,TIME_LIMIT,399486,0,0,7,14
5,8,1.771266e6,-1.1096557688301005,-0.8619484131774695,TIME_LIMIT,399532,0,0,15,15
5,8,1.771419e6,-1.1096557688301005,-0.8619484131774695,TIME_LIMIT,399555,0,0,12,11
5,8,1.771563e6,-1.109653339984274,-0.8619484131774695,TIME_LIMIT,399588,0,0,10,8
5,8,1.771673e6,-1.109653339984274,-0.8619484131774695,TIME_LIMIT,399613,0,0,19,9
5,8,1.772007e6,-1.1096131719888715,-0.8619484131774695,TIME_LIMIT,399653,0,0,7,16
5,8,1.772082e6,-1.1096131719888715,-0.8619484131774695,TIME_LIMIT,399670,0,0,14,14
5,8,1.772169e6,-1.1096064512559358,-0.8619484131774695,TIME_LIMIT,399691,0,0,1,6
5,8,1.772322e6,-1.1096064512559358,-0.8619484131774695,TIME_LIMIT,399720,0,0,19,15
5,8,1.772492e6,-1.109602939773933,-0.8619484131774695,TIME_LIMIT,399748,0,0,20,12
5,8,1.772584e6,-1.109602939773933,-0.8619484131774695,TIME_LIMIT,399771,0,0,14,9
5,8,1.772681e6,-1.1095930083286487,-0.8619484131774695,TIME_LIMIT,399786,0,0,11,5
5,8,1.772927e6,-1.1095930083286487,-0.8619484131774695,TIME_LIMIT,399819,0,0,12,12
5,8,1.773001e6,-1.109592381616112,-0.8619484131774695,TIME_LIMIT,399834,0,0,12,3
5,8,1.773062e6,-1.109592381616112,-0.8619484131774695,TIME_LIMIT,399859,0,0,13,8
5,8,1.773163e6,-1.1095818832036626,-0.8619484131774695,TIME_LIMIT,399879,0,0,8,3
5,8,1.77323e6,-1.1095818832036626,-0.8619484131774695,TIME_LIMIT,399897,0,0,7,7
5,8,1.773271e6,-1.1095707311101655,-0.8619484131774695,TIME_LIMIT,399917,0,0,10,4
5,8,1.773384e6,-1.1095707311101655,-0.8619484131774695,TIME_LIMIT,399939,0,0,22,22
5,8,1.77357e6,-1.1095621252031536,-0.8619484131774695,TIME_LIMIT,399977,0,0,17,10
5,8,1.773819e6,-1.1095621252031536,-0.8619484131774695,TIME_LIMIT,400000,0,0,25,35
5,8,1.774085e6,-1.1095588371934442,-0.8619484131774695,TIME_LIMIT,400042,0,0,11,12
5,8,1.774201e6,-1.1095588371934442,-0.8619484131774695,TIME_LIMIT,400066,0,0,10,9
5,8,1.774287e6,-1.109552981784193,-0.8619484131774695,TIME_LIMIT,400086,0,0,8,11
5,8,1.774424e6,-1.109552981784193,-0.8619484131774695,TIME_LIMIT,400108,0,0,14,14
5,8,1.774476e6,-1.1095520224564859,-0.8619484131774695,TIME_LIMIT,400127,0,0,9,3
5,8,1.774689e6,-1.1095520224564859,-0.8619484131774695,TIME_LIMIT,400151,0,0,15,17
5,8,1.774849e6,-1.1095492106026417,-0.8619484131774695,TIME_LIMIT,400182,0,0,15,8
5,8,1.774952e6,-1.1095492106026417,-0.8619484131774695,TIME_LIMIT,400206,0,0,12,20
5,8,1.775077e6,-1.1095429654841635,-0.8619484131774695,TIME_LIMIT,400243,0,0,8,13
5,8,1.775273e6,-1.1095429654841635,-0.8619484131774695,TIME_LIMIT,400260,0,0,13,7
5,8,1.775401e6,-1.1095390908480143,-0.8619484131774695,TIME_LIMIT,400289,0,0,9,5
5,8,1.775508e6,-1.1095390908480143,-0.8619484131774695,TIME_LIMIT,400320,0,0,19,12
5,8,1.775651e6,-1.1095362550123056,-0.8619484131774695,TIME_LIMIT,400345,0,0,10,11
5,8,1.775761e6,-1.1095362550123056,-0.8619484131774695,TIME_LIMIT,400361,0,0,12,17
5,8,1.775994e6,-1.1095235579208715,-0.8619484131774695,TIME_LIMIT,400392,0,0,11,5
5,8,1.776109e6,-1.1095235579208715,-0.8619484131774695,TIME_LIMIT,400417,0,0,16,16
5,8,1.776318e6,-1.1095232917232034,-0.8619484131774695,TIME_LIMIT,400441,0,0,14,15
5,8,1.776489e6,-1.1095232917232034,-0.8619484131774695,TIME_LIMIT,400467,0,0,13,17
5,8,1.776606e6,-1.109517280767858,-0.8619484131774695,TIME_LIMIT,400498,0,0,5,9
5,8,1.77675e6,-1.109517280767858,-0.8619484131774695,TIME_LIMIT,400515,0,0,14,16
5,8,1.776937e6,-1.109516598912411,-0.8619484131774695,TIME_LIMIT,400551,0,0,9,5
5,8,1.777026e6,-1.109516598912411,-0.8619484131774695,TIME_LIMIT,400577,0,0,16,6
5,8,1.777135e6,-1.1095154760316228,-0.8619484131774695,TIME_LIMIT,400603,0,0,8,9
5,8,1.777292e6,-1.1095154760316228,-0.8619484131774695,TIME_LIMIT,400622,0,0,7,18
5,8,1.777477e6,-1.1095128275716586,-0.8619484131774695,TIME_LIMIT,400658,0,0,18,10
5,8,1.777576e6,-1.1095128275716586,-0.8619484131774695,TIME_LIMIT,400682,0,0,17,13
5,8,1.777645e6,-1.1095065360752192,-0.8619484131774695,TIME_LIMIT,400704,0,0,2,3
5,8,1.777717e6,-1.1095065360752192,-0.8619484131774695,TIME_LIMIT,400725,0,0,12,9
5,8,1.777794e6,-1.1095013891908647,-0.8619484131774695,TIME_LIMIT,400753,0,0,7,7
5,8,1.777945e6,-1.1095013891908647,-0.8619484131774695,TIME_LIMIT,400776,0,0,9,10
5,8,1.778113e6,-1.109500858207498,-0.8619484131774695,TIME_LIMIT,400817,0,0,19,13
5,8,1.778186e6,-1.109500858207498,-0.8619484131774695,TIME_LIMIT,400836,0,0,8,5
5,8,1.778217e6,-1.1094833710594645,-0.8619484131774695,TIME_LIMIT,400853,0,0,4,5
5,8,1.778434e6,-1.1094833710594645,-0.8619484131774695,TIME_LIMIT,400873,0,0,13,15
5,8,1.77854e6,-1.1094833336370784,-0.8619484131774695,TIME_LIMIT,400908,0,0,14,8
5,8,1.778754e6,-1.1094833336370784,-0.8619484131774695,TIME_LIMIT,400941,0,0,14,8
5,8,1.778895e6,-1.1094765413435836,-0.8619484131774695,TIME_LIMIT,400973,0,0,3,8
5,8,1.778939e6,-1.1094765413435836,-0.8619484131774695,TIME_LIMIT,400990,0,0,16,12
5,8,1.778984e6,-1.109474497230072,-0.8619484131774695,TIME_LIMIT,401018,0,0,6,3
5,8,1.779039e6,-1.109474497230072,-0.8619484131774695,TIME_LIMIT,401035,0,0,6,6
5,8,1.779084e6,-1.1094730056942383,-0.8619484131774695,TIME_LIMIT,401046,0,0,3,4
5,8,1.779178e6,-1.1094730056942383,-0.8619484131774695,TIME_LIMIT,401071,0,0,14,13
5,8,1.779265e6,-1.1094671771403801,-0.8619484131774695,TIME_LIMIT,401101,0,0,10,12
5,8,1.779422e6,-1.1094671771403801,-0.8619484131774695,TIME_LIMIT,401127,0,0,18,12
5,8,1.779594e6,-1.1094635759896565,-0.8619484131774695,TIME_LIMIT,401163,0,0,12,14
5,8,1.779647e6,-1.1094635759896565,-0.8619484131774695,TIME_LIMIT,401185,0,0,13,7
5,8,1.779729e6,-1.1094634363739442,-0.8619484131774695,TIME_LIMIT,401200,0,0,8,5
5,8,1.779826e6,-1.1094634363739442,-0.8619484131774695,TIME_LIMIT,401222,0,0,12,8
5,8,1.779923e6,-1.109460598255782,-0.8619484131774695,TIME_LIMIT,401252,0,0,11,7
5,8,1.78014e6,-1.109460598255782,-0.8619484131774695,TIME_LIMIT,401272,0,0,13,12
5,8,1.780249e6,-1.1094604096350427,-0.8619484131774695,TIME_LIMIT,401294,0,0,12,6
5,8,1.78042e6,-1.1094604096350427,-0.8619484131774695,TIME_LIMIT,401326,0,0,10,11
5,8,1.780548e6,-1.10945846378038,-0.8619484131774695,TIME_LIMIT,401347,0,0,11,12
5,8,1.780764e6,-1.10945846378038,-0.8619484131774695,TIME_LIMIT,401381,0,0,21,22
5,8,1.780944e6,-1.1094522463671694,-0.8619484131774695,TIME_LIMIT,401412,0,0,14,4
5,8,1.7811e6,-1.1094522463671694,-0.8619484131774695,TIME_LIMIT,401442,0,0,21,13
5,8,1.781271e6,-1.1094478087997266,-0.8619484131774695,TIME_LIMIT,401478,0,0,13,9
5,8,1.781484e6,-1.1094478087997266,-0.8619484131774695,TIME_LIMIT,401509,0,0,16,19
5,8,1.781665e6,-1.1094282387927024,-0.8619484131774695,TIME_LIMIT,401549,0,0,8,6
5,8,1.781773e6,-1.1094282387927024,-0.8619484131774695,TIME_LIMIT,401574,0,0,15,10
5,8,1.781874e6,-1.1094264819310182,-0.8619484131774695,TIME_LIMIT,401591,0,0,5,1
5,8,1.781929e6,-1.1094264819310182,-0.8619484131774695,TIME_LIMIT,401617,0,0,15,3
5,8,1.782036e6,-1.109420625959097,-0.8619484131774695,TIME_LIMIT,401637,0,0,11,8
5,8,1.78216e6,-1.109420625959097,-0.8619484131774695,TIME_LIMIT,401666,0,0,15,13
5,8,1.782364e6,-1.1094131869720427,-0.8619484131774695,TIME_LIMIT,401694,0,0,16,5
5,8,1.782439e6,-1.1094131869720427,-0.8619484131774695,TIME_LIMIT,401719,0,0,19,9
5,8,1.782593e6,-1.1094069216224123,-0.8619484131774695,TIME_LIMIT,401747,0,0,13,4
5,8,1.782758e6,-1.1094069216224123,-0.8619484131774695,TIME_LIMIT,401766,0,0,9,6
5,8,1.78285e6,-1.1094003129325682,-0.8619484131774695,TIME_LIMIT,401787,0,0,5,2
5,8,1.782961e6,-1.1094003129325682,-0.8619484131774695,TIME_LIMIT,401806,0,0,6,11
5,8,1.783049e6,-1.1093864168008603,-0.8619484131774695,TIME_LIMIT,401833,0,0,9,6
5,8,1.78313e6,-1.1093864168008603,-0.8619484131774695,TIME_LIMIT,401855,0,0,16,3
5,8,1.783202e6,-1.109380593451911,-0.8619484131774695,TIME_LIMIT,401869,0,0,6,2
5,8,1.783343e6,-1.109380593451911,-0.8619484131774695,TIME_LIMIT,401900,0,0,22,15
5,8,1.783547e6,-1.1093761201422847,-0.8619484131774695,TIME_LIMIT,401931,0,0,9,6
5,8,1.78365e6,-1.1093761201422847,-0.8619484131774695,TIME_LIMIT,401947,0,0,7,7
5,8,1.783674e6,-1.109372212371813,-0.8619484131774695,TIME_LIMIT,401958,0,0,4,1
5,8,1.783805e6,-1.109372212371813,-0.8619484131774695,TIME_LIMIT,401982,0,0,11,12
5,8,1.783977e6,-1.1093565433834773,-0.8619484131774695,TIME_LIMIT,402015,0,0,11,10
5,8,1.784159e6,-1.1093565433834773,-0.8619484131774695,TIME_LIMIT,402038,0,0,6,6
5,8,1.784256e6,-1.1093466204743776,-0.8619484131774695,TIME_LIMIT,402054,0,0,9,6
5,8,1.784381e6,-1.1093466204743776,-0.8619484131774695,TIME_LIMIT,402073,0,0,13,17
5,8,1.784454e6,-1.109332752323405,-0.8619484131774695,TIME_LIMIT,402089,0,0,9,7
5,8,1.784561e6,-1.109332752323405,-0.8619484131774695,TIME_LIMIT,402106,0,0,11,14
5,8,1.784749e6,-1.1093323389733916,-0.8619484131774695,TIME_LIMIT,402140,0,0,10,9
5,8,1.784877e6,-1.1093323389733916,-0.8619484131774695,TIME_LIMIT,402159,0,0,6,4
5,8,1.784982e6,-1.1093179466405738,-0.8619484131774695,TIME_LIMIT,402177,0,0,14,2
5,8,1.785137e6,-1.1093179466405738,-0.8619484131774695,TIME_LIMIT,402210,0,0,10,13
5,8,1.785233e6,-1.1093151343710133,-0.8619484131774695,TIME_LIMIT,402226,0,0,13,12
5,8,1.785415e6,-1.1093151343710133,-0.8619484131774695,TIME_LIMIT,402247,0,0,9,15
5,8,1.78558e6,-1.1093065230356056,-0.8619484131774695,TIME_LIMIT,402282,0,0,11,6
5,8,1.785696e6,-1.1093065230356056,-0.8619484131774695,TIME_LIMIT,402298,0,0,13,6
5,8,1.785759e6,-1.1092815036677872,-0.8619484131774695,TIME_LIMIT,402313,0,0,8,1
5,8,1.785949e6,-1.1092815036677872,-0.8619484131774695,TIME_LIMIT,402337,0,0,15,14
5,8,1.786014e6,-1.1092664008481032,-0.8619484131774695,TIME_LIMIT,402362,0,0,6,1
5,8,1.78611e6,-1.1092664008481032,-0.8619484131774695,TIME_LIMIT,402389,0,0,15,8
5,8,1.786141e6,-1.1092661575582508,-0.8619484131774695,TIME_LIMIT,402405,0,0,10,5
5,8,1.786232e6,-1.1092661575582508,-0.8619484131774695,TIME_LIMIT,402424,0,0,9,10
5,8,1.786382e6,-1.109265432718051,-0.8619484131774695,TIME_LIMIT,402449,0,0,12,3
5,8,1.786475e6,-1.109265432718051,-0.8619484131774695,TIME_LIMIT,402471,0,0,14,11
5,8,1.786525e6,-1.10926040456913,-0.8619484131774695,TIME_LIMIT,402490,0,0,7,4
5,8,1.78676e6,-1.10926040456913,-0.8619484131774695,TIME_LIMIT,402516,0,0,14,13
5,8,1.786942e6,-1.1092595418071478,-0.8619484131774695,TIME_LIMIT,402540,0,0,14,9
5,8,1.787053e6,-1.1092595418071478,-0.8619484131774695,TIME_LIMIT,402564,0,0,12,18
5,8,1.787159e6,-1.109258879593506,-0.8619484131774695,TIME_LIMIT,402587,0,0,8,3
5,8,1.78732e6,-1.109258879593506,-0.8619484131774695,TIME_LIMIT,402611,0,0,16,11
5,8,1.787423e6,-1.1092586138349008,-0.8619484131774695,TIME_LIMIT,402631,0,0,4,10
5,8,1.78752e6,-1.1092586138349008,-0.8619484131774695,TIME_LIMIT,402655,0,0,12,7
5,8,1.787623e6,-1.1092536977902274,-0.8619484131774695,TIME_LIMIT,402680,0,0,13,11
5,8,1.787666e6,-1.1092536977902274,-0.8619484131774695,TIME_LIMIT,402700,0,0,13,13
5,8,1.787763e6,-1.1092340286311666,-0.8619484131774695,TIME_LIMIT,402722,0,0,14,2
5,8,1.787992e6,-1.1092340286311666,-0.8619484131774695,TIME_LIMIT,402749,0,0,20,8
5,8,1.788069e6,-1.1092203812836385,-0.8619484131774695,TIME_LIMIT,402770,0,0,6,3
5,8,1.78823e6,-1.1092203812836385,-0.8619484131774695,TIME_LIMIT,402791,0,0,18,12
5,8,1.788399e6,-1.10921737194955,-0.8619484131774695,TIME_LIMIT,402812,0,0,12,12
5,8,1.788523e6,-1.10921737194955,-0.8619484131774695,TIME_LIMIT,402833,0,0,9,14
5,8,1.788683e6,-1.1092159196954574,-0.8619484131774695,TIME_LIMIT,402860,0,0,14,11
5,8,1.788802e6,-1.1092159196954574,-0.8619484131774695,TIME_LIMIT,402885,0,0,13,21
5,8,1.788939e6,-1.1092149685828232,-0.8619484131774695,TIME_LIMIT,402913,0,0,10,11
5,8,1.789055e6,-1.1092149685828232,-0.8619484131774695,TIME_LIMIT,402934,0,0,4,14
5,8,1.789196e6,-1.1092116650347579,-0.8619484131774695,TIME_LIMIT,402966,0,0,10,8
5,8,1.789317e6,-1.1092116650347579,-0.8619484131774695,TIME_LIMIT,402989,0,0,8,12
5,8,1.789391e6,-1.1092068445234422,-0.8619484131774695,TIME_LIMIT,403020,0,0,8,8
5,8,1.789496e6,-1.1092068445234422,-0.8619484131774695,TIME_LIMIT,403045,0,0,9,4
5,8,1.789634e6,-1.1091997790590438,-0.8619484131774695,TIME_LIMIT,403063,0,0,4,5
5,8,1.789869e6,-1.1091997790590438,-0.8619484131774695,TIME_LIMIT,403080,0,0,10,8
5,8,1.789976e6,-1.1091992174044774,-0.8619484131774695,TIME_LIMIT,403103,0,0,14,9
5,8,1.790023e6,-1.1091992174044774,-0.8619484131774695,TIME_LIMIT,403124,0,0,11,7
5,8,1.790127e6,-1.1091990180255484,-0.8619484131774695,TIME_LIMIT,403150,0,0,10,6
5,8,1.790302e6,-1.1091990180255484,-0.8619484131774695,TIME_LIMIT,403175,0,0,17,15
5,8,1.790447e6,-1.1091863897382708,-0.8619484131774695,TIME_LIMIT,403204,0,0,13,8
5,8,1.790662e6,-1.1091863897382708,-0.8619484131774695,TIME_LIMIT,403233,0,0,16,21
5,8,1.790852e6,-1.109182319330034,-0.8619484131774695,TIME_LIMIT,403260,0,0,6,17
5,8,1.791108e6,-1.109182319330034,-0.8619484131774695,TIME_LIMIT,403282,0,0,17,25
5,8,1.791373e6,-1.1091800304994317,-0.8619484131774695,TIME_LIMIT,403328,0,0,15,10
5,8,1.791614e6,-1.1091800304994317,-0.8619484131774695,TIME_LIMIT,403353,0,0,11,16
5,8,1.791693e6,-1.1091776560899347,-0.8619484131774695,TIME_LIMIT,403376,0,0,15,4
5,8,1.791853e6,-1.1091776560899347,-0.8619484131774695,TIME_LIMIT,403402,0,0,21,20
5,8,1.791944e6,-1.1091735895372135,-0.8619484131774695,TIME_LIMIT,403423,0,0,9,5
5,8,1.792067e6,-1.1091735895372135,-0.8619484131774695,TIME_LIMIT,403439,0,0,9,9
5,8,1.792159e6,-1.10916434790194,-0.8619484131774695,TIME_LIMIT,403464,0,0,7,7
5,8,1.792255e6,-1.10916434790194,-0.8619484131774695,TIME_LIMIT,403487,0,0,17,14
5,8,1.792389e6,-1.1091630870955898,-0.8619484131774695,TIME_LIMIT,403518,0,0,13,8
5,8,1.792486e6,-1.1091630870955898,-0.8619484131774695,TIME_LIMIT,403544,0,0,15,18
5,8,1.792635e6,-1.1091630796255099,-0.8619484131774695,TIME_LIMIT,403577,0,0,10,14
5,8,1.79283e6,-1.1091630796255099,-0.8619484131774695,TIME_LIMIT,403606,0,0,8,14
5,8,1.793006e6,-1.1091511399088056,-0.8619484131774695,TIME_LIMIT,403636,0,0,8,14
5,8,1.793085e6,-1.1091511399088056,-0.8619484131774695,TIME_LIMIT,403661,0,0,11,7
5,8,1.793123e6,-1.1091412475115772,-0.8619484131774695,TIME_LIMIT,403683,0,0,10,6
5,8,1.793219e6,-1.1091412475115772,-0.8619484131774695,TIME_LIMIT,403701,0,0,8,6
5,8,1.793346e6,-1.109130477489038,-0.8619484131774695,TIME_LIMIT,403733,0,0,16,9
5,8,1.793451e6,-1.109130477489038,-0.8619484131774695,TIME_LIMIT,403753,0,0,18,10
5,8,1.793571e6,-1.1091278086978242,-0.8619484131774695,TIME_LIMIT,403794,0,0,15,11
5,8,1.793754e6,-1.1091278086978242,-0.8619484131774695,TIME_LIMIT,403814,0,0,13,18
5,8,1.793875e6,-1.1091202041502666,-0.8619484131774695,TIME_LIMIT,403841,0,0,9,6
5,8,1.794019e6,-1.1091202041502666,-0.8619484131774695,TIME_LIMIT,403864,0,0,17,15
5,8,1.794137e6,-1.109119909392549,-0.8619484131774695,TIME_LIMIT,403892,0,0,11,11
5,8,1.794318e6,-1.109119909392549,-0.8619484131774695,TIME_LIMIT,403922,0,0,10,21
5,8,1.794542e6,-1.1091169888700678,-0.8619484131774695,TIME_LIMIT,403961,0,0,16,8
5,8,1.794656e6,-1.1091169888700678,-0.8619484131774695,TIME_LIMIT,403984,0,0,17,16
5,8,1.794748e6,-1.1091133107415627,-0.8619484131774695,TIME_LIMIT,404007,0,0,12,7
5,8,1.7948e6,-1.1091133107415627,-0.8619484131774695,TIME_LIMIT,404024,0,0,13,10
5,8,1.794914e6,-1.1090963967517382,-0.8619484131774695,TIME_LIMIT,404051,0,0,14,5
5,8,1.795044e6,-1.1090963967517382,-0.8619484131774695,TIME_LIMIT,404081,0,0,9,17
5,8,1.795206e6,-1.1090909252985282,-0.8619484131774695,TIME_LIMIT,404123,0,0,7,11
5,8,1.795248e6,-1.1090909252985282,-0.8619484131774695,TIME_LIMIT,404138,0,0,10,8
5,8,1.795328e6,-1.1090907185756964,-0.8619484131774695,TIME_LIMIT,404163,0,0,10,9
5,8,1.795389e6,-1.1090907185756964,-0.8619484131774695,TIME_LIMIT,404175,0,0,9,6
5,8,1.795502e6,-1.1090876528727724,-0.8619484131774695,TIME_LIMIT,404207,0,0,10,8
5,8,1.79581e6,-1.1090876528727724,-0.8619484131774695,TIME_LIMIT,404231,0,0,16,22
5,8,1.795932e6,-1.1090838281588544,-0.8619484131774695,TIME_LIMIT,404263,0,0,8,13
5,8,1.796095e6,-1.1090838281588544,-0.8619484131774695,TIME_LIMIT,404287,0,0,26,19
5,8,1.796193e6,-1.1090793715175797,-0.8619484131774695,TIME_LIMIT,404325,0,0,18,7
5,8,1.796259e6,-1.1090793715175797,-0.8619484131774695,TIME_LIMIT,404349,0,0,5,8
5,8,1.79641e6,-1.1090788717239808,-0.8619484131774695,TIME_LIMIT,404380,0,0,5,10
5,8,1.796486e6,-1.1090788717239808,-0.8619484131774695,TIME_LIMIT,404400,0,0,9,3
5,8,1.796581e6,-1.109077386149944,-0.8619484131774695,TIME_LIMIT,404426,0,0,7,5
5,8,1.796643e6,-1.109077386149944,-0.8619484131774695,TIME_LIMIT,404446,0,0,12,11
5,8,1.796707e6,-1.1090564624610646,-0.8619484131774695,TIME_LIMIT,404463,0,0,6,2
5,8,1.796771e6,-1.1090564624610646,-0.8619484131774695,TIME_LIMIT,404487,0,0,16,21
5,8,1.796923e6,-1.1090483310100199,-0.8619484131774695,TIME_LIMIT,404514,0,0,16,9
5,8,1.797157e6,-1.1090483310100199,-0.8619484131774695,TIME_LIMIT,404535,0,0,11,31
5,8,1.797375e6,-1.109037600864797,-0.8619484131774695,TIME_LIMIT,404570,0,0,11,8
5,8,1.797471e6,-1.109037600864797,-0.8619484131774695,TIME_LIMIT,404588,0,0,4,12
5,8,1.797542e6,-1.1090335090718209,-0.8619484131774695,TIME_LIMIT,404616,0,0,6,6
5,8,1.797611e6,-1.1090335090718209,-0.8619484131774695,TIME_LIMIT,404637,0,0,12,13
5,8,1.797695e6,-1.1090237049516978,-0.8619484131774695,TIME_LIMIT,404655,0,0,10,2
5,8,1.797898e6,-1.1090237049516978,-0.8619484131774695,TIME_LIMIT,404679,0,0,14,11
5,8,1.798131e6,-1.1090154582450815,-0.8619484131774695,TIME_LIMIT,404709,0,0,7,14
5,8,1.798304e6,-1.1090154582450815,-0.8619484131774695,TIME_LIMIT,404733,0,0,5,12
5,8,1.798412e6,-1.1090144745490949,-0.8619484131774695,TIME_LIMIT,404758,0,0,13,3
5,8,1.79849e6,-1.1090144745490949,-0.8619484131774695,TIME_LIMIT,404779,0,0,7,7
5,8,1.798516e6,-1.109013571704986,-0.8619484131774695,TIME_LIMIT,404793,0,0,4,3
5,8,1.798598e6,-1.109013571704986,-0.8619484131774695,TIME_LIMIT,404816,0,0,5,7
5,8,1.798662e6,-1.1089889956376298,-0.8619484131774695,TIME_LIMIT,404834,0,0,7,5
5,8,1.798807e6,-1.1089889956376298,-0.8619484131774695,TIME_LIMIT,404853,0,0,10,12
5,8,1.798875e6,-1.1089871864363419,-0.8619484131774695,TIME_LIMIT,404876,0,0,3,3
5,8,1.799073e6,-1.1089871864363419,-0.8619484131774695,TIME_LIMIT,404899,0,0,11,27
5,8,1.799154e6,-1.1089798523201972,-0.8619484131774695,TIME_LIMIT,404928,0,0,8,10
5,8,1.799242e6,-1.1089798523201972,-0.8619484131774695,TIME_LIMIT,404949,0,0,8,10
5,8,1.799292e6,-1.1089673087800078,-0.8619484131774695,TIME_LIMIT,404967,0,0,10,7
5,8,1.799458e6,-1.1089673087800078,-0.8619484131774695,TIME_LIMIT,404990,0,0,6,12
5,8,1.799554e6,-1.1089607103718324,-0.8619484131774695,TIME_LIMIT,405017,0,0,17,5
5,8,1.799629e6,-1.1089607103718324,-0.8619484131774695,TIME_LIMIT,405037,0,0,21,20
5,8,1.799796e6,-1.108947082158906,-0.8619484131774695,TIME_LIMIT,405074,0,0,8,11
5,8,1.799982e6,-1.108947082158906,-0.8619484131774695,TIME_LIMIT,405104,0,0,16,10
5,8,1.800218e6,-1.1089417256662077,-0.8619484131774695,TIME_LIMIT,405132,0,0,13,6
5,8,1.800391e6,-1.1089417256662077,-0.8619484131774695,TIME_LIMIT,405162,0,0,12,16
5,8,1.800487e6,-1.1089397330285802,-0.8619484131774695,TIME_LIMIT,405183,0,0,12,13
5,8,1.800689e6,-1.1089397330285802,-0.8619484131774695,TIME_LIMIT,405211,0,0,6,11
5,8,1.800934e6,-1.108922805669044,-0.8619484131774695,TIME_LIMIT,405239,0,0,17,6
5,8,1.801049e6,-1.108922805669044,-0.8619484131774695,TIME_LIMIT,405261,0,0,9,9
5,8,1.801176e6,-1.1089209595564684,-0.8619484131774695,TIME_LIMIT,405286,0,0,14,4
5,8,1.80131e6,-1.1089209595564684,-0.8619484131774695,TIME_LIMIT,405314,0,0,16,5
5,8,1.801465e6,-1.1089201223000482,-0.8619484131774695,TIME_LIMIT,405336,0,0,13,11
5,8,1.801544e6,-1.1089201223000482,-0.8619484131774695,TIME_LIMIT,405360,0,0,1,10
5,8,1.801583e6,-1.1089182535689512,-0.8619484131774695,TIME_LIMIT,405370,0,0,5,5
5,8,1.801639e6,-1.1089182535689512,-0.8619484131774695,TIME_LIMIT,405395,0,0,15,11
5,8,1.801739e6,-1.108905747537273,-0.8619484131774695,TIME_LIMIT,405417,0,0,11,2
5,8,1.801892e6,-1.108905747537273,-0.8619484131774695,TIME_LIMIT,405444,0,0,9,14
5,8,1.801969e6,-1.1089022585742168,-0.8619484131774695,TIME_LIMIT,405469,0,0,11,10
5,8,1.802204e6,-1.1089022585742168,-0.8619484131774695,TIME_LIMIT,405492,0,0,16,26
5,8,1.802403e6,-1.1088959846114652,-0.8619484131774695,TIME_LIMIT,405532,0,0,15,12
5,8,1.802453e6,-1.1088959846114652,-0.8619484131774695,TIME_LIMIT,405547,0,0,9,13
5,8,1.802491e6,-1.1088953015523546,-0.8619484131774695,TIME_LIMIT,405565,0,0,4,4
5,8,1.802579e6,-1.1088953015523546,-0.8619484131774695,TIME_LIMIT,405581,0,0,17,19
5,8,1.802744e6,-1.108891376609459,-0.8619484131774695,TIME_LIMIT,405613,0,0,3,6
5,8,1.802965e6,-1.108891376609459,-0.8619484131774695,TIME_LIMIT,405640,0,0,13,22
5,8,1.803106e6,-1.1088877025518455,-0.8619484131774695,TIME_LIMIT,405666,0,0,14,9
5,8,1.803175e6,-1.1088877025518455,-0.8619484131774695,TIME_LIMIT,405682,0,0,12,8
5,8,1.803243e6,-1.108887278909668,-0.8619484131774695,TIME_LIMIT,405703,0,0,8,3
5,8,1.803439e6,-1.108887278909668,-0.8619484131774695,TIME_LIMIT,405733,0,0,15,24
5,8,1.803654e6,-1.1088864901025226,-0.8619484131774695,TIME_LIMIT,405767,0,0,11,12
5,8,1.803741e6,-1.1088864901025226,-0.8619484131774695,TIME_LIMIT,405785,0,0,9,3
5,8,1.803848e6,-1.108885109378814,-0.8619484131774695,TIME_LIMIT,405813,0,0,11,6
5,8,1.804062e6,-1.108885109378814,-0.8619484131774695,TIME_LIMIT,405839,0,0,14,11
5,8,1.804191e6,-1.1088794429637572,-0.8619484131774695,TIME_LIMIT,405861,0,0,9,8
5,8,1.804372e6,-1.1088794429637572,-0.8619484131774695,TIME_LIMIT,405884,0,0,10,14
5,8,1.804478e6,-1.1088753526162851,-0.8619484131774695,TIME_LIMIT,405911,0,0,14,4
5,8,1.804609e6,-1.1088753526162851,-0.8619484131774695,TIME_LIMIT,405936,0,0,9,4
5,8,1.804718e6,-1.1088729680610068,-0.8619484131774695,TIME_LIMIT,405954,0,0,8,10
5,8,1.804846e6,-1.1088729680610068,-0.8619484131774695,TIME_LIMIT,405972,0,0,8,7
5,8,1.804916e6,-1.108871182179449,-0.8619484131774695,TIME_LIMIT,405997,0,0,8,5
5,8,1.805021e6,-1.108871182179449,-0.8619484131774695,TIME_LIMIT,406026,0,0,7,12
5,8,1.805157e6,-1.108868886527746,-0.8619484131774695,TIME_LIMIT,406056,0,0,8,8
5,8,1.805254e6,-1.108868886527746,-0.8619484131774695,TIME_LIMIT,406078,0,0,8,17
5,8,1.805447e6,-1.1088523262850987,-0.8619484131774695,TIME_LIMIT,406096,0,0,6,3
5,8,1.805667e6,-1.1088523262850987,-0.8619484131774695,TIME_LIMIT,406120,0,0,13,12
5,8,1.805854e6,-1.1088466435951037,-0.8619484131774695,TIME_LIMIT,406148,0,0,5,5
5,8,1.805945e6,-1.1088466435951037,-0.8619484131774695,TIME_LIMIT,406173,0,0,12,15
5,8,1.806016e6,-1.1088396976919432,-0.8619484131774695,TIME_LIMIT,406189,0,0,10,3
5,8,1.806092e6,-1.1088396976919432,-0.8619484131774695,TIME_LIMIT,406211,0,0,13,11
5,8,1.806201e6,-1.1088396427666507,-0.8619484131774695,TIME_LIMIT,406234,0,0,11,4
5,8,1.806268e6,-1.1088396427666507,-0.8619484131774695,TIME_LIMIT,406251,0,0,12,7
5,8,1.806366e6,-1.1088061628271932,-0.8619484131774695,TIME_LIMIT,406273,0,0,8,11
5,8,1.806478e6,-1.1088061628271932,-0.8619484131774695,TIME_LIMIT,406302,0,0,15,20
5,8,1.806686e6,-1.1087987940078516,-0.8619484131774695,TIME_LIMIT,406338,0,0,10,6
5,8,1.806854e6,-1.1087987940078516,-0.8619484131774695,TIME_LIMIT,406365,0,0,15,8
5,8,1.806986e6,-1.1087978742887619,-0.8619484131774695,TIME_LIMIT,406392,0,0,15,6
5,8,1.807201e6,-1.1087978742887619,-0.8619484131774695,TIME_LIMIT,406424,0,0,13,21
5,8,1.807412e6,-1.1087849135869983,-0.8619484131774695,TIME_LIMIT,406447,0,0,10,13
5,8,1.807534e6,-1.1087849135869983,-0.8619484131774695,TIME_LIMIT,406470,0,0,7,13
5,8,1.807674e6,-1.10877984414676,-0.8619484131774695,TIME_LIMIT,406503,0,0,14,10
5,8,1.807847e6,-1.10877984414676,-0.8619484131774695,TIME_LIMIT,406526,0,0,16,12
5,8,1.807969e6,-1.1087729208054216,-0.8619484131774695,TIME_LIMIT,406555,0,0,12,8
5,8,1.808013e6,-1.1087729208054216,-0.8619484131774695,TIME_LIMIT,406571,0,0,8,7
5,8,1.808091e6,-1.1087688725893918,-0.8619484131774695,TIME_LIMIT,406597,0,0,11,4
5,8,1.80823e6,-1.1087688725893918,-0.8619484131774695,TIME_LIMIT,406624,0,0,19,11
5,8,1.808334e6,-1.1087684649538916,-0.8619484131774695,TIME_LIMIT,406643,0,0,9,3
5,8,1.808417e6,-1.1087684649538916,-0.8619484131774695,TIME_LIMIT,406660,0,0,7,6
5,8,1.808477e6,-1.1087678473484264,-0.8619484131774695,TIME_LIMIT,406681,0,0,9,2
5,8,1.808641e6,-1.1087678473484264,-0.8619484131774695,TIME_LIMIT,406716,0,0,15,16
5,8,1.808745e6,-1.1087609389305706,-0.8619484131774695,TIME_LIMIT,406734,0,0,14,14
5,8,1.808886e6,-1.1087609389305706,-0.8619484131774695,TIME_LIMIT,406755,0,0,8,16
5,8,1.809096e6,-1.1087564691882887,-0.8619484131774695,TIME_LIMIT,406785,0,0,13,7
5,8,1.809185e6,-1.1087564691882887,-0.8619484131774695,TIME_LIMIT,406801,0,0,8,4
5,8,1.809212e6,-1.108756212258639,-0.8619484131774695,TIME_LIMIT,406814,0,0,4,3
5,8,1.809319e6,-1.108756212258639,-0.8619484131774695,TIME_LIMIT,406837,0,0,13,20
5,8,1.809522e6,-1.1087493616278374,-0.8619484131774695,TIME_LIMIT,406867,0,0,13,13
5,8,1.809736e6,-1.1087493616278374,-0.8619484131774695,TIME_LIMIT,406891,0,0,14,8
5,8,1.809898e6,-1.1087443129955248,-0.8619484131774695,TIME_LIMIT,406931,0,0,15,8
5,8,1.809958e6,-1.1087443129955248,-0.8619484131774695,TIME_LIMIT,406947,0,0,10,2
5,8,1.809979e6,-1.1087415192270302,-0.8619484131774695,TIME_LIMIT,406958,0,0,2,0
5,8,1.81019e6,-1.1087415192270302,-0.8619484131774695,TIME_LIMIT,406984,0,0,20,11
5,8,1.810361e6,-1.1087394878578039,-0.8619484131774695,TIME_LIMIT,407016,0,0,13,7
5,8,1.81061e6,-1.1087394878578039,-0.8619484131774695,TIME_LIMIT,407041,0,0,9,15
5,8,1.81069e6,-1.1087313286009415,-0.8619484131774695,TIME_LIMIT,407062,0,0,14,6
5,8,1.810857e6,-1.1087313286009415,-0.8619484131774695,TIME_LIMIT,407088,0,0,19,21
5,8,1.811014e6,-1.1087293486651695,-0.8619484131774695,TIME_LIMIT,407121,0,0,9,10
5,8,1.81114e6,-1.1087293486651695,-0.8619484131774695,TIME_LIMIT,407142,0,0,10,17
5,8,1.811221e6,-1.1087288336377572,-0.8619484131774695,TIME_LIMIT,407170,0,0,4,7
5,8,1.811434e6,-1.1087288336377572,-0.8619484131774695,TIME_LIMIT,407196,0,0,17,11
5,8,1.811575e6,-1.1087229607319409,-0.8619484131774695,TIME_LIMIT,407218,0,0,18,6
5,8,1.811763e6,-1.1087229607319409,-0.8619484131774695,TIME_LIMIT,407245,0,0,8,10
5,8,1.811965e6,-1.1087206295176784,-0.8619484131774695,TIME_LIMIT,407268,0,0,8,11
5,8,1.812072e6,-1.1087206295176784,-0.8619484131774695,TIME_LIMIT,407297,0,0,18,11
5,8,1.812199e6,-1.1087185300935722,-0.8619484131774695,TIME_LIMIT,407325,0,0,12,10
5,8,1.812351e6,-1.1087185300935722,-0.8619484131774695,TIME_LIMIT,407347,0,0,18,24
5,8,1.81255e6,-1.108716385570229,-0.8619484131774695,TIME_LIMIT,407381,0,0,10,15
5,8,1.812696e6,-1.108716385570229,-0.8619484131774695,TIME_LIMIT,407401,0,0,13,13
5,8,1.812854e6,-1.1087154324222777,-0.8619484131774695,TIME_LIMIT,407429,0,0,9,8
5,8,1.813063e6,-1.1087154324222777,-0.8619484131774695,TIME_LIMIT,407450,0,0,16,11
5,8,1.813281e6,-1.108712762774893,-0.8619484131774695,TIME_LIMIT,407486,0,0,13,12
5,8,1.813371e6,-1.108712762774893,-0.8619484131774695,TIME_LIMIT,407509,0,0,18,18
5,8,1.813459e6,-1.108712307562281,-0.8619484131774695,TIME_LIMIT,407535,0,0,8,5
5,8,1.813612e6,-1.108712307562281,-0.8619484131774695,TIME_LIMIT,407565,0,0,22,21
5,8,1.813793e6,-1.1087109189831552,-0.8619484131774695,TIME_LIMIT,407604,0,0,16,11
5,8,1.813926e6,-1.1087109189831552,-0.8619484131774695,TIME_LIMIT,407631,0,0,13,18
5,8,1.814096e6,-1.1087084784810408,-0.8619484131774695,TIME_LIMIT,407673,0,0,4,8
5,8,1.814166e6,-1.1087084784810408,-0.8619484131774695,TIME_LIMIT,407694,0,0,9,8
5,8,1.81425e6,-1.1086869774332266,-0.8619484131774695,TIME_LIMIT,407714,0,0,4,4
5,8,1.814382e6,-1.1086869774332266,-0.8619484131774695,TIME_LIMIT,407745,0,0,9,19
5,8,1.814497e6,-1.1086848831312288,-0.8619484131774695,TIME_LIMIT,407769,0,0,11,16
5,8,1.814564e6,-1.1086848831312288,-0.8619484131774695,TIME_LIMIT,407783,0,0,9,9
5,8,1.814611e6,-1.1086720328163913,-0.8619484131774695,TIME_LIMIT,407807,0,0,4,1
5,8,1.814721e6,-1.1086720328163913,-0.8619484131774695,TIME_LIMIT,407827,0,0,8,20
5,8,1.814823e6,-1.1086684560124005,-0.8619484131774695,TIME_LIMIT,407851,0,0,13,5
5,8,1.814922e6,-1.1086684560124005,-0.8619484131774695,TIME_LIMIT,407881,0,0,10,7
5,8,1.815039e6,-1.1086682835030814,-0.8619484131774695,TIME_LIMIT,407909,0,0,6,9
5,8,1.815132e6,-1.1086682835030814,-0.8619484131774695,TIME_LIMIT,407935,0,0,6,16
5,8,1.815263e6,-1.1086473822961633,-0.8619484131774695,TIME_LIMIT,407966,0,0,10,8
5,8,1.815389e6,-1.1086473822961633,-0.8619484131774695,TIME_LIMIT,407992,0,0,6,5
5,8,1.81547e6,-1.1086471701454612,-0.8619484131774695,TIME_LIMIT,408012,0,0,10,4
5,8,1.815556e6,-1.1086471701454612,-0.8619484131774695,TIME_LIMIT,408030,0,0,15,11
5,8,1.815607e6,-1.1086435750434034,-0.8619484131774695,TIME_LIMIT,408052,0,0,9,5
5,8,1.815815e6,-1.1086435750434034,-0.8619484131774695,TIME_LIMIT,408081,0,0,9,6
5,8,1.815912e6,-1.1086431979347613,-0.8619484131774695,TIME_LIMIT,408106,0,0,7,6
5,8,1.816004e6,-1.1086431979347613,-0.8619484131774695,TIME_LIMIT,408125,0,0,13,12
5,8,1.816133e6,-1.108642529704697,-0.8619484131774695,TIME_LIMIT,408155,0,0,6,6
5,8,1.816255e6,-1.108642529704697,-0.8619484131774695,TIME_LIMIT,408182,0,0,11,9
5,8,1.816366e6,-1.1086416558044938,-0.8619484131774695,TIME_LIMIT,408205,0,0,14,10
5,8,1.816433e6,-1.1086416558044938,-0.8619484131774695,TIME_LIMIT,408226,0,0,14,17
5,8,1.816569e6,-1.1086367924369203,-0.8619484131774695,TIME_LIMIT,408254,0,0,15,5
5,8,1.816715e6,-1.1086367924369203,-0.8619484131774695,TIME_LIMIT,408281,0,0,18,18
5,8,1.816829e6,-1.108636676382444,-0.8619484131774695,TIME_LIMIT,408315,0,0,12,7
5,8,1.816935e6,-1.108636676382444,-0.8619484131774695,TIME_LIMIT,408335,0,0,12,6
5,8,1.816966e6,-1.108632729528807,-0.8619484131774695,TIME_LIMIT,408350,0,0,6,5
5,8,1.817155e6,-1.108632729528807,-0.8619484131774695,TIME_LIMIT,408379,0,0,11,36
5,8,1.817387e6,-1.1086327070272985,-0.8619484131774695,TIME_LIMIT,408428,0,0,12,14
5,8,1.817486e6,-1.1086327070272985,-0.8619484131774695,TIME_LIMIT,408452,0,0,7,13
5,8,1.817648e6,-1.1086316081113021,-0.8619484131774695,TIME_LIMIT,408473,0,0,14,8
5,8,1.817744e6,-1.1086316081113021,-0.8619484131774695,TIME_LIMIT,408490,0,0,20,20
5,8,1.817872e6,-1.108626549526525,-0.8619484131774695,TIME_LIMIT,408517,0,0,11,5
5,8,1.817973e6,-1.108626549526525,-0.8619484131774695,TIME_LIMIT,408546,0,0,20,11
5,8,1.818183e6,-1.1086233985702627,-0.8619484131774695,TIME_LIMIT,408567,0,0,17,8
5,8,1.818366e6,-1.1086233985702627,-0.8619484131774695,TIME_LIMIT,408591,0,0,11,25
5,8,1.818574e6,-1.1086150817387226,-0.8619484131774695,TIME_LIMIT,408620,0,0,6,10
5,8,1.818743e6,-1.1086150817387226,-0.8619484131774695,TIME_LIMIT,408646,0,0,14,19
5,8,1.818862e6,-1.1086148901715123,-0.8619484131774695,TIME_LIMIT,408666,0,0,9,6
5,8,1.819024e6,-1.1086148901715123,-0.8619484131774695,TIME_LIMIT,408695,0,0,10,8
5,8,1.819222e6,-1.1086096973307107,-0.8619484131774695,TIME_LIMIT,408721,0,0,11,19
5,8,1.819329e6,-1.1086096973307107,-0.8619484131774695,TIME_LIMIT,408741,0,0,9,13
5,8,1.819431e6,-1.1086076355985486,-0.8619484131774695,TIME_LIMIT,408769,0,0,8,10
5,8,1.819507e6,-1.1086076355985486,-0.8619484131774695,TIME_LIMIT,408787,0,0,15,7
5,8,1.819702e6,-1.1086065816394313,-0.8619484131774695,TIME_LIMIT,408825,0,0,14,7
5,8,1.819863e6,-1.1086065816394313,-0.8619484131774695,TIME_LIMIT,408851,0,0,23,24
5,8,1.820054e6,-1.1086012576908293,-0.8619484131774695,TIME_LIMIT,408887,0,0,15,8
5,8,1.820205e6,-1.1086012576908293,-0.8619484131774695,TIME_LIMIT,408909,0,0,11,19
5,8,1.820295e6,-1.1085835958388595,-0.8619484131774695,TIME_LIMIT,408933,0,0,12,4
5,8,1.820416e6,-1.1085835958388595,-0.8619484131774695,TIME_LIMIT,408948,0,0,11,5
5,8,1.820521e6,-1.1085727449953988,-0.8619484131774695,TIME_LIMIT,408977,0,0,9,5
5,8,1.820558e6,-1.1085727449953988,-0.8619484131774695,TIME_LIMIT,408996,0,0,11,8
5,8,1.820728e6,-1.1085691651497462,-0.8619484131774695,TIME_LIMIT,409032,0,0,11,17
5,8,1.820861e6,-1.1085691651497462,-0.8619484131774695,TIME_LIMIT,409055,0,0,16,19
5,8,1.820973e6,-1.1085651394316902,-0.8619484131774695,TIME_LIMIT,409091,0,0,15,11
5,8,1.821043e6,-1.1085651394316902,-0.8619484131774695,TIME_LIMIT,409109,0,0,8,14
5,8,1.821123e6,-1.1085642126502462,-0.8619484131774695,TIME_LIMIT,409132,0,0,7,8
5,8,1.821202e6,-1.1085642126502462,-0.8619484131774695,TIME_LIMIT,409156,0,0,15,6
5,8,1.821257e6,-1.1085598294592596,-0.8619484131774695,TIME_LIMIT,409174,0,0,3,1
5,8,1.821461e6,-1.1085598294592596,-0.8619484131774695,TIME_LIMIT,409201,0,0,18,16
5,8,1.821524e6,-1.1085591354525135,-0.8619484131774695,TIME_LIMIT,409226,0,0,13,6
5,8,1.821734e6,-1.1085591354525135,-0.8619484131774695,TIME_LIMIT,409258,0,0,11,20
5,8,1.821854e6,-1.1085585928583603,-0.8619484131774695,TIME_LIMIT,409288,0,0,16,6
5,8,1.822002e6,-1.1085585928583603,-0.8619484131774695,TIME_LIMIT,409304,0,0,11,8
5,8,1.822038e6,-1.1085474961420094,-0.8619484131774695,TIME_LIMIT,409324,0,0,10,4
5,8,1.822106e6,-1.1085474961420094,-0.8619484131774695,TIME_LIMIT,409338,0,0,11,12
5,8,1.822165e6,-1.1085413518148468,-0.8619484131774695,TIME_LIMIT,409367,0,0,6,3
5,8,1.822384e6,-1.1085413518148468,-0.8619484131774695,TIME_LIMIT,409397,0,0,14,15
5,8,1.822526e6,-1.1085388156410032,-0.8619484131774695,TIME_LIMIT,409424,0,0,7,6
5,8,1.822661e6,-1.1085388156410032,-0.8619484131774695,TIME_LIMIT,409450,0,0,17,10
5,8,1.822756e6,-1.1085348975532205,-0.8619484131774695,TIME_LIMIT,409475,0,0,16,12
5,8,1.822872e6,-1.1085348975532205,-0.8619484131774695,TIME_LIMIT,409501,0,0,16,24
5,8,1.822984e6,-1.108532912717711,-0.8619484131774695,TIME_LIMIT,409529,0,0,18,13
5,8,1.823078e6,-1.108532912717711,-0.8619484131774695,TIME_LIMIT,409549,0,0,9,5
5,8,1.823159e6,-1.1085306065197507,-0.8619484131774695,TIME_LIMIT,409569,0,0,6,3
5,8,1.823222e6,-1.1085306065197507,-0.8619484131774695,TIME_LIMIT,409586,0,0,5,7
5,8,1.823244e6,-1.1085276664221198,-0.8619484131774695,TIME_LIMIT,409602,0,0,7,0
5,8,1.823455e6,-1.1085276664221198,-0.8619484131774695,TIME_LIMIT,409623,0,0,18,16
5,8,1.823617e6,-1.1085138491180115,-0.8619484131774695,TIME_LIMIT,409646,0,0,16,4
5,8,1.823732e6,-1.1085138491180115,-0.8619484131774695,TIME_LIMIT,409669,0,0,11,12
5,8,1.823868e6,-1.1085123701525066,-0.8619484131774695,TIME_LIMIT,409707,0,0,7,7
5,8,1.824e6,-1.1085123701525066,-0.8619484131774695,TIME_LIMIT,409734,0,0,11,12
5,8,1.824087e6,-1.1085072855375813,-0.8619484131774695,TIME_LIMIT,409754,0,0,7,4
5,8,1.824156e6,-1.1085072855375813,-0.8619484131774695,TIME_LIMIT,409774,0,0,11,7
5,8,1.824321e6,-1.108504132480668,-0.8619484131774695,TIME_LIMIT,409805,0,0,6,10
5,8,1.824403e6,-1.108504132480668,-0.8619484131774695,TIME_LIMIT,409829,0,0,13,6
5,8,1.82451e6,-1.1084995063862635,-0.8619484131774695,TIME_LIMIT,409851,0,0,9,10
5,8,1.824718e6,-1.1084995063862635,-0.8619484131774695,TIME_LIMIT,409874,0,0,16,23
5,8,1.824921e6,-1.1084913267561465,-0.8619484131774695,TIME_LIMIT,409907,0,0,17,9
5,8,1.825045e6,-1.1084913267561465,-0.8619484131774695,TIME_LIMIT,409932,0,0,9,7
5,8,1.825151e6,-1.108487541886325,-0.8619484131774695,TIME_LIMIT,409957,0,0,6,7
5,8,1.825294e6,-1.108487541886325,-0.8619484131774695,TIME_LIMIT,409978,0,0,12,13
5,8,1.825531e6,-1.1084783348265057,-0.8619484131774695,TIME_LIMIT,410011,0,0,13,8
5,8,1.825573e6,-1.1084783348265057,-0.8619484131774695,TIME_LIMIT,410030,0,0,12,4
5,8,1.825757e6,-1.1084765749437688,-0.8619484131774695,TIME_LIMIT,410062,0,0,8,4
5,8,1.825966e6,-1.1084765749437688,-0.8619484131774695,TIME_LIMIT,410088,0,0,15,10
5,8,1.826087e6,-1.108467776630969,-0.8619484131774695,TIME_LIMIT,410115,0,0,17,16
5,8,1.826192e6,-1.108467776630969,-0.8619484131774695,TIME_LIMIT,410133,0,0,5,8
5,8,1.826296e6,-1.1084639435260288,-0.8619484131774695,TIME_LIMIT,410155,0,0,9,9
5,8,1.826521e6,-1.1084639435260288,-0.8619484131774695,TIME_LIMIT,410181,0,0,10,13
5,8,1.826664e6,-1.1084588512045221,-0.8619484131774695,TIME_LIMIT,410194,0,0,13,8
5,8,1.82674e6,-1.1084588512045221,-0.8619484131774695,TIME_LIMIT,410213,0,0,10,4
5,8,1.826874e6,-1.1084575235673158,-0.8619484131774695,TIME_LIMIT,410252,0,0,7,8
5,8,1.82698e6,-1.1084575235673158,-0.8619484131774695,TIME_LIMIT,410272,0,0,14,9
5,8,1.827133e6,-1.1084550504812667,-0.8619484131774695,TIME_LIMIT,410304,0,0,16,6
5,8,1.827259e6,-1.1084550504812667,-0.8619484131774695,TIME_LIMIT,410326,0,0,14,13
5,8,1.82735e6,-1.1084529920787123,-0.8619484131774695,TIME_LIMIT,410348,0,0,18,4
5,8,1.827549e6,-1.1084529920787123,-0.8619484131774695,TIME_LIMIT,410378,0,0,12,9
5,8,1.827606e6,-1.1084502709901796,-0.8619484131774695,TIME_LIMIT,410396,0,0,11,6
5,8,1.827763e6,-1.1084502709901796,-0.8619484131774695,TIME_LIMIT,410424,0,0,10,22
5,8,1.827993e6,-1.1084483028821204,-0.8619484131774695,TIME_LIMIT,410450,0,0,12,13
5,8,1.82804e6,-1.1084483028821204,-0.8619484131774695,TIME_LIMIT,410470,0,0,7,12
5,8,1.828126e6,-1.1084479534004663,-0.8619484131774695,TIME_LIMIT,410489,0,0,9,1
5,8,1.82818e6,-1.1084479534004663,-0.8619484131774695,TIME_LIMIT,410509,0,0,10,5
5,8,1.828299e6,-1.1084413469349486,-0.8619484131774695,TIME_LIMIT,410532,0,0,11,8
5,8,1.82851e6,-1.1084413469349486,-0.8619484131774695,TIME_LIMIT,410554,0,0,15,19
5,8,1.828711e6,-1.1084409509765731,-0.8619484131774695,TIME_LIMIT,410593,0,0,12,9
5,8,1.828844e6,-1.1084409509765731,-0.8619484131774695,TIME_LIMIT,410624,0,0,19,17
5,8,1.828963e6,-1.108427594720818,-0.8619484131774695,TIME_LIMIT,410653,0,0,8,5
5,8,1.829046e6,-1.108427594720818,-0.8619484131774695,TIME_LIMIT,410676,0,0,7,19
5,8,1.829198e6,-1.108426265125849,-0.8619484131774695,TIME_LIMIT,410712,0,0,11,8
5,8,1.829384e6,-1.108426265125849,-0.8619484131774695,TIME_LIMIT,410736,0,0,14,9
5,8,1.829466e6,-1.108415314497968,-0.8619484131774695,TIME_LIMIT,410757,0,0,5,1
5,8,1.829574e6,-1.108415314497968,-0.8619484131774695,TIME_LIMIT,410778,0,0,10,15
5,8,1.829633e6,-1.1084120750354671,-0.8619484131774695,TIME_LIMIT,410792,0,0,6,2
5,8,1.829678e6,-1.1084120750354671,-0.8619484131774695,TIME_LIMIT,410812,0,0,9,8
5,8,1.829746e6,-1.1084086503259762,-0.8619484131774695,TIME_LIMIT,410824,0,0,3,4
5,8,1.829813e6,-1.1084086503259762,-0.8619484131774695,TIME_LIMIT,410844,0,0,6,7
5,8,1.829928e6,-1.108408044230028,-0.8619484131774695,TIME_LIMIT,410869,0,0,10,2
5,8,1.830023e6,-1.108408044230028,-0.8619484131774695,TIME_LIMIT,410892,0,0,11,5
5,8,1.830212e6,-1.1084002985931836,-0.8619484131774695,TIME_LIMIT,410916,0,0,10,4
5,8,1.830312e6,-1.1084002985931836,-0.8619484131774695,TIME_LIMIT,410939,0,0,16,9
5,8,1.830401e6,-1.1083983656429905,-0.8619484131774695,TIME_LIMIT,410963,0,0,8,6
5,8,1.83061e6,-1.1083983656429905,-0.8619484131774695,TIME_LIMIT,410993,0,0,21,19
5,8,1.830784e6,-1.1083977887824958,-0.8619484131774695,TIME_LIMIT,411020,0,0,10,15
5,8,1.830898e6,-1.1083977887824958,-0.8619484131774695,TIME_LIMIT,411052,0,0,24,23
5,8,1.831102e6,-1.1083893357951395,-0.8619484131774695,TIME_LIMIT,411093,0,0,18,6
5,8,1.831233e6,-1.1083893357951395,-0.8619484131774695,TIME_LIMIT,411120,0,0,18,13
5,8,1.831401e6,-1.1083876718014531,-0.8619484131774695,TIME_LIMIT,411146,0,0,13,11
5,8,1.83145e6,-1.1083876718014531,-0.8619484131774695,TIME_LIMIT,411163,0,0,10,6
5,8,1.831587e6,-1.1083833011789752,-0.8619484131774695,TIME_LIMIT,411194,0,0,15,7
5,8,1.831781e6,-1.1083833011789752,-0.8619484131774695,TIME_LIMIT,411221,0,0,19,22
5,8,1.8319e6,-1.1083760593766758,-0.8619484131774695,TIME_LIMIT,411257,0,0,11,5
5,8,1.831951e6,-1.1083760593766758,-0.8619484131774695,TIME_LIMIT,411276,0,0,10,9
5,8,1.832017e6,-1.1083729266469784,-0.8619484131774695,TIME_LIMIT,411300,0,0,5,7
5,8,1.832136e6,-1.1083729266469784,-0.8619484131774695,TIME_LIMIT,411322,0,0,21,26
5,8,1.832349e6,-1.108372399339291,-0.8619484131774695,TIME_LIMIT,411362,0,0,8,13
5,8,1.832449e6,-1.108372399339291,-0.8619484131774695,TIME_LIMIT,411376,0,0,13,13
5,8,1.832516e6,-1.1083645128704522,-0.8619484131774695,TIME_LIMIT,411394,0,0,12,3
5,8,1.832582e6,-1.1083645128704522,-0.8619484131774695,TIME_LIMIT,411417,0,0,12,10
5,8,1.832638e6,-1.1083592108265528,-0.8619484131774695,TIME_LIMIT,411435,0,0,8,1
5,8,1.832735e6,-1.1083592108265528,-0.8619484131774695,TIME_LIMIT,411453,0,0,12,10
5,8,1.832845e6,-1.1083528596485845,-0.8619484131774695,TIME_LIMIT,411478,0,0,7,9
5,8,1.832943e6,-1.1083528596485845,-0.8619484131774695,TIME_LIMIT,411498,0,0,8,20
5,8,1.833051e6,-1.108335669959136,-0.8619484131774695,TIME_LIMIT,411528,0,0,6,7
5,8,1.833142e6,-1.108335669959136,-0.8619484131774695,TIME_LIMIT,411548,0,0,17,16
5,8,1.83325e6,-1.1083322963842743,-0.8619484131774695,TIME_LIMIT,411578,0,0,9,10
5,8,1.833366e6,-1.1083322963842743,-0.8619484131774695,TIME_LIMIT,411605,0,0,17,12
5,8,1.833523e6,-1.1083285149763318,-0.8619484131774695,TIME_LIMIT,411633,0,0,13,8
5,8,1.833698e6,-1.1083285149763318,-0.8619484131774695,TIME_LIMIT,411657,0,0,20,25
5,8,1.833888e6,-1.1083277759494339,-0.8619484131774695,TIME_LIMIT,411684,0,0,18,8
5,8,1.83402e6,-1.1083277759494339,-0.8619484131774695,TIME_LIMIT,411707,0,0,17,13
5,8,1.834228e6,-1.1083241877478778,-0.8619484131774695,TIME_LIMIT,411745,0,0,18,10
5,8,1.834427e6,-1.1083241877478778,-0.8619484131774695,TIME_LIMIT,411774,0,0,13,8
5,8,1.834643e6,-1.108319154577519,-0.8619484131774695,TIME_LIMIT,411801,0,0,14,5
5,8,1.834744e6,-1.108319154577519,-0.8619484131774695,TIME_LIMIT,411817,0,0,11,12
5,8,1.834827e6,-1.1083130799869276,-0.8619484131774695,TIME_LIMIT,411841,0,0,5,6
5,8,1.834995e6,-1.1083130799869276,-0.8619484131774695,TIME_LIMIT,411868,0,0,13,12
5,8,1.835216e6,-1.1083097927868135,-0.8619484131774695,TIME_LIMIT,411902,0,0,14,10
5,8,1.835313e6,-1.1083097927868135,-0.8619484131774695,TIME_LIMIT,411922,0,0,13,14
5,8,1.835501e6,-1.1083013117061808,-0.8619484131774695,TIME_LIMIT,411947,0,0,13,11
5,8,1.835544e6,-1.1083013117061808,-0.8619484131774695,TIME_LIMIT,411964,0,0,3,3
5,8,1.83563e6,-1.108301168947964,-0.8619484131774695,TIME_LIMIT,411985,0,0,9,1
5,8,1.83577e6,-1.108301168947964,-0.8619484131774695,TIME_LIMIT,412014,0,0,7,4
5,8,1.835929e6,-1.1082902438254227,-0.8619484131774695,TIME_LIMIT,412040,0,0,8,6
5,8,1.836039e6,-1.1082902438254227,-0.8619484131774695,TIME_LIMIT,412062,0,0,10,7
5,8,1.836179e6,-1.1082863895176975,-0.8619484131774695,TIME_LIMIT,412085,0,0,9,6
5,8,1.836298e6,-1.1082863895176975,-0.8619484131774695,TIME_LIMIT,412107,0,0,8,10
5,8,1.836335e6,-1.1082826584214698,-0.8619484131774695,TIME_LIMIT,412125,0,0,9,4
5,8,1.83644e6,-1.1082826584214698,-0.8619484131774695,TIME_LIMIT,412148,0,0,12,15
5,8,1.836534e6,-1.1082693641026962,-0.8619484131774695,TIME_LIMIT,412176,0,0,10,7
5,8,1.836687e6,-1.1082693641026962,-0.8619484131774695,TIME_LIMIT,412202,0,0,9,17
5,8,1.836749e6,-1.1082642812621093,-0.8619484131774695,TIME_LIMIT,412230,0,0,23,11
5,8,1.836851e6,-1.1082642812621093,-0.8619484131774695,TIME_LIMIT,412249,0,0,10,6
5,8,1.836909e6,-1.1082563916749877,-0.8619484131774695,TIME_LIMIT,412265,0,0,9,6
5,8,1.837022e6,-1.1082563916749877,-0.8619484131774695,TIME_LIMIT,412293,0,0,15,14
5,8,1.837091e6,-1.1082368030788605,-0.8619484131774695,TIME_LIMIT,412316,0,0,10,6
5,8,1.837193e6,-1.1082368030788605,-0.8619484131774695,TIME_LIMIT,412336,0,0,11,19
5,8,1.837311e6,-1.1082283261849342,-0.8619484131774695,TIME_LIMIT,412363,0,0,6,4
5,8,1.83737e6,-1.1082283261849342,-0.8619484131774695,TIME_LIMIT,412384,0,0,13,3
5,8,1.837444e6,-1.1082264221577025,-0.8619484131774695,TIME_LIMIT,412414,0,0,14,8
5,8,1.837564e6,-1.1082264221577025,-0.8619484131774695,TIME_LIMIT,412441,0,0,23,11
5,8,1.837746e6,-1.1082126388678502,-0.8619484131774695,TIME_LIMIT,412479,0,0,16,11
5,8,1.837807e6,-1.1082126388678502,-0.8619484131774695,TIME_LIMIT,412500,0,0,15,5
5,8,1.837907e6,-1.108209986320621,-0.8619484131774695,TIME_LIMIT,412527,0,0,18,8
5,8,1.837965e6,-1.108209986320621,-0.8619484131774695,TIME_LIMIT,412543,0,0,7,3
5,8,1.838082e6,-1.1082027362827973,-0.8619484131774695,TIME_LIMIT,412562,0,0,9,1
5,8,1.838122e6,-1.1082027362827973,-0.8619484131774695,TIME_LIMIT,412580,0,0,6,6
5,8,1.838235e6,-1.108202341715872,-0.8619484131774695,TIME_LIMIT,412609,0,0,13,6
5,8,1.838311e6,-1.108202341715872,-0.8619484131774695,TIME_LIMIT,412631,0,0,11,4
5,8,1.838368e6,-1.108195668932804,-0.8619484131774695,TIME_LIMIT,412646,0,0,4,1
5,8,1.838606e6,-1.108195668932804,-0.8619484131774695,TIME_LIMIT,412681,0,0,25,29
5,8,1.838891e6,-1.1081933804431388,-0.8619484131774695,TIME_LIMIT,412722,0,0,18,12
5,8,1.839016e6,-1.1081933804431388,-0.8619484131774695,TIME_LIMIT,412752,0,0,20,17
5,8,1.839223e6,-1.108188537366245,-0.8619484131774695,TIME_LIMIT,412789,0,0,8,11
5,8,1.839434e6,-1.108188537366245,-0.8619484131774695,TIME_LIMIT,412814,0,0,7,13
5,8,1.839545e6,-1.108187375287058,-0.8619484131774695,TIME_LIMIT,412838,0,0,17,8
5,8,1.839764e6,-1.108187375287058,-0.8619484131774695,TIME_LIMIT,412864,0,0,18,30
5,8,1.839927e6,-1.10817591637969,-0.8619484131774695,TIME_LIMIT,412906,0,0,17,8
5,8,1.840078e6,-1.10817591637969,-0.8619484131774695,TIME_LIMIT,412933,0,0,11,11
5,8,1.840182e6,-1.1081593451376408,-0.8619484131774695,TIME_LIMIT,412953,0,0,16,8
5,8,1.840277e6,-1.1081593451376408,-0.8619484131774695,TIME_LIMIT,412980,0,0,11,9
5,8,1.840367e6,-1.1081576668680175,-0.8619484131774695,TIME_LIMIT,413001,0,0,18,2
5,8,1.840464e6,-1.1081576668680175,-0.8619484131774695,TIME_LIMIT,413024,0,0,13,6
5,8,1.840643e6,-1.1081477487014613,-0.8619484131774695,TIME_LIMIT,413047,0,0,10,9
5,8,1.840738e6,-1.1081477487014613,-0.8619484131774695,TIME_LIMIT,413068,0,0,11,9
5,8,1.840835e6,-1.108145301678908,-0.8619484131774695,TIME_LIMIT,413090,0,0,11,3
5,8,1.841003e6,-1.108145301678908,-0.8619484131774695,TIME_LIMIT,413115,0,0,16,18
5,8,1.84114e6,-1.1081437620495176,-0.8619484131774695,TIME_LIMIT,413139,0,0,16,14
5,8,1.841253e6,-1.1081437620495176,-0.8619484131774695,TIME_LIMIT,413162,0,0,5,9
5,8,1.841334e6,-1.108137408048762,-0.8619484131774695,TIME_LIMIT,413185,0,0,18,4
5,8,1.841542e6,-1.108137408048762,-0.8619484131774695,TIME_LIMIT,413217,0,0,19,27
5,8,1.8417e6,-1.1081339771295076,-0.8619484131774695,TIME_LIMIT,413241,0,0,19,15
5,8,1.841844e6,-1.1081339771295076,-0.8619484131774695,TIME_LIMIT,413270,0,0,4,7
5,8,1.841899e6,-1.1081321958848216,-0.8619484131774695,TIME_LIMIT,413285,0,0,5,2
5,8,1.842057e6,-1.1081321958848216,-0.8619484131774695,TIME_LIMIT,413307,0,0,9,20
5,8,1.842205e6,-1.108125193946741,-0.8619484131774695,TIME_LIMIT,413345,0,0,15,17
5,8,1.842295e6,-1.108125193946741,-0.8619484131774695,TIME_LIMIT,413365,0,0,10,18
5,8,1.842368e6,-1.1080994709789436,-0.8619484131774695,TIME_LIMIT,413389,0,0,7,9
5,8,1.842418e6,-1.1080994709789436,-0.8619484131774695,TIME_LIMIT,413410,0,0,18,12
5,8,1.842573e6,-1.1080969963045186,-0.8619484131774695,TIME_LIMIT,413445,0,0,11,7
5,8,1.842618e6,-1.1080969963045186,-0.8619484131774695,TIME_LIMIT,413462,0,0,7,7
5,8,1.842759e6,-1.1080925141750015,-0.8619484131774695,TIME_LIMIT,413492,0,0,6,6
5,8,1.842927e6,-1.1080925141750015,-0.8619484131774695,TIME_LIMIT,413520,0,0,13,5
5,8,1.842973e6,-1.1080922206522053,-0.8619484131774695,TIME_LIMIT,413545,0,0,5,2
5,8,1.843186e6,-1.1080922206522053,-0.8619484131774695,TIME_LIMIT,413573,0,0,9,10
5,8,1.843295e6,-1.108089739218403,-0.8619484131774695,TIME_LIMIT,413597,0,0,15,10
5,8,1.843404e6,-1.108089739218403,-0.8619484131774695,TIME_LIMIT,413617,0,0,13,4
5,8,1.843426e6,-1.108085735299681,-0.8619484131774695,TIME_LIMIT,413630,0,0,5,2
5,8,1.84352e6,-1.108085735299681,-0.8619484131774695,TIME_LIMIT,413654,0,0,6,17
5,8,1.843626e6,-1.1080770660040093,-0.8619484131774695,TIME_LIMIT,413689,0,0,10,10
5,8,1.843723e6,-1.1080770660040093,-0.8619484131774695,TIME_LIMIT,413707,0,0,15,10
5,8,1.843931e6,-1.1080717717334245,-0.8619484131774695,TIME_LIMIT,413739,0,0,15,13
5,8,1.844018e6,-1.1080717717334245,-0.8619484131774695,TIME_LIMIT,413759,0,0,14,10
5,8,1.844114e6,-1.1080658855793506,-0.8619484131774695,TIME_LIMIT,413789,0,0,13,3
5,8,1.844227e6,-1.1080658855793506,-0.8619484131774695,TIME_LIMIT,413811,0,0,17,22
5,8,1.844334e6,-1.108060833402359,-0.8619484131774695,TIME_LIMIT,413846,0,0,12,9
5,8,1.844436e6,-1.108060833402359,-0.8619484131774695,TIME_LIMIT,413870,0,0,16,12
5,8,1.844547e6,-1.108057075139217,-0.8619484131774695,TIME_LIMIT,413895,0,0,7,4
5,8,1.844756e6,-1.108057075139217,-0.8619484131774695,TIME_LIMIT,413922,0,0,24,14
5,8,1.844971e6,-1.1080554344795768,-0.8619484131774695,TIME_LIMIT,413954,0,0,21,30
5,8,1.845086e6,-1.1080554344795768,-0.8619484131774695,TIME_LIMIT,413983,0,0,19,16
5,8,1.845251e6,-1.108053928850214,-0.8619484131774695,TIME_LIMIT,414010,0,0,13,6
5,8,1.845518e6,-1.108053928850214,-0.8619484131774695,TIME_LIMIT,414046,0,0,22,30
5,8,1.845677e6,-1.1080492681311858,-0.8619484131774695,TIME_LIMIT,414079,0,0,9,13
5,8,1.845807e6,-1.1080492681311858,-0.8619484131774695,TIME_LIMIT,414101,0,0,8,23
5,8,1.845943e6,-1.1080433399209255,-0.8619484131774695,TIME_LIMIT,414142,0,0,10,14
5,8,1.846011e6,-1.1080433399209255,-0.8619484131774695,TIME_LIMIT,414161,0,0,7,7
5,8,1.846096e6,-1.1080372627760435,-0.8619484131774695,TIME_LIMIT,414185,0,0,7,2
5,8,1.846329e6,-1.1080372627760435,-0.8619484131774695,TIME_LIMIT,414217,0,0,9,24
5,8,1.846444e6,-1.1080294499014953,-0.8619484131774695,TIME_LIMIT,414243,0,0,18,7
5,8,1.846557e6,-1.1080294499014953,-0.8619484131774695,TIME_LIMIT,414274,0,0,16,23
5,8,1.846621e6,-1.1080293946214843,-0.8619484131774695,TIME_LIMIT,414307,0,0,8,11
5,8,1.846711e6,-1.1080293946214843,-0.8619484131774695,TIME_LIMIT,414329,0,0,14,7
5,8,1.846786e6,-1.1080265483472629,-0.8619484131774695,TIME_LIMIT,414346,0,0,6,2
5,8,1.846877e6,-1.1080265483472629,-0.8619484131774695,TIME_LIMIT,414366,0,0,12,11
5,8,1.846959e6,-1.1080220045655809,-0.8619484131774695,TIME_LIMIT,414383,0,0,10,5
5,8,1.847158e6,-1.1080220045655809,-0.8619484131774695,TIME_LIMIT,414405,0,0,16,19
5,8,1.847201e6,-1.108015188140726,-0.8619484131774695,TIME_LIMIT,414426,0,0,10,7
5,8,1.847237e6,-1.108015188140726,-0.8619484131774695,TIME_LIMIT,414441,0,0,11,13
5,8,1.847311e6,-1.108006953072368,-0.8619484131774695,TIME_LIMIT,414460,0,0,2,5
5,8,1.847376e6,-1.108006953072368,-0.8619484131774695,TIME_LIMIT,414483,0,0,13,11
5,8,1.847493e6,-1.1080025333143066,-0.8619484131774695,TIME_LIMIT,414503,0,0,15,3
5,8,1.847588e6,-1.1080025333143066,-0.8619484131774695,TIME_LIMIT,414524,0,0,13,19
5,8,1.847728e6,-1.1079912566347607,-0.8619484131774695,TIME_LIMIT,414562,0,0,14,10
5,8,1.847915e6,-1.1079912566347607,-0.8619484131774695,TIME_LIMIT,414588,0,0,15,12
5,8,1.84808e6,-1.107978416713066,-0.8619484131774695,TIME_LIMIT,414612,0,0,13,9
5,8,1.8482e6,-1.107978416713066,-0.8619484131774695,TIME_LIMIT,414631,0,0,7,7
5,8,1.848286e6,-1.107955924016408,-0.8619484131774695,TIME_LIMIT,414654,0,0,5,5
5,8,1.848334e6,-1.107955924016408,-0.8619484131774695,TIME_LIMIT,414673,0,0,23,34
5,8,1.848511e6,-1.1079543972270147,-0.8619484131774695,TIME_LIMIT,414707,0,0,11,8
5,8,1.84863e6,-1.1079543972270147,-0.8619484131774695,TIME_LIMIT,414734,0,0,9,16
5,8,1.848704e6,-1.1079528158948282,-0.8619484131774695,TIME_LIMIT,414766,0,0,5,7
5,8,1.848912e6,-1.1079528158948282,-0.8619484131774695,TIME_LIMIT,414790,0,0,13,12
5,8,1.848973e6,-1.107945711299708,-0.8619484131774695,TIME_LIMIT,414808,0,0,9,5
5,8,1.849074e6,-1.107945711299708,-0.8619484131774695,TIME_LIMIT,414822,0,0,6,7
5,8,1.849132e6,-1.1079358257882501,-0.8619484131774695,TIME_LIMIT,414839,0,0,7,4
5,8,1.849199e6,-1.1079358257882501,-0.8619484131774695,TIME_LIMIT,414857,0,0,14,17
5,8,1.849309e6,-1.1079310351597702,-0.8619484131774695,TIME_LIMIT,414890,0,0,11,1
5,8,1.849453e6,-1.1079310351597702,-0.8619484131774695,TIME_LIMIT,414917,0,0,12,11
5,8,1.849665e6,-1.1079306062793215,-0.8619484131774695,TIME_LIMIT,414939,0,0,9,16
5,8,1.849787e6,-1.1079306062793215,-0.8619484131774695,TIME_LIMIT,414963,0,0,8,8
5,8,1.849875e6,-1.1079290017756402,-0.8619484131774695,TIME_LIMIT,414976,0,0,4,5
5,8,1.850064e6,-1.1079290017756402,-0.8619484131774695,TIME_LIMIT,415003,0,0,12,15
5,8,1.850155e6,-1.1079246665016762,-0.8619484131774695,TIME_LIMIT,415029,0,0,16,10
5,8,1.85021e6,-1.1079246665016762,-0.8619484131774695,TIME_LIMIT,415051,0,0,10,11
5,8,1.850299e6,-1.1079246212357603,-0.8619484131774695,TIME_LIMIT,415073,0,0,11,7
5,8,1.850379e6,-1.1079246212357603,-0.8619484131774695,TIME_LIMIT,415084,0,0,10,10
5,8,1.850436e6,-1.1079220415564162,-0.8619484131774695,TIME_LIMIT,415104,0,0,10,2
5,8,1.850486e6,-1.1079220415564162,-0.8619484131774695,TIME_LIMIT,415118,0,0,6,7
5,8,1.850515e6,-1.10791994487382,-0.8619484131774695,TIME_LIMIT,415131,0,0,6,4
5,8,1.850581e6,-1.10791994487382,-0.8619484131774695,TIME_LIMIT,415143,0,0,13,5
5,8,1.850653e6,-1.1079155126631475,-0.8619484131774695,TIME_LIMIT,415164,0,0,8,4
5,8,1.850728e6,-1.1079155126631475,-0.8619484131774695,TIME_LIMIT,415188,0,0,16,4
5,8,1.850821e6,-1.1079057665529697,-0.8619484131774695,TIME_LIMIT,415207,0,0,14,9
5,8,1.85087e6,-1.1079057665529697,-0.8619484131774695,TIME_LIMIT,415227,0,0,9,7
5,8,1.850926e6,-1.1078911936488964,-0.8619484131774695,TIME_LIMIT,415242,0,0,7,6
5,8,1.851047e6,-1.1078911936488964,-0.8619484131774695,TIME_LIMIT,415266,0,0,10,13
5,8,1.85118e6,-1.1078713726456955,-0.8619484131774695,TIME_LIMIT,415295,0,0,16,2
5,8,1.851287e6,-1.1078713726456955,-0.8619484131774695,TIME_LIMIT,415320,0,0,14,18
5,8,1.851465e6,-1.1078641539773606,-0.8619484131774695,TIME_LIMIT,415348,0,0,13,6
5,8,1.851561e6,-1.1078641539773606,-0.8619484131774695,TIME_LIMIT,415364,0,0,6,11
5,8,1.851598e6,-1.1078590717757102,-0.8619484131774695,TIME_LIMIT,415379,0,0,7,3
5,8,1.851783e6,-1.1078590717757102,-0.8619484131774695,TIME_LIMIT,415409,0,0,5,10
5,8,1.851951e6,-1.1078557373498856,-0.8619484131774695,TIME_LIMIT,415434,0,0,9,11
5,8,1.85216e6,-1.1078557373498856,-0.8619484131774695,TIME_LIMIT,415459,0,0,16,13
5,8,1.852372e6,-1.1078525232988716,-0.8619484131774695,TIME_LIMIT,415492,0,0,6,5
5,8,1.852577e6,-1.1078525232988716,-0.8619484131774695,TIME_LIMIT,415521,0,0,9,20
5,8,1.852766e6,-1.107844238727615,-0.8619484131774695,TIME_LIMIT,415549,0,0,7,7
5,8,1.852833e6,-1.107844238727615,-0.8619484131774695,TIME_LIMIT,415565,0,0,8,9
5,8,1.852898e6,-1.1078401600398484,-0.8619484131774695,TIME_LIMIT,415589,0,0,5,1
5,8,1.853107e6,-1.1078401600398484,-0.8619484131774695,TIME_LIMIT,415609,0,0,11,10
5,8,1.853194e6,-1.1078333848466264,-0.8619484131774695,TIME_LIMIT,415640,0,0,7,5
5,8,1.853311e6,-1.1078333848466264,-0.8619484131774695,TIME_LIMIT,415668,0,0,15,12
5,8,1.853558e6,-1.1078311969052896,-0.8619484131774695,TIME_LIMIT,415692,0,0,14,10
5,8,1.853761e6,-1.1078311969052896,-0.8619484131774695,TIME_LIMIT,415727,0,0,19,21
5,8,1.854003e6,-1.1078262298226418,-0.8619484131774695,TIME_LIMIT,415767,0,0,14,9
5,8,1.854096e6,-1.1078262298226418,-0.8619484131774695,TIME_LIMIT,415784,0,0,14,17
5,8,1.854148e6,-1.1078116384194852,-0.8619484131774695,TIME_LIMIT,415802,0,0,9,6
5,8,1.854238e6,-1.1078116384194852,-0.8619484131774695,TIME_LIMIT,415822,0,0,15,9
5,8,1.854273e6,-1.107804818711841,-0.8619484131774695,TIME_LIMIT,415842,0,0,5,4
5,8,1.854307e6,-1.107804818711841,-0.8619484131774695,TIME_LIMIT,415862,0,0,11,14
5,8,1.854399e6,-1.1078004303292694,-0.8619484131774695,TIME_LIMIT,415884,0,0,3,7
5,8,1.85448e6,-1.1078004303292694,-0.8619484131774695,TIME_LIMIT,415905,0,0,10,5
5,8,1.854566e6,-1.1077939226063283,-0.8619484131774695,TIME_LIMIT,415923,0,0,10,3
5,8,1.854767e6,-1.1077939226063283,-0.8619484131774695,TIME_LIMIT,415951,0,0,15,21
5,8,1.854924e6,-1.1077927978787523,-0.8619484131774695,TIME_LIMIT,415976,0,0,9,12
5,8,1.854982e6,-1.1077927978787523,-0.8619484131774695,TIME_LIMIT,415994,0,0,11,15
5,8,1.85513e6,-1.1077871330473288,-0.8619484131774695,TIME_LIMIT,416016,0,0,7,8
5,8,1.855162e6,-1.1077871330473288,-0.8619484131774695,TIME_LIMIT,416030,0,0,7,11
5,8,1.855345e6,-1.1077840005495676,-0.8619484131774695,TIME_LIMIT,416052,0,0,7,8
5,8,1.855542e6,-1.1077840005495676,-0.8619484131774695,TIME_LIMIT,416084,0,0,11,19
5,8,1.855695e6,-1.107783221787391,-0.8619484131774695,TIME_LIMIT,416110,0,0,12,7
5,8,1.855749e6,-1.107783221787391,-0.8619484131774695,TIME_LIMIT,416126,0,0,10,7
5,8,1.85582e6,-1.1077831597361025,-0.8619484131774695,TIME_LIMIT,416142,0,0,9,2
5,8,1.856021e6,-1.1077831597361025,-0.8619484131774695,TIME_LIMIT,416167,0,0,11,5
5,8,1.856182e6,-1.1077809043839142,-0.8619484131774695,TIME_LIMIT,416191,0,0,10,6
5,8,1.856303e6,-1.1077809043839142,-0.8619484131774695,TIME_LIMIT,416218,0,0,12,16
5,8,1.856389e6,-1.1077711033623518,-0.8619484131774695,TIME_LIMIT,416244,0,0,10,4
5,8,1.856617e6,-1.1077711033623518,-0.8619484131774695,TIME_LIMIT,416265,0,0,16,21
5,8,1.856842e6,-1.1077701429511655,-0.8619484131774695,TIME_LIMIT,416297,0,0,13,10
5,8,1.856972e6,-1.1077701429511655,-0.8619484131774695,TIME_LIMIT,416315,0,0,13,21
5,8,1.857104e6,-1.1077686824707291,-0.8619484131774695,TIME_LIMIT,416348,0,0,9,12
5,8,1.857227e6,-1.1077686824707291,-0.8619484131774695,TIME_LIMIT,416373,0,0,14,12
5,8,1.857455e6,-1.1077679663455002,-0.8619484131774695,TIME_LIMIT,416394,0,0,8,10
5,8,1.857577e6,-1.1077679663455002,-0.8619484131774695,TIME_LIMIT,416412,0,0,11,13
5,8,1.857626e6,-1.107756506983725,-0.8619484131774695,TIME_LIMIT,416436,0,0,8,8
5,8,1.857789e6,-1.107756506983725,-0.8619484131774695,TIME_LIMIT,416465,0,0,12,12
5,8,1.858003e6,-1.1077500404822294,-0.8619484131774695,TIME_LIMIT,416502,0,0,15,10
5,8,1.858247e6,-1.1077500404822294,-0.8619484131774695,TIME_LIMIT,416531,0,0,17,16
5,8,1.858507e6,-1.1077498099185097,-0.8619484131774695,TIME_LIMIT,416560,0,0,19,8
5,8,1.858564e6,-1.1077498099185097,-0.8619484131774695,TIME_LIMIT,416577,0,0,11,8
5,8,1.858662e6,-1.1077246963399259,-0.8619484131774695,TIME_LIMIT,416598,0,0,6,3
5,8,1.858727e6,-1.1077246963399259,-0.8619484131774695,TIME_LIMIT,416620,0,0,12,9
5,8,1.858833e6,-1.1077195001839328,-0.8619484131774695,TIME_LIMIT,416645,0,0,6,5
5,8,1.858997e6,-1.1077195001839328,-0.8619484131774695,TIME_LIMIT,416671,0,0,16,20
5,8,1.85907e6,-1.1077167383011246,-0.8619484131774695,TIME_LIMIT,416689,0,0,8,6
5,8,1.859175e6,-1.1077167383011246,-0.8619484131774695,TIME_LIMIT,416712,0,0,11,6
5,8,1.859336e6,-1.1077156045308283,-0.8619484131774695,TIME_LIMIT,416737,0,0,14,4
5,8,1.859394e6,-1.1077156045308283,-0.8619484131774695,TIME_LIMIT,416758,0,0,16,13
5,8,1.859474e6,-1.1077080798222065,-0.8619484131774695,TIME_LIMIT,416781,0,0,7,9
5,8,1.859607e6,-1.1077080798222065,-0.8619484131774695,TIME_LIMIT,416813,0,0,22,14
5,8,1.859792e6,-1.1077023407440416,-0.8619484131774695,TIME_LIMIT,416846,0,0,8,4
5,8,1.859916e6,-1.1077023407440416,-0.8619484131774695,TIME_LIMIT,416870,0,0,11,15
5,8,1.860005e6,-1.1076989729355011,-0.8619484131774695,TIME_LIMIT,416890,0,0,7,6
5,8,1.860099e6,-1.1076989729355011,-0.8619484131774695,TIME_LIMIT,416912,0,0,9,13
5,8,1.860309e6,-1.1076922746916105,-0.8619484131774695,TIME_LIMIT,416949,0,0,14,16
5,8,1.860403e6,-1.1076922746916105,-0.8619484131774695,TIME_LIMIT,416970,0,0,11,8
5,8,1.86063e6,-1.1076863492861395,-0.8619484131774695,TIME_LIMIT,416999,0,0,11,9
5,8,1.860709e6,-1.1076863492861395,-0.8619484131774695,TIME_LIMIT,417022,0,0,20,12
5,8,1.860778e6,-1.1076785143877124,-0.8619484131774695,TIME_LIMIT,417051,0,0,7,11
5,8,1.860945e6,-1.1076785143877124,-0.8619484131774695,TIME_LIMIT,417083,0,0,11,15
5,8,1.861157e6,-1.1076753635350531,-0.8619484131774695,TIME_LIMIT,417107,0,0,13,11
5,8,1.861309e6,-1.1076753635350531,-0.8619484131774695,TIME_LIMIT,417135,0,0,13,15
5,8,1.861362e6,-1.1076742815278653,-0.8619484131774695,TIME_LIMIT,417162,0,0,11,8
5,8,1.861423e6,-1.1076742815278653,-0.8619484131774695,TIME_LIMIT,417181,0,0,14,10
5,8,1.861538e6,-1.1076730312452872,-0.8619484131774695,TIME_LIMIT,417215,0,0,15,8
5,8,1.861648e6,-1.1076730312452872,-0.8619484131774695,TIME_LIMIT,417235,0,0,8,12
5,8,1.861722e6,-1.107667815639956,-0.8619484131774695,TIME_LIMIT,417257,0,0,8,0
5,8,1.861798e6,-1.107667815639956,-0.8619484131774695,TIME_LIMIT,417273,0,0,18,14
5,8,1.861904e6,-1.1076665588222128,-0.8619484131774695,TIME_LIMIT,417303,0,0,8,5
5,8,1.862098e6,-1.1076665588222128,-0.8619484131774695,TIME_LIMIT,417329,0,0,12,8
5,8,1.862199e6,-1.107653112776232,-0.8619484131774695,TIME_LIMIT,417357,0,0,13,10
5,8,1.86231e6,-1.107653112776232,-0.8619484131774695,TIME_LIMIT,417383,0,0,12,5
5,8,1.862592e6,-1.107648971466103,-0.8619484131774695,TIME_LIMIT,417405,0,0,10,9
5,8,1.862685e6,-1.107648971466103,-0.8619484131774695,TIME_LIMIT,417431,0,0,13,15
5,8,1.862783e6,-1.1076361966371193,-0.8619484131774695,TIME_LIMIT,417458,0,0,9,10
5,8,1.862878e6,-1.1076361966371193,-0.8619484131774695,TIME_LIMIT,417476,0,0,8,7
5,8,1.862946e6,-1.1076258174141502,-0.8619484131774695,TIME_LIMIT,417492,0,0,8,6
5,8,1.863109e6,-1.1076258174141502,-0.8619484131774695,TIME_LIMIT,417515,0,0,9,5
5,8,1.863154e6,-1.1076182516623323,-0.8619484131774695,TIME_LIMIT,417530,0,0,10,7
5,8,1.863313e6,-1.1076182516623323,-0.8619484131774695,TIME_LIMIT,417561,0,0,18,18
5,8,1.863563e6,-1.1076140755657915,-0.8619484131774695,TIME_LIMIT,417585,0,0,9,9
5,8,1.863807e6,-1.1076140755657915,-0.8619484131774695,TIME_LIMIT,417608,0,0,19,26
5,8,1.86401e6,-1.1076138075285686,-0.8619484131774695,TIME_LIMIT,417649,0,0,18,12
5,8,1.864219e6,-1.1076138075285686,-0.8619484131774695,TIME_LIMIT,417674,0,0,22,25
5,8,1.864454e6,-1.1076128054010348,-0.8619484131774695,TIME_LIMIT,417709,0,0,13,9
5,8,1.864548e6,-1.1076128054010348,-0.8619484131774695,TIME_LIMIT,417725,0,0,10,12
5,8,1.864706e6,-1.107610013882692,-0.8619484131774695,TIME_LIMIT,417756,0,0,11,3
5,8,1.864812e6,-1.107610013882692,-0.8619484131774695,TIME_LIMIT,417781,0,0,6,20
5,8,1.864916e6,-1.1076086461184635,-0.8619484131774695,TIME_LIMIT,417810,0,0,14,11
5,8,1.865047e6,-1.1076086461184635,-0.8619484131774695,TIME_LIMIT,417831,0,0,16,12
5,8,1.865167e6,-1.107606474450503,-0.8619484131774695,TIME_LIMIT,417853,0,0,16,7
5,8,1.865266e6,-1.107606474450503,-0.8619484131774695,TIME_LIMIT,417872,0,0,14,17
5,8,1.865423e6,-1.107606195541317,-0.8619484131774695,TIME_LIMIT,417908,0,0,15,11
5,8,1.865517e6,-1.107606195541317,-0.8619484131774695,TIME_LIMIT,417933,0,0,17,9
5,8,1.865746e6,-1.107598945689626,-0.8619484131774695,TIME_LIMIT,417967,0,0,12,12
5,8,1.865896e6,-1.107598945689626,-0.8619484131774695,TIME_LIMIT,417999,0,0,10,10
5,8,1.866013e6,-1.1075776217502686,-0.8619484131774695,TIME_LIMIT,418025,0,0,10,7
5,8,1.866111e6,-1.1075776217502686,-0.8619484131774695,TIME_LIMIT,418046,0,0,9,18
5,8,1.866248e6,-1.1075763000921293,-0.8619484131774695,TIME_LIMIT,418076,0,0,13,8
5,8,1.866335e6,-1.1075763000921293,-0.8619484131774695,TIME_LIMIT,418093,0,0,12,26
5,8,1.866546e6,-1.1075738736978793,-0.8619484131774695,TIME_LIMIT,418122,0,0,10,6
5,8,1.866693e6,-1.1075738736978793,-0.8619484131774695,TIME_LIMIT,418152,0,0,18,9
5,8,1.866833e6,-1.1075667180579907,-0.8619484131774695,TIME_LIMIT,418180,0,0,17,10
5,8,1.866957e6,-1.1075667180579907,-0.8619484131774695,TIME_LIMIT,418203,0,0,12,13
5,8,1.867193e6,-1.1075638174687037,-0.8619484131774695,TIME_LIMIT,418234,0,0,14,9
5,8,1.867402e6,-1.1075638174687037,-0.8619484131774695,TIME_LIMIT,418261,0,0,8,13
5,8,1.86762e6,-1.1075554318924072,-0.8619484131774695,TIME_LIMIT,418285,0,0,19,11
5,8,1.867727e6,-1.1075554318924072,-0.8619484131774695,TIME_LIMIT,418312,0,0,14,14
5,8,1.867882e6,-1.1075525842811453,-0.8619484131774695,TIME_LIMIT,418344,0,0,10,12
5,8,1.868042e6,-1.1075525842811453,-0.8619484131774695,TIME_LIMIT,418371,0,0,11,17
5,8,1.868189e6,-1.1075405284613733,-0.8619484131774695,TIME_LIMIT,418396,0,0,9,4
5,8,1.868325e6,-1.1075405284613733,-0.8619484131774695,TIME_LIMIT,418422,0,0,11,9
5,8,1.868377e6,-1.1075349732784057,-0.8619484131774695,TIME_LIMIT,418447,0,0,5,6
5,8,1.868516e6,-1.1075349732784057,-0.8619484131774695,TIME_LIMIT,418475,0,0,13,20
5,8,1.868718e6,-1.1075170726199692,-0.8619484131774695,TIME_LIMIT,418517,0,0,15,22
5,8,1.868836e6,-1.1075170726199692,-0.8619484131774695,TIME_LIMIT,418540,0,0,6,3
5,8,1.868919e6,-1.1074997947775929,-0.8619484131774695,TIME_LIMIT,418559,0,0,7,2
5,8,1.86904e6,-1.1074997947775929,-0.8619484131774695,TIME_LIMIT,418583,0,0,16,3
5,8,1.869121e6,-1.1074965366561598,-0.8619484131774695,TIME_LIMIT,418602,0,0,9,6
5,8,1.869212e6,-1.1074965366561598,-0.8619484131774695,TIME_LIMIT,418621,0,0,8,6
5,8,1.869261e6,-1.1074906400131526,-0.8619484131774695,TIME_LIMIT,418633,0,0,5,2
5,8,1.869402e6,-1.1074906400131526,-0.8619484131774695,TIME_LIMIT,418656,0,0,11,16
5,8,1.869484e6,-1.1074903696707632,-0.8619484131774695,TIME_LIMIT,418684,0,0,17,4
5,8,1.86962e6,-1.1074903696707632,-0.8619484131774695,TIME_LIMIT,418712,0,0,20,7
5,8,1.869717e6,-1.1074857629287083,-0.8619484131774695,TIME_LIMIT,418729,0,0,6,7
5,8,1.869792e6,-1.1074857629287083,-0.8619484131774695,TIME_LIMIT,418744,0,0,11,13
5,8,1.869933e6,-1.1074826998847076,-0.8619484131774695,TIME_LIMIT,418781,0,0,9,9
5,8,1.870039e6,-1.1074826998847076,-0.8619484131774695,TIME_LIMIT,418799,0,0,11,12
5,8,1.870146e6,-1.1074773774106044,-0.8619484131774695,TIME_LIMIT,418830,0,0,12,5
5,8,1.870313e6,-1.1074773774106044,-0.8619484131774695,TIME_LIMIT,418861,0,0,21,10
5,8,1.870424e6,-1.1074633385906134,-0.8619484131774695,TIME_LIMIT,418885,0,0,12,13
5,8,1.870671e6,-1.1074633385906134,-0.8619484131774695,TIME_LIMIT,418910,0,0,13,14
5,8,1.870827e6,-1.1074593242111215,-0.8619484131774695,TIME_LIMIT,418940,0,0,17,18
5,8,1.870987e6,-1.1074593242111215,-0.8619484131774695,TIME_LIMIT,418963,0,0,9,15
5,8,1.871219e6,-1.10743864208829,-0.8619484131774695,TIME_LIMIT,419003,0,0,11,11
5,8,1.871374e6,-1.10743864208829,-0.8619484131774695,TIME_LIMIT,419027,0,0,18,7
5,8,1.871426e6,-1.10743831034218,-0.8619484131774695,TIME_LIMIT,419043,0,0,12,2
5,8,1.87156e6,-1.10743831034218,-0.8619484131774695,TIME_LIMIT,419064,0,0,13,10
5,8,1.871719e6,-1.1074295141678396,-0.8619484131774695,TIME_LIMIT,419101,0,0,7,2
5,8,1.871899e6,-1.1074295141678396,-0.8619484131774695,TIME_LIMIT,419130,0,0,11,9
5,8,1.872126e6,-1.1074281358063147,-0.8619484131774695,TIME_LIMIT,419164,0,0,5,10
5,8,1.872273e6,-1.1074281358063147,-0.8619484131774695,TIME_LIMIT,419190,0,0,18,16
5,8,1.872418e6,-1.1074275244767002,-0.8619484131774695,TIME_LIMIT,419215,0,0,18,11
5,8,1.872559e6,-1.1074275244767002,-0.8619484131774695,TIME_LIMIT,419239,0,0,8,9
5,8,1.872664e6,-1.1074220028221848,-0.8619484131774695,TIME_LIMIT,419267,0,0,15,11
5,8,1.872767e6,-1.1074220028221848,-0.8619484131774695,TIME_LIMIT,419290,0,0,9,16
5,8,1.872823e6,-1.1074218771905895,-0.8619484131774695,TIME_LIMIT,419311,0,0,9,4
5,8,1.872999e6,-1.1074218771905895,-0.8619484131774695,TIME_LIMIT,419339,0,0,8,8
5,8,1.873098e6,-1.1074191160537419,-0.8619484131774695,TIME_LIMIT,419362,0,0,9,8
5,8,1.873202e6,-1.1074191160537419,-0.8619484131774695,TIME_LIMIT,419387,0,0,14,4
5,8,1.873307e6,-1.1074145307319903,-0.8619484131774695,TIME_LIMIT,419411,0,0,12,5
5,8,1.873436e6,-1.1074145307319903,-0.8619484131774695,TIME_LIMIT,419433,0,0,16,20
5,8,1.873549e6,-1.1074059924922235,-0.8619484131774695,TIME_LIMIT,419463,0,0,5,8
5,8,1.87376e6,-1.1074059924922235,-0.8619484131774695,TIME_LIMIT,419489,0,0,14,18
5,8,1.873876e6,-1.1073852873733907,-0.8619484131774695,TIME_LIMIT,419528,0,0,12,9
5,8,1.873991e6,-1.1073852873733907,-0.8619484131774695,TIME_LIMIT,419545,0,0,14,30
5,8,1.874101e6,-1.1073803220220706,-0.8619484131774695,TIME_LIMIT,419581,0,0,14,6
5,8,1.874307e6,-1.1073803220220706,-0.8619484131774695,TIME_LIMIT,419611,0,0,6,16
5,8,1.874424e6,-1.1073784317808897,-0.8619484131774695,TIME_LIMIT,419637,0,0,7,11
5,8,1.874506e6,-1.1073784317808897,-0.8619484131774695,TIME_LIMIT,419659,0,0,14,5
5,8,1.874551e6,-1.1073762466182364,-0.8619484131774695,TIME_LIMIT,419681,0,0,5,3
5,8,1.874688e6,-1.1073762466182364,-0.8619484131774695,TIME_LIMIT,419706,0,0,11,10
5,8,1.874771e6,-1.1073752459348225,-0.8619484131774695,TIME_LIMIT,419725,0,0,12,7
5,8,1.874886e6,-1.1073752459348225,-0.8619484131774695,TIME_LIMIT,419748,0,0,17,15
5,8,1.875004e6,-1.1073723033052754,-0.8619484131774695,TIME_LIMIT,419777,0,0,11,3
5,8,1.875127e6,-1.1073723033052754,-0.8619484131774695,TIME_LIMIT,419799,0,0,15,22
5,8,1.875213e6,-1.1073567182284527,-0.8619484131774695,TIME_LIMIT,419837,0,0,11,7
5,8,1.875287e6,-1.1073567182284527,-0.8619484131774695,TIME_LIMIT,419859,0,0,12,17
5,8,1.875409e6,-1.107355716027623,-0.8619484131774695,TIME_LIMIT,419875,0,0,9,4
5,8,1.875613e6,-1.107355716027623,-0.8619484131774695,TIME_LIMIT,419892,0,0,11,10
5,8,1.875701e6,-1.1073549012384645,-0.8619484131774695,TIME_LIMIT,419916,0,0,2,4
5,8,1.8759e6,-1.1073549012384645,-0.8619484131774695,TIME_LIMIT,419946,0,0,7,12
5,8,1.876032e6,-1.107339770839394,-0.8619484131774695,TIME_LIMIT,419978,0,0,8,11
5,8,1.876081e6,-1.107339770839394,-0.8619484131774695,TIME_LIMIT,420005,0,0,17,9
5,8,1.876183e6,-1.107337628128899,-0.8619484131774695,TIME_LIMIT,420025,0,0,7,8
5,8,1.876286e6,-1.107337628128899,-0.8619484131774695,TIME_LIMIT,420054,0,0,18,11
5,8,1.876437e6,-1.1073344772397549,-0.8619484131774695,TIME_LIMIT,420075,0,0,10,6
5,8,1.876657e6,-1.1073344772397549,-0.8619484131774695,TIME_LIMIT,420107,0,0,17,35
5,8,1.876916e6,-1.1073322943316133,-0.8619484131774695,TIME_LIMIT,420130,0,0,9,41
5,8,1.877101e6,-1.1073322943316133,-0.8619484131774695,TIME_LIMIT,420155,0,0,11,25
5,8,1.877287e6,-1.1073307187403496,-0.8619484131774695,TIME_LIMIT,420187,0,0,7,8
5,8,1.877518e6,-1.1073307187403496,-0.8619484131774695,TIME_LIMIT,420210,0,0,19,18
5,8,1.877677e6,-1.1073293938839597,-0.8619484131774695,TIME_LIMIT,420243,0,0,7,6
5,8,1.877818e6,-1.1073293938839597,-0.8619484131774695,TIME_LIMIT,420266,0,0,14,9
5,8,1.877914e6,-1.1073220373706012,-0.8619484131774695,TIME_LIMIT,420292,0,0,8,4
5,8,1.877979e6,-1.1073220373706012,-0.8619484131774695,TIME_LIMIT,420316,0,0,15,6
5,8,1.878183e6,-1.1073217635318477,-0.8619484131774695,TIME_LIMIT,420351,0,0,11,11
5,8,1.878256e6,-1.1073217635318477,-0.8619484131774695,TIME_LIMIT,420373,0,0,10,5
5,8,1.878278e6,-1.107318077682831,-0.8619484131774695,TIME_LIMIT,420385,0,0,4,2
5,8,1.87846e6,-1.107318077682831,-0.8619484131774695,TIME_LIMIT,420416,0,0,8,16
5,8,1.878689e6,-1.107306426815937,-0.8619484131774695,TIME_LIMIT,420442,0,0,7,4
5,8,1.878793e6,-1.107306426815937,-0.8619484131774695,TIME_LIMIT,420460,0,0,9,8
5,8,1.87883e6,-1.1072887066900607,-0.8619484131774695,TIME_LIMIT,420480,0,0,7,2
5,8,1.878926e6,-1.1072887066900607,-0.8619484131774695,TIME_LIMIT,420499,0,0,8,9
5,8,1.879007e6,-1.1072886002953097,-0.8619484131774695,TIME_LIMIT,420520,0,0,10,10
5,8,1.879159e6,-1.1072886002953097,-0.8619484131774695,TIME_LIMIT,420551,0,0,13,11
5,8,1.879324e6,-1.107266219045261,-0.8619484131774695,TIME_LIMIT,420576,0,0,21,15
5,8,1.879505e6,-1.107266219045261,-0.8619484131774695,TIME_LIMIT,420602,0,0,17,13
5,8,1.879701e6,-1.107254628882161,-0.8619484131774695,TIME_LIMIT,420625,0,0,9,10
5,8,1.879772e6,-1.107254628882161,-0.8619484131774695,TIME_LIMIT,420643,0,0,8,4
5,8,1.879863e6,-1.1072517499441585,-0.8619484131774695,TIME_LIMIT,420654,0,0,4,7
5,8,1.879971e6,-1.1072517499441585,-0.8619484131774695,TIME_LIMIT,420671,0,0,9,13
5,8,1.88003e6,-1.107248603393511,-0.8619484131774695,TIME_LIMIT,420694,0,0,7,2
5,8,1.880239e6,-1.107248603393511,-0.8619484131774695,TIME_LIMIT,420725,0,0,20,16
5,8,1.880356e6,-1.1072415575205423,-0.8619484131774695,TIME_LIMIT,420746,0,0,11,9
5,8,1.880549e6,-1.1072415575205423,-0.8619484131774695,TIME_LIMIT,420770,0,0,15,14
5,8,1.880656e6,-1.1072346452888373,-0.8619484131774695,TIME_LIMIT,420802,0,0,7,7
5,8,1.880727e6,-1.1072346452888373,-0.8619484131774695,TIME_LIMIT,420828,0,0,12,15
5,8,1.880906e6,-1.1072298474694398,-0.8619484131774695,TIME_LIMIT,420864,0,0,18,6
5,8,1.881018e6,-1.1072298474694398,-0.8619484131774695,TIME_LIMIT,420893,0,0,10,5
5,8,1.881169e6,-1.107227942885388,-0.8619484131774695,TIME_LIMIT,420915,0,0,14,13
5,8,1.881192e6,-1.107227942885388,-0.8619484131774695,TIME_LIMIT,420924,0,0,7,5
5,8,1.881255e6,-1.107223839254939,-0.8619484131774695,TIME_LIMIT,420939,0,0,2,5
5,8,1.881393e6,-1.107223839254939,-0.8619484131774695,TIME_LIMIT,420972,0,0,13,12
5,8,1.881617e6,-1.1072162501289324,-0.8619484131774695,TIME_LIMIT,420998,0,0,12,9
5,8,1.881716e6,-1.1072162501289324,-0.8619484131774695,TIME_LIMIT,421013,0,0,8,8
5,8,1.881761e6,-1.1072070582025682,-0.8619484131774695,TIME_LIMIT,421030,0,0,7,5
5,8,1.881871e6,-1.1072070582025682,-0.8619484131774695,TIME_LIMIT,421054,0,0,14,9
5,8,1.881955e6,-1.1071998611945777,-0.8619484131774695,TIME_LIMIT,421076,0,0,8,1
5,8,1.882044e6,-1.1071998611945777,-0.8619484131774695,TIME_LIMIT,421104,0,0,18,17
5,8,1.882207e6,-1.1071895608710731,-0.8619484131774695,TIME_LIMIT,421129,0,0,14,7
5,8,1.882334e6,-1.1071895608710731,-0.8619484131774695,TIME_LIMIT,421145,0,0,11,8
5,8,1.882442e6,-1.1071851811151179,-0.8619484131774695,TIME_LIMIT,421172,0,0,10,3
5,8,1.882695e6,-1.1071851811151179,-0.8619484131774695,TIME_LIMIT,421198,0,0,10,9
5,8,1.882787e6,-1.107177427935165,-0.8619484131774695,TIME_LIMIT,421220,0,0,3,4
5,8,1.882907e6,-1.107177427935165,-0.8619484131774695,TIME_LIMIT,421248,0,0,13,6
5,8,1.882991e6,-1.1071704670985465,-0.8619484131774695,TIME_LIMIT,421275,0,0,16,8
5,8,1.883146e6,-1.1071704670985465,-0.8619484131774695,TIME_LIMIT,421304,0,0,12,10
5,8,1.883205e6,-1.107167959616926,-0.8619484131774695,TIME_LIMIT,421322,0,0,6,1
5,8,1.883329e6,-1.107167959616926,-0.8619484131774695,TIME_LIMIT,421341,0,0,10,5
5,8,1.883417e6,-1.1071542094214846,-0.8619484131774695,TIME_LIMIT,421362,0,0,10,8
5,8,1.883481e6,-1.1071542094214846,-0.8619484131774695,TIME_LIMIT,421378,0,0,14,10
5,8,1.883657e6,-1.10714916258546,-0.8619484131774695,TIME_LIMIT,421408,0,0,13,5
5,8,1.883908e6,-1.10714916258546,-0.8619484131774695,TIME_LIMIT,421431,0,0,9,10
5,8,1.884059e6,-1.1071375351048158,-0.8619484131774695,TIME_LIMIT,421446,0,0,9,2
5,8,1.884131e6,-1.1071375351048158,-0.8619484131774695,TIME_LIMIT,421462,0,0,13,12
5,8,1.884215e6,-1.107132480777586,-0.8619484131774695,TIME_LIMIT,421484,0,0,9,3
5,8,1.884315e6,-1.107132480777586,-0.8619484131774695,TIME_LIMIT,421504,0,0,17,15
5,8,1.884462e6,-1.1071312634585375,-0.8619484131774695,TIME_LIMIT,421533,0,0,9,7
5,8,1.884659e6,-1.1071312634585375,-0.8619484131774695,TIME_LIMIT,421561,0,0,7,14
5,8,1.884787e6,-1.107125544852644,-0.8619484131774695,TIME_LIMIT,421587,0,0,12,11
5,8,1.884863e6,-1.107125544852644,-0.8619484131774695,TIME_LIMIT,421607,0,0,9,11
5,8,1.884993e6,-1.107124059997028,-0.8619484131774695,TIME_LIMIT,421634,0,0,12,6
5,8,1.885101e6,-1.107124059997028,-0.8619484131774695,TIME_LIMIT,421662,0,0,15,12
5,8,1.885331e6,-1.1071201212941029,-0.8619484131774695,TIME_LIMIT,421689,0,0,21,14
5,8,1.885592e6,-1.1071201212941029,-0.8619484131774695,TIME_LIMIT,421714,0,0,15,25
5,8,1.885862e6,-1.1070982776213627,-0.8619484131774695,TIME_LIMIT,421752,0,0,16,13
5,8,1.885888e6,-1.1070982776213627,-0.8619484131774695,TIME_LIMIT,421768,0,0,9,5
5,8,1.885976e6,-1.1070980745375167,-0.8619484131774695,TIME_LIMIT,421790,0,0,7,4
5,8,1.886032e6,-1.1070980745375167,-0.8619484131774695,TIME_LIMIT,421810,0,0,8,15
5,8,1.886169e6,-1.1070934942030308,-0.8619484131774695,TIME_LIMIT,421833,0,0,12,5
5,8,1.886325e6,-1.1070934942030308,-0.8619484131774695,TIME_LIMIT,421852,0,0,15,10
5,8,1.886384e6,-1.1070856565902074,-0.8619484131774695,TIME_LIMIT,421881,0,0,4,3
5,8,1.886469e6,-1.1070856565902074,-0.8619484131774695,TIME_LIMIT,421900,0,0,19,28
5,8,1.886618e6,-1.1070853178489042,-0.8619484131774695,TIME_LIMIT,421933,0,0,15,11
5,8,1.886795e6,-1.1070853178489042,-0.8619484131774695,TIME_LIMIT,421959,0,0,6,10
5,8,1.886858e6,-1.1070835335692555,-0.8619484131774695,TIME_LIMIT,421985,0,0,8,4
5,8,1.886978e6,-1.1070835335692555,-0.8619484131774695,TIME_LIMIT,422004,0,0,12,13
5,8,1.887159e6,-1.107081551175162,-0.8619484131774695,TIME_LIMIT,422038,0,0,8,9
5,8,1.887256e6,-1.107081551175162,-0.8619484131774695,TIME_LIMIT,422060,0,0,6,5
5,8,1.887302e6,-1.1070798590750737,-0.8619484131774695,TIME_LIMIT,422075,0,0,5,3
5,8,1.88752e6,-1.1070798590750737,-0.8619484131774695,TIME_LIMIT,422103,0,0,13,21
5,8,1.887783e6,-1.107073750289982,-0.8619484131774695,TIME_LIMIT,422130,0,0,16,21
5,8,1.887972e6,-1.107073750289982,-0.8619484131774695,TIME_LIMIT,422163,0,0,11,12
5,8,1.888111e6,-1.1070702393145715,-0.8619484131774695,TIME_LIMIT,422198,0,0,11,12
5,8,1.888278e6,-1.1070702393145715,-0.8619484131774695,TIME_LIMIT,422229,0,0,19,17
5,8,1.888492e6,-1.1070618617426122,-0.8619484131774695,TIME_LIMIT,422264,0,0,16,16
5,8,1.888553e6,-1.1070618617426122,-0.8619484131774695,TIME_LIMIT,422291,0,0,9,4
5,8,1.888623e6,-1.1070606089429442,-0.8619484131774695,TIME_LIMIT,422304,0,0,13,7
5,8,1.888748e6,-1.1070606089429442,-0.8619484131774695,TIME_LIMIT,422325,0,0,9,20
5,8,1.888819e6,-1.1070531675659394,-0.8619484131774695,TIME_LIMIT,422351,0,0,8,3
5,8,1.888867e6,-1.1070531675659394,-0.8619484131774695,TIME_LIMIT,422371,0,0,9,8
5,8,1.888937e6,-1.1070478027836985,-0.8619484131774695,TIME_LIMIT,422399,0,0,12,4
5,8,1.889181e6,-1.1070478027836985,-0.8619484131774695,TIME_LIMIT,422429,0,0,21,13
5,8,1.889368e6,-1.1070443851244836,-0.8619484131774695,TIME_LIMIT,422459,0,0,17,12
5,8,1.88949e6,-1.1070443851244836,-0.8619484131774695,TIME_LIMIT,422485,0,0,12,9
5,8,1.889634e6,-1.1070410644288986,-0.8619484131774695,TIME_LIMIT,422503,0,0,12,11
5,8,1.889699e6,-1.1070410644288986,-0.8619484131774695,TIME_LIMIT,422518,0,0,16,13
5,8,1.889822e6,-1.1070404277683052,-0.8619484131774695,TIME_LIMIT,422553,0,0,6,9
5,8,1.889996e6,-1.1070404277683052,-0.8619484131774695,TIME_LIMIT,422578,0,0,11,9
5,8,1.890086e6,-1.1070386779725676,-0.8619484131774695,TIME_LIMIT,422604,0,0,14,6
5,8,1.890243e6,-1.1070386779725676,-0.8619484131774695,TIME_LIMIT,422633,0,0,15,16
5,8,1.890396e6,-1.1070211667012453,-0.8619484131774695,TIME_LIMIT,422659,0,0,9,7
5,8,1.890608e6,-1.1070211667012453,-0.8619484131774695,TIME_LIMIT,422683,0,0,15,10
5,8,1.890809e6,-1.1070202189294016,-0.8619484131774695,TIME_LIMIT,422707,0,0,14,8
5,8,1.891016e6,-1.1070202189294016,-0.8619484131774695,TIME_LIMIT,422733,0,0,15,10
5,8,1.891218e6,-1.1070157720803961,-0.8619484131774695,TIME_LIMIT,422769,0,0,19,9
5,8,1.891465e6,-1.1070157720803961,-0.8619484131774695,TIME_LIMIT,422798,0,0,14,26
5,8,1.891713e6,-1.1070135076465286,-0.8619484131774695,TIME_LIMIT,422839,0,0,8,12
5,8,1.89187e6,-1.1070135076465286,-0.8619484131774695,TIME_LIMIT,422866,0,0,14,16
5,8,1.891973e6,-1.1070133379240639,-0.8619484131774695,TIME_LIMIT,422891,0,0,6,12
5,8,1.892023e6,-1.1070133379240639,-0.8619484131774695,TIME_LIMIT,422918,0,0,16,9
5,8,1.892085e6,-1.107012305909806,-0.8619484131774695,TIME_LIMIT,422936,0,0,7,2
5,8,1.892193e6,-1.107012305909806,-0.8619484131774695,TIME_LIMIT,422957,0,0,11,6
5,8,1.89228e6,-1.1070079819733596,-0.8619484131774695,TIME_LIMIT,422976,0,0,10,5
5,8,1.892432e6,-1.1070079819733596,-0.8619484131774695,TIME_LIMIT,423016,0,0,5,14
5,8,1.892599e6,-1.10700792275847,-0.8619484131774695,TIME_LIMIT,423045,0,0,20,6
5,8,1.892796e6,-1.10700792275847,-0.8619484131774695,TIME_LIMIT,423067,0,0,15,20
5,8,1.892895e6,-1.1070073597416692,-0.8619484131774695,TIME_LIMIT,423097,0,0,5,5
5,8,1.893118e6,-1.1070073597416692,-0.8619484131774695,TIME_LIMIT,423123,0,0,11,15
5,8,1.893295e6,-1.106995390279261,-0.8619484131774695,TIME_LIMIT,423160,0,0,10,9
5,8,1.893507e6,-1.106995390279261,-0.8619484131774695,TIME_LIMIT,423186,0,0,16,13
5,8,1.893723e6,-1.106989337915151,-0.8619484131774695,TIME_LIMIT,423210,0,0,7,9
5,8,1.893796e6,-1.106989337915151,-0.8619484131774695,TIME_LIMIT,423233,0,0,12,9
5,8,1.893875e6,-1.1069857205734293,-0.8619484131774695,TIME_LIMIT,423258,0,0,14,9
5,8,1.894084e6,-1.1069857205734293,-0.8619484131774695,TIME_LIMIT,423286,0,0,18,16
5,8,1.894232e6,-1.1069845627990387,-0.8619484131774695,TIME_LIMIT,423308,0,0,13,2
5,8,1.894287e6,-1.1069845627990387,-0.8619484131774695,TIME_LIMIT,423325,0,0,7,6
5,8,1.89431e6,-1.1069726746389155,-0.8619484131774695,TIME_LIMIT,423335,0,0,4,2
5,8,1.894524e6,-1.1069726746389155,-0.8619484131774695,TIME_LIMIT,423360,0,0,17,19
5,8,1.894726e6,-1.10697033466746,-0.8619484131774695,TIME_LIMIT,423385,0,0,16,8
5,8,1.894843e6,-1.10697033466746,-0.8619484131774695,TIME_LIMIT,423404,0,0,10,8
5,8,1.895036e6,-1.1069667450751626,-0.8619484131774695,TIME_LIMIT,423429,0,0,9,5
5,8,1.89514e6,-1.1069667450751626,-0.8619484131774695,TIME_LIMIT,423455,0,0,9,13
5,8,1.8953e6,-1.1069639326707696,-0.8619484131774695,TIME_LIMIT,423494,0,0,9,6
5,8,1.895371e6,-1.1069639326707696,-0.8619484131774695,TIME_LIMIT,423518,0,0,7,9
5,8,1.895482e6,-1.106962073454155,-0.8619484131774695,TIME_LIMIT,423547,0,0,7,8
5,8,1.895571e6,-1.106962073454155,-0.8619484131774695,TIME_LIMIT,423565,0,0,7,5
5,8,1.895607e6,-1.1069522827291214,-0.8619484131774695,TIME_LIMIT,423580,0,0,5,0
5,8,1.895782e6,-1.1069522827291214,-0.8619484131774695,TIME_LIMIT,423606,0,0,13,11
5,8,1.89591e6,-1.1069425685317311,-0.8619484131774695,TIME_LIMIT,423631,0,0,6,8
5,8,1.896001e6,-1.1069425685317311,-0.8619484131774695,TIME_LIMIT,423652,0,0,14,9
5,8,1.896102e6,-1.1069415113971863,-0.8619484131774695,TIME_LIMIT,423668,0,0,11,10
5,8,1.89622e6,-1.1069415113971863,-0.8619484131774695,TIME_LIMIT,423682,0,0,6,8
5,8,1.89631e6,-1.106934232928302,-0.8619484131774695,TIME_LIMIT,423709,0,0,3,6
5,8,1.896501e6,-1.106934232928302,-0.8619484131774695,TIME_LIMIT,423734,0,0,9,15
5,8,1.896589e6,-1.1069028407820651,-0.8619484131774695,TIME_LIMIT,423766,0,0,8,7
5,8,1.896672e6,-1.1069028407820651,-0.8619484131774695,TIME_LIMIT,423784,0,0,8,9
5,8,1.896763e6,-1.106898960113313,-0.8619484131774695,TIME_LIMIT,423802,0,0,8,7
5,8,1.896823e6,-1.106898960113313,-0.8619484131774695,TIME_LIMIT,423818,0,0,10,20
5,8,1.896948e6,-1.106888739426065,-0.8619484131774695,TIME_LIMIT,423845,0,0,8,6
5,8,1.897156e6,-1.106888739426065,-0.8619484131774695,TIME_LIMIT,423866,0,0,7,10
5,8,1.897331e6,-1.1068884734077868,-0.8619484131774695,TIME_LIMIT,423898,0,0,14,8
5,8,1.897438e6,-1.1068884734077868,-0.8619484131774695,TIME_LIMIT,423918,0,0,13,20
5,8,1.897602e6,-1.106886912062251,-0.8619484131774695,TIME_LIMIT,423946,0,0,9,9
5,8,1.89771e6,-1.106886912062251,-0.8619484131774695,TIME_LIMIT,423970,0,0,10,15
5,8,1.897913e6,-1.1068856775450415,-0.8619484131774695,TIME_LIMIT,424002,0,0,12,6
5,8,1.897994e6,-1.1068856775450415,-0.8619484131774695,TIME_LIMIT,424023,0,0,9,9
5,8,1.898087e6,-1.1068848933728945,-0.8619484131774695,TIME_LIMIT,424045,0,0,15,1
5,8,1.898151e6,-1.1068848933728945,-0.8619484131774695,TIME_LIMIT,424062,0,0,9,3
5,8,1.898257e6,-1.1068841732794925,-0.8619484131774695,TIME_LIMIT,424084,0,0,9,5
5,8,1.898421e6,-1.1068841732794925,-0.8619484131774695,TIME_LIMIT,424108,0,0,18,23
5,8,1.89865e6,-1.1068830175581785,-0.8619484131774695,TIME_LIMIT,424148,0,0,10,10
5,8,1.898745e6,-1.1068830175581785,-0.8619484131774695,TIME_LIMIT,424169,0,0,14,14
5,8,1.89886e6,-1.1068813305811847,-0.8619484131774695,TIME_LIMIT,424200,0,0,13,6
5,8,1.898945e6,-1.1068813305811847,-0.8619484131774695,TIME_LIMIT,424223,0,0,13,2
5,8,1.898986e6,-1.1068805774334678,-0.8619484131774695,TIME_LIMIT,424235,0,0,6,5
5,8,1.899231e6,-1.1068805774334678,-0.8619484131774695,TIME_LIMIT,424263,0,0,14,16
5,8,1.899313e6,-1.106877937192595,-0.8619484131774695,TIME_LIMIT,424284,0,0,10,11
5,8,1.899422e6,-1.106877937192595,-0.8619484131774695,TIME_LIMIT,424303,0,0,7,8
5,8,1.899482e6,-1.1068738810457226,-0.8619484131774695,TIME_LIMIT,424319,0,0,7,4
5,8,1.899621e6,-1.1068738810457226,-0.8619484131774695,TIME_LIMIT,424343,0,0,11,7
5,8,1.899736e6,-1.1068716233777012,-0.8619484131774695,TIME_LIMIT,424375,0,0,6,2
5,8,1.899934e6,-1.1068716233777012,-0.8619484131774695,TIME_LIMIT,424408,0,0,17,14
5,8,1.900036e6,-1.106866965504777,-0.8619484131774695,TIME_LIMIT,424446,0,0,9,9
5,8,1.90024e6,-1.106866965504777,-0.8619484131774695,TIME_LIMIT,424472,0,0,18,25
5,8,1.900406e6,-1.1068648399134084,-0.8619484131774695,TIME_LIMIT,424508,0,0,7,10
5,8,1.900465e6,-1.1068648399134084,-0.8619484131774695,TIME_LIMIT,424524,0,0,12,8
5,8,1.900523e6,-1.1068516467834595,-0.8619484131774695,TIME_LIMIT,424542,0,0,8,1
5,8,1.900589e6,-1.1068516467834595,-0.8619484131774695,TIME_LIMIT,424557,0,0,12,9
5,8,1.900643e6,-1.106846373013672,-0.8619484131774695,TIME_LIMIT,424578,0,0,6,4
5,8,1.900742e6,-1.106846373013672,-0.8619484131774695,TIME_LIMIT,424598,0,0,4,8
5,8,1.900889e6,-1.1068463565370885,-0.8619484131774695,TIME_LIMIT,424621,0,0,12,3
5,8,1.900941e6,-1.1068463565370885,-0.8619484131774695,TIME_LIMIT,424639,0,0,6,2
5,8,1.900969e6,-1.1068410826373412,-0.8619484131774695,TIME_LIMIT,424649,0,0,3,3
5,8,1.901033e6,-1.1068410826373412,-0.8619484131774695,TIME_LIMIT,424672,0,0,13,5
5,8,1.901142e6,-1.1068383030426194,-0.8619484131774695,TIME_LIMIT,424694,0,0,9,6
5,8,1.901244e6,-1.1068383030426194,-0.8619484131774695,TIME_LIMIT,424715,0,0,6,10
5,8,1.901474e6,-1.106835023898546,-0.8619484131774695,TIME_LIMIT,424751,0,0,13,6
5,8,1.901574e6,-1.106835023898546,-0.8619484131774695,TIME_LIMIT,424773,0,0,9,6
5,8,1.901604e6,-1.1068272921008686,-0.8619484131774695,TIME_LIMIT,424789,0,0,3,1
5,8,1.901782e6,-1.1068272921008686,-0.8619484131774695,TIME_LIMIT,424815,0,0,18,21
5,8,1.901891e6,-1.106827094508307,-0.8619484131774695,TIME_LIMIT,424837,0,0,11,9
5,8,1.902048e6,-1.106827094508307,-0.8619484131774695,TIME_LIMIT,424861,0,0,11,17
5,8,1.902278e6,-1.1068254813298297,-0.8619484131774695,TIME_LIMIT,424896,0,0,8,11
5,8,1.902478e6,-1.1068254813298297,-0.8619484131774695,TIME_LIMIT,424920,0,0,16,17
5,8,1.902701e6,-1.1068153392474451,-0.8619484131774695,TIME_LIMIT,424957,0,0,10,6
5,8,1.902863e6,-1.1068153392474451,-0.8619484131774695,TIME_LIMIT,424985,0,0,15,17
5,8,1.902943e6,-1.1068148766877468,-0.8619484131774695,TIME_LIMIT,425013,0,0,9,9
5,8,1.903007e6,-1.1068148766877468,-0.8619484131774695,TIME_LIMIT,425039,0,0,15,4
5,8,1.903123e6,-1.1068138499302227,-0.8619484131774695,TIME_LIMIT,425061,0,0,14,7
5,8,1.903352e6,-1.1068138499302227,-0.8619484131774695,TIME_LIMIT,425093,0,0,14,9
5,8,1.903472e6,-1.1068112120010225,-0.8619484131774695,TIME_LIMIT,425116,0,0,13,18
5,8,1.903596e6,-1.1068112120010225,-0.8619484131774695,TIME_LIMIT,425144,0,0,19,14
5,8,1.903752e6,-1.1068025011084863,-0.8619484131774695,TIME_LIMIT,425174,0,0,11,4
5,8,1.904007e6,-1.1068025011084863,-0.8619484131774695,TIME_LIMIT,425200,0,0,15,21
5,8,1.904213e6,-1.106801809701806,-0.8619484131774695,TIME_LIMIT,425236,0,0,13,19
5,8,1.904361e6,-1.106801809701806,-0.8619484131774695,TIME_LIMIT,425260,0,0,20,16
5,8,1.904549e6,-1.1067972353412703,-0.8619484131774695,TIME_LIMIT,425299,0,0,11,10
5,8,1.904689e6,-1.1067972353412703,-0.8619484131774695,TIME_LIMIT,425321,0,0,3,5
5,8,1.904722e6,-1.1067942120680638,-0.8619484131774695,TIME_LIMIT,425333,0,0,6,8
5,8,1.90486e6,-1.1067942120680638,-0.8619484131774695,TIME_LIMIT,425356,0,0,10,10
5,8,1.904941e6,-1.106793458580789,-0.8619484131774695,TIME_LIMIT,425381,0,0,8,9
5,8,1.905114e6,-1.106793458580789,-0.8619484131774695,TIME_LIMIT,425410,0,0,16,11
5,8,1.905329e6,-1.1067852920744352,-0.8619484131774695,TIME_LIMIT,425434,0,0,16,8
5,8,1.90546e6,-1.1067852920744352,-0.8619484131774695,TIME_LIMIT,425461,0,0,23,13
5,8,1.905631e6,-1.1067775376849343,-0.8619484131774695,TIME_LIMIT,425495,0,0,18,10
5,8,1.905785e6,-1.1067775376849343,-0.8619484131774695,TIME_LIMIT,425520,0,0,17,14
5,8,1.906049e6,-1.1067772018518036,-0.8619484131774695,TIME_LIMIT,425556,0,0,12,6
5,8,1.906123e6,-1.1067772018518036,-0.8619484131774695,TIME_LIMIT,425568,0,0,5,2
5,8,1.906147e6,-1.1067730498125057,-0.8619484131774695,TIME_LIMIT,425582,0,0,6,1
5,8,1.906297e6,-1.1067730498125057,-0.8619484131774695,TIME_LIMIT,425606,0,0,16,26
5,8,1.906455e6,-1.1067703995745806,-0.8619484131774695,TIME_LIMIT,425643,0,0,16,9
5,8,1.906552e6,-1.1067703995745806,-0.8619484131774695,TIME_LIMIT,425665,0,0,17,27
5,8,1.906654e6,-1.1067598555270284,-0.8619484131774695,TIME_LIMIT,425698,0,0,14,8
5,8,1.906793e6,-1.1067598555270284,-0.8619484131774695,TIME_LIMIT,425726,0,0,18,11
5,8,1.90692e6,-1.106756381039876,-0.8619484131774695,TIME_LIMIT,425760,0,0,16,10
5,8,1.906988e6,-1.106756381039876,-0.8619484131774695,TIME_LIMIT,425778,0,0,13,17
5,8,1.907148e6,-1.1067561782879398,-0.8619484131774695,TIME_LIMIT,425807,0,0,10,5
5,8,1.907243e6,-1.1067561782879398,-0.8619484131774695,TIME_LIMIT,425832,0,0,15,9
5,8,1.907452e6,-1.1067558964545239,-0.8619484131774695,TIME_LIMIT,425871,0,0,18,11
5,8,1.907688e6,-1.1067558964545239,-0.8619484131774695,TIME_LIMIT,425902,0,0,12,9
5,8,1.907807e6,-1.1067548444847972,-0.8619484131774695,TIME_LIMIT,425924,0,0,19,10
5,8,1.907953e6,-1.1067548444847972,-0.8619484131774695,TIME_LIMIT,425953,0,0,11,8
5,8,1.90802e6,-1.1067515205991851,-0.8619484131774695,TIME_LIMIT,425967,0,0,9,8
5,8,1.908086e6,-1.1067515205991851,-0.8619484131774695,TIME_LIMIT,425994,0,0,20,10
5,8,1.908287e6,-1.1067478383607277,-0.8619484131774695,TIME_LIMIT,426020,0,0,15,7
5,8,1.908338e6,-1.1067478383607277,-0.8619484131774695,TIME_LIMIT,426036,0,0,7,4
5,8,1.908408e6,-1.1067438494164343,-0.8619484131774695,TIME_LIMIT,426048,0,0,6,7
5,8,1.908493e6,-1.1067438494164343,-0.8619484131774695,TIME_LIMIT,426067,0,0,10,6
5,8,1.908603e6,-1.106718739466419,-0.8619484131774695,TIME_LIMIT,426092,0,0,13,5
5,8,1.908729e6,-1.106718739466419,-0.8619484131774695,TIME_LIMIT,426117,0,0,5,13
5,8,1.908964e6,-1.1067171678046988,-0.8619484131774695,TIME_LIMIT,426149,0,0,11,6
5,8,1.909075e6,-1.1067171678046988,-0.8619484131774695,TIME_LIMIT,426175,0,0,14,8
5,8,1.909305e6,-1.10671694817211,-0.8619484131774695,TIME_LIMIT,426200,0,0,6,5
5,8,1.909381e6,-1.10671694817211,-0.8619484131774695,TIME_LIMIT,426223,0,0,20,16
5,8,1.909619e6,-1.1067142960230625,-0.8619484131774695,TIME_LIMIT,426251,0,0,18,8
5,8,1.909752e6,-1.1067142960230625,-0.8619484131774695,TIME_LIMIT,426272,0,0,13,4
5,8,1.909802e6,-1.1067006187580875,-0.8619484131774695,TIME_LIMIT,426288,0,0,1,8
5,8,1.909874e6,-1.1067006187580875,-0.8619484131774695,TIME_LIMIT,426304,0,0,7,10
5,8,1.90994e6,-1.1066999596374978,-0.8619484131774695,TIME_LIMIT,426320,0,0,8,3
5,8,1.910106e6,-1.1066999596374978,-0.8619484131774695,TIME_LIMIT,426353,0,0,21,8
5,8,1.910202e6,-1.1066957558343793,-0.8619484131774695,TIME_LIMIT,426374,0,0,17,12
5,8,1.910393e6,-1.1066957558343793,-0.8619484131774695,TIME_LIMIT,426397,0,0,10,5
5,8,1.910449e6,-1.1066944149821576,-0.8619484131774695,TIME_LIMIT,426415,0,0,10,2
5,8,1.910565e6,-1.1066944149821576,-0.8619484131774695,TIME_LIMIT,426439,0,0,17,7
5,8,1.910764e6,-1.106662869990774,-0.8619484131774695,TIME_LIMIT,426459,0,0,14,8
5,8,1.910822e6,-1.106662869990774,-0.8619484131774695,TIME_LIMIT,426482,0,0,10,22
5,8,1.911045e6,-1.1066606044101248,-0.8619484131774695,TIME_LIMIT,426524,0,0,8,10
5,8,1.911116e6,-1.1066606044101248,-0.8619484131774695,TIME_LIMIT,426545,0,0,7,8
5,8,1.911188e6,-1.1066540728580638,-0.8619484131774695,TIME_LIMIT,426570,0,0,10,6
5,8,1.911264e6,-1.1066540728580638,-0.8619484131774695,TIME_LIMIT,426589,0,0,10,13
5,8,1.911424e6,-1.106653179011807,-0.8619484131774695,TIME_LIMIT,426621,0,0,4,6
5,8,1.911591e6,-1.106653179011807,-0.8619484131774695,TIME_LIMIT,426645,0,0,13,20
5,8,1.91172e6,-1.1066473741235594,-0.8619484131774695,TIME_LIMIT,426677,0,0,12,5
5,8,1.911811e6,-1.1066473741235594,-0.8619484131774695,TIME_LIMIT,426693,0,0,13,12
5,8,1.911856e6,-1.106639986355687,-0.8619484131774695,TIME_LIMIT,426712,0,0,8,1
5,8,1.91205e6,-1.106639986355687,-0.8619484131774695,TIME_LIMIT,426739,0,0,13,16
5,8,1.912217e6,-1.1066357987941327,-0.8619484131774695,TIME_LIMIT,426763,0,0,8,6
5,8,1.912337e6,-1.1066357987941327,-0.8619484131774695,TIME_LIMIT,426791,0,0,5,11
5,8,1.912466e6,-1.1066046812460297,-0.8619484131774695,TIME_LIMIT,426810,0,0,12,8
5,8,1.912691e6,-1.1066046812460297,-0.8619484131774695,TIME_LIMIT,426832,0,0,13,16
5,8,1.912778e6,-1.106602255481302,-0.8619484131774695,TIME_LIMIT,426851,0,0,9,8
5,8,1.912859e6,-1.106602255481302,-0.8619484131774695,TIME_LIMIT,426873,0,0,8,8
5,8,1.912926e6,-1.1065978730779378,-0.8619484131774695,TIME_LIMIT,426898,0,0,9,6
5,8,1.912996e6,-1.1065978730779378,-0.8619484131774695,TIME_LIMIT,426915,0,0,11,9
5,8,1.913155e6,-1.1065959400612635,-0.8619484131774695,TIME_LIMIT,426941,0,0,9,8
5,8,1.913282e6,-1.1065959400612635,-0.8619484131774695,TIME_LIMIT,426966,0,0,17,18
5,8,1.913504e6,-1.1065953267140891,-0.8619484131774695,TIME_LIMIT,426991,0,0,13,8
5,8,1.913646e6,-1.1065953267140891,-0.8619484131774695,TIME_LIMIT,427004,0,0,9,10
5,8,1.913777e6,-1.1065940419849185,-0.8619484131774695,TIME_LIMIT,427031,0,0,10,4
5,8,1.91402e6,-1.1065940419849185,-0.8619484131774695,TIME_LIMIT,427055,0,0,9,7
5,8,1.914175e6,-1.1065922645269242,-0.8619484131774695,TIME_LIMIT,427074,0,0,9,2
5,8,1.914217e6,-1.1065922645269242,-0.8619484131774695,TIME_LIMIT,427095,0,0,7,8
5,8,1.91427e6,-1.1065897536623894,-0.8619484131774695,TIME_LIMIT,427111,0,0,3,5
5,8,1.914498e6,-1.1065897536623894,-0.8619484131774695,TIME_LIMIT,427137,0,0,10,11
5,8,1.91472e6,-1.1065772074449822,-0.8619484131774695,TIME_LIMIT,427163,0,0,10,3
5,8,1.914881e6,-1.1065772074449822,-0.8619484131774695,TIME_LIMIT,427182,0,0,10,8
5,8,1.915008e6,-1.1065716460208348,-0.8619484131774695,TIME_LIMIT,427219,0,0,18,11
5,8,1.915061e6,-1.1065716460208348,-0.8619484131774695,TIME_LIMIT,427234,0,0,4,15
5,8,1.915107e6,-1.106558427401455,-0.8619484131774695,TIME_LIMIT,427258,0,0,9,6
5,8,1.915185e6,-1.106558427401455,-0.8619484131774695,TIME_LIMIT,427279,0,0,12,4
5,8,1.915258e6,-1.1065574854649503,-0.8619484131774695,TIME_LIMIT,427305,0,0,11,3
5,8,1.915306e6,-1.1065574854649503,-0.8619484131774695,TIME_LIMIT,427322,0,0,10,3
5,8,1.915409e6,-1.1065545062218303,-0.8619484131774695,TIME_LIMIT,427334,0,0,7,5
5,8,1.915476e6,-1.1065545062218303,-0.8619484131774695,TIME_LIMIT,427359,0,0,9,12
5,8,1.915563e6,-1.106548320848817,-0.8619484131774695,TIME_LIMIT,427379,0,0,7,7
5,8,1.915654e6,-1.106548320848817,-0.8619484131774695,TIME_LIMIT,427399,0,0,12,4
5,8,1.915709e6,-1.1065406479549174,-0.8619484131774695,TIME_LIMIT,427417,0,0,2,2
5,8,1.915939e6,-1.1065406479549174,-0.8619484131774695,TIME_LIMIT,427445,0,0,12,24
5,8,1.916165e6,-1.106537808115687,-0.8619484131774695,TIME_LIMIT,427479,0,0,15,9
5,8,1.916224e6,-1.106537808115687,-0.8619484131774695,TIME_LIMIT,427501,0,0,9,9
5,8,1.916329e6,-1.1065227117193672,-0.8619484131774695,TIME_LIMIT,427528,0,0,14,7
5,8,1.916441e6,-1.1065227117193672,-0.8619484131774695,TIME_LIMIT,427554,0,0,22,5
5,8,1.916547e6,-1.1065218242740285,-0.8619484131774695,TIME_LIMIT,427583,0,0,10,8
5,8,1.916637e6,-1.1065218242740285,-0.8619484131774695,TIME_LIMIT,427606,0,0,13,18
5,8,1.916704e6,-1.1065140648797738,-0.8619484131774695,TIME_LIMIT,427631,0,0,9,9
5,8,1.91681e6,-1.1065140648797738,-0.8619484131774695,TIME_LIMIT,427661,0,0,15,10
5,8,1.916967e6,-1.1065124687587686,-0.8619484131774695,TIME_LIMIT,427686,0,0,14,12
5,8,1.9171e6,-1.1065124687587686,-0.8619484131774695,TIME_LIMIT,427710,0,0,20,17
5,8,1.917328e6,-1.106505187288574,-0.8619484131774695,TIME_LIMIT,427746,0,0,14,13
5,8,1.917462e6,-1.106505187288574,-0.8619484131774695,TIME_LIMIT,427774,0,0,13,18
5,8,1.917488e6,-1.1065049658859727,-0.8619484131774695,TIME_LIMIT,427792,0,0,8,4
5,8,1.917722e6,-1.1065049658859727,-0.8619484131774695,TIME_LIMIT,427817,0,0,11,12
5,8,1.91782e6,-1.1064994305814524,-0.8619484131774695,TIME_LIMIT,427838,0,0,9,5
5,8,1.917984e6,-1.1064994305814524,-0.8619484131774695,TIME_LIMIT,427863,0,0,12,16
5,8,1.918018e6,-1.1064985889995125,-0.8619484131774695,TIME_LIMIT,427883,0,0,12,2
5,8,1.918122e6,-1.1064985889995125,-0.8619484131774695,TIME_LIMIT,427904,0,0,12,12
5,8,1.91826e6,-1.106495012639684,-0.8619484131774695,TIME_LIMIT,427934,0,0,11,8
5,8,1.918303e6,-1.106495012639684,-0.8619484131774695,TIME_LIMIT,427953,0,0,7,9
5,8,1.91843e6,-1.1064945178306278,-0.8619484131774695,TIME_LIMIT,427980,0,0,11,4
5,8,1.9186e6,-1.1064945178306278,-0.8619484131774695,TIME_LIMIT,428008,0,0,7,8
5,8,1.918675e6,-1.1064939185431444,-0.8619484131774695,TIME_LIMIT,428028,0,0,13,6
5,8,1.918813e6,-1.1064939185431444,-0.8619484131774695,TIME_LIMIT,428053,0,0,16,9
5,8,1.918897e6,-1.1064927693044835,-0.8619484131774695,TIME_LIMIT,428074,0,0,8,7
5,8,1.919043e6,-1.1064927693044835,-0.8619484131774695,TIME_LIMIT,428099,0,0,13,13
5,8,1.919155e6,-1.1064705928347067,-0.8619484131774695,TIME_LIMIT,428127,0,0,11,11
5,8,1.919337e6,-1.1064705928347067,-0.8619484131774695,TIME_LIMIT,428152,0,0,19,24
5,8,1.919526e6,-1.1064704370926988,-0.8619484131774695,TIME_LIMIT,428193,0,0,9,11
5,8,1.919603e6,-1.1064704370926988,-0.8619484131774695,TIME_LIMIT,428206,0,0,10,6
5,8,1.919661e6,-1.106469790605519,-0.8619484131774695,TIME_LIMIT,428228,0,0,9,2
5,8,1.91973e6,-1.106469790605519,-0.8619484131774695,TIME_LIMIT,428246,0,0,12,12
5,8,1.919841e6,-1.1064597398614935,-0.8619484131774695,TIME_LIMIT,428270,0,0,4,5
5,8,1.920033e6,-1.1064597398614935,-0.8619484131774695,TIME_LIMIT,428295,0,0,21,17
5,8,1.920246e6,-1.1064409950952436,-0.8619484131774695,TIME_LIMIT,428331,0,0,8,4
5,8,1.920443e6,-1.1064409950952436,-0.8619484131774695,TIME_LIMIT,428356,0,0,17,20
5,8,1.92053e6,-1.1064332960267949,-0.8619484131774695,TIME_LIMIT,428384,0,0,12,5
5,8,1.920711e6,-1.1064332960267949,-0.8619484131774695,TIME_LIMIT,428410,0,0,13,8
5,8,1.920825e6,-1.106432318404324,-0.8619484131774695,TIME_LIMIT,428434,0,0,17,10
5,8,1.92093e6,-1.106432318404324,-0.8619484131774695,TIME_LIMIT,428459,0,0,9,20
5,8,1.921032e6,-1.1064315727221243,-0.8619484131774695,TIME_LIMIT,428490,0,0,14,13
5,8,1.921135e6,-1.1064315727221243,-0.8619484131774695,TIME_LIMIT,428507,0,0,9,15
5,8,1.921449e6,-1.1064301647001096,-0.8619484131774695,TIME_LIMIT,428538,0,0,8,5
5,8,1.921557e6,-1.1064301647001096,-0.8619484131774695,TIME_LIMIT,428557,0,0,7,9
5,8,1.92166e6,-1.1064297213640637,-0.8619484131774695,TIME_LIMIT,428586,0,0,10,7
5,8,1.921912e6,-1.1064297213640637,-0.8619484131774695,TIME_LIMIT,428609,0,0,14,16
5,8,1.922154e6,-1.1064292047119022,-0.8619484131774695,TIME_LIMIT,428651,0,0,9,21
5,8,1.922247e6,-1.1064292047119022,-0.8619484131774695,TIME_LIMIT,428673,0,0,12,12
5,8,1.922389e6,-1.1064263667642278,-0.8619484131774695,TIME_LIMIT,428699,0,0,11,15
5,8,1.922516e6,-1.1064263667642278,-0.8619484131774695,TIME_LIMIT,428730,0,0,20,24
5,8,1.922634e6,-1.1064146036003437,-0.8619484131774695,TIME_LIMIT,428760,0,0,14,7
5,8,1.922754e6,-1.1064146036003437,-0.8619484131774695,TIME_LIMIT,428783,0,0,4,14
5,8,1.922833e6,-1.106394254430172,-0.8619484131774695,TIME_LIMIT,428806,0,0,5,8
5,8,1.922971e6,-1.106394254430172,-0.8619484131774695,TIME_LIMIT,428827,0,0,8,6
5,8,1.923019e6,-1.1063935651802492,-0.8619484131774695,TIME_LIMIT,428845,0,0,9,5
5,8,1.923128e6,-1.1063935651802492,-0.8619484131774695,TIME_LIMIT,428867,0,0,12,14
5,8,1.923183e6,-1.1063886984394538,-0.8619484131774695,TIME_LIMIT,428890,0,0,10,4
5,8,1.923384e6,-1.1063886984394538,-0.8619484131774695,TIME_LIMIT,428910,0,0,7,15
5,8,1.923425e6,-1.1063883147071045,-0.8619484131774695,TIME_LIMIT,428921,0,0,4,4
5,8,1.92364e6,-1.1063883147071045,-0.8619484131774695,TIME_LIMIT,428949,0,0,8,10
5,8,1.923759e6,-1.1063796243911568,-0.8619484131774695,TIME_LIMIT,428971,0,0,18,17
5,8,1.923958e6,-1.1063796243911568,-0.8619484131774695,TIME_LIMIT,428990,0,0,13,33
5,8,1.924061e6,-1.106375978042756,-0.8619484131774695,TIME_LIMIT,429022,0,0,13,4
5,8,1.924105e6,-1.106375978042756,-0.8619484131774695,TIME_LIMIT,429033,0,0,8,12
5,8,1.924156e6,-1.1063710559984987,-0.8619484131774695,TIME_LIMIT,429050,0,0,7,1
5,8,1.924391e6,-1.1063710559984987,-0.8619484131774695,TIME_LIMIT,429080,0,0,14,15
5,8,1.924633e6,-1.1063698912632787,-0.8619484131774695,TIME_LIMIT,429104,0,0,19,11
5,8,1.924771e6,-1.1063698912632787,-0.8619484131774695,TIME_LIMIT,429137,0,0,8,15
5,8,1.924903e6,-1.1063678643803072,-0.8619484131774695,TIME_LIMIT,429167,0,0,7,7
5,8,1.925001e6,-1.1063678643803072,-0.8619484131774695,TIME_LIMIT,429188,0,0,10,13
5,8,1.925071e6,-1.106367796572535,-0.8619484131774695,TIME_LIMIT,429209,0,0,6,3
5,8,1.925269e6,-1.106367796572535,-0.8619484131774695,TIME_LIMIT,429237,0,0,11,26
5,8,1.925517e6,-1.1063676941147875,-0.8619484131774695,TIME_LIMIT,429270,0,0,12,16
5,8,1.925699e6,-1.1063676941147875,-0.8619484131774695,TIME_LIMIT,429290,0,0,9,13
5,8,1.925849e6,-1.106355865660578,-0.8619484131774695,TIME_LIMIT,429321,0,0,6,8
5,8,1.926019e6,-1.106355865660578,-0.8619484131774695,TIME_LIMIT,429350,0,0,16,9
5,8,1.926242e6,-1.1063516935780044,-0.8619484131774695,TIME_LIMIT,429386,0,0,15,16
5,8,1.926358e6,-1.1063516935780044,-0.8619484131774695,TIME_LIMIT,429406,0,0,11,12
5,8,1.926421e6,-1.1063432668231572,-0.8619484131774695,TIME_LIMIT,429434,0,0,13,2
5,8,1.926511e6,-1.1063432668231572,-0.8619484131774695,TIME_LIMIT,429453,0,0,13,7
5,8,1.926581e6,-1.106332920747917,-0.8619484131774695,TIME_LIMIT,429468,0,0,7,3
5,8,1.926707e6,-1.106332920747917,-0.8619484131774695,TIME_LIMIT,429493,0,0,14,3
5,8,1.926847e6,-1.1063237555449879,-0.8619484131774695,TIME_LIMIT,429513,0,0,6,12
5,8,1.927016e6,-1.1063237555449879,-0.8619484131774695,TIME_LIMIT,429534,0,0,14,11
5,8,1.92706e6,-1.1063107154436636,-0.8619484131774695,TIME_LIMIT,429559,0,0,9,2
5,8,1.927222e6,-1.1063107154436636,-0.8619484131774695,TIME_LIMIT,429585,0,0,9,14
5,8,1.927434e6,-1.1063058690700807,-0.8619484131774695,TIME_LIMIT,429623,0,0,10,13
5,8,1.927514e6,-1.1063058690700807,-0.8619484131774695,TIME_LIMIT,429648,0,0,8,8
5,8,1.927607e6,-1.1063005392359726,-0.8619484131774695,TIME_LIMIT,429663,0,0,11,7
5,8,1.927712e6,-1.1063005392359726,-0.8619484131774695,TIME_LIMIT,429689,0,0,7,14
5,8,1.927758e6,-1.106293690935531,-0.8619484131774695,TIME_LIMIT,429709,0,0,11,4
5,8,1.927986e6,-1.106293690935531,-0.8619484131774695,TIME_LIMIT,429738,0,0,18,29
5,8,1.92815e6,-1.1062928662733937,-0.8619484131774695,TIME_LIMIT,429767,0,0,11,7
5,8,1.928253e6,-1.1062928662733937,-0.8619484131774695,TIME_LIMIT,429791,0,0,14,11
5,8,1.928356e6,-1.1062822304001227,-0.8619484131774695,TIME_LIMIT,429811,0,0,12,4
5,8,1.928484e6,-1.1062822304001227,-0.8619484131774695,TIME_LIMIT,429829,0,0,15,9
5,8,1.928627e6,-1.106281662350761,-0.8619484131774695,TIME_LIMIT,429851,0,0,7,7
5,8,1.928821e6,-1.106281662350761,-0.8619484131774695,TIME_LIMIT,429880,0,0,16,19
5,8,1.928943e6,-1.1062787924093547,-0.8619484131774695,TIME_LIMIT,429913,0,0,11,12
5,8,1.929059e6,-1.1062787924093547,-0.8619484131774695,TIME_LIMIT,429931,0,0,9,6
5,8,1.929105e6,-1.1062787291424185,-0.8619484131774695,TIME_LIMIT,429943,0,0,7,3
5,8,1.929282e6,-1.1062787291424185,-0.8619484131774695,TIME_LIMIT,429971,0,0,14,8
5,8,1.929497e6,-1.106275990791197,-0.8619484131774695,TIME_LIMIT,430001,0,0,10,5
5,8,1.929597e6,-1.106275990791197,-0.8619484131774695,TIME_LIMIT,430026,0,0,10,11
5,8,1.929691e6,-1.1062716543420565,-0.8619484131774695,TIME_LIMIT,430047,0,0,14,13
5,8,1.929741e6,-1.1062716543420565,-0.8619484131774695,TIME_LIMIT,430063,0,0,11,16
5,8,1.929926e6,-1.106265612778528,-0.8619484131774695,TIME_LIMIT,430098,0,0,15,7
5,8,1.930052e6,-1.106265612778528,-0.8619484131774695,TIME_LIMIT,430120,0,0,17,16
5,8,1.930209e6,-1.106260993273776,-0.8619484131774695,TIME_LIMIT,430153,0,0,13,8
5,8,1.930356e6,-1.106260993273776,-0.8619484131774695,TIME_LIMIT,430182,0,0,18,18
5,8,1.930586e6,-1.1062560559621817,-0.8619484131774695,TIME_LIMIT,430207,0,0,16,9
5,8,1.930623e6,-1.1062560559621817,-0.8619484131774695,TIME_LIMIT,430221,0,0,9,4
5,8,1.930703e6,-1.1062485074902224,-0.8619484131774695,TIME_LIMIT,430238,0,0,7,3
5,8,1.930766e6,-1.1062485074902224,-0.8619484131774695,TIME_LIMIT,430263,0,0,17,6
5,8,1.93084e6,-1.1062359161160225,-0.8619484131774695,TIME_LIMIT,430279,0,0,3,4
5,8,1.931044e6,-1.1062359161160225,-0.8619484131774695,TIME_LIMIT,430305,0,0,18,26
5,8,1.93122e6,-1.1062353169317267,-0.8619484131774695,TIME_LIMIT,430337,0,0,13,6
5,8,1.931414e6,-1.1062353169317267,-0.8619484131774695,TIME_LIMIT,430358,0,0,16,13
5,8,1.931599e6,-1.1062277550639645,-0.8619484131774695,TIME_LIMIT,430386,0,0,17,5
5,8,1.931814e6,-1.1062277550639645,-0.8619484131774695,TIME_LIMIT,430414,0,0,14,14
5,8,1.93199e6,-1.106227243710744,-0.8619484131774695,TIME_LIMIT,430437,0,0,7,3
5,8,1.932057e6,-1.106227243710744,-0.8619484131774695,TIME_LIMIT,430464,0,0,14,10
5,8,1.932138e6,-1.1062245539689353,-0.8619484131774695,TIME_LIMIT,430490,0,0,4,4
5,8,1.932278e6,-1.1062245539689353,-0.8619484131774695,TIME_LIMIT,430513,0,0,8,20
5,8,1.932505e6,-1.106224452594835,-0.8619484131774695,TIME_LIMIT,430550,0,0,17,11
5,8,1.932689e6,-1.106224452594835,-0.8619484131774695,TIME_LIMIT,430577,0,0,17,28
5,8,1.932905e6,-1.1062227302155585,-0.8619484131774695,TIME_LIMIT,430612,0,0,15,9
5,8,1.933038e6,-1.1062227302155585,-0.8619484131774695,TIME_LIMIT,430636,0,0,13,5
5,8,1.933135e6,-1.106206474555639,-0.8619484131774695,TIME_LIMIT,430654,0,0,11,4
5,8,1.933291e6,-1.106206474555639,-0.8619484131774695,TIME_LIMIT,430684,0,0,17,15
5,8,1.933468e6,-1.1062031749238126,-0.8619484131774695,TIME_LIMIT,430707,0,0,15,6
5,8,1.933674e6,-1.1062031749238126,-0.8619484131774695,TIME_LIMIT,430737,0,0,16,21
5,8,1.933808e6,-1.1061969904250109,-0.8619484131774695,TIME_LIMIT,430772,0,0,11,9
5,8,1.933923e6,-1.1061969904250109,-0.8619484131774695,TIME_LIMIT,430799,0,0,15,7
5,8,1.934021e6,-1.1061962399215282,-0.8619484131774695,TIME_LIMIT,430817,0,0,5,5
5,8,1.934213e6,-1.1061962399215282,-0.8619484131774695,TIME_LIMIT,430852,0,0,15,10
5,8,1.934396e6,-1.1061929601487526,-0.8619484131774695,TIME_LIMIT,430877,0,0,16,9
5,8,1.934483e6,-1.1061929601487526,-0.8619484131774695,TIME_LIMIT,430894,0,0,14,12
5,8,1.934616e6,-1.1061879844004836,-0.8619484131774695,TIME_LIMIT,430929,0,0,14,11
5,8,1.934773e6,-1.1061879844004836,-0.8619484131774695,TIME_LIMIT,430955,0,0,18,7
5,8,1.935026e6,-1.1061749584916343,-0.8619484131774695,TIME_LIMIT,430993,0,0,8,10
5,8,1.935094e6,-1.1061749584916343,-0.8619484131774695,TIME_LIMIT,431017,0,0,11,5
5,8,1.935194e6,-1.106165892699408,-0.8619484131774695,TIME_LIMIT,431036,0,0,5,1
5,8,1.935408e6,-1.106165892699408,-0.8619484131774695,TIME_LIMIT,431064,0,0,18,18
5,8,1.935618e6,-1.1061631184002723,-0.8619484131774695,TIME_LIMIT,431095,0,0,14,19
5,8,1.935748e6,-1.1061631184002723,-0.8619484131774695,TIME_LIMIT,431117,0,0,12,7
5,8,1.935925e6,-1.106158834603051,-0.8619484131774695,TIME_LIMIT,431148,0,0,4,6
5,8,1.936054e6,-1.106158834603051,-0.8619484131774695,TIME_LIMIT,431170,0,0,11,10
5,8,1.936171e6,-1.106153807855866,-0.8619484131774695,TIME_LIMIT,431193,0,0,12,7
5,8,1.936425e6,-1.106153807855866,-0.8619484131774695,TIME_LIMIT,431218,0,0,19,12
5,8,1.936518e6,-1.106146071047672,-0.8619484131774695,TIME_LIMIT,431248,0,0,10,4
5,8,1.936644e6,-1.106146071047672,-0.8619484131774695,TIME_LIMIT,431273,0,0,14,13
5,8,1.936756e6,-1.1061330700425338,-0.8619484131774695,TIME_LIMIT,431299,0,0,19,8
5,8,1.936904e6,-1.1061330700425338,-0.8619484131774695,TIME_LIMIT,431325,0,0,15,7
5,8,1.936956e6,-1.1061241826222252,-0.8619484131774695,TIME_LIMIT,431345,0,0,12,5
5,8,1.937074e6,-1.1061241826222252,-0.8619484131774695,TIME_LIMIT,431376,0,0,13,9
5,8,1.937231e6,-1.1061227293282296,-0.8619484131774695,TIME_LIMIT,431406,0,0,10,5
5,8,1.937279e6,-1.1061227293282296,-0.8619484131774695,TIME_LIMIT,431421,0,0,10,8
5,8,1.937326e6,-1.106122284250224,-0.8619484131774695,TIME_LIMIT,431439,0,0,5,4
5,8,1.93751e6,-1.106122284250224,-0.8619484131774695,TIME_LIMIT,431468,0,0,14,19
5,8,1.937738e6,-1.1061214579744922,-0.8619484131774695,TIME_LIMIT,431510,0,0,11,10
5,8,1.937819e6,-1.1061214579744922,-0.8619484131774695,TIME_LIMIT,431531,0,0,10,11
5,8,1.937854e6,-1.1061162129693063,-0.8619484131774695,TIME_LIMIT,431544,0,0,8,3
5,8,1.938031e6,-1.1061162129693063,-0.8619484131774695,TIME_LIMIT,431570,0,0,14,12
5,8,1.938088e6,-1.1061007788477695,-0.8619484131774695,TIME_LIMIT,431594,0,0,8,4
5,8,1.93822e6,-1.1061007788477695,-0.8619484131774695,TIME_LIMIT,431622,0,0,10,9
5,8,1.938274e6,-1.1060994322088151,-0.8619484131774695,TIME_LIMIT,431636,0,0,11,12
5,8,1.938455e6,-1.1060994322088151,-0.8619484131774695,TIME_LIMIT,431658,0,0,7,7
5,8,1.938585e6,-1.1060971460900142,-0.8619484131774695,TIME_LIMIT,431682,0,0,10,3
5,8,1.938688e6,-1.1060971460900142,-0.8619484131774695,TIME_LIMIT,431702,0,0,12,5
5,8,1.938723e6,-1.1060859189405448,-0.8619484131774695,TIME_LIMIT,431720,0,0,8,1
5,8,1.938921e6,-1.1060859189405448,-0.8619484131774695,TIME_LIMIT,431746,0,0,9,15
5,8,1.939115e6,-1.1060849245149236,-0.8619484131774695,TIME_LIMIT,431771,0,0,4,9
5,8,1.939241e6,-1.1060849245149236,-0.8619484131774695,TIME_LIMIT,431791,0,0,3,9
5,8,1.93936e6,-1.106079570078124,-0.8619484131774695,TIME_LIMIT,431822,0,0,9,6
5,8,1.939489e6,-1.106079570078124,-0.8619484131774695,TIME_LIMIT,431846,0,0,9,12
5,8,1.939609e6,-1.106058287516148,-0.8619484131774695,TIME_LIMIT,431873,0,0,12,3
5,8,1.939879e6,-1.106058287516148,-0.8619484131774695,TIME_LIMIT,431906,0,0,12,28
5,8,1.939953e6,-1.106051070239337,-0.8619484131774695,TIME_LIMIT,431929,0,0,9,5
5,8,1.94001e6,-1.106051070239337,-0.8619484131774695,TIME_LIMIT,431946,0,0,12,23
5,8,1.94013e6,-1.1060455048829558,-0.8619484131774695,TIME_LIMIT,431972,0,0,10,9
5,8,1.94021e6,-1.1060455048829558,-0.8619484131774695,TIME_LIMIT,431994,0,0,12,8
5,8,1.940263e6,-1.106036323854023,-0.8619484131774695,TIME_LIMIT,432013,0,0,8,5
5,8,1.940342e6,-1.106036323854023,-0.8619484131774695,TIME_LIMIT,432033,0,0,10,11
5,8,1.940437e6,-1.106028809338551,-0.8619484131774695,TIME_LIMIT,432053,0,0,9,1
5,8,1.940522e6,-1.106028809338551,-0.8619484131774695,TIME_LIMIT,432074,0,0,10,7
5,8,1.940616e6,-1.1060239930015392,-0.8619484131774695,TIME_LIMIT,432092,0,0,11,7
5,8,1.940832e6,-1.1060239930015392,-0.8619484131774695,TIME_LIMIT,432121,0,0,21,39
5,8,1.941016e6,-1.1060163226892579,-0.8619484131774695,TIME_LIMIT,432160,0,0,19,11
5,8,1.941229e6,-1.1060163226892579,-0.8619484131774695,TIME_LIMIT,432189,0,0,14,14
5,8,1.941405e6,-1.1060147537743452,-0.8619484131774695,TIME_LIMIT,432214,0,0,13,15
5,8,1.94166e6,-1.1060147537743452,-0.8619484131774695,TIME_LIMIT,432241,0,0,18,13
5,8,1.941857e6,-1.106011591237019,-0.8619484131774695,TIME_LIMIT,432268,0,0,6,7
5,8,1.942064e6,-1.106011591237019,-0.8619484131774695,TIME_LIMIT,432296,0,0,13,24
5,8,1.94225e6,-1.1060096409625815,-0.8619484131774695,TIME_LIMIT,432334,0,0,18,9
5,8,1.942348e6,-1.1060096409625815,-0.8619484131774695,TIME_LIMIT,432357,0,0,11,14
5,8,1.942469e6,-1.1060050081903992,-0.8619484131774695,TIME_LIMIT,432378,0,0,8,6
5,8,1.942628e6,-1.1060050081903992,-0.8619484131774695,TIME_LIMIT,432404,0,0,17,18
5,8,1.9428e6,-1.1059909934243901,-0.8619484131774695,TIME_LIMIT,432437,0,0,15,14
5,8,1.942862e6,-1.1059909934243901,-0.8619484131774695,TIME_LIMIT,432457,0,0,14,7
5,8,1.942928e6,-1.1059884641742315,-0.8619484131774695,TIME_LIMIT,432473,0,0,8,3
5,8,1.943044e6,-1.1059884641742315,-0.8619484131774695,TIME_LIMIT,432500,0,0,18,17
5,8,1.943178e6,-1.1059797872525068,-0.8619484131774695,TIME_LIMIT,432525,0,0,13,11
5,8,1.943394e6,-1.1059797872525068,-0.8619484131774695,TIME_LIMIT,432550,0,0,21,9
5,8,1.943481e6,-1.1059730188393901,-0.8619484131774695,TIME_LIMIT,432574,0,0,14,4
5,8,1.943628e6,-1.1059730188393901,-0.8619484131774695,TIME_LIMIT,432594,0,0,13,14
5,8,1.943697e6,-1.1059713754350105,-0.8619484131774695,TIME_LIMIT,432618,0,0,12,6
5,8,1.943905e6,-1.1059713754350105,-0.8619484131774695,TIME_LIMIT,432637,0,0,20,24
5,8,1.944001e6,-1.1059693267539064,-0.8619484131774695,TIME_LIMIT,432674,0,0,10,9
5,8,1.94415e6,-1.1059693267539064,-0.8619484131774695,TIME_LIMIT,432700,0,0,14,13
5,8,1.944253e6,-1.1059688053037193,-0.8619484131774695,TIME_LIMIT,432725,0,0,19,7
5,8,1.944359e6,-1.1059688053037193,-0.8619484131774695,TIME_LIMIT,432749,0,0,12,14
5,8,1.944584e6,-1.1059592005519798,-0.8619484131774695,TIME_LIMIT,432781,0,0,20,13
5,8,1.944748e6,-1.1059592005519798,-0.8619484131774695,TIME_LIMIT,432801,0,0,14,8
5,8,1.944834e6,-1.1059589993357504,-0.8619484131774695,TIME_LIMIT,432829,0,0,6,8
5,8,1.945098e6,-1.1059589993357504,-0.8619484131774695,TIME_LIMIT,432855,0,0,13,16
5,8,1.945294e6,-1.1059564250416358,-0.8619484131774695,TIME_LIMIT,432882,0,0,8,4
5,8,1.945412e6,-1.1059564250416358,-0.8619484131774695,TIME_LIMIT,432899,0,0,10,20
5,8,1.94564e6,-1.1059530745864827,-0.8619484131774695,TIME_LIMIT,432925,0,0,8,5
5,8,1.945757e6,-1.1059530745864827,-0.8619484131774695,TIME_LIMIT,432947,0,0,4,10
5,8,1.945916e6,-1.10595055421483,-0.8619484131774695,TIME_LIMIT,432973,0,0,7,5
5,8,1.946019e6,-1.10595055421483,-0.8619484131774695,TIME_LIMIT,432994,0,0,10,9
5,8,1.946144e6,-1.1059348061670984,-0.8619484131774695,TIME_LIMIT,433022,0,0,8,4
5,8,1.946333e6,-1.1059348061670984,-0.8619484131774695,TIME_LIMIT,433053,0,0,10,13
5,8,1.946441e6,-1.1059321461980074,-0.8619484131774695,TIME_LIMIT,433077,0,0,16,13
5,8,1.946643e6,-1.1059321461980074,-0.8619484131774695,TIME_LIMIT,433105,0,0,17,11
5,8,1.946859e6,-1.1059221047438743,-0.8619484131774695,TIME_LIMIT,433133,0,0,18,16
5,8,1.946956e6,-1.1059221047438743,-0.8619484131774695,TIME_LIMIT,433155,0,0,10,11
5,8,1.947044e6,-1.1059177471656279,-0.8619484131774695,TIME_LIMIT,433186,0,0,10,5
5,8,1.9471e6,-1.1059177471656279,-0.8619484131774695,TIME_LIMIT,433198,0,0,15,10
5,8,1.947267e6,-1.1059119142865776,-0.8619484131774695,TIME_LIMIT,433233,0,0,16,7
5,8,1.947467e6,-1.1059119142865776,-0.8619484131774695,TIME_LIMIT,433262,0,0,17,35
5,8,1.947682e6,-1.1059061147778886,-0.8619484131774695,TIME_LIMIT,433285,0,0,15,15
5,8,1.947799e6,-1.1059061147778886,-0.8619484131774695,TIME_LIMIT,433299,0,0,10,10
5,8,1.947834e6,-1.1059044716977318,-0.8619484131774695,TIME_LIMIT,433319,0,0,9,5
5,8,1.94788e6,-1.1059044716977318,-0.8619484131774695,TIME_LIMIT,433336,0,0,13,7
5,8,1.947984e6,-1.1058899873372294,-0.8619484131774695,TIME_LIMIT,433361,0,0,12,6
5,8,1.948082e6,-1.1058899873372294,-0.8619484131774695,TIME_LIMIT,433382,0,0,10,14
5,8,1.948227e6,-1.1058884792268755,-0.8619484131774695,TIME_LIMIT,433413,0,0,5,5
5,8,1.948328e6,-1.1058884792268755,-0.8619484131774695,TIME_LIMIT,433440,0,0,9,18
5,8,1.948427e6,-1.1058878868186202,-0.8619484131774695,TIME_LIMIT,433467,0,0,6,6
5,8,1.948496e6,-1.1058878868186202,-0.8619484131774695,TIME_LIMIT,433494,0,0,13,15
5,8,1.948623e6,-1.1058796799518174,-0.8619484131774695,TIME_LIMIT,433527,0,0,9,2
5,8,1.948839e6,-1.1058796799518174,-0.8619484131774695,TIME_LIMIT,433557,0,0,17,31
5,8,1.949074e6,-1.1058763176463042,-0.8619484131774695,TIME_LIMIT,433581,0,0,15,13
5,8,1.949275e6,-1.1058763176463042,-0.8619484131774695,TIME_LIMIT,433611,0,0,14,8
5,8,1.949508e6,-1.1058758757882985,-0.8619484131774695,TIME_LIMIT,433645,0,0,4,6
5,8,1.949737e6,-1.1058758757882985,-0.8619484131774695,TIME_LIMIT,433666,0,0,13,10
5,8,1.95e6,-1.1058742514841224,-0.8619484131774695,TIME_LIMIT,433695,0,0,9,5
5,8,1.950126e6,-1.1058742514841224,-0.8619484131774695,TIME_LIMIT,433722,0,0,10,13
5,8,1.950335e6,-1.1058737080185073,-0.8619484131774695,TIME_LIMIT,433748,0,0,5,4
5,8,1.950478e6,-1.1058737080185073,-0.8619484131774695,TIME_LIMIT,433772,0,0,12,12
5,8,1.950646e6,-1.1058604178670808,-0.8619484131774695,TIME_LIMIT,433799,0,0,4,7
5,8,1.950741e6,-1.1058604178670808,-0.8619484131774695,TIME_LIMIT,433819,0,0,6,7
5,8,1.950845e6,-1.1058558459344296,-0.8619484131774695,TIME_LIMIT,433849,0,0,11,8
5,8,1.950971e6,-1.1058558459344296,-0.8619484131774695,TIME_LIMIT,433877,0,0,19,18
5,8,1.95102e6,-1.1058556786938105,-0.8619484131774695,TIME_LIMIT,433904,0,0,9,6
5,8,1.951159e6,-1.1058556786938105,-0.8619484131774695,TIME_LIMIT,433931,0,0,17,11
5,8,1.951278e6,-1.1058553068338914,-0.8619484131774695,TIME_LIMIT,433955,0,0,9,4
5,8,1.951493e6,-1.1058553068338914,-0.8619484131774695,TIME_LIMIT,433982,0,0,9,5
5,8,1.951593e6,-1.105854946627264,-0.8619484131774695,TIME_LIMIT,434002,0,0,11,7
5,8,1.951757e6,-1.105854946627264,-0.8619484131774695,TIME_LIMIT,434025,0,0,12,6
5,8,1.951799e6,-1.1058526946335498,-0.8619484131774695,TIME_LIMIT,434034,0,0,8,6
5,8,1.951895e6,-1.1058526946335498,-0.8619484131774695,TIME_LIMIT,434047,0,0,3,1
5,8,1.951948e6,-1.1058495905227244,-0.8619484131774695,TIME_LIMIT,434072,0,0,7,5
5,8,1.952058e6,-1.1058495905227244,-0.8619484131774695,TIME_LIMIT,434099,0,0,16,6
5,8,1.952158e6,-1.1058362103122916,-0.8619484131774695,TIME_LIMIT,434122,0,0,6,13
5,8,1.952234e6,-1.1058362103122916,-0.8619484131774695,TIME_LIMIT,434142,0,0,8,7
5,8,1.952349e6,-1.1058351453338469,-0.8619484131774695,TIME_LIMIT,434158,0,0,7,4
5,8,1.952564e6,-1.1058351453338469,-0.8619484131774695,TIME_LIMIT,434177,0,0,20,31
5,8,1.952784e6,-1.1058329445470818,-0.8619484131774695,TIME_LIMIT,434214,0,0,21,10
5,8,1.953034e6,-1.1058329445470818,-0.8619484131774695,TIME_LIMIT,434237,0,0,20,15
5,8,1.953197e6,-1.1058257573141548,-0.8619484131774695,TIME_LIMIT,434271,0,0,9,8
5,8,1.953405e6,-1.1058257573141548,-0.8619484131774695,TIME_LIMIT,434299,0,0,7,10
5,8,1.953588e6,-1.1058129656793483,-0.8619484131774695,TIME_LIMIT,434324,0,0,6,12
5,8,1.953719e6,-1.1058129656793483,-0.8619484131774695,TIME_LIMIT,434347,0,0,8,12
5,8,1.95385e6,-1.1058085070436934,-0.8619484131774695,TIME_LIMIT,434381,0,0,13,11
5,8,1.95401e6,-1.1058085070436934,-0.8619484131774695,TIME_LIMIT,434410,0,0,13,15
5,8,1.954137e6,-1.1057983506729467,-0.8619484131774695,TIME_LIMIT,434437,0,0,16,11
5,8,1.954239e6,-1.1057983506729467,-0.8619484131774695,TIME_LIMIT,434452,0,0,5,5
5,8,1.954326e6,-1.105797317968901,-0.8619484131774695,TIME_LIMIT,434469,0,0,5,4
5,8,1.954402e6,-1.105797317968901,-0.8619484131774695,TIME_LIMIT,434490,0,0,8,8
5,8,1.954463e6,-1.105794893224784,-0.8619484131774695,TIME_LIMIT,434513,0,0,5,4
5,8,1.95459e6,-1.105794893224784,-0.8619484131774695,TIME_LIMIT,434540,0,0,19,20
5,8,1.954798e6,-1.1057948036907341,-0.8619484131774695,TIME_LIMIT,434578,0,0,10,12
5,8,1.954995e6,-1.1057948036907341,-0.8619484131774695,TIME_LIMIT,434607,0,0,15,9
5,8,1.955141e6,-1.1057904113443442,-0.8619484131774695,TIME_LIMIT,434632,0,0,10,10
5,8,1.955368e6,-1.1057904113443442,-0.8619484131774695,TIME_LIMIT,434660,0,0,17,21
5,8,1.955513e6,-1.1057902076279,-0.8619484131774695,TIME_LIMIT,434690,0,0,16,7
5,8,1.955679e6,-1.1057902076279,-0.8619484131774695,TIME_LIMIT,434723,0,0,25,10
5,8,1.955854e6,-1.1057887809714226,-0.8619484131774695,TIME_LIMIT,434751,0,0,14,4
5,8,1.955954e6,-1.1057887809714226,-0.8619484131774695,TIME_LIMIT,434770,0,0,11,12
5,8,1.956001e6,-1.1057817247437973,-0.8619484131774695,TIME_LIMIT,434797,0,0,14,3
5,8,1.956093e6,-1.1057817247437973,-0.8619484131774695,TIME_LIMIT,434821,0,0,5,4
5,8,1.956165e6,-1.1057778724079006,-0.8619484131774695,TIME_LIMIT,434834,0,0,8,0
5,8,1.956378e6,-1.1057778724079006,-0.8619484131774695,TIME_LIMIT,434861,0,0,7,15
5,8,1.95648e6,-1.105767970944195,-0.8619484131774695,TIME_LIMIT,434885,0,0,10,6
5,8,1.956693e6,-1.105767970944195,-0.8619484131774695,TIME_LIMIT,434909,0,0,14,13
5,8,1.956919e6,-1.1057504899918669,-0.8619484131774695,TIME_LIMIT,434948,0,0,17,4
5,8,1.957169e6,-1.1057504899918669,-0.8619484131774695,TIME_LIMIT,434975,0,0,18,15
5,8,1.957372e6,-1.105748085473575,-0.8619484131774695,TIME_LIMIT,435012,0,0,12,10
5,8,1.957528e6,-1.105748085473575,-0.8619484131774695,TIME_LIMIT,435036,0,0,7,18
5,8,1.957768e6,-1.105745377289382,-0.8619484131774695,TIME_LIMIT,435071,0,0,10,6
5,8,1.957939e6,-1.105745377289382,-0.8619484131774695,TIME_LIMIT,435097,0,0,17,32
5,8,1.958065e6,-1.1057350569158462,-0.8619484131774695,TIME_LIMIT,435138,0,0,13,4
5,8,1.958135e6,-1.1057350569158462,-0.8619484131774695,TIME_LIMIT,435156,0,0,12,3
5,8,1.958214e6,-1.10573202745489,-0.8619484131774695,TIME_LIMIT,435177,0,0,7,3
5,8,1.958357e6,-1.10573202745489,-0.8619484131774695,TIME_LIMIT,435198,0,0,9,23
5,8,1.958478e6,-1.105726547517645,-0.8619484131774695,TIME_LIMIT,435229,0,0,12,11
5,8,1.958672e6,-1.105726547517645,-0.8619484131774695,TIME_LIMIT,435255,0,0,9,14
5,8,1.958794e6,-1.1057259527740455,-0.8619484131774695,TIME_LIMIT,435280,0,0,9,12
5,8,1.958894e6,-1.1057259527740455,-0.8619484131774695,TIME_LIMIT,435301,0,0,14,5
5,8,1.95895e6,-1.105723183767954,-0.8619484131774695,TIME_LIMIT,435325,0,0,6,6
5,8,1.959163e6,-1.105723183767954,-0.8619484131774695,TIME_LIMIT,435353,0,0,18,12
5,8,1.959333e6,-1.1057215002008336,-0.8619484131774695,TIME_LIMIT,435377,0,0,8,8
5,8,1.959418e6,-1.1057215002008336,-0.8619484131774695,TIME_LIMIT,435403,0,0,10,7
5,8,1.959473e6,-1.1057210266419668,-0.8619484131774695,TIME_LIMIT,435426,0,0,13,3
5,8,1.959613e6,-1.1057210266419668,-0.8619484131774695,TIME_LIMIT,435450,0,0,16,13
5,8,1.959709e6,-1.1057176600139806,-0.8619484131774695,TIME_LIMIT,435469,0,0,7,4
5,8,1.959968e6,-1.1057176600139806,-0.8619484131774695,TIME_LIMIT,435491,0,0,17,14
5,8,1.96018e6,-1.1057118390880174,-0.8619484131774695,TIME_LIMIT,435522,0,0,10,6
5,8,1.960292e6,-1.1057118390880174,-0.8619484131774695,TIME_LIMIT,435543,0,0,12,16
5,8,1.960411e6,-1.1057103324349074,-0.8619484131774695,TIME_LIMIT,435577,0,0,10,8
5,8,1.960466e6,-1.1057103324349074,-0.8619484131774695,TIME_LIMIT,435600,0,0,9,4
5,8,1.960543e6,-1.1057084549486818,-0.8619484131774695,TIME_LIMIT,435614,0,0,7,4
5,8,1.960677e6,-1.1057084549486818,-0.8619484131774695,TIME_LIMIT,435642,0,0,18,14
5,8,1.960731e6,-1.105705592446823,-0.8619484131774695,TIME_LIMIT,435661,0,0,10,7
5,8,1.960883e6,-1.105705592446823,-0.8619484131774695,TIME_LIMIT,435692,0,0,27,16
5,8,1.961082e6,-1.105698682897848,-0.8619484131774695,TIME_LIMIT,435721,0,0,15,14
5,8,1.961233e6,-1.105698682897848,-0.8619484131774695,TIME_LIMIT,435743,0,0,15,8
5,8,1.96134e6,-1.105682209719942,-0.8619484131774695,TIME_LIMIT,435766,0,0,5,9
5,8,1.961426e6,-1.105682209719942,-0.8619484131774695,TIME_LIMIT,435789,0,0,9,9
5,8,1.961485e6,-1.105681430422488,-0.8619484131774695,TIME_LIMIT,435810,0,0,13,9
5,8,1.961632e6,-1.105681430422488,-0.8619484131774695,TIME_LIMIT,435835,0,0,15,11
5,8,1.961716e6,-1.1056800684136268,-0.8619484131774695,TIME_LIMIT,435862,0,0,10,11
5,8,1.96187e6,-1.1056800684136268,-0.8619484131774695,TIME_LIMIT,435883,0,0,12,4
5,8,1.96193e6,-1.1056788234756536,-0.8619484131774695,TIME_LIMIT,435908,0,0,6,3
5,8,1.962148e6,-1.1056788234756536,-0.8619484131774695,TIME_LIMIT,435935,0,0,11,10
5,8,1.962384e6,-1.1056725359050334,-0.8619484131774695,TIME_LIMIT,435966,0,0,7,6
5,8,1.962517e6,-1.1056725359050334,-0.8619484131774695,TIME_LIMIT,435986,0,0,13,4
5,8,1.962657e6,-1.105672495529177,-0.8619484131774695,TIME_LIMIT,436008,0,0,7,5
5,8,1.962786e6,-1.105672495529177,-0.8619484131774695,TIME_LIMIT,436035,0,0,14,6
5,8,1.962924e6,-1.1056701551790085,-0.8619484131774695,TIME_LIMIT,436069,0,0,11,9
5,8,1.963067e6,-1.1056701551790085,-0.8619484131774695,TIME_LIMIT,436095,0,0,17,16
5,8,1.963174e6,-1.1056684657000209,-0.8619484131774695,TIME_LIMIT,436123,0,0,8,9
5,8,1.963262e6,-1.1056684657000209,-0.8619484131774695,TIME_LIMIT,436141,0,0,15,8
5,8,1.963418e6,-1.1056647134321484,-0.8619484131774695,TIME_LIMIT,436166,0,0,9,4
5,8,1.963603e6,-1.1056647134321484,-0.8619484131774695,TIME_LIMIT,436196,0,0,13,6
5,8,1.963705e6,-1.1056628602307232,-0.8619484131774695,TIME_LIMIT,436221,0,0,16,4
5,8,1.963915e6,-1.1056628602307232,-0.8619484131774695,TIME_LIMIT,436254,0,0,9,14
5,8,1.964085e6,-1.1056605147347494,-0.8619484131774695,TIME_LIMIT,436287,0,0,18,10
5,8,1.964274e6,-1.1056605147347494,-0.8619484131774695,TIME_LIMIT,436313,0,0,18,22
5,8,1.964452e6,-1.1056599386307244,-0.8619484131774695,TIME_LIMIT,436348,0,0,13,9
5,8,1.964528e6,-1.1056599386307244,-0.8619484131774695,TIME_LIMIT,436363,0,0,12,14
5,8,1.964652e6,-1.1056577419894684,-0.8619484131774695,TIME_LIMIT,436389,0,0,8,7
5,8,1.964858e6,-1.1056577419894684,-0.8619484131774695,TIME_LIMIT,436425,0,0,19,34
5,8,1.964984e6,-1.1056554892284036,-0.8619484131774695,TIME_LIMIT,436455,0,0,12,13
5,8,1.965139e6,-1.1056554892284036,-0.8619484131774695,TIME_LIMIT,436480,0,0,13,12
5,8,1.965272e6,-1.1056529762324123,-0.8619484131774695,TIME_LIMIT,436498,0,0,6,8
5,8,1.965446e6,-1.1056529762324123,-0.8619484131774695,TIME_LIMIT,436529,0,0,13,14
5,8,1.96551e6,-1.1056521431653943,-0.8619484131774695,TIME_LIMIT,436546,0,0,8,15
5,8,1.965599e6,-1.1056521431653943,-0.8619484131774695,TIME_LIMIT,436566,0,0,10,5
5,8,1.965672e6,-1.1056505465413353,-0.8619484131774695,TIME_LIMIT,436588,0,0,9,4
5,8,1.965887e6,-1.1056505465413353,-0.8619484131774695,TIME_LIMIT,436618,0,0,22,27
5,8,1.966121e6,-1.105649470281782,-0.8619484131774695,TIME_LIMIT,436652,0,0,8,12
5,8,1.966256e6,-1.105649470281782,-0.8619484131774695,TIME_LIMIT,436678,0,0,14,7
5,8,1.96633e6,-1.105647935543507,-0.8619484131774695,TIME_LIMIT,436705,0,0,3,6
5,8,1.966526e6,-1.105647935543507,-0.8619484131774695,TIME_LIMIT,436734,0,0,20,19
5,8,1.966621e6,-1.1056478533085097,-0.8619484131774695,TIME_LIMIT,436773,0,0,9,7
5,8,1.966794e6,-1.1056478533085097,-0.8619484131774695,TIME_LIMIT,436795,0,0,10,16
5,8,1.966874e6,-1.1056444197582307,-0.8619484131774695,TIME_LIMIT,436825,0,0,12,4
5,8,1.96706e6,-1.1056444197582307,-0.8619484131774695,TIME_LIMIT,436857,0,0,16,15
5,8,1.96716e6,-1.1056344000835936,-0.8619484131774695,TIME_LIMIT,436871,0,0,11,10
5,8,1.967382e6,-1.1056344000835936,-0.8619484131774695,TIME_LIMIT,436899,0,0,10,23
5,8,1.967604e6,-1.105630919240142,-0.8619484131774695,TIME_LIMIT,436926,0,0,20,10
5,8,1.967813e6,-1.105630919240142,-0.8619484131774695,TIME_LIMIT,436960,0,0,12,18
5,8,1.968008e6,-1.105629247767094,-0.8619484131774695,TIME_LIMIT,436986,0,0,11,22
5,8,1.968124e6,-1.105629247767094,-0.8619484131774695,TIME_LIMIT,437010,0,0,18,10
5,8,1.968286e6,-1.1056185598706012,-0.8619484131774695,TIME_LIMIT,437043,0,0,5,8
5,8,1.968332e6,-1.1056185598706012,-0.8619484131774695,TIME_LIMIT,437063,0,0,13,6
5,8,1.9684e6,-1.1056177529826332,-0.8619484131774695,TIME_LIMIT,437075,0,0,4,3
5,8,1.968516e6,-1.1056177529826332,-0.8619484131774695,TIME_LIMIT,437098,0,0,18,17
5,8,1.968656e6,-1.10560629463316,-0.8619484131774695,TIME_LIMIT,437129,0,0,3,11
5,8,1.968793e6,-1.10560629463316,-0.8619484131774695,TIME_LIMIT,437153,0,0,12,9
5,8,1.968879e6,-1.1056060059480042,-0.8619484131774695,TIME_LIMIT,437178,0,0,6,7
5,8,1.969031e6,-1.1056060059480042,-0.8619484131774695,TIME_LIMIT,437200,0,0,12,21
5,8,1.969179e6,-1.105598500175722,-0.8619484131774695,TIME_LIMIT,437226,0,0,10,10
5,8,1.969392e6,-1.105598500175722,-0.8619484131774695,TIME_LIMIT,437258,0,0,15,14
5,8,1.9695e6,-1.1055983586859814,-0.8619484131774695,TIME_LIMIT,437282,0,0,20,9
5,8,1.96961e6,-1.1055983586859814,-0.8619484131774695,TIME_LIMIT,437305,0,0,14,8
5,8,1.969656e6,-1.1055916158116554,-0.8619484131774695,TIME_LIMIT,437322,0,0,6,5
5,8,1.96974e6,-1.1055916158116554,-0.8619484131774695,TIME_LIMIT,437344,0,0,5,4
5,8,1.969897e6,-1.1055897034764643,-0.8619484131774695,TIME_LIMIT,437377,0,0,17,10
5,8,1.970149e6,-1.1055897034764643,-0.8619484131774695,TIME_LIMIT,437409,0,0,16,19
5,8,1.97039e6,-1.105588170471858,-0.8619484131774695,TIME_LIMIT,437444,0,0,12,8
5,8,1.970529e6,-1.105588170471858,-0.8619484131774695,TIME_LIMIT,437469,0,0,20,12
5,8,1.970653e6,-1.1055781030243468,-0.8619484131774695,TIME_LIMIT,437491,0,0,12,11
5,8,1.970859e6,-1.1055781030243468,-0.8619484131774695,TIME_LIMIT,437508,0,0,21,12
5,8,1.971003e6,-1.1055777760954175,-0.8619484131774695,TIME_LIMIT,437538,0,0,8,6
5,8,1.971124e6,-1.1055777760954175,-0.8619484131774695,TIME_LIMIT,437568,0,0,14,13
5,8,1.971191e6,-1.1055751905439815,-0.8619484131774695,TIME_LIMIT,437590,0,0,8,1
5,8,1.971352e6,-1.1055751905439815,-0.8619484131774695,TIME_LIMIT,437617,0,0,12,12
5,8,1.971431e6,-1.1055526846782642,-0.8619484131774695,TIME_LIMIT,437643,0,0,11,1
5,8,1.971635e6,-1.1055526846782642,-0.8619484131774695,TIME_LIMIT,437668,0,0,8,12
5,8,1.971738e6,-1.1055493720979963,-0.8619484131774695,TIME_LIMIT,437698,0,0,10,7
5,8,1.971904e6,-1.1055493720979963,-0.8619484131774695,TIME_LIMIT,437723,0,0,14,13
5,8,1.972061e6,-1.1055422667664958,-0.8619484131774695,TIME_LIMIT,437758,0,0,10,9
5,8,1.972146e6,-1.1055422667664958,-0.8619484131774695,TIME_LIMIT,437781,0,0,13,8
5,8,1.972267e6,-1.105540606134595,-0.8619484131774695,TIME_LIMIT,437810,0,0,6,6
5,8,1.972379e6,-1.105540606134595,-0.8619484131774695,TIME_LIMIT,437833,0,0,12,9
5,8,1.972484e6,-1.1055380686727743,-0.8619484131774695,TIME_LIMIT,437864,0,0,8,4
5,8,1.972697e6,-1.1055380686727743,-0.8619484131774695,TIME_LIMIT,437884,0,0,16,20
5,8,1.972863e6,-1.1055323340675294,-0.8619484131774695,TIME_LIMIT,437914,0,0,11,4
5,8,1.972976e6,-1.1055323340675294,-0.8619484131774695,TIME_LIMIT,437939,0,0,14,12
5,8,1.973028e6,-1.1055313201502317,-0.8619484131774695,TIME_LIMIT,437957,0,0,7,4
5,8,1.973138e6,-1.1055313201502317,-0.8619484131774695,TIME_LIMIT,437982,0,0,11,8
5,8,1.973245e6,-1.105530708746324,-0.8619484131774695,TIME_LIMIT,438005,0,0,9,9
5,8,1.973279e6,-1.105530708746324,-0.8619484131774695,TIME_LIMIT,438020,0,0,9,19
5,8,1.973379e6,-1.1055209918821327,-0.8619484131774695,TIME_LIMIT,438048,0,0,14,6
5,8,1.973588e6,-1.1055209918821327,-0.8619484131774695,TIME_LIMIT,438067,0,0,14,21
5,8,1.973818e6,-1.1055013230100024,-0.8619484131774695,TIME_LIMIT,438108,0,0,21,13
5,8,1.973872e6,-1.1055013230100024,-0.8619484131774695,TIME_LIMIT,438126,0,0,14,8
5,8,1.973936e6,-1.1054919023965142,-0.8619484131774695,TIME_LIMIT,438148,0,0,10,3
5,8,1.974008e6,-1.1054919023965142,-0.8619484131774695,TIME_LIMIT,438172,0,0,10,17
5,8,1.974118e6,-1.1054883644729787,-0.8619484131774695,TIME_LIMIT,438204,0,0,8,4
5,8,1.974373e6,-1.1054883644729787,-0.8619484131774695,TIME_LIMIT,438236,0,0,10,17
5,8,1.974413e6,-1.1054865005990138,-0.8619484131774695,TIME_LIMIT,438260,0,0,9,9
5,8,1.974525e6,-1.1054865005990138,-0.8619484131774695,TIME_LIMIT,438283,0,0,9,13
5,8,1.97471e6,-1.1054811526054578,-0.8619484131774695,TIME_LIMIT,438322,0,0,18,9
5,8,1.97484e6,-1.1054811526054578,-0.8619484131774695,TIME_LIMIT,438348,0,0,10,19
5,8,1.975001e6,-1.1054774108310241,-0.8619484131774695,TIME_LIMIT,438387,0,0,17,11
5,8,1.975144e6,-1.1054774108310241,-0.8619484131774695,TIME_LIMIT,438410,0,0,15,21
5,8,1.975256e6,-1.1054717403440595,-0.8619484131774695,TIME_LIMIT,438435,0,0,6,5
5,8,1.975334e6,-1.1054717403440595,-0.8619484131774695,TIME_LIMIT,438449,0,0,5,5
5,8,1.975409e6,-1.1054699058664923,-0.8619484131774695,TIME_LIMIT,438475,0,0,4,3
5,8,1.975529e6,-1.1054699058664923,-0.8619484131774695,TIME_LIMIT,438498,0,0,10,13
5,8,1.975573e6,-1.10546843242218,-0.8619484131774695,TIME_LIMIT,438521,0,0,9,4
5,8,1.975782e6,-1.10546843242218,-0.8619484131774695,TIME_LIMIT,438549,0,0,14,13
5,8,1.975864e6,-1.105464164533019,-0.8619484131774695,TIME_LIMIT,438568,0,0,4,2
5,8,1.975958e6,-1.105464164533019,-0.8619484131774695,TIME_LIMIT,438594,0,0,7,10
5,8,1.976003e6,-1.1054591684589854,-0.8619484131774695,TIME_LIMIT,438612,0,0,10,3
5,8,1.976122e6,-1.1054591684589854,-0.8619484131774695,TIME_LIMIT,438631,0,0,11,15
5,8,1.976243e6,-1.1054588445306932,-0.8619484131774695,TIME_LIMIT,438657,0,0,5,4
5,8,1.9763e6,-1.1054588445306932,-0.8619484131774695,TIME_LIMIT,438673,0,0,10,7
5,8,1.976377e6,-1.1054567032190805,-0.8619484131774695,TIME_LIMIT,438693,0,0,5,4
5,8,1.97643e6,-1.1054567032190805,-0.8619484131774695,TIME_LIMIT,438715,0,0,13,21
5,8,1.976545e6,-1.1054537842156922,-0.8619484131774695,TIME_LIMIT,438737,0,0,14,7
5,8,1.976688e6,-1.1054537842156922,-0.8619484131774695,TIME_LIMIT,438753,0,0,8,13
5,8,1.976844e6,-1.1054531086450976,-0.8619484131774695,TIME_LIMIT,438787,0,0,10,10
5,8,1.977014e6,-1.1054531086450976,-0.8619484131774695,TIME_LIMIT,438814,0,0,14,18
5,8,1.97725e6,-1.1054524775352228,-0.8619484131774695,TIME_LIMIT,438850,0,0,14,9
5,8,1.97727e6,-1.1054524775352228,-0.8619484131774695,TIME_LIMIT,438859,0,0,2,1
5,8,1.977288e6,-1.105449733108244,-0.8619484131774695,TIME_LIMIT,438861,0,0,1,0
5,8,1.977376e6,-1.105449733108244,-0.8619484131774695,TIME_LIMIT,438884,0,0,13,11
5,8,1.977442e6,-1.1054374823923063,-0.8619484131774695,TIME_LIMIT,438907,0,0,11,8
5,8,1.977634e6,-1.1054374823923063,-0.8619484131774695,TIME_LIMIT,438932,0,0,16,13
5,8,1.977783e6,-1.1054361542401403,-0.8619484131774695,TIME_LIMIT,438954,0,0,10,8
5,8,1.977967e6,-1.1054361542401403,-0.8619484131774695,TIME_LIMIT,438976,0,0,14,13
5,8,1.978145e6,-1.1054329229046769,-0.8619484131774695,TIME_LIMIT,438992,0,0,10,5
5,8,1.978252e6,-1.1054329229046769,-0.8619484131774695,TIME_LIMIT,439011,0,0,9,4
5,8,1.978289e6,-1.1054301633845092,-0.8619484131774695,TIME_LIMIT,439033,0,0,7,0
5,8,1.97848e6,-1.1054301633845092,-0.8619484131774695,TIME_LIMIT,439057,0,0,13,15
5,8,1.978529e6,-1.1054237840656658,-0.8619484131774695,TIME_LIMIT,439081,0,0,10,3
5,8,1.978607e6,-1.1054237840656658,-0.8619484131774695,TIME_LIMIT,439102,0,0,12,7
5,8,1.97874e6,-1.1054218855603262,-0.8619484131774695,TIME_LIMIT,439121,0,0,15,7
5,8,1.978883e6,-1.1054218855603262,-0.8619484131774695,TIME_LIMIT,439147,0,0,16,20
5,8,1.97904e6,-1.1054177088359822,-0.8619484131774695,TIME_LIMIT,439177,0,0,8,11
5,8,1.979177e6,-1.1054177088359822,-0.8619484131774695,TIME_LIMIT,439206,0,0,8,6
5,8,1.979214e6,-1.105414903101966,-0.8619484131774695,TIME_LIMIT,439223,0,0,5,2
5,8,1.979418e6,-1.105414903101966,-0.8619484131774695,TIME_LIMIT,439243,0,0,11,11
5,8,1.97953e6,-1.1054142467904802,-0.8619484131774695,TIME_LIMIT,439273,0,0,11,6
5,8,1.979735e6,-1.1054142467904802,-0.8619484131774695,TIME_LIMIT,439300,0,0,17,9
5,8,1.979838e6,-1.1054013093811643,-0.8619484131774695,TIME_LIMIT,439322,0,0,15,5
5,8,1.979953e6,-1.1054013093811643,-0.8619484131774695,TIME_LIMIT,439349,0,0,11,10
5,8,1.980044e6,-1.1053971068119033,-0.8619484131774695,TIME_LIMIT,439366,0,0,12,13
5,8,1.980159e6,-1.1053971068119033,-0.8619484131774695,TIME_LIMIT,439394,0,0,14,5
5,8,1.980312e6,-1.1053962880743369,-0.8619484131774695,TIME_LIMIT,439420,0,0,8,4
5,8,1.980415e6,-1.1053962880743369,-0.8619484131774695,TIME_LIMIT,439436,0,0,13,10
5,8,1.980514e6,-1.1053927200329579,-0.8619484131774695,TIME_LIMIT,439472,0,0,12,5
5,8,1.980588e6,-1.1053927200329579,-0.8619484131774695,TIME_LIMIT,439498,0,0,12,10
5,8,1.980817e6,-1.1053923991979528,-0.8619484131774695,TIME_LIMIT,439540,0,0,14,16
5,8,1.980868e6,-1.1053923991979528,-0.8619484131774695,TIME_LIMIT,439554,0,0,2,8
5,8,1.980906e6,-1.1053840451749766,-0.8619484131774695,TIME_LIMIT,439564,0,0,3,4
5,8,1.981064e6,-1.1053840451749766,-0.8619484131774695,TIME_LIMIT,439590,0,0,10,12
5,8,1.981165e6,-1.1053833379863687,-0.8619484131774695,TIME_LIMIT,439610,0,0,12,2
5,8,1.981353e6,-1.1053833379863687,-0.8619484131774695,TIME_LIMIT,439632,0,0,8,13
5,8,1.981474e6,-1.1053745772182455,-0.8619484131774695,TIME_LIMIT,439669,0,0,7,8
5,8,1.981707e6,-1.1053745772182455,-0.8619484131774695,TIME_LIMIT,439689,0,0,16,13
5,8,1.981782e6,-1.1053674400297098,-0.8619484131774695,TIME_LIMIT,439708,0,0,10,2
5,8,1.981946e6,-1.1053674400297098,-0.8619484131774695,TIME_LIMIT,439732,0,0,7,30
5,8,1.982118e6,-1.105319570404287,-0.8619484131774695,TIME_LIMIT,439774,0,0,12,19
5,8,1.982329e6,-1.105319570404287,-0.8619484131774695,TIME_LIMIT,439796,0,0,8,11
5,8,1.982409e6,-1.1053137236570598,-0.8619484131774695,TIME_LIMIT,439810,0,0,4,4
5,8,1.982589e6,-1.1053137236570598,-0.8619484131774695,TIME_LIMIT,439840,0,0,12,16
5,8,1.982688e6,-1.1053122990451858,-0.8619484131774695,TIME_LIMIT,439856,0,0,6,5
5,8,1.982868e6,-1.1053122990451858,-0.8619484131774695,TIME_LIMIT,439884,0,0,15,16
5,8,1.983082e6,-1.10530996271949,-0.8619484131774695,TIME_LIMIT,439907,0,0,7,8
5,8,1.983187e6,-1.10530996271949,-0.8619484131774695,TIME_LIMIT,439927,0,0,19,13
5,8,1.983286e6,-1.105289829167251,-0.8619484131774695,TIME_LIMIT,439955,0,0,3,4
5,8,1.983374e6,-1.105289829167251,-0.8619484131774695,TIME_LIMIT,439975,0,0,20,17
5,8,1.983484e6,-1.1052792779892513,-0.8619484131774695,TIME_LIMIT,440010,0,0,9,6
5,8,1.983544e6,-1.1052792779892513,-0.8619484131774695,TIME_LIMIT,440026,0,0,5,7
5,8,1.983707e6,-1.105268224063845,-0.8619484131774695,TIME_LIMIT,440056,0,0,14,8
5,8,1.983883e6,-1.105268224063845,-0.8619484131774695,TIME_LIMIT,440081,0,0,15,13
5,8,1.984057e6,-1.105261220160692,-0.8619484131774695,TIME_LIMIT,440109,0,0,6,3
5,8,1.984145e6,-1.105261220160692,-0.8619484131774695,TIME_LIMIT,440134,0,0,14,5
5,8,1.984367e6,-1.1052560882640208,-0.8619484131774695,TIME_LIMIT,440170,0,0,9,9
5,8,1.9845e6,-1.1052560882640208,-0.8619484131774695,TIME_LIMIT,440196,0,0,8,13
5,8,1.984609e6,-1.1052517838290616,-0.8619484131774695,TIME_LIMIT,440219,0,0,17,16
5,8,1.984696e6,-1.1052517838290616,-0.8619484131774695,TIME_LIMIT,440240,0,0,10,10
5,8,1.984779e6,-1.105244629754024,-0.8619484131774695,TIME_LIMIT,440262,0,0,6,8
5,8,1.984859e6,-1.105244629754024,-0.8619484131774695,TIME_LIMIT,440278,0,0,7,8
5,8,1.984895e6,-1.105240532009494,-0.8619484131774695,TIME_LIMIT,440298,0,0,10,5
5,8,1.984995e6,-1.105240532009494,-0.8619484131774695,TIME_LIMIT,440324,0,0,16,7
5,8,1.985065e6,-1.1052404754553957,-0.8619484131774695,TIME_LIMIT,440347,0,0,11,7
5,8,1.985209e6,-1.1052404754553957,-0.8619484131774695,TIME_LIMIT,440378,0,0,17,17
5,8,1.985307e6,-1.1052304776677304,-0.8619484131774695,TIME_LIMIT,440403,0,0,15,5
5,8,1.98552e6,-1.1052304776677304,-0.8619484131774695,TIME_LIMIT,440438,0,0,18,18
5,8,1.985725e6,-1.105229725421169,-0.8619484131774695,TIME_LIMIT,440465,0,0,13,3
5,8,1.985788e6,-1.105229725421169,-0.8619484131774695,TIME_LIMIT,440486,0,0,12,9
5,8,1.985877e6,-1.1052263956566648,-0.8619484131774695,TIME_LIMIT,440501,0,0,7,5
5,8,1.98597e6,-1.1052263956566648,-0.8619484131774695,TIME_LIMIT,440523,0,0,15,21
5,8,1.98617e6,-1.1052049328270708,-0.8619484131774695,TIME_LIMIT,440561,0,0,8,8
5,8,1.986279e6,-1.1052049328270708,-0.8619484131774695,TIME_LIMIT,440579,0,0,14,21
5,8,1.986399e6,-1.1051948938273646,-0.8619484131774695,TIME_LIMIT,440615,0,0,9,15
5,8,1.986445e6,-1.1051948938273646,-0.8619484131774695,TIME_LIMIT,440632,0,0,14,13
5,8,1.986571e6,-1.1051831597734871,-0.8619484131774695,TIME_LIMIT,440661,0,0,9,5
5,8,1.986652e6,-1.1051831597734871,-0.8619484131774695,TIME_LIMIT,440685,0,0,15,15
5,8,1.98675e6,-1.1051810777733926,-0.8619484131774695,TIME_LIMIT,440704,0,0,9,10
5,8,1.986803e6,-1.1051810777733926,-0.8619484131774695,TIME_LIMIT,440723,0,0,10,9
5,8,1.986872e6,-1.1051680567791693,-0.8619484131774695,TIME_LIMIT,440739,0,0,8,8
5,8,1.987016e6,-1.1051680567791693,-0.8619484131774695,TIME_LIMIT,440763,0,0,9,10
5,8,1.987314e6,-1.1051541235040607,-0.8619484131774695,TIME_LIMIT,440797,0,0,10,14
5,8,1.987424e6,-1.1051541235040607,-0.8619484131774695,TIME_LIMIT,440817,0,0,15,5
5,8,1.987561e6,-1.1051511292147864,-0.8619484131774695,TIME_LIMIT,440845,0,0,9,4
5,8,1.987791e6,-1.1051511292147864,-0.8619484131774695,TIME_LIMIT,440869,0,0,6,9
5,8,1.98783e6,-1.1051497306134574,-0.8619484131774695,TIME_LIMIT,440893,0,0,11,6
5,8,1.987914e6,-1.1051497306134574,-0.8619484131774695,TIME_LIMIT,440915,0,0,11,17
5,8,1.988018e6,-1.1051491681432526,-0.8619484131774695,TIME_LIMIT,440941,0,0,12,7
5,8,1.988131e6,-1.1051491681432526,-0.8619484131774695,TIME_LIMIT,440963,0,0,7,20
5,8,1.988324e6,-1.1051389141135513,-0.8619484131774695,TIME_LIMIT,440991,0,0,5,8
5,8,1.988535e6,-1.1051389141135513,-0.8619484131774695,TIME_LIMIT,441019,0,0,22,11
5,8,1.988695e6,-1.1051341850858227,-0.8619484131774695,TIME_LIMIT,441043,0,0,8,8
5,8,1.988883e6,-1.1051341850858227,-0.8619484131774695,TIME_LIMIT,441067,0,0,17,24
5,8,1.988995e6,-1.105130315142575,-0.8619484131774695,TIME_LIMIT,441097,0,0,10,10
5,8,1.989096e6,-1.105130315142575,-0.8619484131774695,TIME_LIMIT,441116,0,0,13,13
5,8,1.989207e6,-1.1051283060342876,-0.8619484131774695,TIME_LIMIT,441143,0,0,9,3
5,8,1.989316e6,-1.1051283060342876,-0.8619484131774695,TIME_LIMIT,441170,0,0,12,19
5,8,1.989456e6,-1.1051262197979956,-0.8619484131774695,TIME_LIMIT,441205,0,0,9,5
5,8,1.989686e6,-1.1051262197979956,-0.8619484131774695,TIME_LIMIT,441228,0,0,17,17
5,8,1.989777e6,-1.1051219652443152,-0.8619484131774695,TIME_LIMIT,441253,0,0,14,4
5,8,1.98989e6,-1.1051219652443152,-0.8619484131774695,TIME_LIMIT,441276,0,0,17,6
5,8,1.990023e6,-1.1051193755816588,-0.8619484131774695,TIME_LIMIT,441298,0,0,8,6
5,8,1.990104e6,-1.1051193755816588,-0.8619484131774695,TIME_LIMIT,441325,0,0,6,9
5,8,1.990196e6,-1.105118272862089,-0.8619484131774695,TIME_LIMIT,441343,0,0,11,4
5,8,1.990332e6,-1.105118272862089,-0.8619484131774695,TIME_LIMIT,441373,0,0,9,20
5,8,1.990487e6,-1.1051098954250296,-0.8619484131774695,TIME_LIMIT,441413,0,0,15,12
5,8,1.990663e6,-1.1051098954250296,-0.8619484131774695,TIME_LIMIT,441439,0,0,12,14
5,8,1.990875e6,-1.1051041265716957,-0.8619484131774695,TIME_LIMIT,441463,0,0,9,9
5,8,1.990981e6,-1.1051041265716957,-0.8619484131774695,TIME_LIMIT,441486,0,0,12,12
5,8,1.991095e6,-1.1051019975628833,-0.8619484131774695,TIME_LIMIT,441510,0,0,10,10
5,8,1.991321e6,-1.1051019975628833,-0.8619484131774695,TIME_LIMIT,441546,0,0,21,19
5,8,1.991531e6,-1.1051012072797033,-0.8619484131774695,TIME_LIMIT,441577,0,0,20,10
5,8,1.991679e6,-1.1051012072797033,-0.8619484131774695,TIME_LIMIT,441612,0,0,17,16
5,8,1.991775e6,-1.1051009033689956,-0.8619484131774695,TIME_LIMIT,441636,0,0,13,14
5,8,1.991871e6,-1.1051009033689956,-0.8619484131774695,TIME_LIMIT,441660,0,0,9,10
5,8,1.992216e6,-1.1050940558919917,-0.8619484131774695,TIME_LIMIT,441677,0,0,10,19
5,8,1.992294e6,-1.1050940558919917,-0.8619484131774695,TIME_LIMIT,441698,0,0,18,10
5,8,1.992424e6,-1.1050931643804036,-0.8619484131774695,TIME_LIMIT,441718,0,0,13,1
5,8,1.992615e6,-1.1050931643804036,-0.8619484131774695,TIME_LIMIT,441745,0,0,16,20
5,8,1.992724e6,-1.1050928397654656,-0.8619484131774695,TIME_LIMIT,441772,0,0,3,6
5,8,1.992953e6,-1.1050928397654656,-0.8619484131774695,TIME_LIMIT,441799,0,0,11,8
5,8,1.993177e6,-1.1050893702140743,-0.8619484131774695,TIME_LIMIT,441834,0,0,19,5
5,8,1.993268e6,-1.1050893702140743,-0.8619484131774695,TIME_LIMIT,441859,0,0,22,14
5,8,1.993399e6,-1.1050806052274984,-0.8619484131774695,TIME_LIMIT,441889,0,0,16,6
5,8,1.993478e6,-1.1050806052274984,-0.8619484131774695,TIME_LIMIT,441914,0,0,10,8
5,8,1.993624e6,-1.1050777198549873,-0.8619484131774695,TIME_LIMIT,441936,0,0,7,10
5,8,1.993815e6,-1.1050777198549873,-0.8619484131774695,TIME_LIMIT,441959,0,0,25,17
5,8,1.99404e6,-1.1050769103835683,-0.8619484131774695,TIME_LIMIT,442000,0,0,14,7
5,8,1.994213e6,-1.1050769103835683,-0.8619484131774695,TIME_LIMIT,442029,0,0,13,15
5,8,1.994482e6,-1.1050720732914021,-0.8619484131774695,TIME_LIMIT,442064,0,0,15,12
5,8,1.994598e6,-1.1050720732914021,-0.8619484131774695,TIME_LIMIT,442089,0,0,8,5
5,8,1.994749e6,-1.1050489075662067,-0.8619484131774695,TIME_LIMIT,442112,0,0,17,10
5,8,1.994942e6,-1.1050489075662067,-0.8619484131774695,TIME_LIMIT,442137,0,0,19,14
5,8,1.995095e6,-1.1050417570955298,-0.8619484131774695,TIME_LIMIT,442159,0,0,6,6
5,8,1.995168e6,-1.1050417570955298,-0.8619484131774695,TIME_LIMIT,442177,0,0,8,13
5,8,1.995398e6,-1.1050212883949038,-0.8619484131774695,TIME_LIMIT,442213,0,0,8,9
5,8,1.995535e6,-1.1050212883949038,-0.8619484131774695,TIME_LIMIT,442233,0,0,8,25
5,8,1.995653e6,-1.1050193183958266,-0.8619484131774695,TIME_LIMIT,442271,0,0,5,7
5,8,1.995858e6,-1.1050193183958266,-0.8619484131774695,TIME_LIMIT,442295,0,0,16,21
5,8,1.996154e6,-1.1050179314942774,-0.8619484131774695,TIME_LIMIT,442334,0,0,14,17
5,8,1.996281e6,-1.1050179314942774,-0.8619484131774695,TIME_LIMIT,442356,0,0,18,8
5,8,1.996466e6,-1.1050178371155661,-0.8619484131774695,TIME_LIMIT,442378,0,0,13,11
5,8,1.996583e6,-1.1050178371155661,-0.8619484131774695,TIME_LIMIT,442399,0,0,9,12
5,8,1.996668e6,-1.105013767870528,-0.8619484131774695,TIME_LIMIT,442424,0,0,4,5
5,8,1.996719e6,-1.105013767870528,-0.8619484131774695,TIME_LIMIT,442446,0,0,12,8
5,8,1.996875e6,-1.1050102530812569,-0.8619484131774695,TIME_LIMIT,442465,0,0,9,3
5,8,1.996953e6,-1.1050102530812569,-0.8619484131774695,TIME_LIMIT,442484,0,0,5,9
5,8,1.997052e6,-1.1049994349857974,-0.8619484131774695,TIME_LIMIT,442518,0,0,11,5
5,8,1.997267e6,-1.1049994349857974,-0.8619484131774695,TIME_LIMIT,442542,0,0,17,27
5,8,1.997366e6,-1.1049974019320308,-0.8619484131774695,TIME_LIMIT,442578,0,0,11,14
5,8,1.997477e6,-1.1049974019320308,-0.8619484131774695,TIME_LIMIT,442605,0,0,15,12
5,8,1.997675e6,-1.104995816207755,-0.8619484131774695,TIME_LIMIT,442629,0,0,12,11
5,8,1.9978e6,-1.104995816207755,-0.8619484131774695,TIME_LIMIT,442645,0,0,8,7
5,8,1.997887e6,-1.104993994173713,-0.8619484131774695,TIME_LIMIT,442661,0,0,11,12
5,8,1.998104e6,-1.104993994173713,-0.8619484131774695,TIME_LIMIT,442691,0,0,18,29
5,8,1.99831e6,-1.1049897303873264,-0.8619484131774695,TIME_LIMIT,442727,0,0,19,12
5,8,1.998445e6,-1.1049897303873264,-0.8619484131774695,TIME_LIMIT,442749,0,0,11,11
5,8,1.998583e6,-1.104986735619811,-0.8619484131774695,TIME_LIMIT,442780,0,0,6,7
5,8,1.99869e6,-1.104986735619811,-0.8619484131774695,TIME_LIMIT,442796,0,0,4,4
5,8,1.998711e6,-1.1049775107690936,-0.8619484131774695,TIME_LIMIT,442809,0,0,5,0
5,8,1.998928e6,-1.1049775107690936,-0.8619484131774695,TIME_LIMIT,442838,0,0,12,8
5,8,1.999036e6,-1.1049763720686445,-0.8619484131774695,TIME_LIMIT,442866,0,0,14,7
5,8,1.99927e6,-1.1049763720686445,-0.8619484131774695,TIME_LIMIT,442897,0,0,14,12
5,8,1.999417e6,-1.1049738009588328,-0.8619484131774695,TIME_LIMIT,442920,0,0,11,7
5,8,1.999681e6,-1.1049738009588328,-0.8619484131774695,TIME_LIMIT,442943,0,0,10,23
5,8,1.999945e6,-1.1049696394322002,-0.8619484131774695,TIME_LIMIT,442979,0,0,15,12
5,8,2.00011e6,-1.1049696394322002,-0.8619484131774695,TIME_LIMIT,443006,0,0,20,13
5,8,2.000234e6,-1.1049661114179288,-0.8619484131774695,TIME_LIMIT,443045,0,0,3,11
5,8,2.00035e6,-1.1049661114179288,-0.8619484131774695,TIME_LIMIT,443066,0,0,13,14
5,8,2.000466e6,-1.1049620494821972,-0.8619484131774695,TIME_LIMIT,443088,0,0,10,6
5,8,2.000667e6,-1.1049620494821972,-0.8619484131774695,TIME_LIMIT,443115,0,0,22,12
5,8,2.000885e6,-1.1049524420607297,-0.8619484131774695,TIME_LIMIT,443144,0,0,14,9
5,8,2.001014e6,-1.1049524420607297,-0.8619484131774695,TIME_LIMIT,443171,0,0,10,11
5,8,2.001094e6,-1.1049456962097721,-0.8619484131774695,TIME_LIMIT,443194,0,0,16,5
5,8,2.001217e6,-1.1049456962097721,-0.8619484131774695,TIME_LIMIT,443216,0,0,11,13
5,8,2.001318e6,-1.1049427777369543,-0.8619484131774695,TIME_LIMIT,443234,0,0,9,4
5,8,2.001459e6,-1.1049427777369543,-0.8619484131774695,TIME_LIMIT,443258,0,0,8,7
5,8,2.001553e6,-1.104941696330857,-0.8619484131774695,TIME_LIMIT,443281,0,0,6,6
5,8,2.001774e6,-1.104941696330857,-0.8619484131774695,TIME_LIMIT,443307,0,0,11,17
5,8,2.001851e6,-1.1049397762247117,-0.8619484131774695,TIME_LIMIT,443329,0,0,14,9
5,8,2.002079e6,-1.1049397762247117,-0.8619484131774695,TIME_LIMIT,443356,0,0,14,14
5,8,2.002243e6,-1.1049394567767257,-0.8619484131774695,TIME_LIMIT,443379,0,0,12,7
5,8,2.002372e6,-1.1049394567767257,-0.8619484131774695,TIME_LIMIT,443403,0,0,12,14
5,8,2.002447e6,-1.1049376801547364,-0.8619484131774695,TIME_LIMIT,443422,0,0,12,9
5,8,2.00257e6,-1.1049376801547364,-0.8619484131774695,TIME_LIMIT,443435,0,0,8,9
5,8,2.002605e6,-1.104936069052529,-0.8619484131774695,TIME_LIMIT,443447,0,0,3,1
5,8,2.002668e6,-1.104936069052529,-0.8619484131774695,TIME_LIMIT,443474,0,0,11,9
5,8,2.002743e6,-1.104933634126809,-0.8619484131774695,TIME_LIMIT,443486,0,0,9,18
5,8,2.002959e6,-1.104933634126809,-0.8619484131774695,TIME_LIMIT,443508,0,0,17,17
5,8,2.003111e6,-1.1049310222142217,-0.8619484131774695,TIME_LIMIT,443547,0,0,17,14
5,8,2.003223e6,-1.1049310222142217,-0.8619484131774695,TIME_LIMIT,443569,0,0,16,2
5,8,2.003319e6,-1.104926035797288,-0.8619484131774695,TIME_LIMIT,443588,0,0,5,7
5,8,2.003537e6,-1.104926035797288,-0.8619484131774695,TIME_LIMIT,443616,0,0,12,21
5,8,2.003755e6,-1.1049245725409786,-0.8619484131774695,TIME_LIMIT,443640,0,0,15,11
5,8,2.003859e6,-1.1049245725409786,-0.8619484131774695,TIME_LIMIT,443664,0,0,14,5
5,8,2.003908e6,-1.1049162319825248,-0.8619484131774695,TIME_LIMIT,443679,0,0,8,7
5,8,2.004068e6,-1.1049162319825248,-0.8619484131774695,TIME_LIMIT,443702,0,0,18,15
5,8,2.004136e6,-1.1049137516821967,-0.8619484131774695,TIME_LIMIT,443727,0,0,8,5
5,8,2.004275e6,-1.1049137516821967,-0.8619484131774695,TIME_LIMIT,443748,0,0,14,9
5,8,2.004425e6,-1.1049074892448125,-0.8619484131774695,TIME_LIMIT,443769,0,0,6,8
5,8,2.004467e6,-1.1049074892448125,-0.8619484131774695,TIME_LIMIT,443785,0,0,9,14
5,8,2.004575e6,-1.1048926119669573,-0.8619484131774695,TIME_LIMIT,443813,0,0,9,4
5,8,2.004725e6,-1.1048926119669573,-0.8619484131774695,TIME_LIMIT,443840,0,0,10,12
5,8,2.00482e6,-1.1048889629984733,-0.8619484131774695,TIME_LIMIT,443867,0,0,11,5
5,8,2.004959e6,-1.1048889629984733,-0.8619484131774695,TIME_LIMIT,443888,0,0,7,13
5,8,2.005102e6,-1.1048844267048619,-0.8619484131774695,TIME_LIMIT,443922,0,0,15,12
5,8,2.005193e6,-1.1048844267048619,-0.8619484131774695,TIME_LIMIT,443945,0,0,13,13
5,8,2.005308e6,-1.1048769947931434,-0.8619484131774695,TIME_LIMIT,443976,0,0,12,7
5,8,2.005517e6,-1.1048769947931434,-0.8619484131774695,TIME_LIMIT,444008,0,0,14,19
5,8,2.005753e6,-1.104876982456002,-0.8619484131774695,TIME_LIMIT,444028,0,0,14,26
5,8,2.006006e6,-1.104876982456002,-0.8619484131774695,TIME_LIMIT,444049,0,0,16,17
5,8,2.00627e6,-1.1048765957752762,-0.8619484131774695,TIME_LIMIT,444083,0,0,10,9
5,8,2.006357e6,-1.1048765957752762,-0.8619484131774695,TIME_LIMIT,444109,0,0,16,15
5,8,2.006625e6,-1.1048709977520108,-0.8619484131774695,TIME_LIMIT,444151,0,0,10,10
5,8,2.006749e6,-1.1048709977520108,-0.8619484131774695,TIME_LIMIT,444165,0,0,8,3
5,8,2.006801e6,-1.1048706051743067,-0.8619484131774695,TIME_LIMIT,444188,0,0,11,2
5,8,2.006884e6,-1.1048706051743067,-0.8619484131774695,TIME_LIMIT,444207,0,0,6,4
5,8,2.00692e6,-1.1048701189024805,-0.8619484131774695,TIME_LIMIT,444226,0,0,6,3
5,8,2.007137e6,-1.1048701189024805,-0.8619484131774695,TIME_LIMIT,444254,0,0,17,21
5,8,2.007282e6,-1.1048598043435067,-0.8619484131774695,TIME_LIMIT,444278,0,0,15,16
5,8,2.007444e6,-1.1048598043435067,-0.8619484131774695,TIME_LIMIT,444304,0,0,12,13
5,8,2.007542e6,-1.104851764080989,-0.8619484131774695,TIME_LIMIT,444319,0,0,3,4
5,8,2.00767e6,-1.104851764080989,-0.8619484131774695,TIME_LIMIT,444345,0,0,11,10
5,8,2.007762e6,-1.1048468832948464,-0.8619484131774695,TIME_LIMIT,444362,0,0,9,6
5,8,2.00787e6,-1.1048468832948464,-0.8619484131774695,TIME_LIMIT,444388,0,0,12,10
5,8,2.00796e6,-1.1048442543445698,-0.8619484131774695,TIME_LIMIT,444402,0,0,9,5
5,8,2.008188e6,-1.1048442543445698,-0.8619484131774695,TIME_LIMIT,444424,0,0,18,19
5,8,2.008384e6,-1.1048306281249576,-0.8619484131774695,TIME_LIMIT,444465,0,0,7,5
5,8,2.008442e6,-1.1048306281249576,-0.8619484131774695,TIME_LIMIT,444488,0,0,18,12
5,8,2.008555e6,-1.1048291707616058,-0.8619484131774695,TIME_LIMIT,444520,0,0,12,5
5,8,2.008661e6,-1.1048291707616058,-0.8619484131774695,TIME_LIMIT,444543,0,0,9,18
5,8,2.008775e6,-1.104826139358142,-0.8619484131774695,TIME_LIMIT,444564,0,0,3,4
5,8,2.008879e6,-1.104826139358142,-0.8619484131774695,TIME_LIMIT,444589,0,0,12,11
5,8,2.008992e6,-1.104821372405337,-0.8619484131774695,TIME_LIMIT,444618,0,0,8,4
5,8,2.009158e6,-1.104821372405337,-0.8619484131774695,TIME_LIMIT,444640,0,0,10,16
5,8,2.009351e6,-1.104814367447438,-0.8619484131774695,TIME_LIMIT,444677,0,0,12,7
5,8,2.009466e6,-1.104814367447438,-0.8619484131774695,TIME_LIMIT,444693,0,0,7,5
5,8,2.009499e6,-1.1048118892335312,-0.8619484131774695,TIME_LIMIT,444705,0,0,6,1
5,8,2.009625e6,-1.1048118892335312,-0.8619484131774695,TIME_LIMIT,444730,0,0,14,13
5,8,2.009718e6,-1.1048011827881452,-0.8619484131774695,TIME_LIMIT,444750,0,0,13,4
5,8,2.009799e6,-1.1048011827881452,-0.8619484131774695,TIME_LIMIT,444771,0,0,10,9
5,8,2.009932e6,-1.1047976887784403,-0.8619484131774695,TIME_LIMIT,444794,0,0,10,5
5,8,2.010054e6,-1.1047976887784403,-0.8619484131774695,TIME_LIMIT,444817,0,0,10,7
5,8,2.010134e6,-1.1047925774488765,-0.8619484131774695,TIME_LIMIT,444834,0,0,10,5
5,8,2.010266e6,-1.1047925774488765,-0.8619484131774695,TIME_LIMIT,444855,0,0,18,18
5,8,2.010494e6,-1.1047908216040287,-0.8619484131774695,TIME_LIMIT,444887,0,0,6,9
5,8,2.010708e6,-1.1047908216040287,-0.8619484131774695,TIME_LIMIT,444915,0,0,20,22
5,8,2.010933e6,-1.1047863964149007,-0.8619484131774695,TIME_LIMIT,444942,0,0,20,18
5,8,2.011098e6,-1.1047863964149007,-0.8619484131774695,TIME_LIMIT,444961,0,0,16,24
5,8,2.011223e6,-1.104783195971186,-0.8619484131774695,TIME_LIMIT,444997,0,0,12,8
5,8,2.011322e6,-1.104783195971186,-0.8619484131774695,TIME_LIMIT,445014,0,0,8,7
5,8,2.011369e6,-1.104777119379059,-0.8619484131774695,TIME_LIMIT,445040,0,0,10,5
5,8,2.011537e6,-1.104777119379059,-0.8619484131774695,TIME_LIMIT,445069,0,0,15,12
5,8,2.011637e6,-1.1047760310114434,-0.8619484131774695,TIME_LIMIT,445096,0,0,13,5
5,8,2.011831e6,-1.1047760310114434,-0.8619484131774695,TIME_LIMIT,445124,0,0,20,5
5,8,2.011962e6,-1.1047658746854374,-0.8619484131774695,TIME_LIMIT,445145,0,0,13,5
5,8,2.012015e6,-1.1047658746854374,-0.8619484131774695,TIME_LIMIT,445165,0,0,3,11
5,8,2.01218e6,-1.1047641648443403,-0.8619484131774695,TIME_LIMIT,445195,0,0,9,10
5,8,2.012255e6,-1.1047641648443403,-0.8619484131774695,TIME_LIMIT,445214,0,0,8,11
5,8,2.012343e6,-1.104763062336016,-0.8619484131774695,TIME_LIMIT,445238,0,0,11,3
5,8,2.012385e6,-1.104763062336016,-0.8619484131774695,TIME_LIMIT,445257,0,0,10,8
5,8,2.012453e6,-1.1047594473399376,-0.8619484131774695,TIME_LIMIT,445271,0,0,5,2
5,8,2.012562e6,-1.1047594473399376,-0.8619484131774695,TIME_LIMIT,445292,0,0,14,6
5,8,2.01259e6,-1.1047443067296974,-0.8619484131774695,TIME_LIMIT,445309,0,0,8,6
5,8,2.012696e6,-1.1047443067296974,-0.8619484131774695,TIME_LIMIT,445334,0,0,11,12
5,8,2.012794e6,-1.104733662758711,-0.8619484131774695,TIME_LIMIT,445354,0,0,5,3
5,8,2.012908e6,-1.104733662758711,-0.8619484131774695,TIME_LIMIT,445377,0,0,19,11
5,8,2.013118e6,-1.1047168590009737,-0.8619484131774695,TIME_LIMIT,445406,0,0,11,20
5,8,2.013278e6,-1.1047168590009737,-0.8619484131774695,TIME_LIMIT,445431,0,0,13,21
5,8,2.013499e6,-1.1047081027954022,-0.8619484131774695,TIME_LIMIT,445470,0,0,13,10
5,8,2.01372e6,-1.1047081027954022,-0.8619484131774695,TIME_LIMIT,445497,0,0,27,21
5,8,2.013985e6,-1.104693260613461,-0.8619484131774695,TIME_LIMIT,445540,0,0,18,23
5,8,2.014179e6,-1.104693260613461,-0.8619484131774695,TIME_LIMIT,445563,0,0,14,16
5,8,2.014286e6,-1.1046901264837177,-0.8619484131774695,TIME_LIMIT,445590,0,0,11,6
5,8,2.014368e6,-1.1046901264837177,-0.8619484131774695,TIME_LIMIT,445601,0,0,8,5
5,8,2.014405e6,-1.1046879476322051,-0.8619484131774695,TIME_LIMIT,445617,0,0,6,1
5,8,2.014499e6,-1.1046879476322051,-0.8619484131774695,TIME_LIMIT,445642,0,0,22,8
5,8,2.014605e6,-1.1046844083294363,-0.8619484131774695,TIME_LIMIT,445667,0,0,16,5
5,8,2.014808e6,-1.1046844083294363,-0.8619484131774695,TIME_LIMIT,445697,0,0,16,11
5,8,2.015068e6,-1.1046760058748912,-0.8619484131774695,TIME_LIMIT,445729,0,0,12,11
5,8,2.01528e6,-1.1046760058748912,-0.8619484131774695,TIME_LIMIT,445755,0,0,18,22
5,8,2.015539e6,-1.1046752113305294,-0.8619484131774695,TIME_LIMIT,445792,0,0,11,8
5,8,2.015631e6,-1.1046752113305294,-0.8619484131774695,TIME_LIMIT,445816,0,0,6,12
5,8,2.015787e6,-1.1046661729690612,-0.8619484131774695,TIME_LIMIT,445845,0,0,10,6
5,8,2.015841e6,-1.1046661729690612,-0.8619484131774695,TIME_LIMIT,445866,0,0,14,6
5,8,2.015981e6,-1.1046577575915326,-0.8619484131774695,TIME_LIMIT,445890,0,0,9,5
5,8,2.016217e6,-1.1046577575915326,-0.8619484131774695,TIME_LIMIT,445920,0,0,18,24
5,8,2.016511e6,-1.1046469195700488,-0.8619484131774695,TIME_LIMIT,445951,0,0,9,7
5,8,2.016707e6,-1.1046469195700488,-0.8619484131774695,TIME_LIMIT,445981,0,0,17,13
5,8,2.016872e6,-1.1046467364838,-0.8619484131774695,TIME_LIMIT,446005,0,0,10,6
5,8,2.016987e6,-1.1046467364838,-0.8619484131774695,TIME_LIMIT,446023,0,0,10,7
5,8,2.01707e6,-1.104644671969507,-0.8619484131774695,TIME_LIMIT,446047,0,0,5,7
5,8,2.017287e6,-1.104644671969507,-0.8619484131774695,TIME_LIMIT,446079,0,0,23,8
5,8,2.017417e6,-1.1046404109065553,-0.8619484131774695,TIME_LIMIT,446101,0,0,13,15
5,8,2.017509e6,-1.1046404109065553,-0.8619484131774695,TIME_LIMIT,446121,0,0,6,16
5,8,2.017581e6,-1.104625787058592,-0.8619484131774695,TIME_LIMIT,446145,0,0,6,6
5,8,2.017699e6,-1.104625787058592,-0.8619484131774695,TIME_LIMIT,446167,0,0,6,6
5,8,2.017776e6,-1.1046216835338092,-0.8619484131774695,TIME_LIMIT,446194,0,0,18,5
5,8,2.01794e6,-1.1046216835338092,-0.8619484131774695,TIME_LIMIT,446223,0,0,19,9
5,8,2.018063e6,-1.1046171070167805,-0.8619484131774695,TIME_LIMIT,446249,0,0,12,4
5,8,2.0183e6,-1.1046171070167805,-0.8619484131774695,TIME_LIMIT,446270,0,0,13,12
5,8,2.018532e6,-1.1046090885181512,-0.8619484131774695,TIME_LIMIT,446308,0,0,10,7
5,8,2.018619e6,-1.1046090885181512,-0.8619484131774695,TIME_LIMIT,446320,0,0,10,8
5,8,2.018651e6,-1.1046057098345226,-0.8619484131774695,TIME_LIMIT,446333,0,0,5,2
5,8,2.018867e6,-1.1046057098345226,-0.8619484131774695,TIME_LIMIT,446360,0,0,19,14
5,8,2.019087e6,-1.1046022647143698,-0.8619484131774695,TIME_LIMIT,446386,0,0,16,16
5,8,2.019243e6,-1.1046022647143698,-0.8619484131774695,TIME_LIMIT,446410,0,0,11,8
5,8,2.019301e6,-1.1045955808552175,-0.8619484131774695,TIME_LIMIT,446423,0,0,8,6
5,8,2.019512e6,-1.1045955808552175,-0.8619484131774695,TIME_LIMIT,446448,0,0,14,8
5,8,2.019689e6,-1.1045906570034907,-0.8619484131774695,TIME_LIMIT,446472,0,0,16,4
5,8,2.019768e6,-1.1045906570034907,-0.8619484131774695,TIME_LIMIT,446490,0,0,9,25
5,8,2.019892e6,-1.1045878766755055,-0.8619484131774695,TIME_LIMIT,446521,0,0,5,6
5,8,2.019943e6,-1.1045878766755055,-0.8619484131774695,TIME_LIMIT,446532,0,0,12,14
5,8,2.020022e6,-1.1045661960320166,-0.8619484131774695,TIME_LIMIT,446551,0,0,10,3
5,8,2.020145e6,-1.1045661960320166,-0.8619484131774695,TIME_LIMIT,446577,0,0,20,13
5,8,2.020247e6,-1.1045461942012538,-0.8619484131774695,TIME_LIMIT,446599,0,0,9,9
5,8,2.020355e6,-1.1045461942012538,-0.8619484131774695,TIME_LIMIT,446624,0,0,7,14
5,8,2.020529e6,-1.1045451042166914,-0.8619484131774695,TIME_LIMIT,446649,0,0,7,8
5,8,2.02068e6,-1.1045451042166914,-0.8619484131774695,TIME_LIMIT,446674,0,0,12,6
5,8,2.020735e6,-1.1045406702275455,-0.8619484131774695,TIME_LIMIT,446698,0,0,16,9
5,8,2.020846e6,-1.1045406702275455,-0.8619484131774695,TIME_LIMIT,446718,0,0,14,17
5,8,2.020969e6,-1.1045379043027974,-0.8619484131774695,TIME_LIMIT,446741,0,0,11,3
5,8,2.021076e6,-1.1045379043027974,-0.8619484131774695,TIME_LIMIT,446762,0,0,6,11
5,8,2.021122e6,-1.104534661772684,-0.8619484131774695,TIME_LIMIT,446783,0,0,13,2
5,8,2.021224e6,-1.104534661772684,-0.8619484131774695,TIME_LIMIT,446806,0,0,12,4
5,8,2.021321e6,-1.1045301665260054,-0.8619484131774695,TIME_LIMIT,446828,0,0,12,6
5,8,2.021379e6,-1.1045301665260054,-0.8619484131774695,TIME_LIMIT,446843,0,0,10,13
5,8,2.021537e6,-1.1045251034667474,-0.8619484131774695,TIME_LIMIT,446870,0,0,9,7
5,8,2.021649e6,-1.1045251034667474,-0.8619484131774695,TIME_LIMIT,446897,0,0,5,6
5,8,2.021787e6,-1.10452135549693,-0.8619484131774695,TIME_LIMIT,446918,0,0,4,4
5,8,2.021943e6,-1.10452135549693,-0.8619484131774695,TIME_LIMIT,446944,0,0,16,17
5,8,2.022071e6,-1.1045192097670975,-0.8619484131774695,TIME_LIMIT,446982,0,0,15,7
5,8,2.022267e6,-1.1045192097670975,-0.8619484131774695,TIME_LIMIT,447012,0,0,15,12
5,8,2.022402e6,-1.1045190119710286,-0.8619484131774695,TIME_LIMIT,447039,0,0,10,13
5,8,2.022466e6,-1.1045190119710286,-0.8619484131774695,TIME_LIMIT,447049,0,0,7,3
5,8,2.022489e6,-1.1045101035952944,-0.8619484131774695,TIME_LIMIT,447058,0,0,2,1
5,8,2.022557e6,-1.1045101035952944,-0.8619484131774695,TIME_LIMIT,447083,0,0,4,1
5,8,2.022689e6,-1.104508201568833,-0.8619484131774695,TIME_LIMIT,447104,0,0,9,9
5,8,2.022859e6,-1.104508201568833,-0.8619484131774695,TIME_LIMIT,447126,0,0,10,13
5,8,2.022988e6,-1.1045079249921335,-0.8619484131774695,TIME_LIMIT,447161,0,0,11,9
5,8,2.023074e6,-1.1045079249921335,-0.8619484131774695,TIME_LIMIT,447185,0,0,9,12
5,8,2.023291e6,-1.104507809542124,-0.8619484131774695,TIME_LIMIT,447207,0,0,11,11
5,8,2.023346e6,-1.104507809542124,-0.8619484131774695,TIME_LIMIT,447230,0,0,11,12
5,8,2.023471e6,-1.104505002986277,-0.8619484131774695,TIME_LIMIT,447252,0,0,11,8
5,8,2.023577e6,-1.104505002986277,-0.8619484131774695,TIME_LIMIT,447276,0,0,19,20
5,8,2.023794e6,-1.1045045844048116,-0.8619484131774695,TIME_LIMIT,447305,0,0,6,8
5,8,2.023946e6,-1.1045045844048116,-0.8619484131774695,TIME_LIMIT,447324,0,0,10,8
5,8,2.023998e6,-1.1045025107651936,-0.8619484131774695,TIME_LIMIT,447350,0,0,7,2
5,8,2.024102e6,-1.1045025107651936,-0.8619484131774695,TIME_LIMIT,447362,0,0,8,10
5,8,2.024162e6,-1.1045013662339334,-0.8619484131774695,TIME_LIMIT,447379,0,0,6,5
5,8,2.024331e6,-1.1045013662339334,-0.8619484131774695,TIME_LIMIT,447408,0,0,15,20
5,8,2.024466e6,-1.1045011440638173,-0.8619484131774695,TIME_LIMIT,447436,0,0,18,19
5,8,2.024659e6,-1.1045011440638173,-0.8619484131774695,TIME_LIMIT,447458,0,0,19,9
5,8,2.02479e6,-1.104497973949244,-0.8619484131774695,TIME_LIMIT,447480,0,0,9,6
5,8,2.024958e6,-1.104497973949244,-0.8619484131774695,TIME_LIMIT,447503,0,0,10,15
5,8,2.025058e6,-1.1044786354037375,-0.8619484131774695,TIME_LIMIT,447536,0,0,10,9
5,8,2.025096e6,-1.1044786354037375,-0.8619484131774695,TIME_LIMIT,447556,0,0,11,3
5,8,2.02518e6,-1.1044780612073137,-0.8619484131774695,TIME_LIMIT,447572,0,0,10,2
5,8,2.02529e6,-1.1044780612073137,-0.8619484131774695,TIME_LIMIT,447599,0,0,8,20
5,8,2.025456e6,-1.1044668890999754,-0.8619484131774695,TIME_LIMIT,447634,0,0,10,11
5,8,2.025675e6,-1.1044668890999754,-0.8619484131774695,TIME_LIMIT,447665,0,0,10,8
5,8,2.025796e6,-1.1044634892979373,-0.8619484131774695,TIME_LIMIT,447690,0,0,10,7
5,8,2.025942e6,-1.1044634892979373,-0.8619484131774695,TIME_LIMIT,447707,0,0,18,20
5,8,2.026044e6,-1.104462814762527,-0.8619484131774695,TIME_LIMIT,447740,0,0,7,10
5,8,2.026215e6,-1.104462814762527,-0.8619484131774695,TIME_LIMIT,447761,0,0,18,15
5,8,2.026437e6,-1.1044605121513944,-0.8619484131774695,TIME_LIMIT,447793,0,0,8,6
5,8,2.026512e6,-1.1044605121513944,-0.8619484131774695,TIME_LIMIT,447808,0,0,13,16
5,8,2.026585e6,-1.1044595946566451,-0.8619484131774695,TIME_LIMIT,447832,0,0,8,7
5,8,2.026678e6,-1.1044595946566451,-0.8619484131774695,TIME_LIMIT,447847,0,0,12,18
5,8,2.026867e6,-1.1044543526668114,-0.8619484131774695,TIME_LIMIT,447878,0,0,12,9
5,8,2.027035e6,-1.1044543526668114,-0.8619484131774695,TIME_LIMIT,447902,0,0,13,17
5,8,2.027171e6,-1.104444141246216,-0.8619484131774695,TIME_LIMIT,447936,0,0,10,16
5,8,2.027387e6,-1.104444141246216,-0.8619484131774695,TIME_LIMIT,447960,0,0,18,17
5,8,2.02754e6,-1.1044376473145283,-0.8619484131774695,TIME_LIMIT,447997,0,0,12,7
5,8,2.02768e6,-1.1044376473145283,-0.8619484131774695,TIME_LIMIT,448019,0,0,18,15
5,8,2.027858e6,-1.1044373970344612,-0.8619484131774695,TIME_LIMIT,448040,0,0,13,9
5,8,2.028023e6,-1.1044373970344612,-0.8619484131774695,TIME_LIMIT,448065,0,0,18,11
5,8,2.028137e6,-1.1044312916708885,-0.8619484131774695,TIME_LIMIT,448085,0,0,15,7
5,8,2.028254e6,-1.1044312916708885,-0.8619484131774695,TIME_LIMIT,448105,0,0,13,11
5,8,2.028372e6,-1.104429131651216,-0.8619484131774695,TIME_LIMIT,448137,0,0,12,3
5,8,2.028557e6,-1.104429131651216,-0.8619484131774695,TIME_LIMIT,448163,0,0,8,6
5,8,2.0286e6,-1.104424754381423,-0.8619484131774695,TIME_LIMIT,448178,0,0,2,6
5,8,2.028695e6,-1.104424754381423,-0.8619484131774695,TIME_LIMIT,448195,0,0,6,5
5,8,2.028729e6,-1.1044235477807316,-0.8619484131774695,TIME_LIMIT,448207,0,0,4,0
5,8,2.028862e6,-1.1044235477807316,-0.8619484131774695,TIME_LIMIT,448231,0,0,16,13
5,8,2.029049e6,-1.1044224809888847,-0.8619484131774695,TIME_LIMIT,448270,0,0,12,8
5,8,2.02917e6,-1.1044224809888847,-0.8619484131774695,TIME_LIMIT,448286,0,0,16,9
5,8,2.02928e6,-1.1044220466327144,-0.8619484131774695,TIME_LIMIT,448312,0,0,11,4
5,8,2.029423e6,-1.1044220466327144,-0.8619484131774695,TIME_LIMIT,448329,0,0,7,7
5,8,2.02948e6,-1.1044193118188512,-0.8619484131774695,TIME_LIMIT,448350,0,0,8,4
5,8,2.02962e6,-1.1044193118188512,-0.8619484131774695,TIME_LIMIT,448381,0,0,9,25
5,8,2.0298e6,-1.104419136946459,-0.8619484131774695,TIME_LIMIT,448412,0,0,12,18
5,8,2.029953e6,-1.104419136946459,-0.8619484131774695,TIME_LIMIT,448435,0,0,9,18
5,8,2.030204e6,-1.1044186242650427,-0.8619484131774695,TIME_LIMIT,448469,0,0,16,8
5,8,2.030393e6,-1.1044186242650427,-0.8619484131774695,TIME_LIMIT,448498,0,0,16,8
5,8,2.030622e6,-1.104411020514223,-0.8619484131774695,TIME_LIMIT,448522,0,0,16,14
5,8,2.030727e6,-1.104411020514223,-0.8619484131774695,TIME_LIMIT,448547,0,0,13,11
5,8,2.030818e6,-1.104407555881849,-0.8619484131774695,TIME_LIMIT,448568,0,0,13,15
5,8,2.031001e6,-1.104407555881849,-0.8619484131774695,TIME_LIMIT,448603,0,0,17,16
5,8,2.031097e6,-1.1043974549415676,-0.8619484131774695,TIME_LIMIT,448624,0,0,11,7
5,8,2.031294e6,-1.1043974549415676,-0.8619484131774695,TIME_LIMIT,448650,0,0,11,15
5,8,2.031411e6,-1.1043959084417474,-0.8619484131774695,TIME_LIMIT,448680,0,0,8,10
5,8,2.031522e6,-1.1043959084417474,-0.8619484131774695,TIME_LIMIT,448702,0,0,5,7
5,8,2.031592e6,-1.1043935962954508,-0.8619484131774695,TIME_LIMIT,448718,0,0,8,4
5,8,2.031685e6,-1.1043935962954508,-0.8619484131774695,TIME_LIMIT,448742,0,0,18,10
5,8,2.031839e6,-1.1043646753474539,-0.8619484131774695,TIME_LIMIT,448767,0,0,5,6
5,8,2.032056e6,-1.1043646753474539,-0.8619484131774695,TIME_LIMIT,448795,0,0,20,13
5,8,2.032233e6,-1.1043432172757686,-0.8619484131774695,TIME_LIMIT,448829,0,0,15,9
5,8,2.032359e6,-1.1043432172757686,-0.8619484131774695,TIME_LIMIT,448853,0,0,14,9
5,8,2.032517e6,-1.1043418922645152,-0.8619484131774695,TIME_LIMIT,448871,0,0,7,9
5,8,2.032708e6,-1.1043418922645152,-0.8619484131774695,TIME_LIMIT,448896,0,0,14,3
5,8,2.032829e6,-1.1043350896408985,-0.8619484131774695,TIME_LIMIT,448918,0,0,11,3
5,8,2.032901e6,-1.1043350896408985,-0.8619484131774695,TIME_LIMIT,448942,0,0,11,8
5,8,2.032995e6,-1.1043244536292587,-0.8619484131774695,TIME_LIMIT,448965,0,0,5,4
5,8,2.033093e6,-1.1043244536292587,-0.8619484131774695,TIME_LIMIT,448989,0,0,13,7
5,8,2.033185e6,-1.104323823966836,-0.8619484131774695,TIME_LIMIT,449006,0,0,13,9
5,8,2.033319e6,-1.104323823966836,-0.8619484131774695,TIME_LIMIT,449025,0,0,9,14
5,8,2.033441e6,-1.104304084593244,-0.8619484131774695,TIME_LIMIT,449049,0,0,11,3
5,8,2.033601e6,-1.104304084593244,-0.8619484131774695,TIME_LIMIT,449070,0,0,9,8
5,8,2.033713e6,-1.104298001536075,-0.8619484131774695,TIME_LIMIT,449089,0,0,7,1
5,8,2.033812e6,-1.104298001536075,-0.8619484131774695,TIME_LIMIT,449111,0,0,7,8
5,8,2.033987e6,-1.1042910860471629,-0.8619484131774695,TIME_LIMIT,449137,0,0,7,1
5,8,2.034206e6,-1.1042910860471629,-0.8619484131774695,TIME_LIMIT,449163,0,0,11,16
5,8,2.034369e6,-1.1042889419348398,-0.8619484131774695,TIME_LIMIT,449195,0,0,7,8
5,8,2.034583e6,-1.1042889419348398,-0.8619484131774695,TIME_LIMIT,449225,0,0,19,8
5,8,2.034735e6,-1.104286755921514,-0.8619484131774695,TIME_LIMIT,449259,0,0,12,9
5,8,2.034839e6,-1.104286755921514,-0.8619484131774695,TIME_LIMIT,449277,0,0,7,7
5,8,2.034938e6,-1.1042867521163398,-0.8619484131774695,TIME_LIMIT,449298,0,0,5,3
5,8,2.035037e6,-1.1042867521163398,-0.8619484131774695,TIME_LIMIT,449316,0,0,14,12
5,8,2.035219e6,-1.104283655191333,-0.8619484131774695,TIME_LIMIT,449349,0,0,10,6
5,8,2.035281e6,-1.104283655191333,-0.8619484131774695,TIME_LIMIT,449365,0,0,10,7
5,8,2.035345e6,-1.1042807209347982,-0.8619484131774695,TIME_LIMIT,449385,0,0,6,5
5,8,2.035541e6,-1.1042807209347982,-0.8619484131774695,TIME_LIMIT,449419,0,0,23,12
5,8,2.035722e6,-1.1042765836541815,-0.8619484131774695,TIME_LIMIT,449444,0,0,14,11
5,8,2.035856e6,-1.1042765836541815,-0.8619484131774695,TIME_LIMIT,449467,0,0,19,17
5,8,2.036021e6,-1.1042725707659824,-0.8619484131774695,TIME_LIMIT,449503,0,0,8,11
5,8,2.036106e6,-1.1042725707659824,-0.8619484131774695,TIME_LIMIT,449524,0,0,12,11
5,8,2.036165e6,-1.104265760034155,-0.8619484131774695,TIME_LIMIT,449546,0,0,10,7
5,8,2.036228e6,-1.104265760034155,-0.8619484131774695,TIME_LIMIT,449560,0,0,11,12
5,8,2.036311e6,-1.1042626773614819,-0.8619484131774695,TIME_LIMIT,449583,0,0,8,8
5,8,2.036386e6,-1.1042626773614819,-0.8619484131774695,TIME_LIMIT,449601,0,0,8,5
5,8,2.036427e6,-1.1042614657292167,-0.8619484131774695,TIME_LIMIT,449619,0,0,1,6
5,8,2.036634e6,-1.1042614657292167,-0.8619484131774695,TIME_LIMIT,449643,0,0,8,8
5,8,2.036767e6,-1.10425718823519,-0.8619484131774695,TIME_LIMIT,449666,0,0,6,7
5,8,2.036878e6,-1.10425718823519,-0.8619484131774695,TIME_LIMIT,449687,0,0,10,9
5,8,2.036934e6,-1.1042565106562474,-0.8619484131774695,TIME_LIMIT,449707,0,0,11,5
5,8,2.037083e6,-1.1042565106562474,-0.8619484131774695,TIME_LIMIT,449728,0,0,17,20
5,8,2.037168e6,-1.1042531901091315,-0.8619484131774695,TIME_LIMIT,449753,0,0,6,7
5,8,2.037277e6,-1.1042531901091315,-0.8619484131774695,TIME_LIMIT,449776,0,0,10,5
5,8,2.037317e6,-1.104249891919506,-0.8619484131774695,TIME_LIMIT,449795,0,0,12,2
5,8,2.037373e6,-1.104249891919506,-0.8619484131774695,TIME_LIMIT,449809,0,0,4,2
5,8,2.037449e6,-1.1042441107254197,-0.8619484131774695,TIME_LIMIT,449823,0,0,5,3
5,8,2.037547e6,-1.1042441107254197,-0.8619484131774695,TIME_LIMIT,449843,0,0,15,17
5,8,2.0377e6,-1.1042321994689366,-0.8619484131774695,TIME_LIMIT,449876,0,0,13,10
5,8,2.03788e6,-1.1042321994689366,-0.8619484131774695,TIME_LIMIT,449897,0,0,14,6
5,8,2.037964e6,-1.1042188282800578,-0.8619484131774695,TIME_LIMIT,449921,0,0,9,5
5,8,2.038078e6,-1.1042188282800578,-0.8619484131774695,TIME_LIMIT,449945,0,0,14,22
5,8,2.03814e6,-1.1042148748501441,-0.8619484131774695,TIME_LIMIT,449970,0,0,15,2
5,8,2.038302e6,-1.1042148748501441,-0.8619484131774695,TIME_LIMIT,449997,0,0,13,10
5,8,2.038434e6,-1.1042134978453844,-0.8619484131774695,TIME_LIMIT,450027,0,0,6,10
5,8,2.038585e6,-1.1042134978453844,-0.8619484131774695,TIME_LIMIT,450052,0,0,15,13
5,8,2.038713e6,-1.1042131409116838,-0.8619484131774695,TIME_LIMIT,450074,0,0,15,4
5,8,2.038936e6,-1.1042131409116838,-0.8619484131774695,TIME_LIMIT,450100,0,0,10,21
5,8,2.039078e6,-1.104208703567465,-0.8619484131774695,TIME_LIMIT,450131,0,0,10,11
5,8,2.039195e6,-1.104208703567465,-0.8619484131774695,TIME_LIMIT,450147,0,0,10,4
5,8,2.039389e6,-1.1042074551396976,-0.8619484131774695,TIME_LIMIT,450179,0,0,10,2
5,8,2.039524e6,-1.1042074551396976,-0.8619484131774695,TIME_LIMIT,450201,0,0,20,14
5,8,2.039646e6,-1.1042060636609965,-0.8619484131774695,TIME_LIMIT,450230,0,0,11,7
5,8,2.039722e6,-1.1042060636609965,-0.8619484131774695,TIME_LIMIT,450248,0,0,10,6
5,8,2.039802e6,-1.104203994113364,-0.8619484131774695,TIME_LIMIT,450261,0,0,8,5
5,8,2.03994e6,-1.104203994113364,-0.8619484131774695,TIME_LIMIT,450281,0,0,17,18
5,8,2.040104e6,-1.1042025383207936,-0.8619484131774695,TIME_LIMIT,450317,0,0,10,7
5,8,2.040309e6,-1.1042025383207936,-0.8619484131774695,TIME_LIMIT,450340,0,0,7,8
5,8,2.040397e6,-1.1042014146284225,-0.8619484131774695,TIME_LIMIT,450357,0,0,5,7
5,8,2.04054e6,-1.1042014146284225,-0.8619484131774695,TIME_LIMIT,450388,0,0,20,22
5,8,2.040724e6,-1.1042000347016308,-0.8619484131774695,TIME_LIMIT,450419,0,0,18,15
5,8,2.040973e6,-1.1042000347016308,-0.8619484131774695,TIME_LIMIT,450446,0,0,9,9
5,8,2.041076e6,-1.10418752746597,-0.8619484131774695,TIME_LIMIT,450472,0,0,6,5
5,8,2.041198e6,-1.10418752746597,-0.8619484131774695,TIME_LIMIT,450493,0,0,15,9
5,8,2.041319e6,-1.1041855973957326,-0.8619484131774695,TIME_LIMIT,450517,0,0,17,5
5,8,2.041435e6,-1.1041855973957326,-0.8619484131774695,TIME_LIMIT,450540,0,0,15,10
5,8,2.041521e6,-1.1041804162093456,-0.8619484131774695,TIME_LIMIT,450557,0,0,10,7
5,8,2.041714e6,-1.1041804162093456,-0.8619484131774695,TIME_LIMIT,450581,0,0,15,21
5,8,2.041887e6,-1.104179653681648,-0.8619484131774695,TIME_LIMIT,450616,0,0,8,6
5,8,2.041977e6,-1.104179653681648,-0.8619484131774695,TIME_LIMIT,450635,0,0,22,19
5,8,2.042238e6,-1.1041741591654644,-0.8619484131774695,TIME_LIMIT,450672,0,0,17,8
5,8,2.042374e6,-1.1041741591654644,-0.8619484131774695,TIME_LIMIT,450692,0,0,6,11
5,8,2.042418e6,-1.1041689724180577,-0.8619484131774695,TIME_LIMIT,450709,0,0,8,1
5,8,2.042515e6,-1.1041689724180577,-0.8619484131774695,TIME_LIMIT,450731,0,0,24,15
5,8,2.042726e6,-1.1041680969955385,-0.8619484131774695,TIME_LIMIT,450768,0,0,14,12
5,8,2.042883e6,-1.1041680969955385,-0.8619484131774695,TIME_LIMIT,450795,0,0,19,14
5,8,2.043048e6,-1.104163516522137,-0.8619484131774695,TIME_LIMIT,450830,0,0,8,8
5,8,2.043095e6,-1.104163516522137,-0.8619484131774695,TIME_LIMIT,450845,0,0,6,2
5,8,2.043116e6,-1.1041586240393277,-0.8619484131774695,TIME_LIMIT,450849,0,0,1,0
5,8,2.043283e6,-1.1041586240393277,-0.8619484131774695,TIME_LIMIT,450875,0,0,9,6
5,8,2.043369e6,-1.1041535754552902,-0.8619484131774695,TIME_LIMIT,450893,0,0,7,4
5,8,2.04357e6,-1.1041535754552902,-0.8619484131774695,TIME_LIMIT,450917,0,0,10,4
5,8,2.043656e6,-1.1041529542053092,-0.8619484131774695,TIME_LIMIT,450940,0,0,6,11
5,8,2.043734e6,-1.1041529542053092,-0.8619484131774695,TIME_LIMIT,450956,0,0,9,14
5,8,2.043801e6,-1.1041439308365317,-0.8619484131774695,TIME_LIMIT,450973,0,0,4,4
5,8,2.04402e6,-1.1041439308365317,-0.8619484131774695,TIME_LIMIT,451002,0,0,14,11
5,8,2.044103e6,-1.1041435404326725,-0.8619484131774695,TIME_LIMIT,451026,0,0,13,2
5,8,2.044207e6,-1.1041435404326725,-0.8619484131774695,TIME_LIMIT,451058,0,0,20,5
5,8,2.04439e6,-1.104142591555198,-0.8619484131774695,TIME_LIMIT,451079,0,0,11,11
5,8,2.044562e6,-1.104142591555198,-0.8619484131774695,TIME_LIMIT,451106,0,0,11,10
5,8,2.044678e6,-1.1041422307345372,-0.8619484131774695,TIME_LIMIT,451131,0,0,15,5
5,8,2.04485e6,-1.1041422307345372,-0.8619484131774695,TIME_LIMIT,451154,0,0,16,13
5,8,2.044898e6,-1.1041407485182249,-0.8619484131774695,TIME_LIMIT,451173,0,0,13,5
5,8,2.044991e6,-1.1041407485182249,-0.8619484131774695,TIME_LIMIT,451194,0,0,12,12
5,8,2.045034e6,-1.1041364380080894,-0.8619484131774695,TIME_LIMIT,451215,0,0,5,8
5,8,2.045143e6,-1.1041364380080894,-0.8619484131774695,TIME_LIMIT,451233,0,0,13,14
5,8,2.045231e6,-1.1041344377992042,-0.8619484131774695,TIME_LIMIT,451259,0,0,13,5
5,8,2.045327e6,-1.1041344377992042,-0.8619484131774695,TIME_LIMIT,451279,0,0,11,13
5,8,2.045391e6,-1.1041213059914212,-0.8619484131774695,TIME_LIMIT,451302,0,0,8,4
5,8,2.045523e6,-1.1041213059914212,-0.8619484131774695,TIME_LIMIT,451329,0,0,10,11
5,8,2.045639e6,-1.104117782015622,-0.8619484131774695,TIME_LIMIT,451349,0,0,8,5
5,8,2.045757e6,-1.104117782015622,-0.8619484131774695,TIME_LIMIT,451374,0,0,9,20
5,8,2.045843e6,-1.104113171160715,-0.8619484131774695,TIME_LIMIT,451398,0,0,7,4
5,8,2.04599e6,-1.104113171160715,-0.8619484131774695,TIME_LIMIT,451427,0,0,22,21
5,8,2.046156e6,-1.1041119343829764,-0.8619484131774695,TIME_LIMIT,451452,0,0,8,7
5,8,2.046233e6,-1.1041119343829764,-0.8619484131774695,TIME_LIMIT,451476,0,0,16,13
5,8,2.046373e6,-1.1041106639590712,-0.8619484131774695,TIME_LIMIT,451495,0,0,10,3
5,8,2.046615e6,-1.1041106639590712,-0.8619484131774695,TIME_LIMIT,451526,0,0,20,7
5,8,2.046747e6,-1.1041003385480561,-0.8619484131774695,TIME_LIMIT,451542,0,0,11,12
5,8,2.047015e6,-1.1041003385480561,-0.8619484131774695,TIME_LIMIT,451568,0,0,13,7
5,8,2.047075e6,-1.1040990305571061,-0.8619484131774695,TIME_LIMIT,451588,0,0,13,4
5,8,2.04724e6,-1.1040990305571061,-0.8619484131774695,TIME_LIMIT,451605,0,0,19,9
5,8,2.047406e6,-1.1040946666408775,-0.8619484131774695,TIME_LIMIT,451637,0,0,14,5
5,8,2.047583e6,-1.1040946666408775,-0.8619484131774695,TIME_LIMIT,451665,0,0,12,9
5,8,2.047745e6,-1.104091582352979,-0.8619484131774695,TIME_LIMIT,451691,0,0,13,13
5,8,2.047848e6,-1.104091582352979,-0.8619484131774695,TIME_LIMIT,451709,0,0,11,9
5,8,2.047896e6,-1.1040839532301128,-0.8619484131774695,TIME_LIMIT,451725,0,0,6,1
5,8,2.048013e6,-1.1040839532301128,-0.8619484131774695,TIME_LIMIT,451757,0,0,8,6
5,8,2.048119e6,-1.1040836483566525,-0.8619484131774695,TIME_LIMIT,451773,0,0,10,4
5,8,2.04823e6,-1.1040836483566525,-0.8619484131774695,TIME_LIMIT,451794,0,0,20,15
5,8,2.048355e6,-1.1040710897191746,-0.8619484131774695,TIME_LIMIT,451833,0,0,6,10
5,8,2.048493e6,-1.1040710897191746,-0.8619484131774695,TIME_LIMIT,451860,0,0,13,16
5,8,2.048691e6,-1.1040609884440409,-0.8619484131774695,TIME_LIMIT,451897,0,0,13,6
5,8,2.048879e6,-1.1040609884440409,-0.8619484131774695,TIME_LIMIT,451926,0,0,14,14
5,8,2.049032e6,-1.1040561664310953,-0.8619484131774695,TIME_LIMIT,451963,0,0,14,5
5,8,2.04915e6,-1.1040561664310953,-0.8619484131774695,TIME_LIMIT,451986,0,0,13,12
5,8,2.0493e6,-1.1040515823018857,-0.8619484131774695,TIME_LIMIT,452015,0,0,10,4
5,8,2.049498e6,-1.1040515823018857,-0.8619484131774695,TIME_LIMIT,452045,0,0,10,10
5,8,2.049633e6,-1.104050600704264,-0.8619484131774695,TIME_LIMIT,452070,0,0,9,3
5,8,2.049758e6,-1.104050600704264,-0.8619484131774695,TIME_LIMIT,452091,0,0,10,12
5,8,2.049816e6,-1.1040412675033866,-0.8619484131774695,TIME_LIMIT,452112,0,0,7,3
5,8,2.049904e6,-1.1040412675033866,-0.8619484131774695,TIME_LIMIT,452138,0,0,13,14
5,8,2.050101e6,-1.1040381811699334,-0.8619484131774695,TIME_LIMIT,452176,0,0,10,11
5,8,2.050167e6,-1.1040381811699334,-0.8619484131774695,TIME_LIMIT,452189,0,0,5,2
5,8,2.050205e6,-1.1040375670602058,-0.8619484131774695,TIME_LIMIT,452200,0,0,3,1
5,8,2.050291e6,-1.1040375670602058,-0.8619484131774695,TIME_LIMIT,452221,0,0,13,10
5,8,2.050429e6,-1.1040304273261958,-0.8619484131774695,TIME_LIMIT,452253,0,0,6,5
5,8,2.050562e6,-1.1040304273261958,-0.8619484131774695,TIME_LIMIT,452279,0,0,20,14
5,8,2.050793e6,-1.1040292807469947,-0.8619484131774695,TIME_LIMIT,452319,0,0,19,12
5,8,2.050896e6,-1.1040292807469947,-0.8619484131774695,TIME_LIMIT,452345,0,0,12,6
5,8,2.050975e6,-1.1040250326165229,-0.8619484131774695,TIME_LIMIT,452365,0,0,4,5
5,8,2.051083e6,-1.1040250326165229,-0.8619484131774695,TIME_LIMIT,452388,0,0,13,11
5,8,2.051132e6,-1.1040200130450608,-0.8619484131774695,TIME_LIMIT,452412,0,0,12,1
5,8,2.051347e6,-1.1040200130450608,-0.8619484131774695,TIME_LIMIT,452441,0,0,5,10
5,8,2.05148e6,-1.104019383800176,-0.8619484131774695,TIME_LIMIT,452469,0,0,10,5
5,8,2.051519e6,-1.104019383800176,-0.8619484131774695,TIME_LIMIT,452485,0,0,11,3
5,8,2.051636e6,-1.1040176438144504,-0.8619484131774695,TIME_LIMIT,452503,0,0,9,6
5,8,2.051755e6,-1.1040176438144504,-0.8619484131774695,TIME_LIMIT,452528,0,0,11,13
5,8,2.051805e6,-1.104016866434259,-0.8619484131774695,TIME_LIMIT,452547,0,0,5,9
5,8,2.051901e6,-1.104016866434259,-0.8619484131774695,TIME_LIMIT,452565,0,0,12,5
5,8,2.052076e6,-1.1040124789744334,-0.8619484131774695,TIME_LIMIT,452586,0,0,11,8
5,8,2.052235e6,-1.1040124789744334,-0.8619484131774695,TIME_LIMIT,452605,0,0,10,4
5,8,2.052268e6,-1.1040075802022002,-0.8619484131774695,TIME_LIMIT,452624,0,0,10,7
5,8,2.052386e6,-1.1040075802022002,-0.8619484131774695,TIME_LIMIT,452642,0,0,7,8
5,8,2.052418e6,-1.1040052673050615,-0.8619484131774695,TIME_LIMIT,452657,0,0,9,1
5,8,2.052566e6,-1.1040052673050615,-0.8619484131774695,TIME_LIMIT,452686,0,0,15,14
5,8,2.052641e6,-1.1040013520235092,-0.8619484131774695,TIME_LIMIT,452706,0,0,10,4
5,8,2.052756e6,-1.1040013520235092,-0.8619484131774695,TIME_LIMIT,452727,0,0,13,22
5,8,2.052862e6,-1.1039989953258984,-0.8619484131774695,TIME_LIMIT,452748,0,0,8,7
5,8,2.052914e6,-1.1039989953258984,-0.8619484131774695,TIME_LIMIT,452769,0,0,9,4
5,8,2.052986e6,-1.1039905998153803,-0.8619484131774695,TIME_LIMIT,452786,0,0,10,6
5,8,2.053197e6,-1.1039905998153803,-0.8619484131774695,TIME_LIMIT,452813,0,0,13,17
5,8,2.053417e6,-1.103981644525117,-0.8619484131774695,TIME_LIMIT,452850,0,0,15,12
5,8,2.053658e6,-1.103981644525117,-0.8619484131774695,TIME_LIMIT,452878,0,0,17,20
5,8,2.053896e6,-1.1039755410782182,-0.8619484131774695,TIME_LIMIT,452900,0,0,15,7
5,8,2.054128e6,-1.1039755410782182,-0.8619484131774695,TIME_LIMIT,452928,0,0,16,13
5,8,2.054367e6,-1.103966253470181,-0.8619484131774695,TIME_LIMIT,452963,0,0,9,5
5,8,2.054504e6,-1.103966253470181,-0.8619484131774695,TIME_LIMIT,452988,0,0,12,16
5,8,2.05461e6,-1.10396265698949,-0.8619484131774695,TIME_LIMIT,453020,0,0,11,13
5,8,2.054693e6,-1.10396265698949,-0.8619484131774695,TIME_LIMIT,453037,0,0,15,18
5,8,2.054808e6,-1.1039562453828082,-0.8619484131774695,TIME_LIMIT,453065,0,0,9,11
5,8,2.054989e6,-1.1039562453828082,-0.8619484131774695,TIME_LIMIT,453093,0,0,13,12
5,8,2.055185e6,-1.103954850105505,-0.8619484131774695,TIME_LIMIT,453121,0,0,14,10
5,8,2.055437e6,-1.103954850105505,-0.8619484131774695,TIME_LIMIT,453149,0,0,16,16
5,8,2.055551e6,-1.1039495621674802,-0.8619484131774695,TIME_LIMIT,453177,0,0,18,10
5,8,2.055684e6,-1.1039495621674802,-0.8619484131774695,TIME_LIMIT,453194,0,0,8,8
5,8,2.055846e6,-1.1039462229117902,-0.8619484131774695,TIME_LIMIT,453225,0,0,8,7
5,8,2.055924e6,-1.1039462229117902,-0.8619484131774695,TIME_LIMIT,453244,0,0,6,2
5,8,2.055956e6,-1.1039334608047053,-0.8619484131774695,TIME_LIMIT,453257,0,0,3,0
5,8,2.056057e6,-1.1039334608047053,-0.8619484131774695,TIME_LIMIT,453279,0,0,18,14
5,8,2.056224e6,-1.1039308911362469,-0.8619484131774695,TIME_LIMIT,453316,0,0,12,5
5,8,2.056298e6,-1.1039308911362469,-0.8619484131774695,TIME_LIMIT,453340,0,0,12,4
5,8,2.056368e6,-1.1039156605902485,-0.8619484131774695,TIME_LIMIT,453356,0,0,7,2
5,8,2.056503e6,-1.1039156605902485,-0.8619484131774695,TIME_LIMIT,453376,0,0,9,9
5,8,2.056583e6,-1.1039043331074474,-0.8619484131774695,TIME_LIMIT,453397,0,0,8,3
5,8,2.056727e6,-1.1039043331074474,-0.8619484131774695,TIME_LIMIT,453424,0,0,9,18
5,8,2.056952e6,-1.1039038883749197,-0.8619484131774695,TIME_LIMIT,453463,0,0,16,17
5,8,2.057067e6,-1.1039038883749197,-0.8619484131774695,TIME_LIMIT,453483,0,0,13,10
5,8,2.057111e6,-1.1038959177019154,-0.8619484131774695,TIME_LIMIT,453498,0,0,5,2
5,8,2.057158e6,-1.1038959177019154,-0.8619484131774695,TIME_LIMIT,453521,0,0,13,15
5,8,2.057263e6,-1.1038940843492422,-0.8619484131774695,TIME_LIMIT,453554,0,0,7,6
5,8,2.057372e6,-1.1038940843492422,-0.8619484131774695,TIME_LIMIT,453568,0,0,8,14
5,8,2.057421e6,-1.1038932527156362,-0.8619484131774695,TIME_LIMIT,453586,0,0,6,6
5,8,2.057571e6,-1.1038932527156362,-0.8619484131774695,TIME_LIMIT,453612,0,0,15,5
5,8,2.057637e6,-1.1038919286239453,-0.8619484131774695,TIME_LIMIT,453630,0,0,8,1
5,8,2.057696e6,-1.1038919286239453,-0.8619484131774695,TIME_LIMIT,453647,0,0,6,16
5,8,2.057803e6,-1.1038912467907773,-0.8619484131774695,TIME_LIMIT,453676,0,0,9,5
5,8,2.057975e6,-1.1038912467907773,-0.8619484131774695,TIME_LIMIT,453704,0,0,9,8
5,8,2.058022e6,-1.1038904108178627,-0.8619484131774695,TIME_LIMIT,453729,0,0,10,2
5,8,2.058248e6,-1.1038904108178627,-0.8619484131774695,TIME_LIMIT,453754,0,0,14,13
5,8,2.058319e6,-1.1038889387349435,-0.8619484131774695,TIME_LIMIT,453773,0,0,8,4
5,8,2.058412e6,-1.1038889387349435,-0.8619484131774695,TIME_LIMIT,453793,0,0,9,16
5,8,2.058597e6,-1.1038860849437169,-0.8619484131774695,TIME_LIMIT,453818,0,0,9,5
5,8,2.05871e6,-1.1038860849437169,-0.8619484131774695,TIME_LIMIT,453845,0,0,19,12
5,8,2.058839e6,-1.10387776119968,-0.8619484131774695,TIME_LIMIT,453873,0,0,15,8
5,8,2.058995e6,-1.10387776119968,-0.8619484131774695,TIME_LIMIT,453896,0,0,20,10
5,8,2.0591e6,-1.1038768804610415,-0.8619484131774695,TIME_LIMIT,453911,0,0,12,13
5,8,2.059297e6,-1.1038768804610415,-0.8619484131774695,TIME_LIMIT,453933,0,0,17,11
5,8,2.059386e6,-1.1038727177067023,-0.8619484131774695,TIME_LIMIT,453955,0,0,15,6
5,8,2.059545e6,-1.1038727177067023,-0.8619484131774695,TIME_LIMIT,453990,0,0,17,15
5,8,2.05972e6,-1.103870041580385,-0.8619484131774695,TIME_LIMIT,454017,0,0,16,11
5,8,2.059923e6,-1.103870041580385,-0.8619484131774695,TIME_LIMIT,454042,0,0,8,16
5,8,2.060152e6,-1.1038606077308737,-0.8619484131774695,TIME_LIMIT,454076,0,0,19,12
5,8,2.060254e6,-1.1038606077308737,-0.8619484131774695,TIME_LIMIT,454089,0,0,11,5
5,8,2.060273e6,-1.1038552128016015,-0.8619484131774695,TIME_LIMIT,454098,0,0,3,0
5,8,2.060456e6,-1.1038552128016015,-0.8619484131774695,TIME_LIMIT,454123,0,0,22,30
5,8,2.060637e6,-1.1038538237517324,-0.8619484131774695,TIME_LIMIT,454162,0,0,7,10
5,8,2.060735e6,-1.1038538237517324,-0.8619484131774695,TIME_LIMIT,454187,0,0,15,20
5,8,2.060851e6,-1.1038484861250204,-0.8619484131774695,TIME_LIMIT,454226,0,0,14,13
5,8,2.060938e6,-1.1038484861250204,-0.8619484131774695,TIME_LIMIT,454243,0,0,12,7
5,8,2.06098e6,-1.1038418231120701,-0.8619484131774695,TIME_LIMIT,454257,0,0,7,6
5,8,2.061103e6,-1.1038418231120701,-0.8619484131774695,TIME_LIMIT,454285,0,0,6,5
5,8,2.061264e6,-1.1038274283324006,-0.8619484131774695,TIME_LIMIT,454309,0,0,16,5
5,8,2.061365e6,-1.1038274283324006,-0.8619484131774695,TIME_LIMIT,454330,0,0,6,8
5,8,2.0615e6,-1.1038205565837944,-0.8619484131774695,TIME_LIMIT,454348,0,0,10,1
5,8,2.061583e6,-1.1038205565837944,-0.8619484131774695,TIME_LIMIT,454368,0,0,12,10
5,8,2.06169e6,-1.1038118944449216,-0.8619484131774695,TIME_LIMIT,454395,0,0,9,5
5,8,2.06176e6,-1.1038118944449216,-0.8619484131774695,TIME_LIMIT,454410,0,0,7,7
5,8,2.0619e6,-1.1038112764685069,-0.8619484131774695,TIME_LIMIT,454433,0,0,7,4
5,8,2.061951e6,-1.1038112764685069,-0.8619484131774695,TIME_LIMIT,454451,0,0,11,4
5,8,2.062053e6,-1.1038091909880188,-0.8619484131774695,TIME_LIMIT,454471,0,0,9,2
5,8,2.062174e6,-1.1038091909880188,-0.8619484131774695,TIME_LIMIT,454492,0,0,19,19
5,8,2.062289e6,-1.1038061767768177,-0.8619484131774695,TIME_LIMIT,454518,0,0,15,3
5,8,2.062391e6,-1.1038061767768177,-0.8619484131774695,TIME_LIMIT,454538,0,0,14,16
5,8,2.062506e6,-1.103805873671005,-0.8619484131774695,TIME_LIMIT,454566,0,0,12,10
5,8,2.062707e6,-1.103805873671005,-0.8619484131774695,TIME_LIMIT,454596,0,0,17,26
5,8,2.062844e6,-1.1038017210990771,-0.8619484131774695,TIME_LIMIT,454625,0,0,12,13
5,8,2.062926e6,-1.1038017210990771,-0.8619484131774695,TIME_LIMIT,454647,0,0,6,4
5,8,2.063063e6,-1.1037825679309003,-0.8619484131774695,TIME_LIMIT,454674,0,0,11,10
5,8,2.063226e6,-1.1037825679309003,-0.8619484131774695,TIME_LIMIT,454709,0,0,17,21
5,8,2.063386e6,-1.1037796178587913,-0.8619484131774695,TIME_LIMIT,454739,0,0,14,14
5,8,2.063599e6,-1.1037796178587913,-0.8619484131774695,TIME_LIMIT,454765,0,0,15,43
5,8,2.063773e6,-1.103777921919738,-0.8619484131774695,TIME_LIMIT,454803,0,0,15,11
5,8,2.063892e6,-1.103777921919738,-0.8619484131774695,TIME_LIMIT,454825,0,0,19,7
5,8,2.063965e6,-1.1037735391906975,-0.8619484131774695,TIME_LIMIT,454847,0,0,14,9
5,8,2.064203e6,-1.1037735391906975,-0.8619484131774695,TIME_LIMIT,454863,0,0,14,24
5,8,2.064435e6,-1.103773451576466,-0.8619484131774695,TIME_LIMIT,454898,0,0,14,10
5,8,2.064522e6,-1.103773451576466,-0.8619484131774695,TIME_LIMIT,454921,0,0,14,16
5,8,2.064685e6,-1.103769426609353,-0.8619484131774695,TIME_LIMIT,454949,0,0,5,4
5,8,2.064782e6,-1.103769426609353,-0.8619484131774695,TIME_LIMIT,454979,0,0,8,15
5,8,2.065006e6,-1.1037626677655075,-0.8619484131774695,TIME_LIMIT,455006,0,0,8,10
5,8,2.065163e6,-1.1037626677655075,-0.8619484131774695,TIME_LIMIT,455033,0,0,14,8
5,8,2.065295e6,-1.1037596345866247,-0.8619484131774695,TIME_LIMIT,455063,0,0,11,12
5,8,2.065494e6,-1.1037596345866247,-0.8619484131774695,TIME_LIMIT,455092,0,0,15,10
5,8,2.065601e6,-1.1037570157316194,-0.8619484131774695,TIME_LIMIT,455116,0,0,14,4
5,8,2.065751e6,-1.1037570157316194,-0.8619484131774695,TIME_LIMIT,455130,0,0,8,3
5,8,2.065783e6,-1.1037488430551088,-0.8619484131774695,TIME_LIMIT,455145,0,0,8,0
5,8,2.065903e6,-1.1037488430551088,-0.8619484131774695,TIME_LIMIT,455169,0,0,28,38
5,8,2.066115e6,-1.1037412232605013,-0.8619484131774695,TIME_LIMIT,455206,0,0,9,8
5,8,2.066319e6,-1.1037412232605013,-0.8619484131774695,TIME_LIMIT,455230,0,0,14,11
5,8,2.066461e6,-1.1037400748382564,-0.8619484131774695,TIME_LIMIT,455265,0,0,15,11
5,8,2.066492e6,-1.1037400748382564,-0.8619484131774695,TIME_LIMIT,455280,0,0,9,11
5,8,2.066574e6,-1.1037374384106244,-0.8619484131774695,TIME_LIMIT,455302,0,0,7,1
5,8,2.066695e6,-1.1037374384106244,-0.8619484131774695,TIME_LIMIT,455326,0,0,8,7
5,8,2.066764e6,-1.1037367011365915,-0.8619484131774695,TIME_LIMIT,455353,0,0,12,3
5,8,2.066852e6,-1.1037367011365915,-0.8619484131774695,TIME_LIMIT,455379,0,0,1,8
5,8,2.06689e6,-1.103734487885339,-0.8619484131774695,TIME_LIMIT,455385,0,0,1,2
5,8,2.067039e6,-1.103734487885339,-0.8619484131774695,TIME_LIMIT,455409,0,0,8,5
5,8,2.067116e6,-1.103730383352295,-0.8619484131774695,TIME_LIMIT,455433,0,0,20,1
5,8,2.067213e6,-1.103730383352295,-0.8619484131774695,TIME_LIMIT,455459,0,0,20,19
5,8,2.067335e6,-1.1037303409757684,-0.8619484131774695,TIME_LIMIT,455485,0,0,15,8
5,8,2.06759e6,-1.1037303409757684,-0.8619484131774695,TIME_LIMIT,455508,0,0,9,25
5,8,2.067824e6,-1.1037268888075353,-0.8619484131774695,TIME_LIMIT,455547,0,0,13,11
5,8,2.068108e6,-1.1037268888075353,-0.8619484131774695,TIME_LIMIT,455572,0,0,15,17
5,8,2.068205e6,-1.103718066177441,-0.8619484131774695,TIME_LIMIT,455596,0,0,5,6
5,8,2.068324e6,-1.103718066177441,-0.8619484131774695,TIME_LIMIT,455620,0,0,14,13
5,8,2.068412e6,-1.1037154510368374,-0.8619484131774695,TIME_LIMIT,455646,0,0,5,3
5,8,2.068568e6,-1.1037154510368374,-0.8619484131774695,TIME_LIMIT,455666,0,0,7,11
5,8,2.068618e6,-1.103701465927182,-0.8619484131774695,TIME_LIMIT,455686,0,0,7,3
5,8,2.068742e6,-1.103701465927182,-0.8619484131774695,TIME_LIMIT,455714,0,0,13,14
5,8,2.068871e6,-1.103700514731912,-0.8619484131774695,TIME_LIMIT,455734,0,0,10,7
5,8,2.068999e6,-1.103700514731912,-0.8619484131774695,TIME_LIMIT,455767,0,0,8,14
5,8,2.069179e6,-1.1036938557525797,-0.8619484131774695,TIME_LIMIT,455795,0,0,6,8
5,8,2.069399e6,-1.1036938557525797,-0.8619484131774695,TIME_LIMIT,455816,0,0,8,9
5,8,2.069508e6,-1.103692777483917,-0.8619484131774695,TIME_LIMIT,455843,0,0,20,9
5,8,2.069665e6,-1.103692777483917,-0.8619484131774695,TIME_LIMIT,455874,0,0,14,9
5,8,2.069802e6,-1.1036855223155566,-0.8619484131774695,TIME_LIMIT,455901,0,0,17,11
5,8,2.069971e6,-1.1036855223155566,-0.8619484131774695,TIME_LIMIT,455926,0,0,24,9
5,8,2.070204e6,-1.1036825896675153,-0.8619484131774695,TIME_LIMIT,455963,0,0,18,5
5,8,2.070419e6,-1.1036825896675153,-0.8619484131774695,TIME_LIMIT,455990,0,0,19,19
5,8,2.070572e6,-1.103673885433055,-0.8619484131774695,TIME_LIMIT,456022,0,0,18,7
5,8,2.070777e6,-1.103673885433055,-0.8619484131774695,TIME_LIMIT,456048,0,0,15,21
5,8,2.070921e6,-1.1036683688224236,-0.8619484131774695,TIME_LIMIT,456079,0,0,12,11
5,8,2.07106e6,-1.1036683688224236,-0.8619484131774695,TIME_LIMIT,456105,0,0,16,12
5,8,2.07118e6,-1.1036609772896906,-0.8619484131774695,TIME_LIMIT,456125,0,0,13,7
5,8,2.071333e6,-1.1036609772896906,-0.8619484131774695,TIME_LIMIT,456143,0,0,14,29
5,8,2.071482e6,-1.1036597927234117,-0.8619484131774695,TIME_LIMIT,456172,0,0,12,5
5,8,2.071621e6,-1.1036597927234117,-0.8619484131774695,TIME_LIMIT,456196,0,0,7,6
5,8,2.071696e6,-1.1036576370367213,-0.8619484131774695,TIME_LIMIT,456218,0,0,12,6
5,8,2.071742e6,-1.1036576370367213,-0.8619484131774695,TIME_LIMIT,456240,0,0,10,11
5,8,2.07189e6,-1.1036427059668945,-0.8619484131774695,TIME_LIMIT,456269,0,0,10,5
5,8,2.071973e6,-1.1036427059668945,-0.8619484131774695,TIME_LIMIT,456287,0,0,13,12
5,8,2.072052e6,-1.1036275982223482,-0.8619484131774695,TIME_LIMIT,456314,0,0,7,7
5,8,2.072167e6,-1.1036275982223482,-0.8619484131774695,TIME_LIMIT,456337,0,0,10,16
5,8,2.07229e6,-1.1036188203870803,-0.8619484131774695,TIME_LIMIT,456351,0,0,5,9
5,8,2.072431e6,-1.1036188203870803,-0.8619484131774695,TIME_LIMIT,456383,0,0,23,19
5,8,2.072546e6,-1.103595660297152,-0.8619484131774695,TIME_LIMIT,456419,0,0,15,8
5,8,2.072707e6,-1.103595660297152,-0.8619484131774695,TIME_LIMIT,456444,0,0,12,31
5,8,2.072948e6,-1.1035838496426489,-0.8619484131774695,TIME_LIMIT,456487,0,0,19,11
5,8,2.073166e6,-1.1035838496426489,-0.8619484131774695,TIME_LIMIT,456515,0,0,19,17
5,8,2.073363e6,-1.1035759497608348,-0.8619484131774695,TIME_LIMIT,456544,0,0,17,6
5,8,2.073461e6,-1.1035759497608348,-0.8619484131774695,TIME_LIMIT,456562,0,0,17,7
5,8,2.073587e6,-1.1035751925146937,-0.8619484131774695,TIME_LIMIT,456583,0,0,11,9
5,8,2.07373e6,-1.1035751925146937,-0.8619484131774695,TIME_LIMIT,456612,0,0,19,22
5,8,2.073945e6,-1.1035728399020335,-0.8619484131774695,TIME_LIMIT,456641,0,0,23,10
5,8,2.074075e6,-1.1035728399020335,-0.8619484131774695,TIME_LIMIT,456664,0,0,15,7
5,8,2.074163e6,-1.1035692208701442,-0.8619484131774695,TIME_LIMIT,456682,0,0,9,4
5,8,2.074275e6,-1.1035692208701442,-0.8619484131774695,TIME_LIMIT,456706,0,0,19,25
5,8,2.074431e6,-1.1035660547870234,-0.8619484131774695,TIME_LIMIT,456734,0,0,11,7
5,8,2.07459e6,-1.1035660547870234,-0.8619484131774695,TIME_LIMIT,456760,0,0,13,4
5,8,2.074666e6,-1.1035619689101548,-0.8619484131774695,TIME_LIMIT,456780,0,0,11,9
5,8,2.074699e6,-1.1035619689101548,-0.8619484131774695,TIME_LIMIT,456793,0,0,7,6
5,8,2.074821e6,-1.1035571374704984,-0.8619484131774695,TIME_LIMIT,456814,0,0,10,5
5,8,2.074982e6,-1.1035571374704984,-0.8619484131774695,TIME_LIMIT,456841,0,0,21,29
5,8,2.075201e6,-1.10355705276488,-0.8619484131774695,TIME_LIMIT,456878,0,0,13,14
5,8,2.075286e6,-1.10355705276488,-0.8619484131774695,TIME_LIMIT,456897,0,0,10,6
5,8,2.075337e6,-1.1035566207120977,-0.8619484131774695,TIME_LIMIT,456918,0,0,8,4
5,8,2.07554e6,-1.1035566207120977,-0.8619484131774695,TIME_LIMIT,456938,0,0,14,24
5,8,2.075657e6,-1.1035534342650353,-0.8619484131774695,TIME_LIMIT,456969,0,0,10,8
5,8,2.0759e6,-1.1035534342650353,-0.8619484131774695,TIME_LIMIT,456996,0,0,14,8
5,8,2.076152e6,-1.1035528354700024,-0.8619484131774695,TIME_LIMIT,457029,0,0,13,15
5,8,2.076257e6,-1.1035528354700024,-0.8619484131774695,TIME_LIMIT,457050,0,0,12,12
5,8,2.076319e6,-1.1035447952817672,-0.8619484131774695,TIME_LIMIT,457071,0,0,11,11
5,8,2.076549e6,-1.1035447952817672,-0.8619484131774695,TIME_LIMIT,457098,0,0,9,17
5,8,2.076763e6,-1.1035447804061558,-0.8619484131774695,TIME_LIMIT,457134,0,0,16,13
5,8,2.076937e6,-1.1035447804061558,-0.8619484131774695,TIME_LIMIT,457159,0,0,15,13
5,8,2.077023e6,-1.1035441268384456,-0.8619484131774695,TIME_LIMIT,457178,0,0,9,1
5,8,2.077126e6,-1.1035441268384456,-0.8619484131774695,TIME_LIMIT,457204,0,0,18,5
5,8,2.07719e6,-1.1035431443979584,-0.8619484131774695,TIME_LIMIT,457226,0,0,14,5
5,8,2.077303e6,-1.1035431443979584,-0.8619484131774695,TIME_LIMIT,457251,0,0,15,20
5,8,2.077509e6,-1.1035330926573337,-0.8619484131774695,TIME_LIMIT,457273,0,0,14,10
5,8,2.07759e6,-1.1035330926573337,-0.8619484131774695,TIME_LIMIT,457294,0,0,3,5
5,8,2.07762e6,-1.1035252736324839,-0.8619484131774695,TIME_LIMIT,457311,0,0,4,7
5,8,2.077725e6,-1.1035252736324839,-0.8619484131774695,TIME_LIMIT,457334,0,0,18,14
5,8,2.077906e6,-1.1035212245545187,-0.8619484131774695,TIME_LIMIT,457368,0,0,12,8
5,8,2.078035e6,-1.1035212245545187,-0.8619484131774695,TIME_LIMIT,457390,0,0,7,12
5,8,2.078216e6,-1.1035192743525335,-0.8619484131774695,TIME_LIMIT,457418,0,0,5,13
5,8,2.078451e6,-1.1035192743525335,-0.8619484131774695,TIME_LIMIT,457439,0,0,16,26
5,8,2.078559e6,-1.1035186130585437,-0.8619484131774695,TIME_LIMIT,457468,0,0,15,8
5,8,2.078614e6,-1.1035186130585437,-0.8619484131774695,TIME_LIMIT,457488,0,0,8,11
5,8,2.078683e6,-1.1034965639455598,-0.8619484131774695,TIME_LIMIT,457501,0,0,6,4
5,8,2.078793e6,-1.1034965639455598,-0.8619484131774695,TIME_LIMIT,457518,0,0,13,8
5,8,2.078888e6,-1.1034953024629837,-0.8619484131774695,TIME_LIMIT,457544,0,0,8,5
5,8,2.079002e6,-1.1034953024629837,-0.8619484131774695,TIME_LIMIT,457562,0,0,15,11
5,8,2.079129e6,-1.1034896682433564,-0.8619484131774695,TIME_LIMIT,457590,0,0,14,5
5,8,2.079279e6,-1.1034896682433564,-0.8619484131774695,TIME_LIMIT,457614,0,0,7,11
5,8,2.079373e6,-1.1034894982242136,-0.8619484131774695,TIME_LIMIT,457638,0,0,13,1
5,8,2.079498e6,-1.1034894982242136,-0.8619484131774695,TIME_LIMIT,457655,0,0,12,11
5,8,2.079561e6,-1.103482750757573,-0.8619484131774695,TIME_LIMIT,457666,0,0,2,6
5,8,2.079673e6,-1.103482750757573,-0.8619484131774695,TIME_LIMIT,457694,0,0,17,22
5,8,2.079872e6,-1.1034753127565575,-0.8619484131774695,TIME_LIMIT,457726,0,0,12,9
5,8,2.080008e6,-1.1034753127565575,-0.8619484131774695,TIME_LIMIT,457757,0,0,20,9
5,8,2.080205e6,-1.1034688864613436,-0.8619484131774695,TIME_LIMIT,457782,0,0,14,12
5,8,2.080255e6,-1.1034688864613436,-0.8619484131774695,TIME_LIMIT,457806,0,0,10,11
5,8,2.080376e6,-1.1034624606842665,-0.8619484131774695,TIME_LIMIT,457827,0,0,11,7
5,8,2.08048e6,-1.1034624606842665,-0.8619484131774695,TIME_LIMIT,457847,0,0,7,13
5,8,2.080603e6,-1.1034623848575844,-0.8619484131774695,TIME_LIMIT,457872,0,0,6,8
5,8,2.080815e6,-1.1034623848575844,-0.8619484131774695,TIME_LIMIT,457897,0,0,25,24
5,8,2.080969e6,-1.1034598887369056,-0.8619484131774695,TIME_LIMIT,457930,0,0,13,5
5,8,2.081046e6,-1.1034598887369056,-0.8619484131774695,TIME_LIMIT,457949,0,0,13,18
5,8,2.081317e6,-1.1034578360416245,-0.8619484131774695,TIME_LIMIT,457977,0,0,9,10
5,8,2.081489e6,-1.1034578360416245,-0.8619484131774695,TIME_LIMIT,458003,0,0,14,44
5,8,2.081769e6,-1.103454280467467,-0.8619484131774695,TIME_LIMIT,458047,0,0,21,14
5,8,2.081983e6,-1.103454280467467,-0.8619484131774695,TIME_LIMIT,458074,0,0,14,14
5,8,2.082151e6,-1.1034533460502272,-0.8619484131774695,TIME_LIMIT,458094,0,0,9,6
5,8,2.082222e6,-1.1034533460502272,-0.8619484131774695,TIME_LIMIT,458113,0,0,10,14
5,8,2.082347e6,-1.1034488705655117,-0.8619484131774695,TIME_LIMIT,458143,0,0,11,8
5,8,2.08248e6,-1.1034488705655117,-0.8619484131774695,TIME_LIMIT,458163,0,0,9,17
5,8,2.082679e6,-1.1034486136954402,-0.8619484131774695,TIME_LIMIT,458196,0,0,10,7
5,8,2.082831e6,-1.1034486136954402,-0.8619484131774695,TIME_LIMIT,458225,0,0,21,21
5,8,2.082938e6,-1.103443263240508,-0.8619484131774695,TIME_LIMIT,458252,0,0,6,5
5,8,2.083085e6,-1.103443263240508,-0.8619484131774695,TIME_LIMIT,458270,0,0,16,14
5,8,2.083146e6,-1.1034416607234834,-0.8619484131774695,TIME_LIMIT,458296,0,0,7,3
5,8,2.083277e6,-1.1034416607234834,-0.8619484131774695,TIME_LIMIT,458322,0,0,20,9
5,8,2.083501e6,-1.1034383226608493,-0.8619484131774695,TIME_LIMIT,458344,0,0,11,13
5,8,2.083595e6,-1.1034383226608493,-0.8619484131774695,TIME_LIMIT,458369,0,0,13,10
5,8,2.083714e6,-1.1034380575253575,-0.8619484131774695,TIME_LIMIT,458393,0,0,15,5
5,8,2.083882e6,-1.1034380575253575,-0.8619484131774695,TIME_LIMIT,458418,0,0,19,12
5,8,2.084066e6,-1.103435470025111,-0.8619484131774695,TIME_LIMIT,458452,0,0,15,11
5,8,2.084131e6,-1.103435470025111,-0.8619484131774695,TIME_LIMIT,458471,0,0,11,13
5,8,2.084457e6,-1.103433303348343,-0.8619484131774695,TIME_LIMIT,458508,0,0,13,11
5,8,2.084503e6,-1.103433303348343,-0.8619484131774695,TIME_LIMIT,458529,0,0,12,9
5,8,2.084647e6,-1.1034303708196216,-0.8619484131774695,TIME_LIMIT,458547,0,0,7,6
5,8,2.084822e6,-1.1034303708196216,-0.8619484131774695,TIME_LIMIT,458573,0,0,15,31
5,8,2.085005e6,-1.1034244295353286,-0.8619484131774695,TIME_LIMIT,458619,0,0,13,9
5,8,2.085207e6,-1.1034244295353286,-0.8619484131774695,TIME_LIMIT,458640,0,0,9,11
5,8,2.085381e6,-1.1034227870719886,-0.8619484131774695,TIME_LIMIT,458665,0,0,8,2
5,8,2.085493e6,-1.1034227870719886,-0.8619484131774695,TIME_LIMIT,458692,0,0,13,7
5,8,2.085645e6,-1.1034195640711437,-0.8619484131774695,TIME_LIMIT,458715,0,0,10,5
5,8,2.085835e6,-1.1034195640711437,-0.8619484131774695,TIME_LIMIT,458738,0,0,12,17
5,8,2.086012e6,-1.1034151134080565,-0.8619484131774695,TIME_LIMIT,458772,0,0,7,9
5,8,2.086151e6,-1.1034151134080565,-0.8619484131774695,TIME_LIMIT,458795,0,0,19,17
5,8,2.086398e6,-1.1034112270311018,-0.8619484131774695,TIME_LIMIT,458827,0,0,18,5
5,8,2.08649e6,-1.1034112270311018,-0.8619484131774695,TIME_LIMIT,458850,0,0,10,13
5,8,2.086651e6,-1.1034085375360676,-0.8619484131774695,TIME_LIMIT,458879,0,0,5,5
5,8,2.086697e6,-1.1034085375360676,-0.8619484131774695,TIME_LIMIT,458896,0,0,12,8
5,8,2.086791e6,-1.1034043002848595,-0.8619484131774695,TIME_LIMIT,458915,0,0,8,8
5,8,2.086934e6,-1.1034043002848595,-0.8619484131774695,TIME_LIMIT,458942,0,0,21,16
5,8,2.087205e6,-1.1034015689244487,-0.8619484131774695,TIME_LIMIT,458977,0,0,12,8
5,8,2.087417e6,-1.1034015689244487,-0.8619484131774695,TIME_LIMIT,458999,0,0,7,10
5,8,2.087631e6,-1.1034008407819784,-0.8619484131774695,TIME_LIMIT,459020,0,0,10,6
5,8,2.087754e6,-1.1034008407819784,-0.8619484131774695,TIME_LIMIT,459047,0,0,7,7
5,8,2.087818e6,-1.1033955314447703,-0.8619484131774695,TIME_LIMIT,459060,0,0,12,8
5,8,2.087981e6,-1.1033955314447703,-0.8619484131774695,TIME_LIMIT,459088,0,0,25,15
5,8,2.088168e6,-1.1033890143840095,-0.8619484131774695,TIME_LIMIT,459127,0,0,12,15
5,8,2.088294e6,-1.1033890143840095,-0.8619484131774695,TIME_LIMIT,459154,0,0,16,18
5,8,2.088406e6,-1.103377723534987,-0.8619484131774695,TIME_LIMIT,459190,0,0,16,11
5,8,2.088599e6,-1.103377723534987,-0.8619484131774695,TIME_LIMIT,459210,0,0,11,6
5,8,2.088637e6,-1.1033702395762979,-0.8619484131774695,TIME_LIMIT,459223,0,0,7,7
5,8,2.08879e6,-1.1033702395762979,-0.8619484131774695,TIME_LIMIT,459251,0,0,12,12
5,8,2.088992e6,-1.1033656384479014,-0.8619484131774695,TIME_LIMIT,459285,0,0,10,8
5,8,2.089109e6,-1.1033656384479014,-0.8619484131774695,TIME_LIMIT,459307,0,0,12,14
5,8,2.089275e6,-1.1033518853421547,-0.8619484131774695,TIME_LIMIT,459340,0,0,12,2
5,8,2.08938e6,-1.1033518853421547,-0.8619484131774695,TIME_LIMIT,459366,0,0,13,14
5,8,2.089621e6,-1.1033501264288395,-0.8619484131774695,TIME_LIMIT,459393,0,0,16,6
5,8,2.089854e6,-1.1033501264288395,-0.8619484131774695,TIME_LIMIT,459417,0,0,13,15
5,8,2.089989e6,-1.1033483555661394,-0.8619484131774695,TIME_LIMIT,459446,0,0,11,2
5,8,2.090207e6,-1.1033483555661394,-0.8619484131774695,TIME_LIMIT,459472,0,0,8,4
5,8,2.090427e6,-1.1033479578000636,-0.8619484131774695,TIME_LIMIT,459509,0,0,17,5
5,8,2.090623e6,-1.1033479578000636,-0.8619484131774695,TIME_LIMIT,459533,0,0,15,2
5,8,2.090696e6,-1.1033475503338692,-0.8619484131774695,TIME_LIMIT,459556,0,0,16,6
5,8,2.09078e6,-1.1033475503338692,-0.8619484131774695,TIME_LIMIT,459580,0,0,15,13
5,8,2.090911e6,-1.1033447618150891,-0.8619484131774695,TIME_LIMIT,459608,0,0,10,6
5,8,2.090948e6,-1.1033447618150891,-0.8619484131774695,TIME_LIMIT,459622,0,0,4,7
5,8,2.091039e6,-1.10333846383526,-0.8619484131774695,TIME_LIMIT,459642,0,0,9,4
5,8,2.091259e6,-1.10333846383526,-0.8619484131774695,TIME_LIMIT,459674,0,0,26,30
5,8,2.091319e6,-1.1033378770868922,-0.8619484131774695,TIME_LIMIT,459697,0,0,13,11
5,8,2.091449e6,-1.1033378770868922,-0.8619484131774695,TIME_LIMIT,459719,0,0,10,9
5,8,2.091504e6,-1.1033303361970224,-0.8619484131774695,TIME_LIMIT,459738,0,0,6,5
5,8,2.091615e6,-1.1033303361970224,-0.8619484131774695,TIME_LIMIT,459756,0,0,20,21
5,8,2.091795e6,-1.1033253198613768,-0.8619484131774695,TIME_LIMIT,459788,0,0,12,5
5,8,2.09194e6,-1.1033253198613768,-0.8619484131774695,TIME_LIMIT,459814,0,0,13,21
5,8,2.09215e6,-1.1033252636341275,-0.8619484131774695,TIME_LIMIT,459852,0,0,9,12
5,8,2.092401e6,-1.1033252636341275,-0.8619484131774695,TIME_LIMIT,459882,0,0,14,11
5,8,2.092593e6,-1.1033231380578727,-0.8619484131774695,TIME_LIMIT,459905,0,0,11,10
5,8,2.092695e6,-1.1033231380578727,-0.8619484131774695,TIME_LIMIT,459920,0,0,13,7
5,8,2.092747e6,-1.1033198404098445,-0.8619484131774695,TIME_LIMIT,459941,0,0,11,3
5,8,2.092972e6,-1.1033198404098445,-0.8619484131774695,TIME_LIMIT,459970,0,0,13,8
5,8,2.09321e6,-1.1033174816596283,-0.8619484131774695,TIME_LIMIT,460002,0,0,20,15
5,8,2.093329e6,-1.1033174816596283,-0.8619484131774695,TIME_LIMIT,460028,0,0,25,16
5,8,2.09348e6,-1.103311949963143,-0.8619484131774695,TIME_LIMIT,460055,0,0,11,9
5,8,2.093731e6,-1.103311949963143,-0.8619484131774695,TIME_LIMIT,460082,0,0,17,18
5,8,2.09398e6,-1.1033045747456849,-0.8619484131774695,TIME_LIMIT,460122,0,0,20,8
5,8,2.094142e6,-1.1033045747456849,-0.8619484131774695,TIME_LIMIT,460147,0,0,21,23
5,8,2.094278e6,-1.1033011370250434,-0.8619484131774695,TIME_LIMIT,460190,0,0,19,9
5,8,2.094434e6,-1.1033011370250434,-0.8619484131774695,TIME_LIMIT,460213,0,0,14,10
5,8,2.094512e6,-1.1033003538314092,-0.8619484131774695,TIME_LIMIT,460226,0,0,5,6
5,8,2.094601e6,-1.1033003538314092,-0.8619484131774695,TIME_LIMIT,460253,0,0,21,18
5,8,2.094725e6,-1.1032974485388454,-0.8619484131774695,TIME_LIMIT,460283,0,0,14,14
5,8,2.094855e6,-1.1032974485388454,-0.8619484131774695,TIME_LIMIT,460313,0,0,12,5
5,8,2.09492e6,-1.103297029268345,-0.8619484131774695,TIME_LIMIT,460332,0,0,13,2
5,8,2.095003e6,-1.103297029268345,-0.8619484131774695,TIME_LIMIT,460353,0,0,8,9
5,8,2.095101e6,-1.1032933960356393,-0.8619484131774695,TIME_LIMIT,460371,0,0,10,1
5,8,2.095212e6,-1.1032933960356393,-0.8619484131774695,TIME_LIMIT,460392,0,0,11,10
5,8,2.095344e6,-1.1032930141514314,-0.8619484131774695,TIME_LIMIT,460413,0,0,11,10
5,8,2.095514e6,-1.1032930141514314,-0.8619484131774695,TIME_LIMIT,460445,0,0,13,5
5,8,2.095682e6,-1.1032895801934541,-0.8619484131774695,TIME_LIMIT,460469,0,0,18,6
5,8,2.095827e6,-1.1032895801934541,-0.8619484131774695,TIME_LIMIT,460488,0,0,9,3
5,8,2.095944e6,-1.1032891547080779,-0.8619484131774695,TIME_LIMIT,460515,0,0,8,5
5,8,2.096117e6,-1.1032891547080779,-0.8619484131774695,TIME_LIMIT,460538,0,0,18,19
5,8,2.096224e6,-1.103286544277093,-0.8619484131774695,TIME_LIMIT,460576,0,0,16,8
5,8,2.096371e6,-1.103286544277093,-0.8619484131774695,TIME_LIMIT,460600,0,0,15,14
5,8,2.096557e6,-1.1032828197592797,-0.8619484131774695,TIME_LIMIT,460619,0,0,5,2
5,8,2.0967e6,-1.1032828197592797,-0.8619484131774695,TIME_LIMIT,460643,0,0,11,11
5,8,2.09687e6,-1.1032824336539884,-0.8619484131774695,TIME_LIMIT,460670,0,0,11,3
5,8,2.096942e6,-1.1032824336539884,-0.8619484131774695,TIME_LIMIT,460693,0,0,18,10
5,8,2.097037e6,-1.103280884369829,-0.8619484131774695,TIME_LIMIT,460726,0,0,15,8
5,8,2.097082e6,-1.103280884369829,-0.8619484131774695,TIME_LIMIT,460736,0,0,8,5
5,8,2.097128e6,-1.10327612041274,-0.8619484131774695,TIME_LIMIT,460750,0,0,4,1
5,8,2.097338e6,-1.10327612041274,-0.8619484131774695,TIME_LIMIT,460778,0,0,15,13
5,8,2.097551e6,-1.1032751023208887,-0.8619484131774695,TIME_LIMIT,460802,0,0,17,11
5,8,2.097752e6,-1.1032751023208887,-0.8619484131774695,TIME_LIMIT,460825,0,0,17,28
5,8,2.097907e6,-1.1032631445898236,-0.8619484131774695,TIME_LIMIT,460858,0,0,14,4
5,8,2.097994e6,-1.1032631445898236,-0.8619484131774695,TIME_LIMIT,460880,0,0,16,5
5,8,2.09805e6,-1.1032624421103017,-0.8619484131774695,TIME_LIMIT,460897,0,0,7,3
5,8,2.098141e6,-1.1032624421103017,-0.8619484131774695,TIME_LIMIT,460922,0,0,13,14
5,8,2.098336e6,-1.1032562425772254,-0.8619484131774695,TIME_LIMIT,460952,0,0,21,6
5,8,2.098527e6,-1.1032562425772254,-0.8619484131774695,TIME_LIMIT,460985,0,0,13,8
5,8,2.098646e6,-1.1032551474468744,-0.8619484131774695,TIME_LIMIT,461011,0,0,6,7
5,8,2.098802e6,-1.1032551474468744,-0.8619484131774695,TIME_LIMIT,461039,0,0,15,13
5,8,2.098907e6,-1.1032517320867623,-0.8619484131774695,TIME_LIMIT,461062,0,0,13,9
5,8,2.09907e6,-1.1032517320867623,-0.8619484131774695,TIME_LIMIT,461088,0,0,16,16
5,8,2.0992e6,-1.103243566070189,-0.8619484131774695,TIME_LIMIT,461118,0,0,13,9
5,8,2.099386e6,-1.103243566070189,-0.8619484131774695,TIME_LIMIT,461147,0,0,18,9
5,8,2.099555e6,-1.1032339431771863,-0.8619484131774695,TIME_LIMIT,461171,0,0,15,12
5,8,2.099679e6,-1.1032339431771863,-0.8619484131774695,TIME_LIMIT,461192,0,0,7,6
5,8,2.099866e6,-1.1032302960486144,-0.8619484131774695,TIME_LIMIT,461213,0,0,7,7
5,8,2.099915e6,-1.1032302960486144,-0.8619484131774695,TIME_LIMIT,461230,0,0,10,13
5,8,2.100027e6,-1.103226211586469,-0.8619484131774695,TIME_LIMIT,461253,0,0,11,6
5,8,2.10024e6,-1.103226211586469,-0.8619484131774695,TIME_LIMIT,461282,0,0,10,13
5,8,2.100364e6,-1.103223656255015,-0.8619484131774695,TIME_LIMIT,461312,0,0,17,11
5,8,2.100495e6,-1.103223656255015,-0.8619484131774695,TIME_LIMIT,461339,0,0,13,5
5,8,2.100654e6,-1.103211615693699,-0.8619484131774695,TIME_LIMIT,461361,0,0,12,3
5,8,2.10076e6,-1.103211615693699,-0.8619484131774695,TIME_LIMIT,461385,0,0,17,27
5,8,2.100989e6,-1.10321017776015,-0.8619484131774695,TIME_LIMIT,461420,0,0,16,14
5,8,2.10105e6,-1.10321017776015,-0.8619484131774695,TIME_LIMIT,461440,0,0,7,3
5,8,2.101142e6,-1.1032092387324663,-0.8619484131774695,TIME_LIMIT,461459,0,0,8,7
5,8,2.101208e6,-1.1032092387324663,-0.8619484131774695,TIME_LIMIT,461478,0,0,18,14
5,8,2.10137e6,-1.1032091909078456,-0.8619484131774695,TIME_LIMIT,461513,0,0,14,7
5,8,2.101481e6,-1.1032091909078456,-0.8619484131774695,TIME_LIMIT,461535,0,0,13,16
5,8,2.101676e6,-1.103201228460727,-0.8619484131774695,TIME_LIMIT,461578,0,0,5,12
5,8,2.101829e6,-1.103201228460727,-0.8619484131774695,TIME_LIMIT,461605,0,0,7,7
5,8,2.101897e6,-1.103196842747557,-0.8619484131774695,TIME_LIMIT,461624,0,0,10,3
5,8,2.101994e6,-1.103196842747557,-0.8619484131774695,TIME_LIMIT,461647,0,0,17,13
5,8,2.102062e6,-1.103185330091575,-0.8619484131774695,TIME_LIMIT,461675,0,0,12,4
5,8,2.102167e6,-1.103185330091575,-0.8619484131774695,TIME_LIMIT,461700,0,0,11,15
5,8,2.102232e6,-1.1031838596869878,-0.8619484131774695,TIME_LIMIT,461719,0,0,6,2
5,8,2.102352e6,-1.1031838596869878,-0.8619484131774695,TIME_LIMIT,461739,0,0,14,18
5,8,2.102488e6,-1.1031835985966292,-0.8619484131774695,TIME_LIMIT,461775,0,0,11,7
5,8,2.102627e6,-1.1031835985966292,-0.8619484131774695,TIME_LIMIT,461795,0,0,16,16
5,8,2.102746e6,-1.1031796042602315,-0.8619484131774695,TIME_LIMIT,461829,0,0,2,8
5,8,2.102902e6,-1.1031796042602315,-0.8619484131774695,TIME_LIMIT,461857,0,0,20,12
5,8,2.103073e6,-1.1031777495121533,-0.8619484131774695,TIME_LIMIT,461892,0,0,14,12
5,8,2.103206e6,-1.1031777495121533,-0.8619484131774695,TIME_LIMIT,461918,0,0,5,11
5,8,2.103297e6,-1.1031769801730777,-0.8619484131774695,TIME_LIMIT,461946,0,0,14,6
5,8,2.103413e6,-1.1031769801730777,-0.8619484131774695,TIME_LIMIT,461963,0,0,6,12
5,8,2.103555e6,-1.103161807260944,-0.8619484131774695,TIME_LIMIT,461988,0,0,9,4
5,8,2.103677e6,-1.103161807260944,-0.8619484131774695,TIME_LIMIT,462005,0,0,15,8
5,8,2.103846e6,-1.103159047114029,-0.8619484131774695,TIME_LIMIT,462027,0,0,8,3
5,8,2.104043e6,-1.103159047114029,-0.8619484131774695,TIME_LIMIT,462052,0,0,14,27
5,8,2.104181e6,-1.1031580968092412,-0.8619484131774695,TIME_LIMIT,462077,0,0,14,8
5,8,2.10429e6,-1.1031580968092412,-0.8619484131774695,TIME_LIMIT,462100,0,0,20,14
5,8,2.104335e6,-1.1031576693744285,-0.8619484131774695,TIME_LIMIT,462125,0,0,7,4
5,8,2.104411e6,-1.1031576693744285,-0.8619484131774695,TIME_LIMIT,462142,0,0,5,6
5,8,2.104445e6,-1.1031546688277625,-0.8619484131774695,TIME_LIMIT,462159,0,0,8,1
5,8,2.104583e6,-1.1031546688277625,-0.8619484131774695,TIME_LIMIT,462182,0,0,9,7
5,8,2.104692e6,-1.10314734421609,-0.8619484131774695,TIME_LIMIT,462206,0,0,9,3
5,8,2.104811e6,-1.10314734421609,-0.8619484131774695,TIME_LIMIT,462233,0,0,13,10
5,8,2.104992e6,-1.1031341721442114,-0.8619484131774695,TIME_LIMIT,462264,0,0,15,4
5,8,2.10514e6,-1.1031341721442114,-0.8619484131774695,TIME_LIMIT,462284,0,0,16,17
5,8,2.105471e6,-1.1031257043894902,-0.8619484131774695,TIME_LIMIT,462321,0,0,11,7
5,8,2.105682e6,-1.1031257043894902,-0.8619484131774695,TIME_LIMIT,462340,0,0,10,17
5,8,2.105911e6,-1.1031192535451155,-0.8619484131774695,TIME_LIMIT,462378,0,0,14,12
5,8,2.105991e6,-1.1031192535451155,-0.8619484131774695,TIME_LIMIT,462393,0,0,8,12
5,8,2.106058e6,-1.1031190818492635,-0.8619484131774695,TIME_LIMIT,462420,0,0,8,3
5,8,2.106103e6,-1.1031190818492635,-0.8619484131774695,TIME_LIMIT,462432,0,0,6,4
5,8,2.106163e6,-1.1031167320797335,-0.8619484131774695,TIME_LIMIT,462444,0,0,5,2
5,8,2.106289e6,-1.1031167320797335,-0.8619484131774695,TIME_LIMIT,462471,0,0,13,12
5,8,2.106405e6,-1.1031134878148348,-0.8619484131774695,TIME_LIMIT,462496,0,0,10,5
5,8,2.1066e6,-1.1031134878148348,-0.8619484131774695,TIME_LIMIT,462522,0,0,23,33
5,8,2.106838e6,-1.1031122581628707,-0.8619484131774695,TIME_LIMIT,462553,0,0,9,9
5,8,2.106896e6,-1.1031122581628707,-0.8619484131774695,TIME_LIMIT,462571,0,0,9,5
5,8,2.10693e6,-1.1031090390113758,-0.8619484131774695,TIME_LIMIT,462587,0,0,3,2
5,8,2.107134e6,-1.1031090390113758,-0.8619484131774695,TIME_LIMIT,462615,0,0,18,12
5,8,2.107376e6,-1.1031068146490157,-0.8619484131774695,TIME_LIMIT,462646,0,0,13,8
5,8,2.107571e6,-1.1031068146490157,-0.8619484131774695,TIME_LIMIT,462669,0,0,20,10
5,8,2.107673e6,-1.1030933662966582,-0.8619484131774695,TIME_LIMIT,462693,0,0,11,7
5,8,2.107914e6,-1.1030933662966582,-0.8619484131774695,TIME_LIMIT,462719,0,0,17,11
5,8,2.108129e6,-1.1030924945887963,-0.8619484131774695,TIME_LIMIT,462745,0,0,16,6
5,8,2.10833e6,-1.1030924945887963,-0.8619484131774695,TIME_LIMIT,462774,0,0,15,17
5,8,2.10846e6,-1.1030902807943685,-0.8619484131774695,TIME_LIMIT,462800,0,0,8,9
5,8,2.108641e6,-1.1030902807943685,-0.8619484131774695,TIME_LIMIT,462825,0,0,18,21
5,8,2.108795e6,-1.1030862506167498,-0.8619484131774695,TIME_LIMIT,462852,0,0,12,5
5,8,2.10902e6,-1.1030862506167498,-0.8619484131774695,TIME_LIMIT,462873,0,0,21,10
5,8,2.109157e6,-1.103084280261667,-0.8619484131774695,TIME_LIMIT,462903,0,0,19,5
5,8,2.109405e6,-1.103084280261667,-0.8619484131774695,TIME_LIMIT,462929,0,0,11,15
5,8,2.109622e6,-1.1030825187114193,-0.8619484131774695,TIME_LIMIT,462960,0,0,16,9
5,8,2.109714e6,-1.1030825187114193,-0.8619484131774695,TIME_LIMIT,462985,0,0,9,13
5,8,2.109788e6,-1.1030822948029642,-0.8619484131774695,TIME_LIMIT,463003,0,0,6,8
5,8,2.109842e6,-1.1030822948029642,-0.8619484131774695,TIME_LIMIT,463019,0,0,11,7
5,8,2.109882e6,-1.1030820478786074,-0.8619484131774695,TIME_LIMIT,463038,0,0,9,8
5,8,2.109955e6,-1.1030820478786074,-0.8619484131774695,TIME_LIMIT,463051,0,0,8,5
5,8,2.110041e6,-1.1030776937652855,-0.8619484131774695,TIME_LIMIT,463068,0,0,5,4
5,8,2.110135e6,-1.1030776937652855,-0.8619484131774695,TIME_LIMIT,463089,0,0,14,9
5,8,2.110204e6,-1.103073844479431,-0.8619484131774695,TIME_LIMIT,463106,0,0,6,8
5,8,2.110299e6,-1.103073844479431,-0.8619484131774695,TIME_LIMIT,463123,0,0,9,5
5,8,2.110393e6,-1.1030642648261009,-0.8619484131774695,TIME_LIMIT,463158,0,0,9,5
5,8,2.110467e6,-1.1030642648261009,-0.8619484131774695,TIME_LIMIT,463184,0,0,12,9
5,8,2.110532e6,-1.1030438466055683,-0.8619484131774695,TIME_LIMIT,463197,0,0,7,7
5,8,2.110588e6,-1.1030438466055683,-0.8619484131774695,TIME_LIMIT,463217,0,0,13,10
5,8,2.110681e6,-1.103038238080027,-0.8619484131774695,TIME_LIMIT,463244,0,0,12,8
5,8,2.110914e6,-1.103038238080027,-0.8619484131774695,TIME_LIMIT,463274,0,0,20,25
5,8,2.111016e6,-1.1030345245369888,-0.8619484131774695,TIME_LIMIT,463305,0,0,14,8
5,8,2.111132e6,-1.1030345245369888,-0.8619484131774695,TIME_LIMIT,463331,0,0,10,5
5,8,2.111174e6,-1.1030318211339258,-0.8619484131774695,TIME_LIMIT,463348,0,0,6,2
5,8,2.111288e6,-1.1030318211339258,-0.8619484131774695,TIME_LIMIT,463373,0,0,19,19
5,8,2.11151e6,-1.1030254705171714,-0.8619484131774695,TIME_LIMIT,463410,0,0,13,7
5,8,2.111588e6,-1.1030254705171714,-0.8619484131774695,TIME_LIMIT,463436,0,0,15,18
5,8,2.111777e6,-1.1030252045545335,-0.8619484131774695,TIME_LIMIT,463454,0,0,10,9
5,8,2.111857e6,-1.1030252045545335,-0.8619484131774695,TIME_LIMIT,463474,0,0,13,11
5,8,2.111966e6,-1.1030246096087741,-0.8619484131774695,TIME_LIMIT,463499,0,0,2,9
5,8,2.11202e6,-1.1030246096087741,-0.8619484131774695,TIME_LIMIT,463519,0,0,11,9
5,8,2.112224e6,-1.1030039068537922,-0.8619484131774695,TIME_LIMIT,463545,0,0,7,9
5,8,2.112319e6,-1.1030039068537922,-0.8619484131774695,TIME_LIMIT,463564,0,0,6,14
5,8,2.112431e6,-1.103003671562427,-0.8619484131774695,TIME_LIMIT,463591,0,0,12,1
5,8,2.112551e6,-1.103003671562427,-0.8619484131774695,TIME_LIMIT,463614,0,0,12,20
5,8,2.112806e6,-1.1030016197104129,-0.8619484131774695,TIME_LIMIT,463653,0,0,11,7
5,8,2.112912e6,-1.1030016197104129,-0.8619484131774695,TIME_LIMIT,463679,0,0,19,9
5,8,2.113056e6,-1.1030006678432893,-0.8619484131774695,TIME_LIMIT,463705,0,0,13,9
5,8,2.113231e6,-1.1030006678432893,-0.8619484131774695,TIME_LIMIT,463729,0,0,10,16
5,8,2.113446e6,-1.1029997700278582,-0.8619484131774695,TIME_LIMIT,463765,0,0,6,12
5,8,2.113636e6,-1.1029997700278582,-0.8619484131774695,TIME_LIMIT,463793,0,0,10,5
5,8,2.113723e6,-1.102994741846667,-0.8619484131774695,TIME_LIMIT,463812,0,0,7,3
5,8,2.113809e6,-1.102994741846667,-0.8619484131774695,TIME_LIMIT,463832,0,0,11,12
5,8,2.113892e6,-1.1029842553589455,-0.8619484131774695,TIME_LIMIT,463856,0,0,2,7
5,8,2.114032e6,-1.1029842553589455,-0.8619484131774695,TIME_LIMIT,463884,0,0,8,12
5,8,2.114242e6,-1.102980922679316,-0.8619484131774695,TIME_LIMIT,463917,0,0,9,7
5,8,2.114453e6,-1.102980922679316,-0.8619484131774695,TIME_LIMIT,463942,0,0,15,15
5,8,2.114574e6,-1.1029767817259253,-0.8619484131774695,TIME_LIMIT,463970,0,0,17,4
5,8,2.114667e6,-1.1029767817259253,-0.8619484131774695,TIME_LIMIT,463990,0,0,12,5
5,8,2.11478e6,-1.1029694961027947,-0.8619484131774695,TIME_LIMIT,464024,0,0,16,4
5,8,2.115018e6,-1.1029694961027947,-0.8619484131774695,TIME_LIMIT,464055,0,0,15,12
5,8,2.115171e6,-1.102962978589825,-0.8619484131774695,TIME_LIMIT,464087,0,0,21,20
5,8,2.115306e6,-1.102962978589825,-0.8619484131774695,TIME_LIMIT,464113,0,0,15,15
5,8,2.115445e6,-1.1029629208921903,-0.8619484131774695,TIME_LIMIT,464150,0,0,13,9
5,8,2.115528e6,-1.1029629208921903,-0.8619484131774695,TIME_LIMIT,464170,0,0,19,13
5,8,2.115677e6,-1.1029544348622782,-0.8619484131774695,TIME_LIMIT,464200,0,0,7,4
5,8,2.115764e6,-1.1029544348622782,-0.8619484131774695,TIME_LIMIT,464222,0,0,7,12
5,8,2.115826e6,-1.1029489558916028,-0.8619484131774695,TIME_LIMIT,464248,0,0,6,6
5,8,2.116037e6,-1.1029489558916028,-0.8619484131774695,TIME_LIMIT,464270,0,0,13,8
5,8,2.116262e6,-1.1029467806227076,-0.8619484131774695,TIME_LIMIT,464303,0,0,13,7
5,8,2.116446e6,-1.1029467806227076,-0.8619484131774695,TIME_LIMIT,464323,0,0,23,19
5,8,2.116695e6,-1.1029445065942902,-0.8619484131774695,TIME_LIMIT,464356,0,0,14,10
5,8,2.116799e6,-1.1029445065942902,-0.8619484131774695,TIME_LIMIT,464378,0,0,11,10
5,8,2.116904e6,-1.1029411267877718,-0.8619484131774695,TIME_LIMIT,464397,0,0,17,13
5,8,2.117116e6,-1.1029411267877718,-0.8619484131774695,TIME_LIMIT,464426,0,0,14,23
5,8,2.117331e6,-1.1029376796560415,-0.8619484131774695,TIME_LIMIT,464453,0,0,18,12
5,8,2.117455e6,-1.1029376796560415,-0.8619484131774695,TIME_LIMIT,464475,0,0,13,12
5,8,2.11762e6,-1.102937575519312,-0.8619484131774695,TIME_LIMIT,464501,0,0,11,9
5,8,2.117765e6,-1.102937575519312,-0.8619484131774695,TIME_LIMIT,464523,0,0,19,13
5,8,2.117962e6,-1.1029215734797493,-0.8619484131774695,TIME_LIMIT,464553,0,0,8,12
5,8,2.11819e6,-1.1029215734797493,-0.8619484131774695,TIME_LIMIT,464580,0,0,18,17
5,8,2.118404e6,-1.1029203384257487,-0.8619484131774695,TIME_LIMIT,464611,0,0,6,13
5,8,2.118515e6,-1.1029203384257487,-0.8619484131774695,TIME_LIMIT,464627,0,0,17,23
5,8,2.118619e6,-1.1029157216649128,-0.8619484131774695,TIME_LIMIT,464662,0,0,17,3
5,8,2.118841e6,-1.1029157216649128,-0.8619484131774695,TIME_LIMIT,464692,0,0,15,30
5,8,2.118954e6,-1.1029116484140236,-0.8619484131774695,TIME_LIMIT,464730,0,0,18,20
5,8,2.119068e6,-1.1029116484140236,-0.8619484131774695,TIME_LIMIT,464752,0,0,5,8
5,8,2.119108e6,-1.1029095839166607,-0.8619484131774695,TIME_LIMIT,464768,0,0,7,5
5,8,2.119222e6,-1.1029095839166607,-0.8619484131774695,TIME_LIMIT,464791,0,0,5,7
5,8,2.119314e6,-1.1029037127834624,-0.8619484131774695,TIME_LIMIT,464811,0,0,9,1
5,8,2.119431e6,-1.1029037127834624,-0.8619484131774695,TIME_LIMIT,464838,0,0,25,22
5,8,2.119641e6,-1.102902008741668,-0.8619484131774695,TIME_LIMIT,464873,0,0,15,16
5,8,2.119727e6,-1.102902008741668,-0.8619484131774695,TIME_LIMIT,464890,0,0,8,7
5,8,2.119783e6,-1.1029016487359469,-0.8619484131774695,TIME_LIMIT,464908,0,0,8,1
5,8,2.119887e6,-1.1029016487359469,-0.8619484131774695,TIME_LIMIT,464939,0,0,9,9
5,8,2.120084e6,-1.1028967809898917,-0.8619484131774695,TIME_LIMIT,464965,0,0,10,4
5,8,2.120294e6,-1.1028967809898917,-0.8619484131774695,TIME_LIMIT,464995,0,0,23,26
5,8,2.120482e6,-1.1028893935730233,-0.8619484131774695,TIME_LIMIT,465017,0,0,19,12
5,8,2.120734e6,-1.1028893935730233,-0.8619484131774695,TIME_LIMIT,465047,0,0,20,11
5,8,2.120838e6,-1.102886394968353,-0.8619484131774695,TIME_LIMIT,465069,0,0,11,12
5,8,2.120931e6,-1.102886394968353,-0.8619484131774695,TIME_LIMIT,465093,0,0,17,12
5,8,2.120982e6,-1.1028817411809961,-0.8619484131774695,TIME_LIMIT,465107,0,0,8,2
5,8,2.121105e6,-1.1028817411809961,-0.8619484131774695,TIME_LIMIT,465129,0,0,15,12
5,8,2.121217e6,-1.1028809707588607,-0.8619484131774695,TIME_LIMIT,465168,0,0,12,10
5,8,2.121499e6,-1.1028809707588607,-0.8619484131774695,TIME_LIMIT,465197,0,0,10,15
5,8,2.121641e6,-1.1028792655498634,-0.8619484131774695,TIME_LIMIT,465232,0,0,18,7
5,8,2.121748e6,-1.1028792655498634,-0.8619484131774695,TIME_LIMIT,465257,0,0,6,20
5,8,2.122091e6,-1.1028790857229778,-0.8619484131774695,TIME_LIMIT,465296,0,0,14,11
5,8,2.122255e6,-1.1028790857229778,-0.8619484131774695,TIME_LIMIT,465315,0,0,9,8
5,8,2.122326e6,-1.1028778062721432,-0.8619484131774695,TIME_LIMIT,465330,0,0,6,2
5,8,2.122437e6,-1.1028778062721432,-0.8619484131774695,TIME_LIMIT,465356,0,0,14,19
5,8,2.122538e6,-1.1028749057180316,-0.8619484131774695,TIME_LIMIT,465394,0,0,15,11
5,8,2.122737e6,-1.1028749057180316,-0.8619484131774695,TIME_LIMIT,465426,0,0,24,36
5,8,2.12295e6,-1.1028745470892418,-0.8619484131774695,TIME_LIMIT,465463,0,0,17,9
5,8,2.123164e6,-1.1028745470892418,-0.8619484131774695,TIME_LIMIT,465484,0,0,14,13
5,8,2.12323e6,-1.1028675544688966,-0.8619484131774695,TIME_LIMIT,465504,0,0,14,5
5,8,2.123439e6,-1.1028675544688966,-0.8619484131774695,TIME_LIMIT,465521,0,0,13,11
5,8,2.123668e6,-1.1028656482430397,-0.8619484131774695,TIME_LIMIT,465560,0,0,17,10
5,8,2.12383e6,-1.1028656482430397,-0.8619484131774695,TIME_LIMIT,465586,0,0,13,11
5,8,2.123917e6,-1.102856823924157,-0.8619484131774695,TIME_LIMIT,465610,0,0,12,4
5,8,2.123983e6,-1.102856823924157,-0.8619484131774695,TIME_LIMIT,465633,0,0,15,11
5,8,2.124091e6,-1.1028396937808689,-0.8619484131774695,TIME_LIMIT,465654,0,0,11,10
5,8,2.124277e6,-1.1028396937808689,-0.8619484131774695,TIME_LIMIT,465675,0,0,13,11
5,8,2.124422e6,-1.1028394332116958,-0.8619484131774695,TIME_LIMIT,465698,0,0,10,7
5,8,2.124461e6,-1.1028394332116958,-0.8619484131774695,TIME_LIMIT,465719,0,0,11,5
5,8,2.124552e6,-1.1028377848913644,-0.8619484131774695,TIME_LIMIT,465742,0,0,11,4
5,8,2.124751e6,-1.1028377848913644,-0.8619484131774695,TIME_LIMIT,465770,0,0,17,8
5,8,2.124858e6,-1.102834015184863,-0.8619484131774695,TIME_LIMIT,465800,0,0,12,9
5,8,2.124992e6,-1.102834015184863,-0.8619484131774695,TIME_LIMIT,465825,0,0,15,28
5,8,2.125072e6,-1.102831269405336,-0.8619484131774695,TIME_LIMIT,465843,0,0,14,3
5,8,2.125169e6,-1.102831269405336,-0.8619484131774695,TIME_LIMIT,465866,0,0,14,19
5,8,2.125355e6,-1.102826579380487,-0.8619484131774695,TIME_LIMIT,465902,0,0,14,11
5,8,2.125481e6,-1.102826579380487,-0.8619484131774695,TIME_LIMIT,465932,0,0,9,7
5,8,2.125582e6,-1.1028249276170758,-0.8619484131774695,TIME_LIMIT,465957,0,0,13,17
5,8,2.125685e6,-1.1028249276170758,-0.8619484131774695,TIME_LIMIT,465984,0,0,14,15
5,8,2.12583e6,-1.1028236088451562,-0.8619484131774695,TIME_LIMIT,466013,0,0,9,8
5,8,2.125939e6,-1.1028236088451562,-0.8619484131774695,TIME_LIMIT,466038,0,0,15,16
5,8,2.126126e6,-1.1028215100230834,-0.8619484131774695,TIME_LIMIT,466073,0,0,13,11
5,8,2.126237e6,-1.1028215100230834,-0.8619484131774695,TIME_LIMIT,466095,0,0,16,11
5,8,2.126416e6,-1.1028140669774422,-0.8619484131774695,TIME_LIMIT,466134,0,0,7,7
5,8,2.126666e6,-1.1028140669774422,-0.8619484131774695,TIME_LIMIT,466165,0,0,16,16
5,8,2.126818e6,-1.1028092767798818,-0.8619484131774695,TIME_LIMIT,466184,0,0,13,7
5,8,2.126907e6,-1.1028092767798818,-0.8619484131774695,TIME_LIMIT,466204,0,0,15,17
5,8,2.127015e6,-1.102808382208119,-0.8619484131774695,TIME_LIMIT,466231,0,0,10,4
5,8,2.127169e6,-1.102808382208119,-0.8619484131774695,TIME_LIMIT,466256,0,0,11,9
5,8,2.127385e6,-1.1027951483294214,-0.8619484131774695,TIME_LIMIT,466290,0,0,9,9
5,8,2.127609e6,-1.1027951483294214,-0.8619484131774695,TIME_LIMIT,466309,0,0,9,4
5,8,2.127678e6,-1.1027906105704992,-0.8619484131774695,TIME_LIMIT,466328,0,0,4,6
5,8,2.127837e6,-1.1027906105704992,-0.8619484131774695,TIME_LIMIT,466353,0,0,11,11
5,8,2.127946e6,-1.102787232371404,-0.8619484131774695,TIME_LIMIT,466376,0,0,8,11
5,8,2.128137e6,-1.102787232371404,-0.8619484131774695,TIME_LIMIT,466403,0,0,16,16
5,8,2.12824e6,-1.102782666271433,-0.8619484131774695,TIME_LIMIT,466424,0,0,9,5
5,8,2.128321e6,-1.102782666271433,-0.8619484131774695,TIME_LIMIT,466444,0,0,13,10
5,8,2.128492e6,-1.1027681861771308,-0.8619484131774695,TIME_LIMIT,466482,0,0,11,10
5,8,2.128557e6,-1.1027681861771308,-0.8619484131774695,TIME_LIMIT,466503,0,0,11,3
5,8,2.128645e6,-1.102759296370805,-0.8619484131774695,TIME_LIMIT,466521,0,0,10,7
5,8,2.128755e6,-1.102759296370805,-0.8619484131774695,TIME_LIMIT,466537,0,0,10,10
5,8,2.128922e6,-1.1027552761132402,-0.8619484131774695,TIME_LIMIT,466571,0,0,7,8
5,8,2.129085e6,-1.1027552761132402,-0.8619484131774695,TIME_LIMIT,466603,0,0,10,19
5,8,2.129297e6,-1.1027547529649988,-0.8619484131774695,TIME_LIMIT,466630,0,0,15,7
5,8,2.129509e6,-1.1027547529649988,-0.8619484131774695,TIME_LIMIT,466659,0,0,10,16
5,8,2.129622e6,-1.1027497559449155,-0.8619484131774695,TIME_LIMIT,466681,0,0,18,14
5,8,2.129696e6,-1.1027497559449155,-0.8619484131774695,TIME_LIMIT,466698,0,0,11,11
5,8,2.129741e6,-1.1027377491272494,-0.8619484131774695,TIME_LIMIT,466719,0,0,9,7
5,8,2.129859e6,-1.1027377491272494,-0.8619484131774695,TIME_LIMIT,466747,0,0,11,7
5,8,2.129967e6,-1.1027332202083757,-0.8619484131774695,TIME_LIMIT,466766,0,0,8,5
5,8,2.130093e6,-1.1027332202083757,-0.8619484131774695,TIME_LIMIT,466789,0,0,8,6
5,8,2.130201e6,-1.1027314371468182,-0.8619484131774695,TIME_LIMIT,466811,0,0,9,2
5,8,2.130349e6,-1.1027314371468182,-0.8619484131774695,TIME_LIMIT,466840,0,0,14,6
5,8,2.130474e6,-1.1027242182155996,-0.8619484131774695,TIME_LIMIT,466859,0,0,4,6
5,8,2.130544e6,-1.1027242182155996,-0.8619484131774695,TIME_LIMIT,466884,0,0,15,6
5,8,2.130626e6,-1.1027221475474054,-0.8619484131774695,TIME_LIMIT,466911,0,0,9,8
5,8,2.130828e6,-1.1027221475474054,-0.8619484131774695,TIME_LIMIT,466935,0,0,14,7
5,8,2.130943e6,-1.1027201168530625,-0.8619484131774695,TIME_LIMIT,466959,0,0,14,11
5,8,2.131013e6,-1.1027201168530625,-0.8619484131774695,TIME_LIMIT,466979,0,0,11,14
5,8,2.13112e6,-1.1027181342895531,-0.8619484131774695,TIME_LIMIT,466996,0,0,9,9
5,8,2.131259e6,-1.1027181342895531,-0.8619484131774695,TIME_LIMIT,467014,0,0,17,19
5,8,2.131383e6,-1.1027106625680223,-0.8619484131774695,TIME_LIMIT,467039,0,0,10,5
5,8,2.131439e6,-1.1027106625680223,-0.8619484131774695,TIME_LIMIT,467059,0,0,12,9
5,8,2.131538e6,-1.102706621282153,-0.8619484131774695,TIME_LIMIT,467080,0,0,6,4
5,8,2.131715e6,-1.102706621282153,-0.8619484131774695,TIME_LIMIT,467106,0,0,15,22
5,8,2.131839e6,-1.1027019892190424,-0.8619484131774695,TIME_LIMIT,467129,0,0,12,4
5,8,2.131945e6,-1.1027019892190424,-0.8619484131774695,TIME_LIMIT,467151,0,0,4,16
5,8,2.132062e6,-1.1026996646829916,-0.8619484131774695,TIME_LIMIT,467174,0,0,12,4
5,8,2.13217e6,-1.1026996646829916,-0.8619484131774695,TIME_LIMIT,467197,0,0,7,13
5,8,2.132233e6,-1.1026946608498123,-0.8619484131774695,TIME_LIMIT,467225,0,0,10,8
5,8,2.132288e6,-1.1026946608498123,-0.8619484131774695,TIME_LIMIT,467238,0,0,8,9
5,8,2.132356e6,-1.1026931914287976,-0.8619484131774695,TIME_LIMIT,467257,0,0,4,4
5,8,2.132524e6,-1.1026931914287976,-0.8619484131774695,TIME_LIMIT,467283,0,0,17,18
5,8,2.132623e6,-1.1026902572056592,-0.8619484131774695,TIME_LIMIT,467302,0,0,11,4
5,8,2.132853e6,-1.1026902572056592,-0.8619484131774695,TIME_LIMIT,467324,0,0,11,17
5,8,2.133082e6,-1.102687462605389,-0.8619484131774695,TIME_LIMIT,467369,0,0,12,16
5,8,2.133261e6,-1.102687462605389,-0.8619484131774695,TIME_LIMIT,467387,0,0,7,9
5,8,2.133303e6,-1.102685496875339,-0.8619484131774695,TIME_LIMIT,467413,0,0,14,4
5,8,2.133473e6,-1.102685496875339,-0.8619484131774695,TIME_LIMIT,467442,0,0,22,8
5,8,2.133618e6,-1.1026805024609816,-0.8619484131774695,TIME_LIMIT,467468,0,0,8,14
5,8,2.133783e6,-1.1026805024609816,-0.8619484131774695,TIME_LIMIT,467499,0,0,12,23
5,8,2.133975e6,-1.1026705145991351,-0.8619484131774695,TIME_LIMIT,467537,0,0,16,19
5,8,2.134128e6,-1.1026705145991351,-0.8619484131774695,TIME_LIMIT,467559,0,0,13,12
5,8,2.134225e6,-1.1026697117915987,-0.8619484131774695,TIME_LIMIT,467584,0,0,7,3
5,8,2.134405e6,-1.1026697117915987,-0.8619484131774695,TIME_LIMIT,467615,0,0,19,11
5,8,2.134498e6,-1.1026693989764471,-0.8619484131774695,TIME_LIMIT,467637,0,0,8,6
5,8,2.134614e6,-1.1026693989764471,-0.8619484131774695,TIME_LIMIT,467661,0,0,18,20
5,8,2.13473e6,-1.1026651672357,-0.8619484131774695,TIME_LIMIT,467680,0,0,11,9
5,8,2.134867e6,-1.1026651672357,-0.8619484131774695,TIME_LIMIT,467708,0,0,18,6
5,8,2.134944e6,-1.102659214328734,-0.8619484131774695,TIME_LIMIT,467732,0,0,15,5
5,8,2.135158e6,-1.102659214328734,-0.8619484131774695,TIME_LIMIT,467755,0,0,17,13
5,8,2.135366e6,-1.1026531716601402,-0.8619484131774695,TIME_LIMIT,467793,0,0,15,14
5,8,2.135574e6,-1.1026531716601402,-0.8619484131774695,TIME_LIMIT,467813,0,0,14,14
5,8,2.13578e6,-1.1026499350593975,-0.8619484131774695,TIME_LIMIT,467857,0,0,14,12
5,8,2.136053e6,-1.1026499350593975,-0.8619484131774695,TIME_LIMIT,467876,0,0,19,19
5,8,2.136163e6,-1.1026471526653725,-0.8619484131774695,TIME_LIMIT,467912,0,0,13,7
5,8,2.136263e6,-1.1026471526653725,-0.8619484131774695,TIME_LIMIT,467937,0,0,14,21
5,8,2.136365e6,-1.1026454060386137,-0.8619484131774695,TIME_LIMIT,467961,0,0,10,14
5,8,2.136478e6,-1.1026454060386137,-0.8619484131774695,TIME_LIMIT,467987,0,0,12,6
5,8,2.13656e6,-1.1026369397339684,-0.8619484131774695,TIME_LIMIT,468004,0,0,9,4
5,8,2.136671e6,-1.1026369397339684,-0.8619484131774695,TIME_LIMIT,468035,0,0,13,19
5,8,2.136879e6,-1.1026201779007803,-0.8619484131774695,TIME_LIMIT,468064,0,0,11,10
5,8,2.13697e6,-1.1026201779007803,-0.8619484131774695,TIME_LIMIT,468080,0,0,9,9
5,8,2.137045e6,-1.1026170817865744,-0.8619484131774695,TIME_LIMIT,468108,0,0,14,5
5,8,2.137118e6,-1.1026170817865744,-0.8619484131774695,TIME_LIMIT,468127,0,0,9,6
5,8,2.137257e6,-1.1026150852525147,-0.8619484131774695,TIME_LIMIT,468141,0,0,6,6
5,8,2.137388e6,-1.1026150852525147,-0.8619484131774695,TIME_LIMIT,468166,0,0,12,12
5,8,2.137469e6,-1.1026098478754114,-0.8619484131774695,TIME_LIMIT,468187,0,0,12,5
5,8,2.137532e6,-1.1026098478754114,-0.8619484131774695,TIME_LIMIT,468201,0,0,15,16
5,8,2.137694e6,-1.1025918206995846,-0.8619484131774695,TIME_LIMIT,468227,0,0,8,7
5,8,2.137865e6,-1.1025918206995846,-0.8619484131774695,TIME_LIMIT,468256,0,0,15,12
5,8,2.137964e6,-1.10258960085384,-0.8619484131774695,TIME_LIMIT,468288,0,0,10,9
5,8,2.13808e6,-1.10258960085384,-0.8619484131774695,TIME_LIMIT,468315,0,0,15,13
5,8,2.138261e6,-1.1025869786231537,-0.8619484131774695,TIME_LIMIT,468344,0,0,8,5
5,8,2.138457e6,-1.1025869786231537,-0.8619484131774695,TIME_LIMIT,468371,0,0,17,18
5,8,2.138608e6,-1.1025825361514403,-0.8619484131774695,TIME_LIMIT,468400,0,0,1,6
5,8,2.138806e6,-1.1025825361514403,-0.8619484131774695,TIME_LIMIT,468428,0,0,22,31
5,8,2.139005e6,-1.1025786007690161,-0.8619484131774695,TIME_LIMIT,468468,0,0,8,13
5,8,2.139108e6,-1.1025786007690161,-0.8619484131774695,TIME_LIMIT,468488,0,0,11,13
5,8,2.139226e6,-1.102578503021618,-0.8619484131774695,TIME_LIMIT,468519,0,0,11,5
5,8,2.139327e6,-1.102578503021618,-0.8619484131774695,TIME_LIMIT,468536,0,0,9,16
5,8,2.1394e6,-1.102570724327121,-0.8619484131774695,TIME_LIMIT,468558,0,0,8,5
5,8,2.139534e6,-1.102570724327121,-0.8619484131774695,TIME_LIMIT,468582,0,0,13,15
5,8,2.139729e6,-1.1025568038540325,-0.8619484131774695,TIME_LIMIT,468608,0,0,8,6
5,8,2.139843e6,-1.1025568038540325,-0.8619484131774695,TIME_LIMIT,468628,0,0,13,12
5,8,2.139933e6,-1.1025528440195056,-0.8619484131774695,TIME_LIMIT,468652,0,0,13,3
5,8,2.139971e6,-1.1025528440195056,-0.8619484131774695,TIME_LIMIT,468667,0,0,6,6
5,8,2.140005e6,-1.1025442343266336,-0.8619484131774695,TIME_LIMIT,468684,0,0,6,4
5,8,2.140129e6,-1.1025442343266336,-0.8619484131774695,TIME_LIMIT,468714,0,0,11,2
5,8,2.140231e6,-1.1025341372298358,-0.8619484131774695,TIME_LIMIT,468733,0,0,12,9
5,8,2.140344e6,-1.1025341372298358,-0.8619484131774695,TIME_LIMIT,468755,0,0,15,6
5,8,2.140473e6,-1.1025335929874216,-0.8619484131774695,TIME_LIMIT,468773,0,0,11,7
5,8,2.140547e6,-1.1025335929874216,-0.8619484131774695,TIME_LIMIT,468799,0,0,15,13
5,8,2.140668e6,-1.102531869211148,-0.8619484131774695,TIME_LIMIT,468826,0,0,12,10
5,8,2.14091e6,-1.102531869211148,-0.8619484131774695,TIME_LIMIT,468857,0,0,16,17
5,8,2.141156e6,-1.102525724499639,-0.8619484131774695,TIME_LIMIT,468884,0,0,19,16
5,8,2.141322e6,-1.102525724499639,-0.8619484131774695,TIME_LIMIT,468903,0,0,16,4
5,8,2.141488e6,-1.1025207845752745,-0.8619484131774695,TIME_LIMIT,468933,0,0,6,7
5,8,2.141659e6,-1.1025207845752745,-0.8619484131774695,TIME_LIMIT,468955,0,0,14,13
5,8,2.141726e6,-1.1025190948314143,-0.8619484131774695,TIME_LIMIT,468973,0,0,7,4
5,8,2.141843e6,-1.1025190948314143,-0.8619484131774695,TIME_LIMIT,468995,0,0,4,11
5,8,2.14197e6,-1.102511475418476,-0.8619484131774695,TIME_LIMIT,469022,0,0,8,10
5,8,2.142125e6,-1.102511475418476,-0.8619484131774695,TIME_LIMIT,469048,0,0,14,13
5,8,2.142196e6,-1.102510541646046,-0.8619484131774695,TIME_LIMIT,469066,0,0,9,4
5,8,2.142309e6,-1.102510541646046,-0.8619484131774695,TIME_LIMIT,469083,0,0,10,4
5,8,2.142346e6,-1.1025070492196154,-0.8619484131774695,TIME_LIMIT,469103,0,0,8,1
5,8,2.142511e6,-1.1025070492196154,-0.8619484131774695,TIME_LIMIT,469125,0,0,11,12
5,8,2.142681e6,-1.1025005090546927,-0.8619484131774695,TIME_LIMIT,469156,0,0,9,4
5,8,2.142849e6,-1.1025005090546927,-0.8619484131774695,TIME_LIMIT,469188,0,0,8,14
5,8,2.143136e6,-1.102489182214094,-0.8619484131774695,TIME_LIMIT,469213,0,0,17,8
5,8,2.143302e6,-1.102489182214094,-0.8619484131774695,TIME_LIMIT,469240,0,0,16,24
5,8,2.143396e6,-1.1024890492829593,-0.8619484131774695,TIME_LIMIT,469276,0,0,15,8
5,8,2.143468e6,-1.1024890492829593,-0.8619484131774695,TIME_LIMIT,469295,0,0,11,18
5,8,2.143834e6,-1.1024813939554639,-0.8619484131774695,TIME_LIMIT,469331,0,0,7,13
5,8,2.143988e6,-1.1024813939554639,-0.8619484131774695,TIME_LIMIT,469358,0,0,17,21
5,8,2.144183e6,-1.102470567620732,-0.8619484131774695,TIME_LIMIT,469396,0,0,12,8
5,8,2.144241e6,-1.102470567620732,-0.8619484131774695,TIME_LIMIT,469418,0,0,9,7
5,8,2.14434e6,-1.1024692792060762,-0.8619484131774695,TIME_LIMIT,469448,0,0,9,4
5,8,2.144379e6,-1.1024692792060762,-0.8619484131774695,TIME_LIMIT,469466,0,0,3,6
5,8,2.144454e6,-1.1024692256283513,-0.8619484131774695,TIME_LIMIT,469484,0,0,6,3
5,8,2.144608e6,-1.1024692256283513,-0.8619484131774695,TIME_LIMIT,469507,0,0,9,6
5,8,2.144712e6,-1.102447776613049,-0.8619484131774695,TIME_LIMIT,469537,0,0,7,9
5,8,2.144796e6,-1.102447776613049,-0.8619484131774695,TIME_LIMIT,469561,0,0,15,14
5,8,2.144993e6,-1.1024452993574707,-0.8619484131774695,TIME_LIMIT,469583,0,0,8,14
5,8,2.145202e6,-1.1024452993574707,-0.8619484131774695,TIME_LIMIT,469603,0,0,21,15
5,8,2.145396e6,-1.102444081490634,-0.8619484131774695,TIME_LIMIT,469641,0,0,11,6
5,8,2.145496e6,-1.102444081490634,-0.8619484131774695,TIME_LIMIT,469661,0,0,8,7
5,8,2.14556e6,-1.102441456261528,-0.8619484131774695,TIME_LIMIT,469676,0,0,5,2
5,8,2.145684e6,-1.102441456261528,-0.8619484131774695,TIME_LIMIT,469697,0,0,15,14
5,8,2.145826e6,-1.1024412413754399,-0.8619484131774695,TIME_LIMIT,469722,0,0,8,6
5,8,2.14588e6,-1.1024412413754399,-0.8619484131774695,TIME_LIMIT,469741,0,0,7,10
5,8,2.145991e6,-1.1024404010198898,-0.8619484131774695,TIME_LIMIT,469765,0,0,10,4
5,8,2.146148e6,-1.1024404010198898,-0.8619484131774695,TIME_LIMIT,469789,0,0,15,21
5,8,2.146303e6,-1.102437878119034,-0.8619484131774695,TIME_LIMIT,469822,0,0,6,7
5,8,2.146467e6,-1.102437878119034,-0.8619484131774695,TIME_LIMIT,469848,0,0,17,18
5,8,2.146618e6,-1.1024267951697908,-0.8619484131774695,TIME_LIMIT,469886,0,0,7,10
5,8,2.146717e6,-1.1024267951697908,-0.8619484131774695,TIME_LIMIT,469905,0,0,10,13
5,8,2.146903e6,-1.1024240732466897,-0.8619484131774695,TIME_LIMIT,469939,0,0,8,7
5,8,2.146967e6,-1.1024240732466897,-0.8619484131774695,TIME_LIMIT,469955,0,0,11,9
5,8,2.147182e6,-1.1024149262722083,-0.8619484131774695,TIME_LIMIT,469988,0,0,4,7
5,8,2.147254e6,-1.1024149262722083,-0.8619484131774695,TIME_LIMIT,470015,0,0,10,2
5,8,2.147358e6,-1.1024079776239786,-0.8619484131774695,TIME_LIMIT,470030,0,0,8,7
5,8,2.147421e6,-1.1024079776239786,-0.8619484131774695,TIME_LIMIT,470051,0,0,8,9
5,8,2.14748e6,-1.1024068953263213,-0.8619484131774695,TIME_LIMIT,470073,0,0,6,7
5,8,2.147667e6,-1.1024068953263213,-0.8619484131774695,TIME_LIMIT,470102,0,0,17,14
5,8,2.147789e6,-1.1024041263996252,-0.8619484131774695,TIME_LIMIT,470128,0,0,13,17
5,8,2.147869e6,-1.1024041263996252,-0.8619484131774695,TIME_LIMIT,470144,0,0,15,24
5,8,2.148133e6,-1.10240264556798,-0.8619484131774695,TIME_LIMIT,470182,0,0,11,11
5,8,2.148152e6,-1.10240264556798,-0.8619484131774695,TIME_LIMIT,470190,0,0,1,0
5,8,2.148168e6,-1.1024014629729821,-0.8619484131774695,TIME_LIMIT,470197,0,0,1,1
5,8,2.148208e6,-1.1024014629729821,-0.8619484131774695,TIME_LIMIT,470207,0,0,7,8
5,8,2.148254e6,-1.1023971572304834,-0.8619484131774695,TIME_LIMIT,470225,0,0,2,4
5,8,2.148359e6,-1.1023971572304834,-0.8619484131774695,TIME_LIMIT,470255,0,0,19,21
5,8,2.148569e6,-1.1023779309006545,-0.8619484131774695,TIME_LIMIT,470279,0,0,14,8
5,8,2.148781e6,-1.1023779309006545,-0.8619484131774695,TIME_LIMIT,470300,0,0,17,23
5,8,2.148959e6,-1.1023738518857134,-0.8619484131774695,TIME_LIMIT,470337,0,0,19,13
5,8,2.149094e6,-1.1023738518857134,-0.8619484131774695,TIME_LIMIT,470361,0,0,10,14
5,8,2.149215e6,-1.1023709621644777,-0.8619484131774695,TIME_LIMIT,470387,0,0,14,6
5,8,2.149376e6,-1.1023709621644777,-0.8619484131774695,TIME_LIMIT,470415,0,0,17,16
5,8,2.149508e6,-1.1023621702221202,-0.8619484131774695,TIME_LIMIT,470438,0,0,15,6
5,8,2.14965e6,-1.1023621702221202,-0.8619484131774695,TIME_LIMIT,470464,0,0,25,14
5,8,2.149937e6,-1.1023580460646496,-0.8619484131774695,TIME_LIMIT,470500,0,0,15,7
5,8,2.150089e6,-1.1023580460646496,-0.8619484131774695,TIME_LIMIT,470519,0,0,13,7
5,8,2.15013e6,-1.1023526203286664,-0.8619484131774695,TIME_LIMIT,470535,0,0,6,3
5,8,2.150339e6,-1.1023526203286664,-0.8619484131774695,TIME_LIMIT,470556,0,0,18,17
5,8,2.150453e6,-1.1023523272472413,-0.8619484131774695,TIME_LIMIT,470583,0,0,7,4
5,8,2.150552e6,-1.1023523272472413,-0.8619484131774695,TIME_LIMIT,470605,0,0,4,16
5,8,2.150669e6,-1.102337586483114,-0.8619484131774695,TIME_LIMIT,470629,0,0,11,5
5,8,2.150829e6,-1.102337586483114,-0.8619484131774695,TIME_LIMIT,470650,0,0,13,12
5,8,2.150894e6,-1.1023352899375793,-0.8619484131774695,TIME_LIMIT,470675,0,0,6,4
5,8,2.151015e6,-1.1023352899375793,-0.8619484131774695,TIME_LIMIT,470702,0,0,20,27
5,8,2.151235e6,-1.1023300777357818,-0.8619484131774695,TIME_LIMIT,470738,0,0,17,10
5,8,2.151393e6,-1.1023300777357818,-0.8619484131774695,TIME_LIMIT,470761,0,0,16,8
5,8,2.151511e6,-1.1023266457918799,-0.8619484131774695,TIME_LIMIT,470779,0,0,14,15
5,8,2.151721e6,-1.1023266457918799,-0.8619484131774695,TIME_LIMIT,470808,0,0,7,15
5,8,2.151916e6,-1.102321316162929,-0.8619484131774695,TIME_LIMIT,470840,0,0,16,3
5,8,2.152098e6,-1.102321316162929,-0.8619484131774695,TIME_LIMIT,470869,0,0,15,24
5,8,2.152147e6,-1.102320172704978,-0.8619484131774695,TIME_LIMIT,470898,0,0,10,6
5,8,2.152308e6,-1.102320172704978,-0.8619484131774695,TIME_LIMIT,470918,0,0,6,6
5,8,2.152423e6,-1.1023152251883563,-0.8619484131774695,TIME_LIMIT,470944,0,0,7,6
5,8,2.152547e6,-1.1023152251883563,-0.8619484131774695,TIME_LIMIT,470965,0,0,18,16
5,8,2.152658e6,-1.102309215051819,-0.8619484131774695,TIME_LIMIT,470996,0,0,6,8
5,8,2.152879e6,-1.102309215051819,-0.8619484131774695,TIME_LIMIT,471023,0,0,17,21
5,8,2.152979e6,-1.1022993203658566,-0.8619484131774695,TIME_LIMIT,471047,0,0,17,9
5,8,2.153079e6,-1.1022993203658566,-0.8619484131774695,TIME_LIMIT,471067,0,0,12,9
5,8,2.153188e6,-1.1022976139250709,-0.8619484131774695,TIME_LIMIT,471098,0,0,11,5
5,8,2.153307e6,-1.1022976139250709,-0.8619484131774695,TIME_LIMIT,471121,0,0,8,16
5,8,2.153492e6,-1.1022909561749237,-0.8619484131774695,TIME_LIMIT,471158,0,0,16,8
5,8,2.153635e6,-1.1022909561749237,-0.8619484131774695,TIME_LIMIT,471188,0,0,27,27
5,8,2.153844e6,-1.1022798605760933,-0.8619484131774695,TIME_LIMIT,471228,0,0,12,10
5,8,2.154023e6,-1.1022798605760933,-0.8619484131774695,TIME_LIMIT,471254,0,0,7,9
5,8,2.154138e6,-1.1022744989168927,-0.8619484131774695,TIME_LIMIT,471278,0,0,11,7
5,8,2.154346e6,-1.1022744989168927,-0.8619484131774695,TIME_LIMIT,471301,0,0,10,10
5,8,2.154448e6,-1.1022701297407205,-0.8619484131774695,TIME_LIMIT,471328,0,0,10,7
5,8,2.154529e6,-1.1022701297407205,-0.8619484131774695,TIME_LIMIT,471345,0,0,9,4
5,8,2.154595e6,-1.1022484637082766,-0.8619484131774695,TIME_LIMIT,471362,0,0,8,1
5,8,2.154788e6,-1.1022484637082766,-0.8619484131774695,TIME_LIMIT,471387,0,0,12,11
5,8,2.154899e6,-1.1022479847273128,-0.8619484131774695,TIME_LIMIT,471422,0,0,17,7
5,8,2.154987e6,-1.1022479847273128,-0.8619484131774695,TIME_LIMIT,471446,0,0,11,9
5,8,2.155113e6,-1.1022465813860478,-0.8619484131774695,TIME_LIMIT,471467,0,0,11,7
5,8,2.155178e6,-1.1022465813860478,-0.8619484131774695,TIME_LIMIT,471479,0,0,5,7
5,8,2.155316e6,-1.1022398470298218,-0.8619484131774695,TIME_LIMIT,471495,0,0,9,3
5,8,2.155522e6,-1.1022398470298218,-0.8619484131774695,TIME_LIMIT,471522,0,0,23,17
5,8,2.155731e6,-1.1022396495252873,-0.8619484131774695,TIME_LIMIT,471558,0,0,15,9
5,8,2.155863e6,-1.1022396495252873,-0.8619484131774695,TIME_LIMIT,471587,0,0,14,6
5,8,2.156008e6,-1.1022359562020858,-0.8619484131774695,TIME_LIMIT,471614,0,0,10,4
5,8,2.156058e6,-1.1022359562020858,-0.8619484131774695,TIME_LIMIT,471630,0,0,6,2
5,8,2.156087e6,-1.1022337707134013,-0.8619484131774695,TIME_LIMIT,471638,0,0,3,3
5,8,2.156145e6,-1.1022337707134013,-0.8619484131774695,TIME_LIMIT,471658,0,0,15,15
5,8,2.156312e6,-1.1022325406974307,-0.8619484131774695,TIME_LIMIT,471692,0,0,7,13
5,8,2.156519e6,-1.1022325406974307,-0.8619484131774695,TIME_LIMIT,471725,0,0,19,21
5,8,2.156653e6,-1.1022291431683282,-0.8619484131774695,TIME_LIMIT,471753,0,0,15,5
5,8,2.156756e6,-1.1022291431683282,-0.8619484131774695,TIME_LIMIT,471778,0,0,15,16
5,8,2.157032e6,-1.1022242896083227,-0.8619484131774695,TIME_LIMIT,471795,0,0,15,7
5,8,2.157123e6,-1.1022242896083227,-0.8619484131774695,TIME_LIMIT,471817,0,0,12,9
5,8,2.15718e6,-1.1022203695549257,-0.8619484131774695,TIME_LIMIT,471827,0,0,3,4
5,8,2.15726e6,-1.1022203695549257,-0.8619484131774695,TIME_LIMIT,471855,0,0,16,6
5,8,2.157317e6,-1.1022109594983474,-0.8619484131774695,TIME_LIMIT,471873,0,0,12,8
5,8,2.157394e6,-1.1022109594983474,-0.8619484131774695,TIME_LIMIT,471902,0,0,16,3
5,8,2.157437e6,-1.1022049731941461,-0.8619484131774695,TIME_LIMIT,471924,0,0,16,7
5,8,2.157643e6,-1.1022049731941461,-0.8619484131774695,TIME_LIMIT,471950,0,0,8,13
5,8,2.157729e6,-1.1022021024333626,-0.8619484131774695,TIME_LIMIT,471974,0,0,9,6
5,8,2.157826e6,-1.1022021024333626,-0.8619484131774695,TIME_LIMIT,471992,0,0,9,8
5,8,2.157922e6,-1.102200059010685,-0.8619484131774695,TIME_LIMIT,472013,0,0,4,6
5,8,2.158032e6,-1.102200059010685,-0.8619484131774695,TIME_LIMIT,472038,0,0,14,12
5,8,2.158231e6,-1.1021962557177263,-0.8619484131774695,TIME_LIMIT,472073,0,0,10,6
5,8,2.158339e6,-1.1021962557177263,-0.8619484131774695,TIME_LIMIT,472095,0,0,16,13
5,8,2.158487e6,-1.1021907808617477,-0.8619484131774695,TIME_LIMIT,472130,0,0,3,7
5,8,2.158688e6,-1.1021907808617477,-0.8619484131774695,TIME_LIMIT,472154,0,0,12,19
5,8,2.158832e6,-1.102186743112544,-0.8619484131774695,TIME_LIMIT,472188,0,0,8,8
5,8,2.159101e6,-1.102186743112544,-0.8619484131774695,TIME_LIMIT,472215,0,0,11,7
5,8,2.159226e6,-1.1021846372035247,-0.8619484131774695,TIME_LIMIT,472233,0,0,12,5
5,8,2.159345e6,-1.1021846372035247,-0.8619484131774695,TIME_LIMIT,472256,0,0,9,10
5,8,2.159397e6,-1.1021781841231073,-0.8619484131774695,TIME_LIMIT,472276,0,0,7,6
5,8,2.159602e6,-1.1021781841231073,-0.8619484131774695,TIME_LIMIT,472295,0,0,20,9
5,8,2.159774e6,-1.102171436607236,-0.8619484131774695,TIME_LIMIT,472332,0,0,10,7
5,8,2.159896e6,-1.102171436607236,-0.8619484131774695,TIME_LIMIT,472353,0,0,14,17
5,8,2.160076e6,-1.102169351474115,-0.8619484131774695,TIME_LIMIT,472380,0,0,13,5
5,8,2.160265e6,-1.102169351474115,-0.8619484131774695,TIME_LIMIT,472406,0,0,20,12
5,8,2.160365e6,-1.1021687065574706,-0.8619484131774695,TIME_LIMIT,472439,0,0,15,10
5,8,2.160563e6,-1.1021687065574706,-0.8619484131774695,TIME_LIMIT,472462,0,0,14,13
5,8,2.160709e6,-1.102165083796987,-0.8619484131774695,TIME_LIMIT,472493,0,0,13,3
5,8,2.160962e6,-1.102165083796987,-0.8619484131774695,TIME_LIMIT,472523,0,0,11,15
5,8,2.161087e6,-1.1021614081600122,-0.8619484131774695,TIME_LIMIT,472554,0,0,16,4
5,8,2.161262e6,-1.1021614081600122,-0.8619484131774695,TIME_LIMIT,472579,0,0,15,23
5,8,2.1614e6,-1.1021590477345953,-0.8619484131774695,TIME_LIMIT,472603,0,0,7,11
5,8,2.161532e6,-1.1021590477345953,-0.8619484131774695,TIME_LIMIT,472624,0,0,7,25
5,8,2.161759e6,-1.1021471038444823,-0.8619484131774695,TIME_LIMIT,472658,0,0,14,7
5,8,2.161904e6,-1.1021471038444823,-0.8619484131774695,TIME_LIMIT,472687,0,0,11,13
5,8,2.162024e6,-1.1021448330339727,-0.8619484131774695,TIME_LIMIT,472709,0,0,13,11
5,8,2.162191e6,-1.1021448330339727,-0.8619484131774695,TIME_LIMIT,472732,0,0,13,24
5,8,2.162336e6,-1.1021413469404644,-0.8619484131774695,TIME_LIMIT,472773,0,0,4,7
5,8,2.1625e6,-1.1021413469404644,-0.8619484131774695,TIME_LIMIT,472800,0,0,11,19
5,8,2.162556e6,-1.1021385799971701,-0.8619484131774695,TIME_LIMIT,472818,0,0,9,10
5,8,2.16278e6,-1.1021385799971701,-0.8619484131774695,TIME_LIMIT,472849,0,0,19,13
5,8,2.163024e6,-1.1021273370325626,-0.8619484131774695,TIME_LIMIT,472872,0,0,6,7
5,8,2.163125e6,-1.1021273370325626,-0.8619484131774695,TIME_LIMIT,472894,0,0,6,9
5,8,2.163203e6,-1.1021204098004365,-0.8619484131774695,TIME_LIMIT,472916,0,0,11,11
5,8,2.163317e6,-1.1021204098004365,-0.8619484131774695,TIME_LIMIT,472939,0,0,11,16
5,8,2.163431e6,-1.1021013203313845,-0.8619484131774695,TIME_LIMIT,472960,0,0,6,16
5,8,2.163571e6,-1.1021013203313845,-0.8619484131774695,TIME_LIMIT,472987,0,0,11,6
5,8,2.163738e6,-1.1020985963859748,-0.8619484131774695,TIME_LIMIT,473022,0,0,11,4
5,8,2.163865e6,-1.1020985963859748,-0.8619484131774695,TIME_LIMIT,473048,0,0,13,24
5,8,2.164009e6,-1.1020956958957058,-0.8619484131774695,TIME_LIMIT,473085,0,0,11,7
5,8,2.164063e6,-1.1020956958957058,-0.8619484131774695,TIME_LIMIT,473107,0,0,12,8
5,8,2.164315e6,-1.1020915783782699,-0.8619484131774695,TIME_LIMIT,473122,0,0,10,13
5,8,2.164417e6,-1.1020915783782699,-0.8619484131774695,TIME_LIMIT,473147,0,0,16,17
5,8,2.164555e6,-1.102078997670167,-0.8619484131774695,TIME_LIMIT,473173,0,0,18,10
5,8,2.164685e6,-1.102078997670167,-0.8619484131774695,TIME_LIMIT,473198,0,0,13,11
5,8,2.164762e6,-1.1020754393705492,-0.8619484131774695,TIME_LIMIT,473220,0,0,10,2
5,8,2.164917e6,-1.1020754393705492,-0.8619484131774695,TIME_LIMIT,473243,0,0,20,13
5,8,2.165048e6,-1.102071110804795,-0.8619484131774695,TIME_LIMIT,473276,0,0,9,7
5,8,2.165283e6,-1.102071110804795,-0.8619484131774695,TIME_LIMIT,473309,0,0,13,4
5,8,2.165485e6,-1.1020683783572436,-0.8619484131774695,TIME_LIMIT,473336,0,0,11,6
5,8,2.165707e6,-1.1020683783572436,-0.8619484131774695,TIME_LIMIT,473368,0,0,15,8
5,8,2.165805e6,-1.1020678063215958,-0.8619484131774695,TIME_LIMIT,473389,0,0,14,6
5,8,2.165874e6,-1.1020678063215958,-0.8619484131774695,TIME_LIMIT,473413,0,0,9,8
5,8,2.165933e6,-1.1020642428655258,-0.8619484131774695,TIME_LIMIT,473426,0,0,5,5
5,8,2.165984e6,-1.1020642428655258,-0.8619484131774695,TIME_LIMIT,473447,0,0,9,15
5,8,2.166112e6,-1.1020546652602725,-0.8619484131774695,TIME_LIMIT,473466,0,0,9,14
5,8,2.166175e6,-1.1020546652602725,-0.8619484131774695,TIME_LIMIT,473483,0,0,12,15
5,8,2.16633e6,-1.1020479023012424,-0.8619484131774695,TIME_LIMIT,473518,0,0,3,8
5,8,2.166401e6,-1.1020479023012424,-0.8619484131774695,TIME_LIMIT,473542,0,0,6,9
5,8,2.166517e6,-1.1020403313531844,-0.8619484131774695,TIME_LIMIT,473562,0,0,2,8
5,8,2.166598e6,-1.1020403313531844,-0.8619484131774695,TIME_LIMIT,473578,0,0,11,5
5,8,2.166711e6,-1.102039040506296,-0.8619484131774695,TIME_LIMIT,473598,0,0,10,6
5,8,2.166772e6,-1.102039040506296,-0.8619484131774695,TIME_LIMIT,473618,0,0,11,13
5,8,2.16691e6,-1.102038957784801,-0.8619484131774695,TIME_LIMIT,473648,0,0,6,8
5,8,2.167065e6,-1.102038957784801,-0.8619484131774695,TIME_LIMIT,473672,0,0,16,10
5,8,2.167174e6,-1.1020363651782272,-0.8619484131774695,TIME_LIMIT,473702,0,0,15,7
5,8,2.16733e6,-1.1020363651782272,-0.8619484131774695,TIME_LIMIT,473725,0,0,12,18
5,8,2.16756e6,-1.1020352401298008,-0.8619484131774695,TIME_LIMIT,473749,0,0,11,4
5,8,2.167613e6,-1.1020352401298008,-0.8619484131774695,TIME_LIMIT,473768,0,0,14,7
5,8,2.167775e6,-1.1020309386208522,-0.8619484131774695,TIME_LIMIT,473802,0,0,13,7
5,8,2.167852e6,-1.1020309386208522,-0.8619484131774695,TIME_LIMIT,473822,0,0,7,15
5,8,2.167993e6,-1.102030096949386,-0.8619484131774695,TIME_LIMIT,473853,0,0,9,11
5,8,2.168198e6,-1.102030096949386,-0.8619484131774695,TIME_LIMIT,473881,0,0,15,12
5,8,2.168389e6,-1.102021072565461,-0.8619484131774695,TIME_LIMIT,473908,0,0,10,7
5,8,2.168571e6,-1.102021072565461,-0.8619484131774695,TIME_LIMIT,473939,0,0,8,10
5,8,2.168713e6,-1.1020201611032783,-0.8619484131774695,TIME_LIMIT,473971,0,0,14,8
5,8,2.168799e6,-1.1020201611032783,-0.8619484131774695,TIME_LIMIT,473999,0,0,17,13
5,8,2.168944e6,-1.1020178802024008,-0.8619484131774695,TIME_LIMIT,474028,0,0,6,8
5,8,2.168975e6,-1.1020178802024008,-0.8619484131774695,TIME_LIMIT,474039,0,0,3,1
5,8,2.16902e6,-1.1020061358598197,-0.8619484131774695,TIME_LIMIT,474046,0,0,1,0
5,8,2.169096e6,-1.1020061358598197,-0.8619484131774695,TIME_LIMIT,474066,0,0,12,7
5,8,2.169174e6,-1.1020013068697752,-0.8619484131774695,TIME_LIMIT,474084,0,0,5,3
5,8,2.169295e6,-1.1020013068697752,-0.8619484131774695,TIME_LIMIT,474114,0,0,9,17
5,8,2.169433e6,-1.1019970968963597,-0.8619484131774695,TIME_LIMIT,474146,0,0,17,12
5,8,2.169659e6,-1.1019970968963597,-0.8619484131774695,TIME_LIMIT,474170,0,0,17,29
5,8,2.169866e6,-1.1019952069066745,-0.8619484131774695,TIME_LIMIT,474206,0,0,19,5
5,8,2.170013e6,-1.1019952069066745,-0.8619484131774695,TIME_LIMIT,474226,0,0,17,6
5,8,2.170091e6,-1.101986409472718,-0.8619484131774695,TIME_LIMIT,474246,0,0,7,3
5,8,2.170187e6,-1.101986409472718,-0.8619484131774695,TIME_LIMIT,474272,0,0,11,15
5,8,2.170261e6,-1.1019817182269462,-0.8619484131774695,TIME_LIMIT,474289,0,0,8,2
5,8,2.170361e6,-1.1019817182269462,-0.8619484131774695,TIME_LIMIT,474312,0,0,16,6
5,8,2.17046e6,-1.1019796745705799,-0.8619484131774695,TIME_LIMIT,474328,0,0,7,3
5,8,2.170581e6,-1.1019796745705799,-0.8619484131774695,TIME_LIMIT,474359,0,0,16,18
5,8,2.170668e6,-1.1019745938171353,-0.8619484131774695,TIME_LIMIT,474382,0,0,12,10
5,8,2.170869e6,-1.1019745938171353,-0.8619484131774695,TIME_LIMIT,474410,0,0,19,38
5,8,2.171003e6,-1.1019737467919932,-0.8619484131774695,TIME_LIMIT,474451,0,0,19,9
5,8,2.171282e6,-1.1019737467919932,-0.8619484131774695,TIME_LIMIT,474472,0,0,19,23
5,8,2.171542e6,-1.1019675292357962,-0.8619484131774695,TIME_LIMIT,474510,0,0,12,7
5,8,2.171633e6,-1.1019675292357962,-0.8619484131774695,TIME_LIMIT,474540,0,0,10,10
5,8,2.171805e6,-1.101965918330796,-0.8619484131774695,TIME_LIMIT,474570,0,0,13,8
5,8,2.171912e6,-1.101965918330796,-0.8619484131774695,TIME_LIMIT,474587,0,0,8,5
5,8,2.17194e6,-1.101960415453056,-0.8619484131774695,TIME_LIMIT,474603,0,0,3,1
5,8,2.1721e6,-1.101960415453056,-0.8619484131774695,TIME_LIMIT,474625,0,0,19,13
5,8,2.172239e6,-1.1019575067365794,-0.8619484131774695,TIME_LIMIT,474665,0,0,21,8
5,8,2.172437e6,-1.1019575067365794,-0.8619484131774695,TIME_LIMIT,474693,0,0,16,16
5,8,2.17266e6,-1.1019535330059664,-0.8619484131774695,TIME_LIMIT,474720,0,0,14,8
5,8,2.172713e6,-1.1019535330059664,-0.8619484131774695,TIME_LIMIT,474739,0,0,9,8
5,8,2.172851e6,-1.101943611499118,-0.8619484131774695,TIME_LIMIT,474771,0,0,8,7
5,8,2.172964e6,-1.101943611499118,-0.8619484131774695,TIME_LIMIT,474793,0,0,16,7
5,8,2.173137e6,-1.101940100372697,-0.8619484131774695,TIME_LIMIT,474815,0,0,13,10
5,8,2.173329e6,-1.101940100372697,-0.8619484131774695,TIME_LIMIT,474837,0,0,11,16
5,8,2.173475e6,-1.1019291134875113,-0.8619484131774695,TIME_LIMIT,474873,0,0,12,7
5,8,2.173612e6,-1.1019291134875113,-0.8619484131774695,TIME_LIMIT,474896,0,0,17,21
5,8,2.17379e6,-1.1019261631362116,-0.8619484131774695,TIME_LIMIT,474935,0,0,11,8
5,8,2.173902e6,-1.1019261631362116,-0.8619484131774695,TIME_LIMIT,474961,0,0,22,16
5,8,2.174042e6,-1.1019255100129781,-0.8619484131774695,TIME_LIMIT,474993,0,0,14,8
5,8,2.174201e6,-1.1019255100129781,-0.8619484131774695,TIME_LIMIT,475020,0,0,12,19
5,8,2.174428e6,-1.1019165367641734,-0.8619484131774695,TIME_LIMIT,475055,0,0,13,17
5,8,2.174537e6,-1.1019165367641734,-0.8619484131774695,TIME_LIMIT,475076,0,0,9,6
5,8,2.174617e6,-1.1019122845832383,-0.8619484131774695,TIME_LIMIT,475100,0,0,9,9
5,8,2.174717e6,-1.1019122845832383,-0.8619484131774695,TIME_LIMIT,475125,0,0,22,20
5,8,2.174881e6,-1.1019089130429693,-0.8619484131774695,TIME_LIMIT,475164,0,0,17,16
5,8,2.175012e6,-1.1019089130429693,-0.8619484131774695,TIME_LIMIT,475191,0,0,16,16
5,8,2.175047e6,-1.1019078979023669,-0.8619484131774695,TIME_LIMIT,475209,0,0,8,6
5,8,2.175141e6,-1.1019078979023669,-0.8619484131774695,TIME_LIMIT,475230,0,0,5,7
5,8,2.175288e6,-1.1019027897130833,-0.8619484131774695,TIME_LIMIT,475249,0,0,5,2
5,8,2.175487e6,-1.1019027897130833,-0.8619484131774695,TIME_LIMIT,475278,0,0,15,18
5,8,2.175586e6,-1.101900800898466,-0.8619484131774695,TIME_LIMIT,475304,0,0,14,9
5,8,2.175805e6,-1.101900800898466,-0.8619484131774695,TIME_LIMIT,475332,0,0,13,19
5,8,2.175966e6,-1.1019006723382438,-0.8619484131774695,TIME_LIMIT,475363,0,0,8,9
5,8,2.176145e6,-1.1019006723382438,-0.8619484131774695,TIME_LIMIT,475390,0,0,15,19
5,8,2.176381e6,-1.1018980642426224,-0.8619484131774695,TIME_LIMIT,475429,0,0,9,13
5,8,2.176482e6,-1.1018980642426224,-0.8619484131774695,TIME_LIMIT,475449,0,0,11,8
5,8,2.17668e6,-1.1018966654612308,-0.8619484131774695,TIME_LIMIT,475485,0,0,11,7
5,8,2.176826e6,-1.1018966654612308,-0.8619484131774695,TIME_LIMIT,475512,0,0,15,17
5,8,2.176941e6,-1.1018788413117164,-0.8619484131774695,TIME_LIMIT,475538,0,0,12,3
5,8,2.177159e6,-1.1018788413117164,-0.8619484131774695,TIME_LIMIT,475563,0,0,27,24
5,8,2.177393e6,-1.101877542717267,-0.8619484131774695,TIME_LIMIT,475600,0,0,17,14
5,8,2.177493e6,-1.101877542717267,-0.8619484131774695,TIME_LIMIT,475621,0,0,15,10
5,8,2.177597e6,-1.101876030842763,-0.8619484131774695,TIME_LIMIT,475640,0,0,4,2
5,8,2.177723e6,-1.101876030842763,-0.8619484131774695,TIME_LIMIT,475660,0,0,17,27
5,8,2.177901e6,-1.1018633537194558,-0.8619484131774695,TIME_LIMIT,475689,0,0,12,7
5,8,2.178051e6,-1.1018633537194558,-0.8619484131774695,TIME_LIMIT,475717,0,0,12,14
5,8,2.178202e6,-1.1018631706248128,-0.8619484131774695,TIME_LIMIT,475755,0,0,11,7
5,8,2.178421e6,-1.1018631706248128,-0.8619484131774695,TIME_LIMIT,475782,0,0,4,9
5,8,2.178476e6,-1.1018616801877088,-0.8619484131774695,TIME_LIMIT,475803,0,0,4,4
5,8,2.178684e6,-1.1018616801877088,-0.8619484131774695,TIME_LIMIT,475827,0,0,8,6
5,8,2.178788e6,-1.1018605527651337,-0.8619484131774695,TIME_LIMIT,475844,0,0,5,5
5,8,2.178911e6,-1.1018605527651337,-0.8619484131774695,TIME_LIMIT,475870,0,0,13,8
5,8,2.178974e6,-1.1018549061144767,-0.8619484131774695,TIME_LIMIT,475887,0,0,8,3
5,8,2.179074e6,-1.1018549061144767,-0.8619484131774695,TIME_LIMIT,475910,0,0,10,4
5,8,2.179109e6,-1.101841714206842,-0.8619484131774695,TIME_LIMIT,475925,0,0,10,2
5,8,2.179235e6,-1.101841714206842,-0.8619484131774695,TIME_LIMIT,475943,0,0,16,26
5,8,2.179419e6,-1.1018326860251886,-0.8619484131774695,TIME_LIMIT,475976,0,0,15,7
5,8,2.179625e6,-1.1018326860251886,-0.8619484131774695,TIME_LIMIT,476000,0,0,18,33
5,8,2.179851e6,-1.1018204408124788,-0.8619484131774695,TIME_LIMIT,476034,0,0,5,4
5,8,2.179913e6,-1.1018204408124788,-0.8619484131774695,TIME_LIMIT,476059,0,0,5,4
5,8,2.180009e6,-1.1018159151524105,-0.8619484131774695,TIME_LIMIT,476084,0,0,12,9
5,8,2.180128e6,-1.1018159151524105,-0.8619484131774695,TIME_LIMIT,476107,0,0,4,11
5,8,2.180196e6,-1.1018125244147747,-0.8619484131774695,TIME_LIMIT,476133,0,0,9,8
5,8,2.180318e6,-1.1018125244147747,-0.8619484131774695,TIME_LIMIT,476150,0,0,17,12
5,8,2.180485e6,-1.1018097932948092,-0.8619484131774695,TIME_LIMIT,476188,0,0,14,7
5,8,2.180691e6,-1.1018097932948092,-0.8619484131774695,TIME_LIMIT,476212,0,0,18,23
5,8,2.180885e6,-1.1018024787389458,-0.8619484131774695,TIME_LIMIT,476241,0,0,21,11
5,8,2.181122e6,-1.1018024787389458,-0.8619484131774695,TIME_LIMIT,476267,0,0,10,14
5,8,2.181457e6,-1.101801529679586,-0.8619484131774695,TIME_LIMIT,476302,0,0,12,9
5,8,2.181515e6,-1.101801529679586,-0.8619484131774695,TIME_LIMIT,476331,0,0,12,7
5,8,2.181582e6,-1.1018007826790142,-0.8619484131774695,TIME_LIMIT,476351,0,0,13,4
5,8,2.181707e6,-1.1018007826790142,-0.8619484131774695,TIME_LIMIT,476375,0,0,14,8
5,8,2.181749e6,-1.10179058510401,-0.8619484131774695,TIME_LIMIT,476387,0,0,8,7
5,8,2.181907e6,-1.10179058510401,-0.8619484131774695,TIME_LIMIT,476415,0,0,13,20
5,8,2.181968e6,-1.101786987970121,-0.8619484131774695,TIME_LIMIT,476435,0,0,8,3
5,8,2.182064e6,-1.101786987970121,-0.8619484131774695,TIME_LIMIT,476454,0,0,6,14
5,8,2.182167e6,-1.1017841850476562,-0.8619484131774695,TIME_LIMIT,476484,0,0,6,7
5,8,2.182339e6,-1.1017841850476562,-0.8619484131774695,TIME_LIMIT,476504,0,0,14,25
5,8,2.1825e6,-1.1017829683397085,-0.8619484131774695,TIME_LIMIT,476532,0,0,13,6
5,8,2.182701e6,-1.1017829683397085,-0.8619484131774695,TIME_LIMIT,476556,0,0,21,12
5,8,2.182771e6,-1.101780637125008,-0.8619484131774695,TIME_LIMIT,476590,0,0,7,7
5,8,2.182906e6,-1.101780637125008,-0.8619484131774695,TIME_LIMIT,476619,0,0,16,15
5,8,2.182979e6,-1.1017805691226261,-0.8619484131774695,TIME_LIMIT,476642,0,0,20,5
5,8,2.183183e6,-1.1017805691226261,-0.8619484131774695,TIME_LIMIT,476673,0,0,15,16
5,8,2.183262e6,-1.1017603256619413,-0.8619484131774695,TIME_LIMIT,476698,0,0,7,6
5,8,2.183462e6,-1.1017603256619413,-0.8619484131774695,TIME_LIMIT,476727,0,0,9,13
5,8,2.183641e6,-1.1017576302695056,-0.8619484131774695,TIME_LIMIT,476753,0,0,7,5
5,8,2.183769e6,-1.1017576302695056,-0.8619484131774695,TIME_LIMIT,476779,0,0,12,12
5,8,2.183871e6,-1.10175305133898,-0.8619484131774695,TIME_LIMIT,476812,0,0,7,8
5,8,2.184078e6,-1.10175305133898,-0.8619484131774695,TIME_LIMIT,476840,0,0,16,19
5,8,2.184127e6,-1.1017410989303515,-0.8619484131774695,TIME_LIMIT,476871,0,0,7,3
5,8,2.184241e6,-1.1017410989303515,-0.8619484131774695,TIME_LIMIT,476891,0,0,9,8
5,8,2.18434e6,-1.1017385212096367,-0.8619484131774695,TIME_LIMIT,476914,0,0,3,4
5,8,2.184393e6,-1.1017385212096367,-0.8619484131774695,TIME_LIMIT,476931,0,0,11,5
5,8,2.184478e6,-1.1017377795528935,-0.8619484131774695,TIME_LIMIT,476952,0,0,8,4
5,8,2.184599e6,-1.1017377795528935,-0.8619484131774695,TIME_LIMIT,476980,0,0,17,14
5,8,2.18481e6,-1.1017376182098664,-0.8619484131774695,TIME_LIMIT,477008,0,0,17,9
5,8,2.184844e6,-1.1017376182098664,-0.8619484131774695,TIME_LIMIT,477017,0,0,4,4
5,8,2.184873e6,-1.1017335595619606,-0.8619484131774695,TIME_LIMIT,477031,0,0,3,3
5,8,2.184963e6,-1.1017335595619606,-0.8619484131774695,TIME_LIMIT,477054,0,0,16,7
5,8,2.185059e6,-1.1017291994773384,-0.8619484131774695,TIME_LIMIT,477074,0,0,15,4
5,8,2.185172e6,-1.1017291994773384,-0.8619484131774695,TIME_LIMIT,477096,0,0,9,11
5,8,2.185295e6,-1.1017265869666797,-0.8619484131774695,TIME_LIMIT,477124,0,0,11,8
5,8,2.185477e6,-1.1017265869666797,-0.8619484131774695,TIME_LIMIT,477142,0,0,11,9
5,8,2.185605e6,-1.101726060592883,-0.8619484131774695,TIME_LIMIT,477165,0,0,7,2
5,8,2.185676e6,-1.101726060592883,-0.8619484131774695,TIME_LIMIT,477188,0,0,5,8
5,8,2.185734e6,-1.1017168377520625,-0.8619484131774695,TIME_LIMIT,477202,0,0,8,5
5,8,2.185887e6,-1.1017168377520625,-0.8619484131774695,TIME_LIMIT,477229,0,0,20,13
5,8,2.186001e6,-1.1017120883013052,-0.8619484131774695,TIME_LIMIT,477259,0,0,5,3
5,8,2.186114e6,-1.1017120883013052,-0.8619484131774695,TIME_LIMIT,477279,0,0,11,16
5,8,2.186198e6,-1.1017020950196166,-0.8619484131774695,TIME_LIMIT,477291,0,0,7,6
5,8,2.186331e6,-1.1017020950196166,-0.8619484131774695,TIME_LIMIT,477311,0,0,10,10
5,8,2.186473e6,-1.1016992370358059,-0.8619484131774695,TIME_LIMIT,477345,0,0,7,5
5,8,2.186547e6,-1.1016992370358059,-0.8619484131774695,TIME_LIMIT,477365,0,0,13,7
5,8,2.186623e6,-1.1016909949159444,-0.8619484131774695,TIME_LIMIT,477388,0,0,7,4
5,8,2.186742e6,-1.1016909949159444,-0.8619484131774695,TIME_LIMIT,477414,0,0,15,18
5,8,2.186833e6,-1.1016805049459204,-0.8619484131774695,TIME_LIMIT,477443,0,0,5,6
5,8,2.186964e6,-1.1016805049459204,-0.8619484131774695,TIME_LIMIT,477472,0,0,17,14
5,8,2.18718e6,-1.1016782806879115,-0.8619484131774695,TIME_LIMIT,477502,0,0,20,16
5,8,2.187242e6,-1.1016782806879115,-0.8619484131774695,TIME_LIMIT,477519,0,0,10,7
5,8,2.187377e6,-1.101677928162471,-0.8619484131774695,TIME_LIMIT,477540,0,0,13,5
5,8,2.187526e6,-1.101677928162471,-0.8619484131774695,TIME_LIMIT,477569,0,0,19,12
5,8,2.18768e6,-1.1016686354433953,-0.8619484131774695,TIME_LIMIT,477588,0,0,6,8
5,8,2.187805e6,-1.1016686354433953,-0.8619484131774695,TIME_LIMIT,477615,0,0,16,6
5,8,2.187873e6,-1.101664473091693,-0.8619484131774695,TIME_LIMIT,477640,0,0,12,5
5,8,2.188129e6,-1.101664473091693,-0.8619484131774695,TIME_LIMIT,477663,0,0,18,17
5,8,2.18831e6,-1.101652225474293,-0.8619484131774695,TIME_LIMIT,477697,0,0,7,14
5,8,2.188431e6,-1.101652225474293,-0.8619484131774695,TIME_LIMIT,477718,0,0,14,7
5,8,2.188511e6,-1.1016504994291219,-0.8619484131774695,TIME_LIMIT,477740,0,0,13,5
5,8,2.188711e6,-1.1016504994291219,-0.8619484131774695,TIME_LIMIT,477767,0,0,19,21
5,8,2.188822e6,-1.1016438726994173,-0.8619484131774695,TIME_LIMIT,477795,0,0,12,8
5,8,2.188891e6,-1.1016438726994173,-0.8619484131774695,TIME_LIMIT,477816,0,0,12,2
5,8,2.188953e6,-1.1016435907741398,-0.8619484131774695,TIME_LIMIT,477837,0,0,7,3
5,8,2.189066e6,-1.1016435907741398,-0.8619484131774695,TIME_LIMIT,477874,0,0,19,12
5,8,2.189112e6,-1.1016393676201792,-0.8619484131774695,TIME_LIMIT,477894,0,0,13,11
5,8,2.189241e6,-1.1016393676201792,-0.8619484131774695,TIME_LIMIT,477910,0,0,11,10
5,8,2.189296e6,-1.1016342474932799,-0.8619484131774695,TIME_LIMIT,477925,0,0,6,2
5,8,2.18941e6,-1.1016342474932799,-0.8619484131774695,TIME_LIMIT,477949,0,0,11,12
5,8,2.189457e6,-1.1016303101061626,-0.8619484131774695,TIME_LIMIT,477971,0,0,12,6
5,8,2.189685e6,-1.1016303101061626,-0.8619484131774695,TIME_LIMIT,477997,0,0,16,13
5,8,2.189812e6,-1.101625302781566,-0.8619484131774695,TIME_LIMIT,478024,0,0,13,4
5,8,2.189992e6,-1.101625302781566,-0.8619484131774695,TIME_LIMIT,478046,0,0,12,11
5,8,2.190222e6,-1.101623309855579,-0.8619484131774695,TIME_LIMIT,478076,0,0,10,10
5,8,2.190374e6,-1.101623309855579,-0.8619484131774695,TIME_LIMIT,478103,0,0,14,15
5,8,2.190477e6,-1.101621513154333,-0.8619484131774695,TIME_LIMIT,478126,0,0,15,12
5,8,2.190684e6,-1.101621513154333,-0.8619484131774695,TIME_LIMIT,478155,0,0,15,7
5,8,2.190768e6,-1.1016192172493577,-0.8619484131774695,TIME_LIMIT,478175,0,0,14,11
5,8,2.190876e6,-1.1016192172493577,-0.8619484131774695,TIME_LIMIT,478194,0,0,7,7
5,8,2.190987e6,-1.1016168812723832,-0.8619484131774695,TIME_LIMIT,478219,0,0,7,10
5,8,2.191119e6,-1.1016168812723832,-0.8619484131774695,TIME_LIMIT,478244,0,0,10,17
5,8,2.191222e6,-1.1016094484107593,-0.8619484131774695,TIME_LIMIT,478275,0,0,6,5
5,8,2.191353e6,-1.1016094484107593,-0.8619484131774695,TIME_LIMIT,478303,0,0,13,9
5,8,2.19147e6,-1.1016073891719207,-0.8619484131774695,TIME_LIMIT,478321,0,0,8,6
5,8,2.19159e6,-1.1016073891719207,-0.8619484131774695,TIME_LIMIT,478347,0,0,13,9
5,8,2.191789e6,-1.1016065323024076,-0.8619484131774695,TIME_LIMIT,478386,0,0,18,12
5,8,2.191996e6,-1.1016065323024076,-0.8619484131774695,TIME_LIMIT,478417,0,0,11,14
5,8,2.192154e6,-1.1016050086542262,-0.8619484131774695,TIME_LIMIT,478443,0,0,11,7
5,8,2.192306e6,-1.1016050086542262,-0.8619484131774695,TIME_LIMIT,478466,0,0,20,10
5,8,2.192416e6,-1.1016008074630492,-0.8619484131774695,TIME_LIMIT,478491,0,0,12,3
5,8,2.192599e6,-1.1016008074630492,-0.8619484131774695,TIME_LIMIT,478516,0,0,12,12
5,8,2.192684e6,-1.1016006886234186,-0.8619484131774695,TIME_LIMIT,478533,0,0,10,4
5,8,2.1929e6,-1.1016006886234186,-0.8619484131774695,TIME_LIMIT,478562,0,0,15,9
5,8,2.192939e6,-1.1015998420933744,-0.8619484131774695,TIME_LIMIT,478580,0,0,11,4
5,8,2.193085e6,-1.1015998420933744,-0.8619484131774695,TIME_LIMIT,478603,0,0,13,9
5,8,2.193187e6,-1.1015975923137684,-0.8619484131774695,TIME_LIMIT,478633,0,0,5,6
5,8,2.193395e6,-1.1015975923137684,-0.8619484131774695,TIME_LIMIT,478656,0,0,13,13
5,8,2.193586e6,-1.1015960640981812,-0.8619484131774695,TIME_LIMIT,478693,0,0,17,14
5,8,2.193727e6,-1.1015960640981812,-0.8619484131774695,TIME_LIMIT,478716,0,0,6,10
5,8,2.193878e6,-1.1015868450880275,-0.8619484131774695,TIME_LIMIT,478751,0,0,8,6
5,8,2.194085e6,-1.1015868450880275,-0.8619484131774695,TIME_LIMIT,478780,0,0,12,10
5,8,2.194134e6,-1.1015759258499433,-0.8619484131774695,TIME_LIMIT,478802,0,0,10,8
5,8,2.194344e6,-1.1015759258499433,-0.8619484131774695,TIME_LIMIT,478825,0,0,20,21
5,8,2.194451e6,-1.1015747453690874,-0.8619484131774695,TIME_LIMIT,478851,0,0,12,16
5,8,2.194552e6,-1.1015747453690874,-0.8619484131774695,TIME_LIMIT,478875,0,0,15,13
5,8,2.194636e6,-1.1015731554900916,-0.8619484131774695,TIME_LIMIT,478894,0,0,10,4
5,8,2.194683e6,-1.1015731554900916,-0.8619484131774695,TIME_LIMIT,478914,0,0,6,11
5,8,2.194813e6,-1.101572675138104,-0.8619484131774695,TIME_LIMIT,478946,0,0,11,9
5,8,2.19502e6,-1.101572675138104,-0.8619484131774695,TIME_LIMIT,478975,0,0,22,16
5,8,2.195184e6,-1.101570587720013,-0.8619484131774695,TIME_LIMIT,479007,0,0,11,8
5,8,2.19525e6,-1.101570587720013,-0.8619484131774695,TIME_LIMIT,479024,0,0,12,3
5,8,2.195303e6,-1.1015611518778758,-0.8619484131774695,TIME_LIMIT,479043,0,0,5,4
5,8,2.195467e6,-1.1015611518778758,-0.8619484131774695,TIME_LIMIT,479063,0,0,5,11
5,8,2.195574e6,-1.1015550473436764,-0.8619484131774695,TIME_LIMIT,479096,0,0,15,10
5,8,2.195759e6,-1.1015550473436764,-0.8619484131774695,TIME_LIMIT,479122,0,0,18,13
5,8,2.19595e6,-1.1015547551347782,-0.8619484131774695,TIME_LIMIT,479151,0,0,13,10
5,8,2.196094e6,-1.1015547551347782,-0.8619484131774695,TIME_LIMIT,479175,0,0,20,13
5,8,2.196273e6,-1.1015475446332417,-0.8619484131774695,TIME_LIMIT,479198,0,0,10,8
5,8,2.196378e6,-1.1015475446332417,-0.8619484131774695,TIME_LIMIT,479224,0,0,13,11
5,8,2.196535e6,-1.101536868572161,-0.8619484131774695,TIME_LIMIT,479253,0,0,8,9
5,8,2.196588e6,-1.101536868572161,-0.8619484131774695,TIME_LIMIT,479271,0,0,7,4
5,8,2.196675e6,-1.1015261714547553,-0.8619484131774695,TIME_LIMIT,479295,0,0,7,2
5,8,2.196821e6,-1.1015261714547553,-0.8619484131774695,TIME_LIMIT,479325,0,0,5,8
5,8,2.196928e6,-1.1015192255975546,-0.8619484131774695,TIME_LIMIT,479349,0,0,16,11
5,8,2.197047e6,-1.1015192255975546,-0.8619484131774695,TIME_LIMIT,479373,0,0,19,15
5,8,2.197217e6,-1.1015119798874018,-0.8619484131774695,TIME_LIMIT,479398,0,0,20,6
5,8,2.197445e6,-1.1015119798874018,-0.8619484131774695,TIME_LIMIT,479423,0,0,16,26
5,8,2.197625e6,-1.1015076476074128,-0.8619484131774695,TIME_LIMIT,479457,0,0,19,5
5,8,2.197755e6,-1.1015076476074128,-0.8619484131774695,TIME_LIMIT,479475,0,0,14,9
5,8,2.197811e6,-1.1015058933270454,-0.8619484131774695,TIME_LIMIT,479498,0,0,11,3
5,8,2.197945e6,-1.1015058933270454,-0.8619484131774695,TIME_LIMIT,479517,0,0,14,9
5,8,2.198027e6,-1.1015036061908954,-0.8619484131774695,TIME_LIMIT,479540,0,0,9,3
5,8,2.198068e6,-1.1015036061908954,-0.8619484131774695,TIME_LIMIT,479556,0,0,10,6
5,8,2.198117e6,-1.1015006917301704,-0.8619484131774695,TIME_LIMIT,479573,0,0,9,4
5,8,2.198322e6,-1.1015006917301704,-0.8619484131774695,TIME_LIMIT,479604,0,0,11,20
5,8,2.198521e6,-1.101497168795182,-0.8619484131774695,TIME_LIMIT,479645,0,0,22,13
5,8,2.19862e6,-1.101497168795182,-0.8619484131774695,TIME_LIMIT,479662,0,0,10,3
5,8,2.19872e6,-1.1014922406774905,-0.8619484131774695,TIME_LIMIT,479683,0,0,7,7
5,8,2.198819e6,-1.1014922406774905,-0.8619484131774695,TIME_LIMIT,479706,0,0,16,6
5,8,2.198941e6,-1.1014915194373327,-0.8619484131774695,TIME_LIMIT,479731,0,0,5,4
5,8,2.199111e6,-1.1014915194373327,-0.8619484131774695,TIME_LIMIT,479756,0,0,13,12
5,8,2.199219e6,-1.101486592100664,-0.8619484131774695,TIME_LIMIT,479784,0,0,9,9
5,8,2.199409e6,-1.101486592100664,-0.8619484131774695,TIME_LIMIT,479814,0,0,22,24
5,8,2.199657e6,-1.1014823843943367,-0.8619484131774695,TIME_LIMIT,479852,0,0,15,10
5,8,2.199793e6,-1.1014823843943367,-0.8619484131774695,TIME_LIMIT,479876,0,0,10,7
5,8,2.199896e6,-1.101480263377704,-0.8619484131774695,TIME_LIMIT,479903,0,0,9,4
5,8,2.200024e6,-1.101480263377704,-0.8619484131774695,TIME_LIMIT,479925,0,0,9,9
5,8,2.200282e6,-1.1014770224976986,-0.8619484131774695,TIME_LIMIT,479951,0,0,4,6
5,8,2.200404e6,-1.1014770224976986,-0.8619484131774695,TIME_LIMIT,479975,0,0,13,9
5,8,2.200527e6,-1.1014756943875472,-0.8619484131774695,TIME_LIMIT,480002,0,0,10,9
5,8,2.200669e6,-1.1014756943875472,-0.8619484131774695,TIME_LIMIT,480031,0,0,15,14
5,8,2.200891e6,-1.10147514666155,-0.8619484131774695,TIME_LIMIT,480061,0,0,8,7
5,8,2.201121e6,-1.10147514666155,-0.8619484131774695,TIME_LIMIT,480091,0,0,8,18
5,8,2.201233e6,-1.1014717320378546,-0.8619484131774695,TIME_LIMIT,480119,0,0,18,15
5,8,2.201443e6,-1.1014717320378546,-0.8619484131774695,TIME_LIMIT,480150,0,0,7,12
5,8,2.20164e6,-1.101470183423158,-0.8619484131774695,TIME_LIMIT,480180,0,0,17,16
5,8,2.201851e6,-1.101470183423158,-0.8619484131774695,TIME_LIMIT,480206,0,0,13,14
5,8,2.202063e6,-1.1014699320489347,-0.8619484131774695,TIME_LIMIT,480226,0,0,16,7
5,8,2.202115e6,-1.1014699320489347,-0.8619484131774695,TIME_LIMIT,480243,0,0,10,7
5,8,2.202223e6,-1.1014686318046105,-0.8619484131774695,TIME_LIMIT,480269,0,0,10,6
5,8,2.202271e6,-1.1014686318046105,-0.8619484131774695,TIME_LIMIT,480283,0,0,9,18
5,8,2.202367e6,-1.1014674854934237,-0.8619484131774695,TIME_LIMIT,480307,0,0,9,11
5,8,2.202482e6,-1.1014674854934237,-0.8619484131774695,TIME_LIMIT,480329,0,0,13,6
5,8,2.202599e6,-1.1014663260164872,-0.8619484131774695,TIME_LIMIT,480351,0,0,13,10
5,8,2.202709e6,-1.1014663260164872,-0.8619484131774695,TIME_LIMIT,480374,0,0,13,22
5,8,2.2029e6,-1.1014632002041245,-0.8619484131774695,TIME_LIMIT,480404,0,0,5,3
5,8,2.203045e6,-1.1014632002041245,-0.8619484131774695,TIME_LIMIT,480434,0,0,9,9
5,8,2.203166e6,-1.1014624570186355,-0.8619484131774695,TIME_LIMIT,480455,0,0,3,7
5,8,2.203271e6,-1.1014624570186355,-0.8619484131774695,TIME_LIMIT,480479,0,0,9,12
5,8,2.203518e6,-1.1014587815317627,-0.8619484131774695,TIME_LIMIT,480499,0,0,7,7
5,8,2.203729e6,-1.1014587815317627,-0.8619484131774695,TIME_LIMIT,480528,0,0,23,23
5,8,2.203834e6,-1.1014575906243849,-0.8619484131774695,TIME_LIMIT,480550,0,0,19,9
5,8,2.203925e6,-1.1014575906243849,-0.8619484131774695,TIME_LIMIT,480566,0,0,7,7
5,8,2.204027e6,-1.101441998943001,-0.8619484131774695,TIME_LIMIT,480593,0,0,11,5
5,8,2.204228e6,-1.101441998943001,-0.8619484131774695,TIME_LIMIT,480628,0,0,17,13
5,8,2.204454e6,-1.1014413699887582,-0.8619484131774695,TIME_LIMIT,480651,0,0,9,10
5,8,2.2047e6,-1.1014413699887582,-0.8619484131774695,TIME_LIMIT,480676,0,0,14,15
5,8,2.204879e6,-1.1014400408279714,-0.8619484131774695,TIME_LIMIT,480704,0,0,13,11
5,8,2.205039e6,-1.1014400408279714,-0.8619484131774695,TIME_LIMIT,480728,0,0,11,12
5,8,2.205239e6,-1.101438387773929,-0.8619484131774695,TIME_LIMIT,480751,0,0,12,5
5,8,2.205281e6,-1.101438387773929,-0.8619484131774695,TIME_LIMIT,480771,0,0,11,7
5,8,2.205403e6,-1.1014360685446678,-0.8619484131774695,TIME_LIMIT,480795,0,0,7,9
5,8,2.205594e6,-1.1014360685446678,-0.8619484131774695,TIME_LIMIT,480820,0,0,7,13
5,8,2.205702e6,-1.1014255576271959,-0.8619484131774695,TIME_LIMIT,480852,0,0,14,11
5,8,2.205897e6,-1.1014255576271959,-0.8619484131774695,TIME_LIMIT,480881,0,0,23,27
5,8,2.206142e6,-1.1014241623655594,-0.8619484131774695,TIME_LIMIT,480919,0,0,11,13
5,8,2.206261e6,-1.1014241623655594,-0.8619484131774695,TIME_LIMIT,480944,0,0,12,10
5,8,2.20636e6,-1.1014227704192754,-0.8619484131774695,TIME_LIMIT,480968,0,0,4,8
5,8,2.206467e6,-1.1014227704192754,-0.8619484131774695,TIME_LIMIT,480988,0,0,16,9
5,8,2.206678e6,-1.1014220750469452,-0.8619484131774695,TIME_LIMIT,481013,0,0,11,6
5,8,2.206889e6,-1.1014220750469452,-0.8619484131774695,TIME_LIMIT,481029,0,0,11,12
5,8,2.207079e6,-1.101414854488489,-0.8619484131774695,TIME_LIMIT,481055,0,0,10,8
5,8,2.207171e6,-1.101414854488489,-0.8619484131774695,TIME_LIMIT,481076,0,0,8,11
5,8,2.20726e6,-1.1014119569267211,-0.8619484131774695,TIME_LIMIT,481101,0,0,7,7
5,8,2.207487e6,-1.1014119569267211,-0.8619484131774695,TIME_LIMIT,481127,0,0,18,28
5,8,2.207564e6,-1.101411402686189,-0.8619484131774695,TIME_LIMIT,481149,0,0,11,9
5,8,2.207668e6,-1.101411402686189,-0.8619484131774695,TIME_LIMIT,481168,0,0,9,5
5,8,2.207754e6,-1.1013990562187999,-0.8619484131774695,TIME_LIMIT,481185,0,0,4,5
5,8,2.207914e6,-1.1013990562187999,-0.8619484131774695,TIME_LIMIT,481206,0,0,10,12
5,8,2.208032e6,-1.1013979175608823,-0.8619484131774695,TIME_LIMIT,481234,0,0,10,4
5,8,2.208245e6,-1.1013979175608823,-0.8619484131774695,TIME_LIMIT,481258,0,0,9,20
5,8,2.208282e6,-1.101389531658961,-0.8619484131774695,TIME_LIMIT,481279,0,0,7,6
5,8,2.208437e6,-1.101389531658961,-0.8619484131774695,TIME_LIMIT,481305,0,0,11,4
5,8,2.208473e6,-1.1013858422367138,-0.8619484131774695,TIME_LIMIT,481321,0,0,10,4
5,8,2.208672e6,-1.1013858422367138,-0.8619484131774695,TIME_LIMIT,481352,0,0,19,31
5,8,2.208886e6,-1.1013804223512662,-0.8619484131774695,TIME_LIMIT,481388,0,0,20,11
5,8,2.209037e6,-1.1013804223512662,-0.8619484131774695,TIME_LIMIT,481411,0,0,13,12
5,8,2.209231e6,-1.101372154663623,-0.8619484131774695,TIME_LIMIT,481439,0,0,15,3
5,8,2.209346e6,-1.101372154663623,-0.8619484131774695,TIME_LIMIT,481466,0,0,9,16
5,8,2.209457e6,-1.1013700719935167,-0.8619484131774695,TIME_LIMIT,481491,0,0,2,8
5,8,2.209658e6,-1.1013700719935167,-0.8619484131774695,TIME_LIMIT,481521,0,0,15,21
5,8,2.209772e6,-1.101366757755712,-0.8619484131774695,TIME_LIMIT,481547,0,0,9,5
5,8,2.210151e6,-1.101366757755712,-0.8619484131774695,TIME_LIMIT,481573,0,0,23,16
5,8,2.210199e6,-1.1013621310613375,-0.8619484131774695,TIME_LIMIT,481597,0,0,12,4
5,8,2.210314e6,-1.1013621310613375,-0.8619484131774695,TIME_LIMIT,481618,0,0,10,24
5,8,2.210482e6,-1.1013620852977604,-0.8619484131774695,TIME_LIMIT,481645,0,0,7,7
5,8,2.210691e6,-1.1013620852977604,-0.8619484131774695,TIME_LIMIT,481672,0,0,15,15
5,8,2.210782e6,-1.1013572466832862,-0.8619484131774695,TIME_LIMIT,481690,0,0,17,17
5,8,2.210977e6,-1.1013572466832862,-0.8619484131774695,TIME_LIMIT,481723,0,0,22,6
5,8,2.211208e6,-1.101351534294345,-0.8619484131774695,TIME_LIMIT,481758,0,0,21,8
5,8,2.211374e6,-1.101351534294345,-0.8619484131774695,TIME_LIMIT,481785,0,0,11,17
5,8,2.211526e6,-1.1013492717859257,-0.8619484131774695,TIME_LIMIT,481821,0,0,11,5
5,8,2.211614e6,-1.1013492717859257,-0.8619484131774695,TIME_LIMIT,481846,0,0,10,8
5,8,2.211746e6,-1.1013434224251681,-0.8619484131774695,TIME_LIMIT,481868,0,0,14,6
5,8,2.211951e6,-1.1013434224251681,-0.8619484131774695,TIME_LIMIT,481894,0,0,17,21
5,8,2.212176e6,-1.1013427233165443,-0.8619484131774695,TIME_LIMIT,481934,0,0,18,13
5,8,2.212262e6,-1.1013427233165443,-0.8619484131774695,TIME_LIMIT,481952,0,0,6,9
5,8,2.212309e6,-1.101342261055866,-0.8619484131774695,TIME_LIMIT,481975,0,0,5,6
5,8,2.212363e6,-1.101342261055866,-0.8619484131774695,TIME_LIMIT,481990,0,0,6,3
5,8,2.212426e6,-1.101336099834474,-0.8619484131774695,TIME_LIMIT,482008,0,0,8,2
5,8,2.212509e6,-1.101336099834474,-0.8619484131774695,TIME_LIMIT,482027,0,0,13,14
5,8,2.212585e6,-1.1013353628594753,-0.8619484131774695,TIME_LIMIT,482056,0,0,2,4
5,8,2.21279e6,-1.1013353628594753,-0.8619484131774695,TIME_LIMIT,482073,0,0,10,13
5,8,2.212855e6,-1.1013349218711292,-0.8619484131774695,TIME_LIMIT,482094,0,0,7,3
5,8,2.213064e6,-1.1013349218711292,-0.8619484131774695,TIME_LIMIT,482122,0,0,17,11
5,8,2.213277e6,-1.1013207431638317,-0.8619484131774695,TIME_LIMIT,482148,0,0,9,12
5,8,2.213427e6,-1.1013207431638317,-0.8619484131774695,TIME_LIMIT,482170,0,0,19,24
5,8,2.213528e6,-1.1013198160055762,-0.8619484131774695,TIME_LIMIT,482204,0,0,14,9
5,8,2.213626e6,-1.1013198160055762,-0.8619484131774695,TIME_LIMIT,482223,0,0,12,8
5,8,2.213813e6,-1.1013137191625875,-0.8619484131774695,TIME_LIMIT,482258,0,0,6,5
5,8,2.213936e6,-1.1013137191625875,-0.8619484131774695,TIME_LIMIT,482287,0,0,12,12
5,8,2.214032e6,-1.1013113733894664,-0.8619484131774695,TIME_LIMIT,482304,0,0,3,4
5,8,2.214137e6,-1.1013113733894664,-0.8619484131774695,TIME_LIMIT,482330,0,0,12,6
5,8,2.214168e6,-1.1013104292943403,-0.8619484131774695,TIME_LIMIT,482350,0,0,8,5
5,8,2.214441e6,-1.1013104292943403,-0.8619484131774695,TIME_LIMIT,482378,0,0,18,20
5,8,2.214557e6,-1.1013099403822906,-0.8619484131774695,TIME_LIMIT,482405,0,0,9,6
5,8,2.214727e6,-1.1013099403822906,-0.8619484131774695,TIME_LIMIT,482427,0,0,13,21
5,8,2.214905e6,-1.1013083514079605,-0.8619484131774695,TIME_LIMIT,482463,0,0,7,8
5,8,2.214977e6,-1.1013083514079605,-0.8619484131774695,TIME_LIMIT,482486,0,0,14,14
5,8,2.21511e6,-1.1013022445545806,-0.8619484131774695,TIME_LIMIT,482509,0,0,10,7
5,8,2.215228e6,-1.1013022445545806,-0.8619484131774695,TIME_LIMIT,482532,0,0,16,9
5,8,2.215384e6,-1.1013016219587364,-0.8619484131774695,TIME_LIMIT,482557,0,0,10,1
5,8,2.215488e6,-1.1013016219587364,-0.8619484131774695,TIME_LIMIT,482576,0,0,19,17
5,8,2.215582e6,-1.1012963684059476,-0.8619484131774695,TIME_LIMIT,482602,0,0,11,5
5,8,2.215734e6,-1.1012963684059476,-0.8619484131774695,TIME_LIMIT,482624,0,0,12,3
5,8,2.215792e6,-1.1012848023807038,-0.8619484131774695,TIME_LIMIT,482643,0,0,12,5
5,8,2.215868e6,-1.1012848023807038,-0.8619484131774695,TIME_LIMIT,482668,0,0,16,12
5,8,2.21605e6,-1.1012825988474888,-0.8619484131774695,TIME_LIMIT,482695,0,0,6,7
5,8,2.216162e6,-1.1012825988474888,-0.8619484131774695,TIME_LIMIT,482719,0,0,10,10
5,8,2.216389e6,-1.1012773434169958,-0.8619484131774695,TIME_LIMIT,482751,0,0,14,5
5,8,2.216472e6,-1.1012773434169958,-0.8619484131774695,TIME_LIMIT,482777,0,0,15,7
5,8,2.21672e6,-1.1012723337508135,-0.8619484131774695,TIME_LIMIT,482798,0,0,10,7
5,8,2.21683e6,-1.1012723337508135,-0.8619484131774695,TIME_LIMIT,482816,0,0,8,10
5,8,2.217009e6,-1.1012695134062,-0.8619484131774695,TIME_LIMIT,482840,0,0,7,7
5,8,2.217163e6,-1.1012695134062,-0.8619484131774695,TIME_LIMIT,482862,0,0,14,9
5,8,2.217318e6,-1.1012674091744432,-0.8619484131774695,TIME_LIMIT,482899,0,0,15,13
5,8,2.217414e6,-1.1012674091744432,-0.8619484131774695,TIME_LIMIT,482922,0,0,13,11
5,8,2.217599e6,-1.1012666492071004,-0.8619484131774695,TIME_LIMIT,482949,0,0,14,6
5,8,2.217627e6,-1.1012666492071004,-0.8619484131774695,TIME_LIMIT,482966,0,0,9,1
5,8,2.217734e6,-1.101263790932711,-0.8619484131774695,TIME_LIMIT,482984,0,0,6,5
5,8,2.2178e6,-1.101263790932711,-0.8619484131774695,TIME_LIMIT,483000,0,0,15,18
5,8,2.217988e6,-1.1012594587038282,-0.8619484131774695,TIME_LIMIT,483033,0,0,10,8
5,8,2.218219e6,-1.1012594587038282,-0.8619484131774695,TIME_LIMIT,483052,0,0,9,25
5,8,2.21842e6,-1.1012573395662697,-0.8619484131774695,TIME_LIMIT,483078,0,0,7,7
5,8,2.218656e6,-1.1012573395662697,-0.8619484131774695,TIME_LIMIT,483110,0,0,22,11
5,8,2.218889e6,-1.1012535620083324,-0.8619484131774695,TIME_LIMIT,483132,0,0,14,11
5,8,2.218968e6,-1.1012535620083324,-0.8619484131774695,TIME_LIMIT,483151,0,0,16,9
5,8,2.219032e6,-1.1012504287797815,-0.8619484131774695,TIME_LIMIT,483171,0,0,9,8
5,8,2.219216e6,-1.1012504287797815,-0.8619484131774695,TIME_LIMIT,483195,0,0,18,17
5,8,2.219349e6,-1.1012497026266672,-0.8619484131774695,TIME_LIMIT,483224,0,0,11,5
5,8,2.219467e6,-1.1012497026266672,-0.8619484131774695,TIME_LIMIT,483250,0,0,16,7
5,8,2.219615e6,-1.101248710595519,-0.8619484131774695,TIME_LIMIT,483270,0,0,14,5
5,8,2.219713e6,-1.101248710595519,-0.8619484131774695,TIME_LIMIT,483296,0,0,18,23
5,8,2.219915e6,-1.101240296140265,-0.8619484131774695,TIME_LIMIT,483332,0,0,16,11
5,8,2.219998e6,-1.101240296140265,-0.8619484131774695,TIME_LIMIT,483350,0,0,13,15
5,8,2.220137e6,-1.1012350856103987,-0.8619484131774695,TIME_LIMIT,483376,0,0,10,9
5,8,2.220376e6,-1.1012350856103987,-0.8619484131774695,TIME_LIMIT,483399,0,0,17,18
5,8,2.220542e6,-1.1012206286370667,-0.8619484131774695,TIME_LIMIT,483431,0,0,7,6
5,8,2.220657e6,-1.1012206286370667,-0.8619484131774695,TIME_LIMIT,483457,0,0,16,6
5,8,2.220841e6,-1.1012200097656408,-0.8619484131774695,TIME_LIMIT,483475,0,0,10,15
5,8,2.221052e6,-1.1012200097656408,-0.8619484131774695,TIME_LIMIT,483500,0,0,10,20
5,8,2.221212e6,-1.1012146910474772,-0.8619484131774695,TIME_LIMIT,483526,0,0,9,5
5,8,2.221284e6,-1.1012146910474772,-0.8619484131774695,TIME_LIMIT,483551,0,0,16,22
5,8,2.221511e6,-1.101201755129603,-0.8619484131774695,TIME_LIMIT,483584,0,0,11,14
5,8,2.221657e6,-1.101201755129603,-0.8619484131774695,TIME_LIMIT,483611,0,0,10,11
5,8,2.221853e6,-1.1011973378879907,-0.8619484131774695,TIME_LIMIT,483635,0,0,16,8
5,8,2.222004e6,-1.1011973378879907,-0.8619484131774695,TIME_LIMIT,483655,0,0,7,11
5,8,2.222122e6,-1.1011956249159276,-0.8619484131774695,TIME_LIMIT,483683,0,0,7,4
5,8,2.222241e6,-1.1011956249159276,-0.8619484131774695,TIME_LIMIT,483713,0,0,13,15
5,8,2.222334e6,-1.1011849022942126,-0.8619484131774695,TIME_LIMIT,483735,0,0,5,2
5,8,2.222481e6,-1.1011849022942126,-0.8619484131774695,TIME_LIMIT,483759,0,0,25,20
5,8,2.222654e6,-1.101179284293308,-0.8619484131774695,TIME_LIMIT,483795,0,0,17,13
5,8,2.222752e6,-1.101179284293308,-0.8619484131774695,TIME_LIMIT,483819,0,0,11,8
5,8,2.222817e6,-1.1011745676123024,-0.8619484131774695,TIME_LIMIT,483834,0,0,6,2
5,8,2.222996e6,-1.1011745676123024,-0.8619484131774695,TIME_LIMIT,483861,0,0,12,8
5,8,2.223061e6,-1.1011730651771126,-0.8619484131774695,TIME_LIMIT,483879,0,0,8,6
5,8,2.22317e6,-1.1011730651771126,-0.8619484131774695,TIME_LIMIT,483904,0,0,16,13
5,8,2.223334e6,-1.1011728938419993,-0.8619484131774695,TIME_LIMIT,483930,0,0,11,11
5,8,2.223467e6,-1.1011728938419993,-0.8619484131774695,TIME_LIMIT,483952,0,0,13,8
5,8,2.22358e6,-1.1011679629423854,-0.8619484131774695,TIME_LIMIT,483983,0,0,6,8
5,8,2.22375e6,-1.1011679629423854,-0.8619484131774695,TIME_LIMIT,484006,0,0,11,21
5,8,2.223975e6,-1.10116223420526,-0.8619484131774695,TIME_LIMIT,484044,0,0,14,10
5,8,2.224021e6,-1.10116223420526,-0.8619484131774695,TIME_LIMIT,484066,0,0,12,5
5,8,2.224058e6,-1.1011598356916943,-0.8619484131774695,TIME_LIMIT,484079,0,0,7,6
5,8,2.224165e6,-1.1011598356916943,-0.8619484131774695,TIME_LIMIT,484098,0,0,5,7
5,8,2.224417e6,-1.1011576380724046,-0.8619484131774695,TIME_LIMIT,484121,0,0,15,10
5,8,2.224566e6,-1.1011576380724046,-0.8619484131774695,TIME_LIMIT,484149,0,0,17,21
5,8,2.224737e6,-1.101149736823446,-0.8619484131774695,TIME_LIMIT,484181,0,0,15,8
5,8,2.224889e6,-1.101149736823446,-0.8619484131774695,TIME_LIMIT,484206,0,0,16,7
5,8,2.225053e6,-1.1011481467978752,-0.8619484131774695,TIME_LIMIT,484231,0,0,10,12
5,8,2.225189e6,-1.1011481467978752,-0.8619484131774695,TIME_LIMIT,484253,0,0,9,22
5,8,2.225425e6,-1.1011479845962235,-0.8619484131774695,TIME_LIMIT,484283,0,0,8,7
5,8,2.225672e6,-1.1011479845962235,-0.8619484131774695,TIME_LIMIT,484310,0,0,16,14
5,8,2.225811e6,-1.1011463985650347,-0.8619484131774695,TIME_LIMIT,484344,0,0,11,8
5,8,2.225901e6,-1.1011463985650347,-0.8619484131774695,TIME_LIMIT,484363,0,0,13,9
5,8,2.225946e6,-1.1011462297603256,-0.8619484131774695,TIME_LIMIT,484378,0,0,7,7
5,8,2.226106e6,-1.1011462297603256,-0.8619484131774695,TIME_LIMIT,484404,0,0,11,16
5,8,2.226157e6,-1.1011445314049761,-0.8619484131774695,TIME_LIMIT,484421,0,0,11,2
5,8,2.226286e6,-1.1011445314049761,-0.8619484131774695,TIME_LIMIT,484444,0,0,13,7
5,8,2.226358e6,-1.101136676888974,-0.8619484131774695,TIME_LIMIT,484460,0,0,11,7
5,8,2.226548e6,-1.101136676888974,-0.8619484131774695,TIME_LIMIT,484483,0,0,24,21
5,8,2.22671e6,-1.1011321098386064,-0.8619484131774695,TIME_LIMIT,484521,0,0,15,6
5,8,2.226961e6,-1.1011321098386064,-0.8619484131774695,TIME_LIMIT,484541,0,0,11,16
5,8,2.227074e6,-1.1011314611483236,-0.8619484131774695,TIME_LIMIT,484575,0,0,13,11
5,8,2.227156e6,-1.1011314611483236,-0.8619484131774695,TIME_LIMIT,484594,0,0,8,7
5,8,2.22719e6,-1.1011297321928644,-0.8619484131774695,TIME_LIMIT,484610,0,0,5,5
5,8,2.227323e6,-1.1011297321928644,-0.8619484131774695,TIME_LIMIT,484637,0,0,18,19
5,8,2.227534e6,-1.1011250346200727,-0.8619484131774695,TIME_LIMIT,484676,0,0,11,11
5,8,2.227613e6,-1.1011250346200727,-0.8619484131774695,TIME_LIMIT,484697,0,0,10,10
5,8,2.227782e6,-1.1011191157951012,-0.8619484131774695,TIME_LIMIT,484727,0,0,7,9
5,8,2.227812e6,-1.1011191157951012,-0.8619484131774695,TIME_LIMIT,484742,0,0,7,5
5,8,2.227843e6,-1.1011111702213776,-0.8619484131774695,TIME_LIMIT,484757,0,0,3,3
5,8,2.228058e6,-1.1011111702213776,-0.8619484131774695,TIME_LIMIT,484783,0,0,14,12
5,8,2.228176e6,-1.1011095645661204,-0.8619484131774695,TIME_LIMIT,484809,0,0,3,2
5,8,2.228406e6,-1.1011095645661204,-0.8619484131774695,TIME_LIMIT,484833,0,0,13,10
5,8,2.228606e6,-1.1011069623115954,-0.8619484131774695,TIME_LIMIT,484858,0,0,18,19
5,8,2.228691e6,-1.1011069623115954,-0.8619484131774695,TIME_LIMIT,484879,0,0,16,16
5,8,2.228894e6,-1.101105013154633,-0.8619484131774695,TIME_LIMIT,484909,0,0,11,9
5,8,2.22911e6,-1.101105013154633,-0.8619484131774695,TIME_LIMIT,484934,0,0,15,31
5,8,2.229244e6,-1.101075129200221,-0.8619484131774695,TIME_LIMIT,484966,0,0,10,9
5,8,2.22946e6,-1.101075129200221,-0.8619484131774695,TIME_LIMIT,484994,0,0,13,27
5,8,2.229661e6,-1.1010656507442265,-0.8619484131774695,TIME_LIMIT,485034,0,0,12,15
5,8,2.229852e6,-1.1010656507442265,-0.8619484131774695,TIME_LIMIT,485059,0,0,17,24
5,8,2.229992e6,-1.101059706469096,-0.8619484131774695,TIME_LIMIT,485093,0,0,14,12
5,8,2.230237e6,-1.101059706469096,-0.8619484131774695,TIME_LIMIT,485119,0,0,11,11
5,8,2.230354e6,-1.1010584578281104,-0.8619484131774695,TIME_LIMIT,485147,0,0,16,6
5,8,2.230423e6,-1.1010584578281104,-0.8619484131774695,TIME_LIMIT,485168,0,0,8,2
5,8,2.230477e6,-1.1010569433235369,-0.8619484131774695,TIME_LIMIT,485187,0,0,10,2
5,8,2.230686e6,-1.1010569433235369,-0.8619484131774695,TIME_LIMIT,485211,0,0,10,6
5,8,2.230887e6,-1.1010522495124562,-0.8619484131774695,TIME_LIMIT,485237,0,0,13,10
5,8,2.230981e6,-1.1010522495124562,-0.8619484131774695,TIME_LIMIT,485257,0,0,12,8
5,8,2.231095e6,-1.1010290304043289,-0.8619484131774695,TIME_LIMIT,485286,0,0,8,6
5,8,2.231175e6,-1.1010290304043289,-0.8619484131774695,TIME_LIMIT,485307,0,0,9,6
5,8,2.231199e6,-1.1010290034083914,-0.8619484131774695,TIME_LIMIT,485312,0,0,1,3
5,8,2.231384e6,-1.1010290034083914,-0.8619484131774695,TIME_LIMIT,485339,0,0,14,9
5,8,2.231485e6,-1.1010265936443422,-0.8619484131774695,TIME_LIMIT,485364,0,0,10,4
5,8,2.231637e6,-1.1010265936443422,-0.8619484131774695,TIME_LIMIT,485384,0,0,11,8
5,8,2.231707e6,-1.1010263758150596,-0.8619484131774695,TIME_LIMIT,485402,0,0,1,5
5,8,2.23176e6,-1.1010263758150596,-0.8619484131774695,TIME_LIMIT,485424,0,0,9,8
5,8,2.231856e6,-1.1010258818396732,-0.8619484131774695,TIME_LIMIT,485443,0,0,8,3
5,8,2.231954e6,-1.1010258818396732,-0.8619484131774695,TIME_LIMIT,485468,0,0,8,5
5,8,2.232009e6,-1.1010253093005469,-0.8619484131774695,TIME_LIMIT,485491,0,0,10,7
5,8,2.23212e6,-1.1010253093005469,-0.8619484131774695,TIME_LIMIT,485511,0,0,16,7
5,8,2.232157e6,-1.1010214022465385,-0.8619484131774695,TIME_LIMIT,485525,0,0,5,3
5,8,2.232529e6,-1.1010214022465385,-0.8619484131774695,TIME_LIMIT,485551,0,0,20,30
5,8,2.23269e6,-1.1010213059139073,-0.8619484131774695,TIME_LIMIT,485588,0,0,20,14
5,8,2.232821e6,-1.1010213059139073,-0.8619484131774695,TIME_LIMIT,485619,0,0,15,12
5,8,2.23296e6,-1.1010206663650415,-0.8619484131774695,TIME_LIMIT,485639,0,0,5,11
5,8,2.233077e6,-1.1010206663650415,-0.8619484131774695,TIME_LIMIT,485663,0,0,9,18
5,8,2.23317e6,-1.1010175002651754,-0.8619484131774695,TIME_LIMIT,485690,0,0,8,10
5,8,2.233272e6,-1.1010175002651754,-0.8619484131774695,TIME_LIMIT,485718,0,0,15,18
5,8,2.233388e6,-1.1009872232141995,-0.8619484131774695,TIME_LIMIT,485746,0,0,14,5
5,8,2.233581e6,-1.1009872232141995,-0.8619484131774695,TIME_LIMIT,485777,0,0,6,6
5,8,2.2337e6,-1.10097641031004,-0.8619484131774695,TIME_LIMIT,485796,0,0,12,14
5,8,2.233848e6,-1.10097641031004,-0.8619484131774695,TIME_LIMIT,485827,0,0,12,14
5,8,2.233992e6,-1.100970280383061,-0.8619484131774695,TIME_LIMIT,485866,0,0,15,9
5,8,2.234104e6,-1.100970280383061,-0.8619484131774695,TIME_LIMIT,485883,0,0,3,5
5,8,2.234218e6,-1.100969622714803,-0.8619484131774695,TIME_LIMIT,485904,0,0,13,5
5,8,2.234325e6,-1.100969622714803,-0.8619484131774695,TIME_LIMIT,485930,0,0,16,13
5,8,2.23442e6,-1.1009661084158444,-0.8619484131774695,TIME_LIMIT,485956,0,0,9,7
5,8,2.234475e6,-1.1009661084158444,-0.8619484131774695,TIME_LIMIT,485977,0,0,13,19
5,8,2.234636e6,-1.1009633524809255,-0.8619484131774695,TIME_LIMIT,486010,0,0,8,7
5,8,2.23493e6,-1.1009633524809255,-0.8619484131774695,TIME_LIMIT,486033,0,0,9,13
5,8,2.235046e6,-1.1009618052013566,-0.8619484131774695,TIME_LIMIT,486066,0,0,15,4
5,8,2.23519e6,-1.1009618052013566,-0.8619484131774695,TIME_LIMIT,486088,0,0,18,20
5,8,2.235401e6,-1.1009617318302563,-0.8619484131774695,TIME_LIMIT,486120,0,0,12,5
5,8,2.235594e6,-1.1009617318302563,-0.8619484131774695,TIME_LIMIT,486142,0,0,13,23
5,8,2.235722e6,-1.1009585349651125,-0.8619484131774695,TIME_LIMIT,486166,0,0,7,5
5,8,2.235897e6,-1.1009585349651125,-0.8619484131774695,TIME_LIMIT,486194,0,0,16,16
5,8,2.235997e6,-1.1009584848154441,-0.8619484131774695,TIME_LIMIT,486215,0,0,14,8
5,8,2.236164e6,-1.1009584848154441,-0.8619484131774695,TIME_LIMIT,486240,0,0,8,10
5,8,2.236279e6,-1.1009537282827968,-0.8619484131774695,TIME_LIMIT,486274,0,0,7,5
5,8,2.236372e6,-1.1009537282827968,-0.8619484131774695,TIME_LIMIT,486298,0,0,10,11
5,8,2.236433e6,-1.100951861707662,-0.8619484131774695,TIME_LIMIT,486315,0,0,4,3
5,8,2.236527e6,-1.100951861707662,-0.8619484131774695,TIME_LIMIT,486338,0,0,19,12
5,8,2.236617e6,-1.1009456180255648,-0.8619484131774695,TIME_LIMIT,486357,0,0,12,3
5,8,2.236755e6,-1.1009456180255648,-0.8619484131774695,TIME_LIMIT,486380,0,0,15,17
5,8,2.237046e6,-1.1009392484358569,-0.8619484131774695,TIME_LIMIT,486411,0,0,11,5
5,8,2.237151e6,-1.1009392484358569,-0.8619484131774695,TIME_LIMIT,486435,0,0,13,10
5,8,2.237229e6,-1.1009359389517384,-0.8619484131774695,TIME_LIMIT,486458,0,0,10,8
5,8,2.237313e6,-1.1009359389517384,-0.8619484131774695,TIME_LIMIT,486477,0,0,11,15
5,8,2.237499e6,-1.1009312948450893,-0.8619484131774695,TIME_LIMIT,486509,0,0,12,6
5,8,2.237666e6,-1.1009312948450893,-0.8619484131774695,TIME_LIMIT,486535,0,0,16,9
5,8,2.237745e6,-1.100923001009479,-0.8619484131774695,TIME_LIMIT,486555,0,0,11,5
5,8,2.237779e6,-1.100923001009479,-0.8619484131774695,TIME_LIMIT,486570,0,0,5,4
5,8,2.23784e6,-1.100918771102469,-0.8619484131774695,TIME_LIMIT,486580,0,0,6,3
5,8,2.23793e6,-1.100918771102469,-0.8619484131774695,TIME_LIMIT,486602,0,0,7,11
5,8,2.238006e6,-1.1009147165444264,-0.8619484131774695,TIME_LIMIT,486619,0,0,10,4
5,8,2.238054e6,-1.1009147165444264,-0.8619484131774695,TIME_LIMIT,486638,0,0,9,8
5,8,2.238176e6,-1.100907958990682,-0.8619484131774695,TIME_LIMIT,486663,0,0,8,4
5,8,2.238289e6,-1.100907958990682,-0.8619484131774695,TIME_LIMIT,486685,0,0,10,10
5,8,2.238342e6,-1.1009058090820822,-0.8619484131774695,TIME_LIMIT,486708,0,0,11,3
5,8,2.238444e6,-1.1009058090820822,-0.8619484131774695,TIME_LIMIT,486727,0,0,12,20
5,8,2.238588e6,-1.1009052333837703,-0.8619484131774695,TIME_LIMIT,486762,0,0,3,10
5,8,2.238655e6,-1.1009052333837703,-0.8619484131774695,TIME_LIMIT,486782,0,0,13,7
5,8,2.238757e6,-1.1009038201230297,-0.8619484131774695,TIME_LIMIT,486800,0,0,2,4
5,8,2.238839e6,-1.1009038201230297,-0.8619484131774695,TIME_LIMIT,486821,0,0,14,13
5,8,2.238943e6,-1.100895949830464,-0.8619484131774695,TIME_LIMIT,486851,0,0,11,11
5,8,2.239055e6,-1.100895949830464,-0.8619484131774695,TIME_LIMIT,486870,0,0,7,12
5,8,2.239212e6,-1.1008905499432604,-0.8619484131774695,TIME_LIMIT,486894,0,0,8,6
5,8,2.23934e6,-1.1008905499432604,-0.8619484131774695,TIME_LIMIT,486913,0,0,9,9
5,8,2.239665e6,-1.1008898416342439,-0.8619484131774695,TIME_LIMIT,486945,0,0,11,8
5,8,2.239722e6,-1.1008898416342439,-0.8619484131774695,TIME_LIMIT,486962,0,0,9,10
5,8,2.239857e6,-1.1008876425276188,-0.8619484131774695,TIME_LIMIT,486998,0,0,13,9
5,8,2.239949e6,-1.1008876425276188,-0.8619484131774695,TIME_LIMIT,487025,0,0,10,10
5,8,2.240089e6,-1.1008828393807555,-0.8619484131774695,TIME_LIMIT,487053,0,0,10,8
5,8,2.240168e6,-1.1008828393807555,-0.8619484131774695,TIME_LIMIT,487070,0,0,12,7
5,8,2.240347e6,-1.1008766280148587,-0.8619484131774695,TIME_LIMIT,487094,0,0,10,4
5,8,2.240442e6,-1.1008766280148587,-0.8619484131774695,TIME_LIMIT,487108,0,0,12,13
5,8,2.240531e6,-1.100868701593663,-0.8619484131774695,TIME_LIMIT,487129,0,0,9,4
5,8,2.240582e6,-1.100868701593663,-0.8619484131774695,TIME_LIMIT,487148,0,0,9,3
5,8,2.24064e6,-1.1008665805661022,-0.8619484131774695,TIME_LIMIT,487162,0,0,7,3
5,8,2.24088e6,-1.1008665805661022,-0.8619484131774695,TIME_LIMIT,487185,0,0,17,20
5,8,2.241023e6,-1.1008647034590604,-0.8619484131774695,TIME_LIMIT,487208,0,0,14,10
5,8,2.241194e6,-1.1008647034590604,-0.8619484131774695,TIME_LIMIT,487224,0,0,15,18
5,8,2.241297e6,-1.100849326179476,-0.8619484131774695,TIME_LIMIT,487256,0,0,5,5
5,8,2.24144e6,-1.100849326179476,-0.8619484131774695,TIME_LIMIT,487280,0,0,18,14
5,8,2.241497e6,-1.1008438471791417,-0.8619484131774695,TIME_LIMIT,487305,0,0,10,5
5,8,2.241652e6,-1.1008438471791417,-0.8619484131774695,TIME_LIMIT,487327,0,0,23,23
5,8,2.241814e6,-1.1008417157303063,-0.8619484131774695,TIME_LIMIT,487358,0,0,13,9
5,8,2.242031e6,-1.1008417157303063,-0.8619484131774695,TIME_LIMIT,487385,0,0,10,20
5,8,2.242215e6,-1.1008413487738684,-0.8619484131774695,TIME_LIMIT,487416,0,0,15,15
5,8,2.242544e6,-1.1008413487738684,-0.8619484131774695,TIME_LIMIT,487441,0,0,27,24
5,8,2.242761e6,-1.1008374239725032,-0.8619484131774695,TIME_LIMIT,487483,0,0,20,14
5,8,2.242874e6,-1.1008374239725032,-0.8619484131774695,TIME_LIMIT,487501,0,0,9,6
5,8,2.24291e6,-1.1008326719213983,-0.8619484131774695,TIME_LIMIT,487511,0,0,1,2
5,8,2.243023e6,-1.1008326719213983,-0.8619484131774695,TIME_LIMIT,487536,0,0,8,9
5,8,2.243069e6,-1.100831374218758,-0.8619484131774695,TIME_LIMIT,487559,0,0,11,4
5,8,2.2432e6,-1.100831374218758,-0.8619484131774695,TIME_LIMIT,487589,0,0,17,19
5,8,2.243449e6,-1.1008300918129723,-0.8619484131774695,TIME_LIMIT,487610,0,0,8,14
5,8,2.243516e6,-1.1008300918129723,-0.8619484131774695,TIME_LIMIT,487636,0,0,5,7
5,8,2.243668e6,-1.100823718269593,-0.8619484131774695,TIME_LIMIT,487660,0,0,15,7
5,8,2.243806e6,-1.100823718269593,-0.8619484131774695,TIME_LIMIT,487688,0,0,9,15
5,8,2.243875e6,-1.1008100859335468,-0.8619484131774695,TIME_LIMIT,487716,0,0,11,4
5,8,2.24395e6,-1.1008100859335468,-0.8619484131774695,TIME_LIMIT,487735,0,0,8,6
5,8,2.243992e6,-1.1008013955443894,-0.8619484131774695,TIME_LIMIT,487752,0,0,8,1
5,8,2.244037e6,-1.1008013955443894,-0.8619484131774695,TIME_LIMIT,487778,0,0,11,8
5,8,2.244138e6,-1.1008002761918119,-0.8619484131774695,TIME_LIMIT,487813,0,0,13,9
5,8,2.244237e6,-1.1008002761918119,-0.8619484131774695,TIME_LIMIT,487836,0,0,7,13
5,8,2.244389e6,-1.1007990691881884,-0.8619484131774695,TIME_LIMIT,487873,0,0,6,10
5,8,2.244585e6,-1.1007990691881884,-0.8619484131774695,TIME_LIMIT,487895,0,0,6,13
5,8,2.244631e6,-1.1007927716117436,-0.8619484131774695,TIME_LIMIT,487912,0,0,12,8
5,8,2.244788e6,-1.1007927716117436,-0.8619484131774695,TIME_LIMIT,487942,0,0,17,14
5,8,2.244902e6,-1.1007840327679925,-0.8619484131774695,TIME_LIMIT,487967,0,0,10,9
5,8,2.245053e6,-1.1007840327679925,-0.8619484131774695,TIME_LIMIT,487985,0,0,7,12
5,8,2.24514e6,-1.1007812520488136,-0.8619484131774695,TIME_LIMIT,488006,0,0,8,6
5,8,2.245244e6,-1.1007812520488136,-0.8619484131774695,TIME_LIMIT,488022,0,0,9,6
5,8,2.245347e6,-1.1007775261728465,-0.8619484131774695,TIME_LIMIT,488046,0,0,4,4
5,8,2.24551e6,-1.1007775261728465,-0.8619484131774695,TIME_LIMIT,488077,0,0,15,8
5,8,2.245616e6,-1.1007759834226822,-0.8619484131774695,TIME_LIMIT,488098,0,0,12,14
5,8,2.245838e6,-1.1007759834226822,-0.8619484131774695,TIME_LIMIT,488121,0,0,16,27
5,8,2.246098e6,-1.10077457255688,-0.8619484131774695,TIME_LIMIT,488150,0,0,10,8
5,8,2.246271e6,-1.10077457255688,-0.8619484131774695,TIME_LIMIT,488172,0,0,15,7
5,8,2.246328e6,-1.1007658629706962,-0.8619484131774695,TIME_LIMIT,488191,0,0,8,3
5,8,2.246488e6,-1.1007658629706962,-0.8619484131774695,TIME_LIMIT,488215,0,0,10,9
5,8,2.246614e6,-1.1007604243972633,-0.8619484131774695,TIME_LIMIT,488236,0,0,4,7
5,8,2.246753e6,-1.1007604243972633,-0.8619484131774695,TIME_LIMIT,488258,0,0,16,20
5,8,2.246845e6,-1.100759383834471,-0.8619484131774695,TIME_LIMIT,488286,0,0,8,4
5,8,2.246894e6,-1.100759383834471,-0.8619484131774695,TIME_LIMIT,488301,0,0,13,10
5,8,2.24705e6,-1.1007532868274805,-0.8619484131774695,TIME_LIMIT,488329,0,0,8,5
5,8,2.247234e6,-1.1007532868274805,-0.8619484131774695,TIME_LIMIT,488350,0,0,15,15
5,8,2.247306e6,-1.1007511091538458,-0.8619484131774695,TIME_LIMIT,488372,0,0,9,6
5,8,2.247542e6,-1.1007511091538458,-0.8619484131774695,TIME_LIMIT,488401,0,0,6,10
5,8,2.247655e6,-1.100749587473437,-0.8619484131774695,TIME_LIMIT,488429,0,0,19,4
5,8,2.24774e6,-1.100749587473437,-0.8619484131774695,TIME_LIMIT,488453,0,0,10,12
5,8,2.24781e6,-1.1007454112155672,-0.8619484131774695,TIME_LIMIT,488471,0,0,10,6
5,8,2.248012e6,-1.1007454112155672,-0.8619484131774695,TIME_LIMIT,488489,0,0,12,11
5,8,2.248047e6,-1.1007450611572138,-0.8619484131774695,TIME_LIMIT,488510,0,0,6,2
5,8,2.248162e6,-1.1007450611572138,-0.8619484131774695,TIME_LIMIT,488527,0,0,10,10
5,8,2.248252e6,-1.1007356394471506,-0.8619484131774695,TIME_LIMIT,488554,0,0,7,4
5,8,2.248372e6,-1.1007356394471506,-0.8619484131774695,TIME_LIMIT,488581,0,0,9,13
5,8,2.248659e6,-1.1007317536915193,-0.8619484131774695,TIME_LIMIT,488618,0,0,11,11
5,8,2.248883e6,-1.1007317536915193,-0.8619484131774695,TIME_LIMIT,488645,0,0,13,9
5,8,2.248971e6,-1.1007302795744498,-0.8619484131774695,TIME_LIMIT,488666,0,0,13,5
5,8,2.249055e6,-1.1007302795744498,-0.8619484131774695,TIME_LIMIT,488686,0,0,11,4
5,8,2.249121e6,-1.1007246255220813,-0.8619484131774695,TIME_LIMIT,488704,0,0,2,5
5,8,2.249297e6,-1.1007246255220813,-0.8619484131774695,TIME_LIMIT,488732,0,0,20,18
5,8,2.249396e6,-1.100722760486312,-0.8619484131774695,TIME_LIMIT,488755,0,0,13,5
5,8,2.249504e6,-1.100722760486312,-0.8619484131774695,TIME_LIMIT,488778,0,0,10,9
5,8,2.249555e6,-1.1007175471611326,-0.8619484131774695,TIME_LIMIT,488797,0,0,11,5
5,8,2.249633e6,-1.1007175471611326,-0.8619484131774695,TIME_LIMIT,488815,0,0,7,7
5,8,2.249693e6,-1.1007121414328573,-0.8619484131774695,TIME_LIMIT,488833,0,0,5,3
5,8,2.249815e6,-1.1007121414328573,-0.8619484131774695,TIME_LIMIT,488851,0,0,14,14
5,8,2.249964e6,-1.1006940078599554,-0.8619484131774695,TIME_LIMIT,488885,0,0,14,7
5,8,2.250051e6,-1.1006940078599554,-0.8619484131774695,TIME_LIMIT,488903,0,0,15,18
5,8,2.250254e6,-1.1006862969790923,-0.8619484131774695,TIME_LIMIT,488930,0,0,8,7
5,8,2.250338e6,-1.1006862969790923,-0.8619484131774695,TIME_LIMIT,488950,0,0,12,11
5,8,2.25051e6,-1.100683326986307,-0.8619484131774695,TIME_LIMIT,488979,0,0,7,4
5,8,2.250718e6,-1.100683326986307,-0.8619484131774695,TIME_LIMIT,489004,0,0,14,13
5,8,2.250979e6,-1.1006798150902817,-0.8619484131774695,TIME_LIMIT,489036,0,0,14,10
5,8,2.251115e6,-1.1006798150902817,-0.8619484131774695,TIME_LIMIT,489059,0,0,8,16
5,8,2.251402e6,-1.1006741569031102,-0.8619484131774695,TIME_LIMIT,489086,0,0,8,7
5,8,2.252308e6,-1.1006741569031102,-0.8619484131774695,TIME_LIMIT,489114,0,0,20,21
5,8,2.25243e6,-1.1006702918410851,-0.8619484131774695,TIME_LIMIT,489147,0,0,14,5
5,8,2.25256e6,-1.1006702918410851,-0.8619484131774695,TIME_LIMIT,489165,0,0,13,32
5,8,2.252776e6,-1.100668634858193,-0.8619484131774695,TIME_LIMIT,489198,0,0,7,9
5,8,2.252932e6,-1.100668634858193,-0.8619484131774695,TIME_LIMIT,489221,0,0,8,9
5,8,2.253006e6,-1.1006684963479436,-0.8619484131774695,TIME_LIMIT,489237,0,0,9,11
5,8,2.253125e6,-1.1006684963479436,-0.8619484131774695,TIME_LIMIT,489256,0,0,6,15
5,8,2.253273e6,-1.1006673100739433,-0.8619484131774695,TIME_LIMIT,489289,0,0,5,10
5,8,2.253406e6,-1.1006673100739433,-0.8619484131774695,TIME_LIMIT,489310,0,0,13,24
5,8,2.25359e6,-1.1006616256635238,-0.8619484131774695,TIME_LIMIT,489349,0,0,6,13
5,8,2.25367e6,-1.1006616256635238,-0.8619484131774695,TIME_LIMIT,489367,0,0,4,8
5,8,2.253779e6,-1.1006610945180473,-0.8619484131774695,TIME_LIMIT,489384,0,0,7,4
5,8,2.253837e6,-1.1006610945180473,-0.8619484131774695,TIME_LIMIT,489409,0,0,11,9
5,8,2.253938e6,-1.1006606209107024,-0.8619484131774695,TIME_LIMIT,489425,0,0,16,12
5,8,2.254097e6,-1.1006606209107024,-0.8619484131774695,TIME_LIMIT,489444,0,0,17,24
5,8,2.254434e6,-1.1006574150700326,-0.8619484131774695,TIME_LIMIT,489478,0,0,7,10
5,8,2.25455e6,-1.1006574150700326,-0.8619484131774695,TIME_LIMIT,489508,0,0,4,19
5,8,2.254685e6,-1.1006571109559262,-0.8619484131774695,TIME_LIMIT,489536,0,0,11,10
5,8,2.254733e6,-1.1006571109559262,-0.8619484131774695,TIME_LIMIT,489556,0,0,7,9
5,8,2.254843e6,-1.1006546066991,-0.8619484131774695,TIME_LIMIT,489586,0,0,12,9
5,8,2.255085e6,-1.1006546066991,-0.8619484131774695,TIME_LIMIT,489613,0,0,15,21
5,8,2.255293e6,-1.1006520032014175,-0.8619484131774695,TIME_LIMIT,489648,0,0,12,11
5,8,2.255577e6,-1.1006520032014175,-0.8619484131774695,TIME_LIMIT,489670,0,0,11,19
5,8,2.255808e6,-1.1006430931525224,-0.8619484131774695,TIME_LIMIT,489705,0,0,11,7
5,8,2.255874e6,-1.1006430931525224,-0.8619484131774695,TIME_LIMIT,489729,0,0,10,10
5,8,2.256008e6,-1.1006350172648365,-0.8619484131774695,TIME_LIMIT,489753,0,0,7,5
5,8,2.256089e6,-1.1006350172648365,-0.8619484131774695,TIME_LIMIT,489773,0,0,12,13
5,8,2.256151e6,-1.1006318516278872,-0.8619484131774695,TIME_LIMIT,489791,0,0,9,1
5,8,2.256236e6,-1.1006318516278872,-0.8619484131774695,TIME_LIMIT,489808,0,0,13,7
5,8,2.256357e6,-1.1006258867581844,-0.8619484131774695,TIME_LIMIT,489839,0,0,14,8
5,8,2.256682e6,-1.1006258867581844,-0.8619484131774695,TIME_LIMIT,489863,0,0,14,14
5,8,2.256866e6,-1.1006242359697245,-0.8619484131774695,TIME_LIMIT,489889,0,0,9,5
5,8,2.25694e6,-1.1006242359697245,-0.8619484131774695,TIME_LIMIT,489908,0,0,7,6
5,8,2.257061e6,-1.1006187441404294,-0.8619484131774695,TIME_LIMIT,489930,0,0,7,6
5,8,2.257309e6,-1.1006187441404294,-0.8619484131774695,TIME_LIMIT,489959,0,0,10,11
5,8,2.257398e6,-1.1006180052086418,-0.8619484131774695,TIME_LIMIT,489983,0,0,8,4
5,8,2.257516e6,-1.1006180052086418,-0.8619484131774695,TIME_LIMIT,490006,0,0,8,6
5,8,2.25756e6,-1.1006165945153557,-0.8619484131774695,TIME_LIMIT,490030,0,0,11,3
5,8,2.257667e6,-1.1006165945153557,-0.8619484131774695,TIME_LIMIT,490049,0,0,13,14
5,8,2.25774e6,-1.100614469570588,-0.8619484131774695,TIME_LIMIT,490065,0,0,3,8
5,8,2.257827e6,-1.100614469570588,-0.8619484131774695,TIME_LIMIT,490085,0,0,8,10
5,8,2.257894e6,-1.1006133045109152,-0.8619484131774695,TIME_LIMIT,490105,0,0,7,4
5,8,2.257981e6,-1.1006133045109152,-0.8619484131774695,TIME_LIMIT,490129,0,0,17,21
5,8,2.258094e6,-1.1006084535453349,-0.8619484131774695,TIME_LIMIT,490157,0,0,5,5
5,8,2.258239e6,-1.1006084535453349,-0.8619484131774695,TIME_LIMIT,490183,0,0,11,9
5,8,2.25854e6,-1.1006083656655896,-0.8619484131774695,TIME_LIMIT,490207,0,0,10,14
5,8,2.258667e6,-1.1006083656655896,-0.8619484131774695,TIME_LIMIT,490229,0,0,20,10
5,8,2.258943e6,-1.100605896731953,-0.8619484131774695,TIME_LIMIT,490264,0,0,12,6
5,8,2.259036e6,-1.100605896731953,-0.8619484131774695,TIME_LIMIT,490287,0,0,12,12
5,8,2.259146e6,-1.1006053946254348,-0.8619484131774695,TIME_LIMIT,490319,0,0,12,11
5,8,2.259392e6,-1.1006053946254348,-0.8619484131774695,TIME_LIMIT,490345,0,0,10,8
5,8,2.259507e6,-1.1006035255570523,-0.8619484131774695,TIME_LIMIT,490367,0,0,13,12
5,8,2.259723e6,-1.1006035255570523,-0.8619484131774695,TIME_LIMIT,490397,0,0,13,16
5,8,2.259866e6,-1.1005960848453187,-0.8619484131774695,TIME_LIMIT,490420,0,0,11,20
5,8,2.259976e6,-1.1005960848453187,-0.8619484131774695,TIME_LIMIT,490449,0,0,14,10
5,8,2.2601e6,-1.100594791661189,-0.8619484131774695,TIME_LIMIT,490476,0,0,9,3
5,8,2.260218e6,-1.100594791661189,-0.8619484131774695,TIME_LIMIT,490505,0,0,18,22
5,8,2.260338e6,-1.100592362490937,-0.8619484131774695,TIME_LIMIT,490532,0,0,14,5
5,8,2.26051e6,-1.100592362490937,-0.8619484131774695,TIME_LIMIT,490552,0,0,6,13
5,8,2.260732e6,-1.1005841422808247,-0.8619484131774695,TIME_LIMIT,490591,0,0,17,13
5,8,2.260935e6,-1.1005841422808247,-0.8619484131774695,TIME_LIMIT,490620,0,0,15,39
5,8,2.26118e6,-1.1005795739093027,-0.8619484131774695,TIME_LIMIT,490652,0,0,7,10
5,8,2.261284e6,-1.1005795739093027,-0.8619484131774695,TIME_LIMIT,490678,0,0,15,8
5,8,2.261332e6,-1.1005784866153887,-0.8619484131774695,TIME_LIMIT,490703,0,0,11,3
5,8,2.26156e6,-1.1005784866153887,-0.8619484131774695,TIME_LIMIT,490726,0,0,10,17
5,8,2.261744e6,-1.100578165242852,-0.8619484131774695,TIME_LIMIT,490760,0,0,17,8
5,8,2.261835e6,-1.100578165242852,-0.8619484131774695,TIME_LIMIT,490783,0,0,9,9
5,8,2.261939e6,-1.100572300375282,-0.8619484131774695,TIME_LIMIT,490805,0,0,6,15
5,8,2.262156e6,-1.100572300375282,-0.8619484131774695,TIME_LIMIT,490833,0,0,11,15
5,8,2.262357e6,-1.100567937704562,-0.8619484131774695,TIME_LIMIT,490858,0,0,17,15
5,8,2.262448e6,-1.100567937704562,-0.8619484131774695,TIME_LIMIT,490879,0,0,10,12
5,8,2.26256e6,-1.1005665279135326,-0.8619484131774695,TIME_LIMIT,490909,0,0,15,4
5,8,2.262622e6,-1.1005665279135326,-0.8619484131774695,TIME_LIMIT,490926,0,0,10,11
5,8,2.262654e6,-1.1005602266881342,-0.8619484131774695,TIME_LIMIT,490938,0,0,4,1
5,8,2.262767e6,-1.1005602266881342,-0.8619484131774695,TIME_LIMIT,490961,0,0,9,2
5,8,2.262912e6,-1.1005585792632875,-0.8619484131774695,TIME_LIMIT,490983,0,0,11,9
5,8,2.263055e6,-1.1005585792632875,-0.8619484131774695,TIME_LIMIT,491015,0,0,15,22
5,8,2.263241e6,-1.1005523988317534,-0.8619484131774695,TIME_LIMIT,491044,0,0,18,22
5,8,2.263342e6,-1.1005523988317534,-0.8619484131774695,TIME_LIMIT,491059,0,0,11,14
5,8,2.26341e6,-1.1005408502259963,-0.8619484131774695,TIME_LIMIT,491081,0,0,6,7
5,8,2.263566e6,-1.1005408502259963,-0.8619484131774695,TIME_LIMIT,491106,0,0,13,22
5,8,2.263802e6,-1.1005233986940937,-0.8619484131774695,TIME_LIMIT,491137,0,0,10,8
5,8,2.263943e6,-1.1005233986940937,-0.8619484131774695,TIME_LIMIT,491160,0,0,12,18
5,8,2.264093e6,-1.1005212816084318,-0.8619484131774695,TIME_LIMIT,491197,0,0,19,8
5,8,2.264244e6,-1.1005212816084318,-0.8619484131774695,TIME_LIMIT,491219,0,0,14,9
5,8,2.26436e6,-1.1005082061089158,-0.8619484131774695,TIME_LIMIT,491239,0,0,6,8
5,8,2.264477e6,-1.1005082061089158,-0.8619484131774695,TIME_LIMIT,491263,0,0,12,13
5,8,2.264589e6,-1.1005029646910902,-0.8619484131774695,TIME_LIMIT,491290,0,0,14,17
5,8,2.264683e6,-1.1005029646910902,-0.8619484131774695,TIME_LIMIT,491307,0,0,9,6
5,8,2.264795e6,-1.1004961798224298,-0.8619484131774695,TIME_LIMIT,491329,0,0,5,1
5,8,2.264892e6,-1.1004961798224298,-0.8619484131774695,TIME_LIMIT,491351,0,0,12,19
5,8,2.265121e6,-1.1004928895257113,-0.8619484131774695,TIME_LIMIT,491389,0,0,10,15
5,8,2.265236e6,-1.1004928895257113,-0.8619484131774695,TIME_LIMIT,491408,0,0,15,12
5,8,2.265385e6,-1.1004892327852573,-0.8619484131774695,TIME_LIMIT,491441,0,0,8,10
5,8,2.265613e6,-1.1004892327852573,-0.8619484131774695,TIME_LIMIT,491466,0,0,10,12
5,8,2.265706e6,-1.1004890458600993,-0.8619484131774695,TIME_LIMIT,491489,0,0,5,3
5,8,2.265849e6,-1.1004890458600993,-0.8619484131774695,TIME_LIMIT,491513,0,0,20,23
5,8,2.266086e6,-1.1004881014456236,-0.8619484131774695,TIME_LIMIT,491546,0,0,7,11
5,8,2.2662e6,-1.1004881014456236,-0.8619484131774695,TIME_LIMIT,491574,0,0,15,12
5,8,2.266363e6,-1.1004857302067743,-0.8619484131774695,TIME_LIMIT,491590,0,0,11,9
5,8,2.266454e6,-1.1004857302067743,-0.8619484131774695,TIME_LIMIT,491611,0,0,8,13
5,8,2.266594e6,-1.100484104024063,-0.8619484131774695,TIME_LIMIT,491646,0,0,12,8
5,8,2.266645e6,-1.100484104024063,-0.8619484131774695,TIME_LIMIT,491660,0,0,8,5
5,8,2.266704e6,-1.100481520794517,-0.8619484131774695,TIME_LIMIT,491682,0,0,10,4
5,8,2.266873e6,-1.100481520794517,-0.8619484131774695,TIME_LIMIT,491708,0,0,16,12
5,8,2.267092e6,-1.1004795700761005,-0.8619484131774695,TIME_LIMIT,491733,0,0,16,4
5,8,2.267167e6,-1.1004795700761005,-0.8619484131774695,TIME_LIMIT,491751,0,0,8,10
5,8,2.267199e6,-1.1004733872076748,-0.8619484131774695,TIME_LIMIT,491761,0,0,5,4
5,8,2.267424e6,-1.1004733872076748,-0.8619484131774695,TIME_LIMIT,491792,0,0,16,6
5,8,2.267545e6,-1.1004713375216644,-0.8619484131774695,TIME_LIMIT,491814,0,0,12,6
5,8,2.267637e6,-1.1004713375216644,-0.8619484131774695,TIME_LIMIT,491842,0,0,11,7
5,8,2.267732e6,-1.1004666336259605,-0.8619484131774695,TIME_LIMIT,491857,0,0,6,5
5,8,2.267771e6,-1.1004666336259605,-0.8619484131774695,TIME_LIMIT,491873,0,0,8,6
5,8,2.267872e6,-1.1004651457180246,-0.8619484131774695,TIME_LIMIT,491897,0,0,5,6
5,8,2.267929e6,-1.1004651457180246,-0.8619484131774695,TIME_LIMIT,491917,0,0,12,15
5,8,2.26802e6,-1.1004648940170485,-0.8619484131774695,TIME_LIMIT,491940,0,0,8,8
5,8,2.268244e6,-1.1004648940170485,-0.8619484131774695,TIME_LIMIT,491969,0,0,10,6
5,8,2.268398e6,-1.1004635126221436,-0.8619484131774695,TIME_LIMIT,491994,0,0,13,6
5,8,2.268492e6,-1.1004635126221436,-0.8619484131774695,TIME_LIMIT,492023,0,0,10,14
5,8,2.268709e6,-1.1004521976709507,-0.8619484131774695,TIME_LIMIT,492043,0,0,13,17
5,8,2.269022e6,-1.1004521976709507,-0.8619484131774695,TIME_LIMIT,492066,0,0,14,14
5,8,2.269138e6,-1.1004411200661706,-0.8619484131774695,TIME_LIMIT,492093,0,0,9,4
5,8,2.269294e6,-1.1004411200661706,-0.8619484131774695,TIME_LIMIT,492120,0,0,18,19
5,8,2.269396e6,-1.1004404327965032,-0.8619484131774695,TIME_LIMIT,492151,0,0,13,8
5,8,2.269506e6,-1.1004404327965032,-0.8619484131774695,TIME_LIMIT,492170,0,0,11,14
5,8,2.269687e6,-1.1004366265151369,-0.8619484131774695,TIME_LIMIT,492211,0,0,13,8
5,8,2.269811e6,-1.1004366265151369,-0.8619484131774695,TIME_LIMIT,492231,0,0,12,13
5,8,2.270202e6,-1.100436253225346,-0.8619484131774695,TIME_LIMIT,492268,0,0,14,13
5,8,2.270319e6,-1.100436253225346,-0.8619484131774695,TIME_LIMIT,492291,0,0,22,11
5,8,2.270482e6,-1.10043349210578,-0.8619484131774695,TIME_LIMIT,492324,0,0,9,10
5,8,2.270681e6,-1.10043349210578,-0.8619484131774695,TIME_LIMIT,492353,0,0,20,12
5,8,2.27088e6,-1.1004316379102748,-0.8619484131774695,TIME_LIMIT,492374,0,0,13,5
5,8,2.270968e6,-1.1004316379102748,-0.8619484131774695,TIME_LIMIT,492392,0,0,12,10
5,8,2.271009e6,-1.1004250751317946,-0.8619484131774695,TIME_LIMIT,492414,0,0,7,3
5,8,2.271227e6,-1.1004250751317946,-0.8619484131774695,TIME_LIMIT,492436,0,0,19,16
5,8,2.271436e6,-1.1004159426756233,-0.8619484131774695,TIME_LIMIT,492465,0,0,16,7
5,8,2.271683e6,-1.1004159426756233,-0.8619484131774695,TIME_LIMIT,492493,0,0,22,16
5,8,2.271946e6,-1.1004033620577989,-0.8619484131774695,TIME_LIMIT,492525,0,0,15,7
5,8,2.272202e6,-1.1004033620577989,-0.8619484131774695,TIME_LIMIT,492556,0,0,5,20
5,8,2.272317e6,-1.1004021439792326,-0.8619484131774695,TIME_LIMIT,492585,0,0,18,5
5,8,2.27241e6,-1.1004021439792326,-0.8619484131774695,TIME_LIMIT,492601,0,0,9,10
5,8,2.272445e6,-1.100401240147308,-0.8619484131774695,TIME_LIMIT,492617,0,0,5,2
5,8,2.272547e6,-1.100401240147308,-0.8619484131774695,TIME_LIMIT,492636,0,0,8,23
5,8,2.272713e6,-1.100400671843103,-0.8619484131774695,TIME_LIMIT,492672,0,0,4,7
5,8,2.272881e6,-1.100400671843103,-0.8619484131774695,TIME_LIMIT,492699,0,0,14,24
5,8,2.273198e6,-1.1003997461765902,-0.8619484131774695,TIME_LIMIT,492736,0,0,5,6
5,8,2.273313e6,-1.1003997461765902,-0.8619484131774695,TIME_LIMIT,492752,0,0,13,6
5,8,2.273472e6,-1.1003973711510229,-0.8619484131774695,TIME_LIMIT,492777,0,0,5,7
5,8,2.27363e6,-1.1003973711510229,-0.8619484131774695,TIME_LIMIT,492795,0,0,10,3
5,8,2.273709e6,-1.1003875784143933,-0.8619484131774695,TIME_LIMIT,492814,0,0,8,2
5,8,2.273904e6,-1.1003875784143933,-0.8619484131774695,TIME_LIMIT,492843,0,0,18,12
5,8,2.274028e6,-1.1003870903570163,-0.8619484131774695,TIME_LIMIT,492862,0,0,12,10
5,8,2.274252e6,-1.1003870903570163,-0.8619484131774695,TIME_LIMIT,492889,0,0,10,16
5,8,2.27448e6,-1.1003826029830523,-0.8619484131774695,TIME_LIMIT,492930,0,0,9,12
5,8,2.274599e6,-1.1003826029830523,-0.8619484131774695,TIME_LIMIT,492944,0,0,6,9
5,8,2.274664e6,-1.1003755926596808,-0.8619484131774695,TIME_LIMIT,492968,0,0,10,5
5,8,2.274748e6,-1.1003755926596808,-0.8619484131774695,TIME_LIMIT,492990,0,0,14,17
5,8,2.274915e6,-1.1003716424702041,-0.8619484131774695,TIME_LIMIT,493013,0,0,9,5
5,8,2.274987e6,-1.1003716424702041,-0.8619484131774695,TIME_LIMIT,493026,0,0,2,6
5,8,2.275006e6,-1.1003704424530616,-0.8619484131774695,TIME_LIMIT,493033,0,0,1,0
5,8,2.275126e6,-1.1003704424530616,-0.8619484131774695,TIME_LIMIT,493061,0,0,20,12
5,8,2.275335e6,-1.100369444666898,-0.8619484131774695,TIME_LIMIT,493088,0,0,5,3
5,8,2.275411e6,-1.100369444666898,-0.8619484131774695,TIME_LIMIT,493105,0,0,15,15
5,8,2.275628e6,-1.1003542838788412,-0.8619484131774695,TIME_LIMIT,493135,0,0,13,9
5,8,2.275801e6,-1.1003542838788412,-0.8619484131774695,TIME_LIMIT,493162,0,0,21,9
5,8,2.275846e6,-1.1003532014813033,-0.8619484131774695,TIME_LIMIT,493182,0,0,6,3
5,8,2.276056e6,-1.1003532014813033,-0.8619484131774695,TIME_LIMIT,493217,0,0,15,10
5,8,2.276171e6,-1.100350936867119,-0.8619484131774695,TIME_LIMIT,493241,0,0,15,9
5,8,2.276301e6,-1.100350936867119,-0.8619484131774695,TIME_LIMIT,493266,0,0,9,17
5,8,2.276524e6,-1.1003474267690123,-0.8619484131774695,TIME_LIMIT,493293,0,0,14,14
5,8,2.276632e6,-1.1003474267690123,-0.8619484131774695,TIME_LIMIT,493318,0,0,14,15
5,8,2.27676e6,-1.1003393656015195,-0.8619484131774695,TIME_LIMIT,493345,0,0,6,6
5,8,2.27687e6,-1.1003393656015195,-0.8619484131774695,TIME_LIMIT,493364,0,0,16,14
5,8,2.277088e6,-1.1003366628627738,-0.8619484131774695,TIME_LIMIT,493391,0,0,12,12
5,8,2.277204e6,-1.1003366628627738,-0.8619484131774695,TIME_LIMIT,493412,0,0,7,9
5,8,2.277305e6,-1.1003346495556037,-0.8619484131774695,TIME_LIMIT,493427,0,0,10,5
5,8,2.27753e6,-1.1003346495556037,-0.8619484131774695,TIME_LIMIT,493452,0,0,14,17
5,8,2.277626e6,-1.1003284278688754,-0.8619484131774695,TIME_LIMIT,493475,0,0,3,6
5,8,2.277687e6,-1.1003284278688754,-0.8619484131774695,TIME_LIMIT,493495,0,0,15,13
5,8,2.277825e6,-1.1003150101673238,-0.8619484131774695,TIME_LIMIT,493522,0,0,15,5
5,8,2.278064e6,-1.1003150101673238,-0.8619484131774695,TIME_LIMIT,493540,0,0,16,20
5,8,2.278316e6,-1.1003127242891229,-0.8619484131774695,TIME_LIMIT,493581,0,0,21,7
5,8,2.278549e6,-1.1003127242891229,-0.8619484131774695,TIME_LIMIT,493607,0,0,19,17
5,8,2.278722e6,-1.100304368772105,-0.8619484131774695,TIME_LIMIT,493644,0,0,17,12
5,8,2.278807e6,-1.100304368772105,-0.8619484131774695,TIME_LIMIT,493667,0,0,11,16
5,8,2.278905e6,-1.1003024684215745,-0.8619484131774695,TIME_LIMIT,493691,0,0,2,7
5,8,2.279151e6,-1.1003024684215745,-0.8619484131774695,TIME_LIMIT,493715,0,0,10,6
5,8,2.279373e6,-1.1003024403809085,-0.8619484131774695,TIME_LIMIT,493742,0,0,21,16
5,8,2.279581e6,-1.1003024403809085,-0.8619484131774695,TIME_LIMIT,493767,0,0,11,9
5,8,2.279735e6,-1.1002888866823657,-0.8619484131774695,TIME_LIMIT,493793,0,0,8,7
5,8,2.279821e6,-1.1002888866823657,-0.8619484131774695,TIME_LIMIT,493812,0,0,11,4
5,8,2.27989e6,-1.1002885638175806,-0.8619484131774695,TIME_LIMIT,493842,0,0,12,4
5,8,2.279988e6,-1.1002885638175806,-0.8619484131774695,TIME_LIMIT,493868,0,0,13,8
5,8,2.280026e6,-1.1002859980830686,-0.8619484131774695,TIME_LIMIT,493882,0,0,5,5
5,8,2.280178e6,-1.1002859980830686,-0.8619484131774695,TIME_LIMIT,493908,0,0,5,15
5,8,2.280284e6,-1.1002848043274862,-0.8619484131774695,TIME_LIMIT,493939,0,0,10,12
5,8,2.280407e6,-1.1002848043274862,-0.8619484131774695,TIME_LIMIT,493964,0,0,16,18
5,8,2.280632e6,-1.1002831109975895,-0.8619484131774695,TIME_LIMIT,493997,0,0,7,8
5,8,2.280846e6,-1.1002831109975895,-0.8619484131774695,TIME_LIMIT,494027,0,0,12,11
5,8,2.281024e6,-1.100252185804988,-0.8619484131774695,TIME_LIMIT,494058,0,0,7,10
5,8,2.281121e6,-1.100252185804988,-0.8619484131774695,TIME_LIMIT,494084,0,0,3,8
5,8,2.281181e6,-1.1002479432144892,-0.8619484131774695,TIME_LIMIT,494107,0,0,7,6
5,8,2.281298e6,-1.1002479432144892,-0.8619484131774695,TIME_LIMIT,494124,0,0,13,23
5,8,2.281542e6,-1.1002474562071818,-0.8619484131774695,TIME_LIMIT,494162,0,0,14,12
5,8,2.281666e6,-1.1002474562071818,-0.8619484131774695,TIME_LIMIT,494190,0,0,21,14
5,8,2.281809e6,-1.1002471940094396,-0.8619484131774695,TIME_LIMIT,494216,0,0,4,4
5,8,2.282022e6,-1.1002471940094396,-0.8619484131774695,TIME_LIMIT,494248,0,0,19,7
5,8,2.282134e6,-1.1002412715501104,-0.8619484131774695,TIME_LIMIT,494269,0,0,16,10
5,8,2.282193e6,-1.1002412715501104,-0.8619484131774695,TIME_LIMIT,494288,0,0,21,12
5,8,2.28234e6,-1.100239778489883,-0.8619484131774695,TIME_LIMIT,494320,0,0,13,6
5,8,2.282463e6,-1.100239778489883,-0.8619484131774695,TIME_LIMIT,494351,0,0,13,9
5,8,2.282548e6,-1.1002386088261575,-0.8619484131774695,TIME_LIMIT,494373,0,0,9,1
5,8,2.28269e6,-1.1002386088261575,-0.8619484131774695,TIME_LIMIT,494405,0,0,12,12
5,8,2.28293e6,-1.1002342763759976,-0.8619484131774695,TIME_LIMIT,494431,0,0,11,12
5,8,2.283131e6,-1.1002342763759976,-0.8619484131774695,TIME_LIMIT,494457,0,0,21,13
5,8,2.283368e6,-1.1002211483554607,-0.8619484131774695,TIME_LIMIT,494493,0,0,14,16
5,8,2.283429e6,-1.1002211483554607,-0.8619484131774695,TIME_LIMIT,494518,0,0,15,16
5,8,2.283567e6,-1.1002177117998855,-0.8619484131774695,TIME_LIMIT,494553,0,0,17,9
5,8,2.283648e6,-1.1002177117998855,-0.8619484131774695,TIME_LIMIT,494572,0,0,9,10
5,8,2.283816e6,-1.1002149019689555,-0.8619484131774695,TIME_LIMIT,494598,0,0,10,3
5,8,2.284006e6,-1.1002149019689555,-0.8619484131774695,TIME_LIMIT,494624,0,0,7,14
5,8,2.284056e6,-1.1002137689001052,-0.8619484131774695,TIME_LIMIT,494642,0,0,7,15
5,8,2.284194e6,-1.1002137689001052,-0.8619484131774695,TIME_LIMIT,494667,0,0,8,19
5,8,2.284302e6,-1.100212590874669,-0.8619484131774695,TIME_LIMIT,494696,0,0,12,13
5,8,2.284392e6,-1.100212590874669,-0.8619484131774695,TIME_LIMIT,494718,0,0,7,12
5,8,2.284549e6,-1.1002117413576178,-0.8619484131774695,TIME_LIMIT,494743,0,0,9,4
5,8,2.284706e6,-1.1002117413576178,-0.8619484131774695,TIME_LIMIT,494760,0,0,9,12
5,8,2.284858e6,-1.1002099793359927,-0.8619484131774695,TIME_LIMIT,494785,0,0,9,10
5,8,2.28497e6,-1.1002099793359927,-0.8619484131774695,TIME_LIMIT,494809,0,0,11,8
5,8,2.285013e6,-1.1002033548687105,-0.8619484131774695,TIME_LIMIT,494826,0,0,12,6
5,8,2.285129e6,-1.1002033548687105,-0.8619484131774695,TIME_LIMIT,494851,0,0,9,9
5,8,2.285276e6,-1.1001945259146337,-0.8619484131774695,TIME_LIMIT,494866,0,0,10,17
5,8,2.285395e6,-1.1001945259146337,-0.8619484131774695,TIME_LIMIT,494895,0,0,7,8
5,8,2.28558e6,-1.100194140660225,-0.8619484131774695,TIME_LIMIT,494924,0,0,9,10
5,8,2.28563e6,-1.100194140660225,-0.8619484131774695,TIME_LIMIT,494944,0,0,14,6
5,8,2.28567e6,-1.1001937119947391,-0.8619484131774695,TIME_LIMIT,494962,0,0,7,1
5,8,2.285918e6,-1.1001937119947391,-0.8619484131774695,TIME_LIMIT,494992,0,0,10,20
5,8,2.28614e6,-1.1001858920146181,-0.8619484131774695,TIME_LIMIT,495021,0,0,13,8
5,8,2.286327e6,-1.1001858920146181,-0.8619484131774695,TIME_LIMIT,495043,0,0,13,10
5,8,2.286553e6,-1.1001827075173733,-0.8619484131774695,TIME_LIMIT,495074,0,0,6,6
5,8,2.286693e6,-1.1001827075173733,-0.8619484131774695,TIME_LIMIT,495101,0,0,24,14
5,8,2.286872e6,-1.100179226091556,-0.8619484131774695,TIME_LIMIT,495142,0,0,12,9
5,8,2.287006e6,-1.100179226091556,-0.8619484131774695,TIME_LIMIT,495166,0,0,16,9
5,8,2.287081e6,-1.1001775479166225,-0.8619484131774695,TIME_LIMIT,495185,0,0,6,4
5,8,2.287306e6,-1.1001775479166225,-0.8619484131774695,TIME_LIMIT,495214,0,0,15,8
5,8,2.28742e6,-1.1001741125784894,-0.8619484131774695,TIME_LIMIT,495234,0,0,13,9
5,8,2.287476e6,-1.1001741125784894,-0.8619484131774695,TIME_LIMIT,495257,0,0,12,10
5,8,2.287557e6,-1.1001687755670655,-0.8619484131774695,TIME_LIMIT,495278,0,0,3,5
5,8,2.287728e6,-1.1001687755670655,-0.8619484131774695,TIME_LIMIT,495306,0,0,19,28
5,8,2.287897e6,-1.1001614386811192,-0.8619484131774695,TIME_LIMIT,495334,0,0,6,7
5,8,2.288055e6,-1.1001614386811192,-0.8619484131774695,TIME_LIMIT,495354,0,0,13,19
5,8,2.288323e6,-1.100156509172595,-0.8619484131774695,TIME_LIMIT,495388,0,0,16,5
5,8,2.288425e6,-1.100156509172595,-0.8619484131774695,TIME_LIMIT,495411,0,0,15,14
5,8,2.288546e6,-1.1001558462077907,-0.8619484131774695,TIME_LIMIT,495440,0,0,13,7
5,8,2.28862e6,-1.1001558462077907,-0.8619484131774695,TIME_LIMIT,495459,0,0,14,15
5,8,2.288699e6,-1.1001500272474,-0.8619484131774695,TIME_LIMIT,495481,0,0,13,6
5,8,2.288838e6,-1.1001500272474,-0.8619484131774695,TIME_LIMIT,495503,0,0,5,19
5,8,2.288986e6,-1.10014370709853,-0.8619484131774695,TIME_LIMIT,495525,0,0,12,11
5,8,2.28908e6,-1.10014370709853,-0.8619484131774695,TIME_LIMIT,495542,0,0,11,10
5,8,2.289156e6,-1.1001433369972282,-0.8619484131774695,TIME_LIMIT,495564,0,0,6,2
5,8,2.289319e6,-1.1001433369972282,-0.8619484131774695,TIME_LIMIT,495586,0,0,6,9
5,8,2.289519e6,-1.100140915064155,-0.8619484131774695,TIME_LIMIT,495623,0,0,5,10
5,8,2.289747e6,-1.100140915064155,-0.8619484131774695,TIME_LIMIT,495656,0,0,21,6
5,8,2.289839e6,-1.1001322403958362,-0.8619484131774695,TIME_LIMIT,495681,0,0,20,16
5,8,2.290084e6,-1.1001322403958362,-0.8619484131774695,TIME_LIMIT,495708,0,0,14,15
5,8,2.290368e6,-1.100126461490317,-0.8619484131774695,TIME_LIMIT,495738,0,0,9,10
5,8,2.290618e6,-1.100126461490317,-0.8619484131774695,TIME_LIMIT,495761,0,0,13,10
5,8,2.290751e6,-1.100126303684686,-0.8619484131774695,TIME_LIMIT,495799,0,0,18,10
5,8,2.290888e6,-1.100126303684686,-0.8619484131774695,TIME_LIMIT,495820,0,0,15,15
5,8,2.291002e6,-1.1001175990263632,-0.8619484131774695,TIME_LIMIT,495842,0,0,15,17
5,8,2.291094e6,-1.1001175990263632,-0.8619484131774695,TIME_LIMIT,495863,0,0,19,16
5,8,2.291218e6,-1.100117174594348,-0.8619484131774695,TIME_LIMIT,495889,0,0,14,3
5,8,2.291392e6,-1.100117174594348,-0.8619484131774695,TIME_LIMIT,495901,0,0,13,16
5,8,2.291461e6,-1.100113948383309,-0.8619484131774695,TIME_LIMIT,495918,0,0,8,4
5,8,2.291591e6,-1.100113948383309,-0.8619484131774695,TIME_LIMIT,495943,0,0,15,21
5,8,2.291766e6,-1.100112314441221,-0.8619484131774695,TIME_LIMIT,495972,0,0,4,7
5,8,2.291935e6,-1.100112314441221,-0.8619484131774695,TIME_LIMIT,495998,0,0,15,12
5,8,2.292082e6,-1.1001069954837415,-0.8619484131774695,TIME_LIMIT,496019,0,0,12,4
5,8,2.292244e6,-1.1001069954837415,-0.8619484131774695,TIME_LIMIT,496045,0,0,14,6
5,8,2.292313e6,-1.1001067479043432,-0.8619484131774695,TIME_LIMIT,496066,0,0,14,4
5,8,2.29256e6,-1.1001067479043432,-0.8619484131774695,TIME_LIMIT,496092,0,0,15,16
5,8,2.292646e6,-1.1001054849123364,-0.8619484131774695,TIME_LIMIT,496113,0,0,12,5
5,8,2.292856e6,-1.1001054849123364,-0.8619484131774695,TIME_LIMIT,496148,0,0,17,10
5,8,2.292997e6,-1.1001003467220651,-0.8619484131774695,TIME_LIMIT,496175,0,0,13,11
5,8,2.293141e6,-1.1001003467220651,-0.8619484131774695,TIME_LIMIT,496198,0,0,8,9
5,8,2.293378e6,-1.100099848340527,-0.8619484131774695,TIME_LIMIT,496222,0,0,11,6
5,8,2.293488e6,-1.100099848340527,-0.8619484131774695,TIME_LIMIT,496242,0,0,11,15
5,8,2.293645e6,-1.1000925138174693,-0.8619484131774695,TIME_LIMIT,496273,0,0,3,7
5,8,2.293835e6,-1.1000925138174693,-0.8619484131774695,TIME_LIMIT,496296,0,0,12,5
5,8,2.293966e6,-1.1000921603085665,-0.8619484131774695,TIME_LIMIT,496324,0,0,8,9
5,8,2.294193e6,-1.1000921603085665,-0.8619484131774695,TIME_LIMIT,496351,0,0,11,12
5,8,2.294443e6,-1.100078731303551,-0.8619484131774695,TIME_LIMIT,496389,0,0,8,18
5,8,2.294556e6,-1.100078731303551,-0.8619484131774695,TIME_LIMIT,496413,0,0,9,6
5,8,2.294628e6,-1.1000719552535567,-0.8619484131774695,TIME_LIMIT,496429,0,0,4,1
5,8,2.294715e6,-1.1000719552535567,-0.8619484131774695,TIME_LIMIT,496452,0,0,11,14
5,8,2.294862e6,-1.1000648531235067,-0.8619484131774695,TIME_LIMIT,496475,0,0,16,3
5,8,2.29502e6,-1.1000648531235067,-0.8619484131774695,TIME_LIMIT,496503,0,0,21,19
5,8,2.295183e6,-1.1000637643485387,-0.8619484131774695,TIME_LIMIT,496541,0,0,17,9
5,8,2.295383e6,-1.1000637643485387,-0.8619484131774695,TIME_LIMIT,496568,0,0,12,19
5,8,2.295484e6,-1.1000560685195269,-0.8619484131774695,TIME_LIMIT,496591,0,0,13,11
5,8,2.295617e6,-1.1000560685195269,-0.8619484131774695,TIME_LIMIT,496614,0,0,19,27
5,8,2.295785e6,-1.100051484980093,-0.8619484131774695,TIME_LIMIT,496651,0,0,9,10
5,8,2.296008e6,-1.100051484980093,-0.8619484131774695,TIME_LIMIT,496675,0,0,19,20
5,8,2.296252e6,-1.1000512159938727,-0.8619484131774695,TIME_LIMIT,496718,0,0,21,12
5,8,2.296349e6,-1.1000512159938727,-0.8619484131774695,TIME_LIMIT,496736,0,0,14,19
5,8,2.296455e6,-1.1000398934666606,-0.8619484131774695,TIME_LIMIT,496762,0,0,4,4
5,8,2.296604e6,-1.1000398934666606,-0.8619484131774695,TIME_LIMIT,496783,0,0,11,24
5,8,2.296739e6,-1.1000318289474575,-0.8619484131774695,TIME_LIMIT,496817,0,0,17,9
5,8,2.296851e6,-1.1000318289474575,-0.8619484131774695,TIME_LIMIT,496838,0,0,7,12
5,8,2.297023e6,-1.1000303627600698,-0.8619484131774695,TIME_LIMIT,496868,0,0,8,9
5,8,2.297095e6,-1.1000303627600698,-0.8619484131774695,TIME_LIMIT,496887,0,0,12,13
5,8,2.297146e6,-1.1000302208313917,-0.8619484131774695,TIME_LIMIT,496908,0,0,5,4
5,8,2.297284e6,-1.1000302208313917,-0.8619484131774695,TIME_LIMIT,496934,0,0,15,9
5,8,2.297507e6,-1.1000245173747256,-0.8619484131774695,TIME_LIMIT,496960,0,0,7,8
5,8,2.297596e6,-1.1000245173747256,-0.8619484131774695,TIME_LIMIT,496976,0,0,12,6
5,8,2.297713e6,-1.1000235585542273,-0.8619484131774695,TIME_LIMIT,497004,0,0,4,5
5,8,2.297839e6,-1.1000235585542273,-0.8619484131774695,TIME_LIMIT,497037,0,0,10,11
5,8,2.298135e6,-1.100023363314842,-0.8619484131774695,TIME_LIMIT,497060,0,0,8,6
5,8,2.298357e6,-1.100023363314842,-0.8619484131774695,TIME_LIMIT,497083,0,0,15,18
5,8,2.298444e6,-1.1000078299198361,-0.8619484131774695,TIME_LIMIT,497108,0,0,11,10
5,8,2.298573e6,-1.1000078299198361,-0.8619484131774695,TIME_LIMIT,497126,0,0,15,14
5,8,2.298641e6,-1.1000077078342734,-0.8619484131774695,TIME_LIMIT,497151,0,0,6,7
5,8,2.298808e6,-1.1000077078342734,-0.8619484131774695,TIME_LIMIT,497177,0,0,8,9
5,8,2.298866e6,-1.1000065504303167,-0.8619484131774695,TIME_LIMIT,497198,0,0,3,5
5,8,2.299088e6,-1.1000065504303167,-0.8619484131774695,TIME_LIMIT,497221,0,0,12,12
5,8,2.299334e6,-1.1000007675095955,-0.8619484131774695,TIME_LIMIT,497242,0,0,9,11
5,8,2.299574e6,-1.1000007675095955,-0.8619484131774695,TIME_LIMIT,497276,0,0,21,21
5,8,2.299891e6,-1.0999996987769758,-0.8619484131774695,TIME_LIMIT,497303,0,0,14,17
5,8,2.29998e6,-1.0999996987769758,-0.8619484131774695,TIME_LIMIT,497323,0,0,8,8
5,8,2.300023e6,-1.0999963823054562,-0.8619484131774695,TIME_LIMIT,497337,0,0,4,2
5,8,2.300097e6,-1.0999963823054562,-0.8619484131774695,TIME_LIMIT,497356,0,0,12,5
5,8,2.300153e6,-1.0999944749903205,-0.8619484131774695,TIME_LIMIT,497371,0,0,8,5
5,8,2.300278e6,-1.0999944749903205,-0.8619484131774695,TIME_LIMIT,497403,0,0,16,7
5,8,2.300386e6,-1.0999864914571371,-0.8619484131774695,TIME_LIMIT,497426,0,0,13,10
5,8,2.30049e6,-1.0999864914571371,-0.8619484131774695,TIME_LIMIT,497448,0,0,15,11
5,8,2.300718e6,-1.0999809758925392,-0.8619484131774695,TIME_LIMIT,497478,0,0,13,8
5,8,2.300986e6,-1.0999809758925392,-0.8619484131774695,TIME_LIMIT,497501,0,0,12,17
5,8,2.301181e6,-1.0999727398975638,-0.8619484131774695,TIME_LIMIT,497539,0,0,15,9
5,8,2.301406e6,-1.0999727398975638,-0.8619484131774695,TIME_LIMIT,497562,0,0,8,25
5,8,2.301581e6,-1.099963987633097,-0.8619484131774695,TIME_LIMIT,497596,0,0,14,10
5,8,2.301709e6,-1.099963987633097,-0.8619484131774695,TIME_LIMIT,497618,0,0,10,11
5,8,2.301773e6,-1.0999503272221796,-0.8619484131774695,TIME_LIMIT,497638,0,0,6,6
5,8,2.301875e6,-1.0999503272221796,-0.8619484131774695,TIME_LIMIT,497655,0,0,13,16
5,8,2.302002e6,-1.0999444647850554,-0.8619484131774695,TIME_LIMIT,497683,0,0,8,6
5,8,2.302097e6,-1.0999444647850554,-0.8619484131774695,TIME_LIMIT,497701,0,0,12,4
5,8,2.302172e6,-1.0999356291557878,-0.8619484131774695,TIME_LIMIT,497724,0,0,5,0
5,8,2.302343e6,-1.0999356291557878,-0.8619484131774695,TIME_LIMIT,497749,0,0,17,19
5,8,2.302411e6,-1.0999294012339937,-0.8619484131774695,TIME_LIMIT,497783,0,0,17,11
5,8,2.302591e6,-1.0999294012339937,-0.8619484131774695,TIME_LIMIT,497811,0,0,16,20
5,8,2.302711e6,-1.0999215855362787,-0.8619484131774695,TIME_LIMIT,497847,0,0,12,7
5,8,2.302805e6,-1.0999215855362787,-0.8619484131774695,TIME_LIMIT,497871,0,0,11,2
5,8,2.302937e6,-1.0999180060275877,-0.8619484131774695,TIME_LIMIT,497893,0,0,12,5
5,8,2.303036e6,-1.0999180060275877,-0.8619484131774695,TIME_LIMIT,497918,0,0,17,19
5,8,2.303167e6,-1.0999149958955992,-0.8619484131774695,TIME_LIMIT,497944,0,0,15,8
5,8,2.303259e6,-1.0999149958955992,-0.8619484131774695,TIME_LIMIT,497970,0,0,9,8
5,8,2.303318e6,-1.0999052864112928,-0.8619484131774695,TIME_LIMIT,497984,0,0,11,3
5,8,2.303438e6,-1.0999052864112928,-0.8619484131774695,TIME_LIMIT,498003,0,0,9,11
5,8,2.303659e6,-1.0998992116406323,-0.8619484131774695,TIME_LIMIT,498033,0,0,7,5
5,8,2.303784e6,-1.0998992116406323,-0.8619484131774695,TIME_LIMIT,498056,0,0,19,23
5,8,2.303965e6,-1.0998980874560953,-0.8619484131774695,TIME_LIMIT,498099,0,0,12,12
5,8,2.304141e6,-1.0998980874560953,-0.8619484131774695,TIME_LIMIT,498121,0,0,13,16
5,8,2.304249e6,-1.0998966424569567,-0.8619484131774695,TIME_LIMIT,498151,0,0,8,7
5,8,2.304367e6,-1.0998966424569567,-0.8619484131774695,TIME_LIMIT,498172,0,0,10,11
5,8,2.304446e6,-1.0998943863868078,-0.8619484131774695,TIME_LIMIT,498195,0,0,6,11
5,8,2.304539e6,-1.0998943863868078,-0.8619484131774695,TIME_LIMIT,498218,0,0,14,19
5,8,2.304814e6,-1.0998933756140974,-0.8619484131774695,TIME_LIMIT,498248,0,0,18,7
5,8,2.304971e6,-1.0998933756140974,-0.8619484131774695,TIME_LIMIT,498280,0,0,18,22
5,8,2.3052e6,-1.0998841281456901,-0.8619484131774695,TIME_LIMIT,498313,0,0,4,7
5,8,2.305271e6,-1.0998841281456901,-0.8619484131774695,TIME_LIMIT,498334,0,0,18,11
5,8,2.305391e6,-1.0998831218530785,-0.8619484131774695,TIME_LIMIT,498366,0,0,11,6
5,8,2.305469e6,-1.0998831218530785,-0.8619484131774695,TIME_LIMIT,498387,0,0,11,17
5,8,2.30557e6,-1.0998825269998782,-0.8619484131774695,TIME_LIMIT,498408,0,0,6,10
5,8,2.305794e6,-1.0998825269998782,-0.8619484131774695,TIME_LIMIT,498432,0,0,19,33
5,8,2.306062e6,-1.0998822387547014,-0.8619484131774695,TIME_LIMIT,498469,0,0,14,18
5,8,2.30624e6,-1.0998822387547014,-0.8619484131774695,TIME_LIMIT,498493,0,0,16,13
5,8,2.306304e6,-1.0998725007441976,-0.8619484131774695,TIME_LIMIT,498524,0,0,11,7
5,8,2.306533e6,-1.0998725007441976,-0.8619484131774695,TIME_LIMIT,498548,0,0,18,10
5,8,2.306669e6,-1.0998701807017253,-0.8619484131774695,TIME_LIMIT,498573,0,0,17,6
5,8,2.306871e6,-1.0998701807017253,-0.8619484131774695,TIME_LIMIT,498601,0,0,12,13
5,8,2.306965e6,-1.0998661240254155,-0.8619484131774695,TIME_LIMIT,498619,0,0,13,13
5,8,2.307157e6,-1.0998661240254155,-0.8619484131774695,TIME_LIMIT,498641,0,0,19,13
5,8,2.307307e6,-1.099860040458418,-0.8619484131774695,TIME_LIMIT,498675,0,0,12,7
5,8,2.307527e6,-1.099860040458418,-0.8619484131774695,TIME_LIMIT,498705,0,0,16,15
5,8,2.30764e6,-1.0998572601805185,-0.8619484131774695,TIME_LIMIT,498725,0,0,14,7
5,8,2.30779e6,-1.0998572601805185,-0.8619484131774695,TIME_LIMIT,498745,0,0,14,15
5,8,2.307925e6,-1.0998534978319132,-0.8619484131774695,TIME_LIMIT,498770,0,0,7,4
5,8,2.307987e6,-1.0998534978319132,-0.8619484131774695,TIME_LIMIT,498782,0,0,6,8
5,8,2.308093e6,-1.0998512333354487,-0.8619484131774695,TIME_LIMIT,498803,0,0,7,4
5,8,2.308302e6,-1.0998512333354487,-0.8619484131774695,TIME_LIMIT,498828,0,0,14,11
5,8,2.308325e6,-1.0998503932074686,-0.8619484131774695,TIME_LIMIT,498844,0,0,8,3
5,8,2.308449e6,-1.0998503932074686,-0.8619484131774695,TIME_LIMIT,498867,0,0,6,13
5,8,2.308573e6,-1.099849870941196,-0.8619484131774695,TIME_LIMIT,498896,0,0,7,6
5,8,2.308781e6,-1.099849870941196,-0.8619484131774695,TIME_LIMIT,498925,0,0,10,16
5,8,2.308898e6,-1.0998446705531273,-0.8619484131774695,TIME_LIMIT,498955,0,0,15,12
5,8,2.309057e6,-1.0998446705531273,-0.8619484131774695,TIME_LIMIT,498979,0,0,5,18
5,8,2.309238e6,-1.0998300991556063,-0.8619484131774695,TIME_LIMIT,499013,0,0,6,13
5,8,2.309301e6,-1.0998300991556063,-0.8619484131774695,TIME_LIMIT,499036,0,0,20,15
5,8,2.309489e6,-1.0998253386858736,-0.8619484131774695,TIME_LIMIT,499065,0,0,9,6
5,8,2.309607e6,-1.0998253386858736,-0.8619484131774695,TIME_LIMIT,499094,0,0,20,10
5,8,2.309797e6,-1.0998242066336161,-0.8619484131774695,TIME_LIMIT,499121,0,0,13,11
5,8,2.309867e6,-1.0998242066336161,-0.8619484131774695,TIME_LIMIT,499141,0,0,13,11
5,8,2.310013e6,-1.0998214094313834,-0.8619484131774695,TIME_LIMIT,499160,0,0,8,2
5,8,2.31011e6,-1.0998214094313834,-0.8619484131774695,TIME_LIMIT,499181,0,0,13,8
5,8,2.310173e6,-1.0998175266087005,-0.8619484131774695,TIME_LIMIT,499198,0,0,10,5
5,8,2.310279e6,-1.0998175266087005,-0.8619484131774695,TIME_LIMIT,499210,0,0,5,7
5,8,2.310305e6,-1.0998107897910039,-0.8619484131774695,TIME_LIMIT,499224,0,0,6,2
5,8,2.310454e6,-1.0998107897910039,-0.8619484131774695,TIME_LIMIT,499255,0,0,9,10
5,8,2.310571e6,-1.0998072127694214,-0.8619484131774695,TIME_LIMIT,499278,0,0,3,5
5,8,2.310698e6,-1.0998072127694214,-0.8619484131774695,TIME_LIMIT,499303,0,0,14,11
5,8,2.310746e6,-1.0998005390904926,-0.8619484131774695,TIME_LIMIT,499328,0,0,9,4
5,8,2.310898e6,-1.0998005390904926,-0.8619484131774695,TIME_LIMIT,499345,0,0,14,21
5,8,2.311098e6,-1.0997986202783188,-0.8619484131774695,TIME_LIMIT,499376,0,0,10,4
5,8,2.311171e6,-1.0997986202783188,-0.8619484131774695,TIME_LIMIT,499400,0,0,4,7
5,8,2.311259e6,-1.0997975506376498,-0.8619484131774695,TIME_LIMIT,499417,0,0,5,4
5,8,2.311342e6,-1.0997975506376498,-0.8619484131774695,TIME_LIMIT,499440,0,0,12,4
5,8,2.311391e6,-1.0997924307046985,-0.8619484131774695,TIME_LIMIT,499460,0,0,10,5
5,8,2.311498e6,-1.0997924307046985,-0.8619484131774695,TIME_LIMIT,499481,0,0,15,7
5,8,2.311547e6,-1.0997872033711502,-0.8619484131774695,TIME_LIMIT,499502,0,0,10,9
5,8,2.311682e6,-1.0997872033711502,-0.8619484131774695,TIME_LIMIT,499523,0,0,11,8
5,8,2.311791e6,-1.099784421771739,-0.8619484131774695,TIME_LIMIT,499549,0,0,14,7
5,8,2.311985e6,-1.099784421771739,-0.8619484131774695,TIME_LIMIT,499581,0,0,21,18
5,8,2.312039e6,-1.0997808766324502,-0.8619484131774695,TIME_LIMIT,499602,0,0,7,4
5,8,2.312167e6,-1.0997808766324502,-0.8619484131774695,TIME_LIMIT,499626,0,0,19,13
5,8,2.312389e6,-1.099762404088592,-0.8619484131774695,TIME_LIMIT,499657,0,0,15,9
5,8,2.312451e6,-1.099762404088592,-0.8619484131774695,TIME_LIMIT,499677,0,0,10,6
5,8,2.312518e6,-1.0997615987185267,-0.8619484131774695,TIME_LIMIT,499695,0,0,7,1
5,8,2.312719e6,-1.0997615987185267,-0.8619484131774695,TIME_LIMIT,499726,0,0,15,12
5,8,2.312847e6,-1.0997566949434536,-0.8619484131774695,TIME_LIMIT,499753,0,0,14,9
5,8,2.31299e6,-1.0997566949434536,-0.8619484131774695,TIME_LIMIT,499780,0,0,22,20
5,8,2.31324e6,-1.0997548825949734,-0.8619484131774695,TIME_LIMIT,499810,0,0,20,9
5,8,2.313502e6,-1.0997548825949734,-0.8619484131774695,TIME_LIMIT,499835,0,0,10,8
5,8,2.313639e6,-1.0997519490469083,-0.8619484131774695,TIME_LIMIT,499859,0,0,15,6
5,8,2.313827e6,-1.0997519490469083,-0.8619484131774695,TIME_LIMIT,499885,0,0,19,19
5,8,2.314082e6,-1.0997509018584277,-0.8619484131774695,TIME_LIMIT,499924,0,0,10,6
5,8,2.314313e6,-1.0997509018584277,-0.8619484131774695,TIME_LIMIT,499951,0,0,23,12
5,8,2.31454e6,-1.0997479206942322,-0.8619484131774695,TIME_LIMIT,499990,0,0,14,11
5,8,2.31457e6,-1.0997479206942322,-0.8619484131774695,TIME_LIMIT,500010,0,0,10,0
5,8,2.314636e6,-1.0997439551842685,-0.8619484131774695,TIME_LIMIT,500018,0,0,2,5
5,8,2.31484e6,-1.0997439551842685,-0.8619484131774695,TIME_LIMIT,500042,0,0,7,6
5,8,2.31506e6,-1.0997431702257252,-0.8619484131774695,TIME_LIMIT,500066,0,0,10,13
5,8,2.315228e6,-1.0997431702257252,-0.8619484131774695,TIME_LIMIT,500085,0,0,6,13
5,8,2.315316e6,-1.0997409080010523,-0.8619484131774695,TIME_LIMIT,500108,0,0,7,3
5,8,2.315466e6,-1.0997409080010523,-0.8619484131774695,TIME_LIMIT,500123,0,0,11,8
5,8,2.315537e6,-1.0997344687241766,-0.8619484131774695,TIME_LIMIT,500145,0,0,5,1
5,8,2.315596e6,-1.0997344687241766,-0.8619484131774695,TIME_LIMIT,500168,0,0,15,19
5,8,2.31568e6,-1.0997308923433844,-0.8619484131774695,TIME_LIMIT,500193,0,0,7,2
5,8,2.315813e6,-1.0997308923433844,-0.8619484131774695,TIME_LIMIT,500219,0,0,17,15
5,8,2.316033e6,-1.0997253168634555,-0.8619484131774695,TIME_LIMIT,500257,0,0,5,12
5,8,2.316256e6,-1.0997253168634555,-0.8619484131774695,TIME_LIMIT,500284,0,0,13,10
5,8,2.316378e6,-1.0997249746031397,-0.8619484131774695,TIME_LIMIT,500307,0,0,15,7
5,8,2.316474e6,-1.0997249746031397,-0.8619484131774695,TIME_LIMIT,500323,0,0,12,11
5,8,2.316617e6,-1.0997249310214254,-0.8619484131774695,TIME_LIMIT,500345,0,0,8,5
5,8,2.316752e6,-1.0997249310214254,-0.8619484131774695,TIME_LIMIT,500367,0,0,15,13
5,8,2.316903e6,-1.0997174004425165,-0.8619484131774695,TIME_LIMIT,500399,0,0,10,10
5,8,2.317062e6,-1.0997174004425165,-0.8619484131774695,TIME_LIMIT,500425,0,0,5,12
5,8,2.317194e6,-1.099708952926928,-0.8619484131774695,TIME_LIMIT,500445,0,0,7,2
5,8,2.317414e6,-1.099708952926928,-0.8619484131774695,TIME_LIMIT,500465,0,0,19,20
5,8,2.317508e6,-1.0997067145135937,-0.8619484131774695,TIME_LIMIT,500499,0,0,13,8
5,8,2.317712e6,-1.0997067145135937,-0.8619484131774695,TIME_LIMIT,500524,0,0,15,17
5,8,2.317856e6,-1.099705325916085,-0.8619484131774695,TIME_LIMIT,500556,0,0,19,5
5,8,2.317945e6,-1.099705325916085,-0.8619484131774695,TIME_LIMIT,500579,0,0,9,10
5,8,2.318009e6,-1.0997040329919738,-0.8619484131774695,TIME_LIMIT,500596,0,0,9,5
5,8,2.318134e6,-1.0997040329919738,-0.8619484131774695,TIME_LIMIT,500618,0,0,20,13
5,8,2.318347e6,-1.0996952677645562,-0.8619484131774695,TIME_LIMIT,500656,0,0,15,8
5,8,2.318591e6,-1.0996952677645562,-0.8619484131774695,TIME_LIMIT,500681,0,0,17,18
5,8,2.318685e6,-1.0996942309967586,-0.8619484131774695,TIME_LIMIT,500709,0,0,14,8
5,8,2.318836e6,-1.0996942309967586,-0.8619484131774695,TIME_LIMIT,500731,0,0,17,13
5,8,2.318946e6,-1.0996932820671126,-0.8619484131774695,TIME_LIMIT,500757,0,0,3,9
5,8,2.319095e6,-1.0996932820671126,-0.8619484131774695,TIME_LIMIT,500785,0,0,12,24
5,8,2.319323e6,-1.0996920653069568,-0.8619484131774695,TIME_LIMIT,500820,0,0,14,9
5,8,2.319545e6,-1.0996920653069568,-0.8619484131774695,TIME_LIMIT,500846,0,0,18,13
5,8,2.319658e6,-1.0996917899223442,-0.8619484131774695,TIME_LIMIT,500877,0,0,8,7
5,8,2.319878e6,-1.0996917899223442,-0.8619484131774695,TIME_LIMIT,500907,0,0,16,15
5,8,2.320084e6,-1.0996900550968776,-0.8619484131774695,TIME_LIMIT,500932,0,0,14,9
5,8,2.3202e6,-1.0996900550968776,-0.8619484131774695,TIME_LIMIT,500956,0,0,6,11
5,8,2.320357e6,-1.099686200457104,-0.8619484131774695,TIME_LIMIT,500978,0,0,3,2
5,8,2.320412e6,-1.099686200457104,-0.8619484131774695,TIME_LIMIT,500997,0,0,13,4
5,8,2.320548e6,-1.0996853625508256,-0.8619484131774695,TIME_LIMIT,501022,0,0,8,7
5,8,2.320646e6,-1.0996853625508256,-0.8619484131774695,TIME_LIMIT,501045,0,0,19,12
5,8,2.320857e6,-1.0996853480222386,-0.8619484131774695,TIME_LIMIT,501085,0,0,14,15
5,8,2.321007e6,-1.0996853480222386,-0.8619484131774695,TIME_LIMIT,501106,0,0,12,12
5,8,2.321084e6,-1.0996834969237699,-0.8619484131774695,TIME_LIMIT,501129,0,0,11,4
5,8,2.321169e6,-1.0996834969237699,-0.8619484131774695,TIME_LIMIT,501149,0,0,11,9
5,8,2.321197e6,-1.0996734391664051,-0.8619484131774695,TIME_LIMIT,501162,0,0,5,4
5,8,2.321274e6,-1.0996734391664051,-0.8619484131774695,TIME_LIMIT,501182,0,0,11,15
5,8,2.321456e6,-1.0996716196025407,-0.8619484131774695,TIME_LIMIT,501216,0,0,13,11
5,8,2.321578e6,-1.0996716196025407,-0.8619484131774695,TIME_LIMIT,501235,0,0,14,3
5,8,2.321665e6,-1.0996705673153724,-0.8619484131774695,TIME_LIMIT,501258,0,0,8,4
5,8,2.321779e6,-1.0996705673153724,-0.8619484131774695,TIME_LIMIT,501286,0,0,5,6
5,8,2.321898e6,-1.0996683693323444,-0.8619484131774695,TIME_LIMIT,501314,0,0,11,8
5,8,2.322131e6,-1.0996683693323444,-0.8619484131774695,TIME_LIMIT,501335,0,0,9,7
5,8,2.322317e6,-1.0996600562792116,-0.8619484131774695,TIME_LIMIT,501364,0,0,12,13
5,8,2.322397e6,-1.0996600562792116,-0.8619484131774695,TIME_LIMIT,501384,0,0,10,7
5,8,2.32248e6,-1.0996560090611127,-0.8619484131774695,TIME_LIMIT,501399,0,0,9,3
5,8,2.322606e6,-1.0996560090611127,-0.8619484131774695,TIME_LIMIT,501424,0,0,13,8
5,8,2.322798e6,-1.0996549036016638,-0.8619484131774695,TIME_LIMIT,501443,0,0,12,11
5,8,2.322915e6,-1.0996549036016638,-0.8619484131774695,TIME_LIMIT,501467,0,0,16,25
5,8,2.323039e6,-1.0996510440755365,-0.8619484131774695,TIME_LIMIT,501498,0,0,6,5
5,8,2.323174e6,-1.0996510440755365,-0.8619484131774695,TIME_LIMIT,501524,0,0,17,19
5,8,2.323328e6,-1.0996484576510936,-0.8619484131774695,TIME_LIMIT,501554,0,0,19,15
5,8,2.323424e6,-1.0996484576510936,-0.8619484131774695,TIME_LIMIT,501576,0,0,15,15
5,8,2.323496e6,-1.0996465416342567,-0.8619484131774695,TIME_LIMIT,501596,0,0,5,4
5,8,2.323728e6,-1.0996465416342567,-0.8619484131774695,TIME_LIMIT,501626,0,0,7,15
5,8,2.323801e6,-1.099641556734112,-0.8619484131774695,TIME_LIMIT,501648,0,0,7,8
5,8,2.323993e6,-1.099641556734112,-0.8619484131774695,TIME_LIMIT,501674,0,0,8,14
5,8,2.324092e6,-1.0996409377294447,-0.8619484131774695,TIME_LIMIT,501696,0,0,10,8
5,8,2.324306e6,-1.0996409377294447,-0.8619484131774695,TIME_LIMIT,501723,0,0,13,11
5,8,2.324448e6,-1.099638339421562,-0.8619484131774695,TIME_LIMIT,501747,0,0,4,8
5,8,2.324565e6,-1.099638339421562,-0.8619484131774695,TIME_LIMIT,501767,0,0,12,4
5,8,2.324666e6,-1.0996379297560774,-0.8619484131774695,TIME_LIMIT,501787,0,0,12,3
5,8,2.324737e6,-1.0996379297560774,-0.8619484131774695,TIME_LIMIT,501813,0,0,11,6
5,8,2.324845e6,-1.099637079056627,-0.8619484131774695,TIME_LIMIT,501836,0,0,9,8
5,8,2.324886e6,-1.099637079056627,-0.8619484131774695,TIME_LIMIT,501851,0,0,6,7
5,8,2.32495e6,-1.099617518956562,-0.8619484131774695,TIME_LIMIT,501865,0,0,5,0
5,8,2.324999e6,-1.099617518956562,-0.8619484131774695,TIME_LIMIT,501883,0,0,4,7
5,8,2.325081e6,-1.0996155797545677,-0.8619484131774695,TIME_LIMIT,501904,0,0,9,6
5,8,2.325192e6,-1.0996155797545677,-0.8619484131774695,TIME_LIMIT,501929,0,0,13,7
5,8,2.325307e6,-1.0996116517364587,-0.8619484131774695,TIME_LIMIT,501952,0,0,11,3
5,8,2.325466e6,-1.0996116517364587,-0.8619484131774695,TIME_LIMIT,501976,0,0,10,15
5,8,2.325558e6,-1.0996093633691384,-0.8619484131774695,TIME_LIMIT,502000,0,0,17,6
5,8,2.325798e6,-1.0996093633691384,-0.8619484131774695,TIME_LIMIT,502025,0,0,20,28
5,8,2.326126e6,-1.0996008782637738,-0.8619484131774695,TIME_LIMIT,502063,0,0,14,12
5,8,2.326225e6,-1.0996008782637738,-0.8619484131774695,TIME_LIMIT,502087,0,0,11,8
5,8,2.326438e6,-1.0995995739482147,-0.8619484131774695,TIME_LIMIT,502111,0,0,4,6
5,8,2.326623e6,-1.0995995739482147,-0.8619484131774695,TIME_LIMIT,502139,0,0,18,14
5,8,2.32674e6,-1.0995690539994252,-0.8619484131774695,TIME_LIMIT,502167,0,0,12,2
5,8,2.326954e6,-1.0995690539994252,-0.8619484131774695,TIME_LIMIT,502192,0,0,20,9
5,8,2.32705e6,-1.0995586535951913,-0.8619484131774695,TIME_LIMIT,502226,0,0,9,10
5,8,2.327214e6,-1.0995586535951913,-0.8619484131774695,TIME_LIMIT,502249,0,0,14,13
5,8,2.327407e6,-1.0995557448202131,-0.8619484131774695,TIME_LIMIT,502281,0,0,15,6
5,8,2.3275e6,-1.0995557448202131,-0.8619484131774695,TIME_LIMIT,502306,0,0,13,6
5,8,2.327719e6,-1.0995516509559424,-0.8619484131774695,TIME_LIMIT,502338,0,0,11,10
5,8,2.327825e6,-1.0995516509559424,-0.8619484131774695,TIME_LIMIT,502355,0,0,11,9
5,8,2.327903e6,-1.0995458436434884,-0.8619484131774695,TIME_LIMIT,502381,0,0,8,6
5,8,2.328087e6,-1.0995458436434884,-0.8619484131774695,TIME_LIMIT,502406,0,0,6,12
5,8,2.328194e6,-1.099542593637282,-0.8619484131774695,TIME_LIMIT,502434,0,0,13,2
5,8,2.328376e6,-1.099542593637282,-0.8619484131774695,TIME_LIMIT,502458,0,0,7,13
5,8,2.32844e6,-1.0995370910331284,-0.8619484131774695,TIME_LIMIT,502476,0,0,4,5
5,8,2.328576e6,-1.0995370910331284,-0.8619484131774695,TIME_LIMIT,502503,0,0,17,14
5,8,2.328746e6,-1.0995335327309617,-0.8619484131774695,TIME_LIMIT,502525,0,0,12,8
5,8,2.328939e6,-1.0995335327309617,-0.8619484131774695,TIME_LIMIT,502547,0,0,8,9
5,8,2.329067e6,-1.0995277069249638,-0.8619484131774695,TIME_LIMIT,502579,0,0,13,6
5,8,2.329161e6,-1.0995277069249638,-0.8619484131774695,TIME_LIMIT,502603,0,0,11,11
5,8,2.329224e6,-1.0995275102714412,-0.8619484131774695,TIME_LIMIT,502620,0,0,6,5
5,8,2.329335e6,-1.0995275102714412,-0.8619484131774695,TIME_LIMIT,502643,0,0,7,9
5,8,2.329421e6,-1.0995274785027158,-0.8619484131774695,TIME_LIMIT,502670,0,0,8,6
5,8,2.329525e6,-1.0995274785027158,-0.8619484131774695,TIME_LIMIT,502692,0,0,10,10
5,8,2.329662e6,-1.099524992089796,-0.8619484131774695,TIME_LIMIT,502714,0,0,6,5
5,8,2.329818e6,-1.099524992089796,-0.8619484131774695,TIME_LIMIT,502738,0,0,8,8
5,8,2.329868e6,-1.09952065393812,-0.8619484131774695,TIME_LIMIT,502755,0,0,6,1
5,8,2.330063e6,-1.09952065393812,-0.8619484131774695,TIME_LIMIT,502780,0,0,19,26
5,8,2.330288e6,-1.0995145521400984,-0.8619484131774695,TIME_LIMIT,502810,0,0,17,4
5,8,2.330415e6,-1.0995145521400984,-0.8619484131774695,TIME_LIMIT,502831,0,0,6,4
5,8,2.330459e6,-1.0995117055862993,-0.8619484131774695,TIME_LIMIT,502842,0,0,4,2
5,8,2.330692e6,-1.0995117055862993,-0.8619484131774695,TIME_LIMIT,502869,0,0,13,11
5,8,2.330787e6,-1.0995095199250038,-0.8619484131774695,TIME_LIMIT,502891,0,0,9,5
5,8,2.330867e6,-1.0995095199250038,-0.8619484131774695,TIME_LIMIT,502914,0,0,4,16
5,8,2.331086e6,-1.0995053826578565,-0.8619484131774695,TIME_LIMIT,502945,0,0,8,5
5,8,2.331252e6,-1.0995053826578565,-0.8619484131774695,TIME_LIMIT,502968,0,0,12,17
5,8,2.331349e6,-1.0995053561053387,-0.8619484131774695,TIME_LIMIT,502993,0,0,4,7
5,8,2.331573e6,-1.0995053561053387,-0.8619484131774695,TIME_LIMIT,503021,0,0,15,4
5,8,2.331722e6,-1.0995002445352045,-0.8619484131774695,TIME_LIMIT,503055,0,0,8,8
5,8,2.331827e6,-1.0995002445352045,-0.8619484131774695,TIME_LIMIT,503074,0,0,11,19
5,8,2.331893e6,-1.0994976182972513,-0.8619484131774695,TIME_LIMIT,503100,0,0,4,5
5,8,2.332003e6,-1.0994976182972513,-0.8619484131774695,TIME_LIMIT,503122,0,0,14,16
5,8,2.332082e6,-1.0994963179644006,-0.8619484131774695,TIME_LIMIT,503147,0,0,10,0
5,8,2.332201e6,-1.0994963179644006,-0.8619484131774695,TIME_LIMIT,503170,0,0,6,8
5,8,2.33226e6,-1.0994876353552707,-0.8619484131774695,TIME_LIMIT,503191,0,0,10,9
5,8,2.332375e6,-1.0994876353552707,-0.8619484131774695,TIME_LIMIT,503216,0,0,12,8
5,8,2.332416e6,-1.099481262809164,-0.8619484131774695,TIME_LIMIT,503230,0,0,3,2
5,8,2.332526e6,-1.099481262809164,-0.8619484131774695,TIME_LIMIT,503253,0,0,10,5
5,8,2.332612e6,-1.0994777080720421,-0.8619484131774695,TIME_LIMIT,503274,0,0,9,6
5,8,2.332689e6,-1.0994777080720421,-0.8619484131774695,TIME_LIMIT,503288,0,0,4,8
5,8,2.33275e6,-1.0994762216224943,-0.8619484131774695,TIME_LIMIT,503300,0,0,5,1
5,8,2.33295e6,-1.0994762216224943,-0.8619484131774695,TIME_LIMIT,503320,0,0,19,27
5,8,2.333176e6,-1.099475511300195,-0.8619484131774695,TIME_LIMIT,503353,0,0,12,15
5,8,2.333259e6,-1.099475511300195,-0.8619484131774695,TIME_LIMIT,503379,0,0,13,9
5,8,2.333411e6,-1.099467633959003,-0.8619484131774695,TIME_LIMIT,503396,0,0,10,6
5,8,2.333504e6,-1.099467633959003,-0.8619484131774695,TIME_LIMIT,503413,0,0,17,5
5,8,2.333706e6,-1.0994630976524236,-0.8619484131774695,TIME_LIMIT,503437,0,0,10,8
5,8,2.333808e6,-1.0994630976524236,-0.8619484131774695,TIME_LIMIT,503458,0,0,13,7
5,8,2.33391e6,-1.0994505625521702,-0.8619484131774695,TIME_LIMIT,503479,0,0,8,4
5,8,2.334028e6,-1.0994505625521702,-0.8619484131774695,TIME_LIMIT,503495,0,0,10,9
5,8,2.334137e6,-1.0994458560700262,-0.8619484131774695,TIME_LIMIT,503524,0,0,5,3
5,8,2.334297e6,-1.0994458560700262,-0.8619484131774695,TIME_LIMIT,503551,0,0,15,8
5,8,2.334471e6,-1.0994449005624707,-0.8619484131774695,TIME_LIMIT,503588,0,0,17,12
5,8,2.334571e6,-1.0994449005624707,-0.8619484131774695,TIME_LIMIT,503608,0,0,13,20
5,8,2.334838e6,-1.0994382464003776,-0.8619484131774695,TIME_LIMIT,503642,0,0,16,8
5,8,2.335003e6,-1.0994382464003776,-0.8619484131774695,TIME_LIMIT,503663,0,0,17,30
5,8,2.335211e6,-1.0994289990602273,-0.8619484131774695,TIME_LIMIT,503704,0,0,10,10
5,8,2.33536e6,-1.0994289990602273,-0.8619484131774695,TIME_LIMIT,503730,0,0,19,9
5,8,2.335463e6,-1.099417947340401,-0.8619484131774695,TIME_LIMIT,503754,0,0,16,5
5,8,2.335565e6,-1.099417947340401,-0.8619484131774695,TIME_LIMIT,503783,0,0,11,11
5,8,2.335668e6,-1.099415214330266,-0.8619484131774695,TIME_LIMIT,503803,0,0,11,6
5,8,2.335788e6,-1.099415214330266,-0.8619484131774695,TIME_LIMIT,503826,0,0,16,11
5,8,2.335968e6,-1.0994123223194643,-0.8619484131774695,TIME_LIMIT,503859,0,0,11,6
5,8,2.336048e6,-1.0994123223194643,-0.8619484131774695,TIME_LIMIT,503879,0,0,21,16
5,8,2.336163e6,-1.0994114909971595,-0.8619484131774695,TIME_LIMIT,503910,0,0,8,7
5,8,2.336248e6,-1.0994114909971595,-0.8619484131774695,TIME_LIMIT,503935,0,0,15,7
5,8,2.336295e6,-1.0994108459923904,-0.8619484131774695,TIME_LIMIT,503953,0,0,10,4
5,8,2.336504e6,-1.0994108459923904,-0.8619484131774695,TIME_LIMIT,503981,0,0,12,7
5,8,2.336723e6,-1.0993967988778142,-0.8619484131774695,TIME_LIMIT,504006,0,0,12,6
5,8,2.336806e6,-1.0993967988778142,-0.8619484131774695,TIME_LIMIT,504020,0,0,16,16
5,8,2.33688e6,-1.0993946323057748,-0.8619484131774695,TIME_LIMIT,504048,0,0,6,4
5,8,2.337119e6,-1.0993946323057748,-0.8619484131774695,TIME_LIMIT,504073,0,0,14,8
5,8,2.337315e6,-1.0993851288347611,-0.8619484131774695,TIME_LIMIT,504093,0,0,9,14
5,8,2.33738e6,-1.0993851288347611,-0.8619484131774695,TIME_LIMIT,504113,0,0,10,8
5,8,2.337463e6,-1.0993840358400595,-0.8619484131774695,TIME_LIMIT,504132,0,0,11,2
5,8,2.337579e6,-1.0993840358400595,-0.8619484131774695,TIME_LIMIT,504155,0,0,16,5
5,8,2.337783e6,-1.0993836497910263,-0.8619484131774695,TIME_LIMIT,504179,0,0,9,3
5,8,2.337949e6,-1.0993836497910263,-0.8619484131774695,TIME_LIMIT,504201,0,0,19,25
5,8,2.338175e6,-1.0993766118816741,-0.8619484131774695,TIME_LIMIT,504236,0,0,13,9
5,8,2.338296e6,-1.0993766118816741,-0.8619484131774695,TIME_LIMIT,504262,0,0,15,11
5,8,2.338398e6,-1.0993746662997144,-0.8619484131774695,TIME_LIMIT,504292,0,0,9,7
5,8,2.338569e6,-1.0993746662997144,-0.8619484131774695,TIME_LIMIT,504315,0,0,10,13
5,8,2.338668e6,-1.0993729110629298,-0.8619484131774695,TIME_LIMIT,504342,0,0,12,5
5,8,2.338844e6,-1.0993729110629298,-0.8619484131774695,TIME_LIMIT,504369,0,0,11,13
5,8,2.338974e6,-1.0993721945884072,-0.8619484131774695,TIME_LIMIT,504401,0,0,16,9
5,8,2.339068e6,-1.0993721945884072,-0.8619484131774695,TIME_LIMIT,504415,0,0,12,19
5,8,2.33923e6,-1.099367812337749,-0.8619484131774695,TIME_LIMIT,504448,0,0,15,8
5,8,2.339382e6,-1.099367812337749,-0.8619484131774695,TIME_LIMIT,504478,0,0,10,15
5,8,2.339643e6,-1.0993673425471746,-0.8619484131774695,TIME_LIMIT,504503,0,0,8,9
5,8,2.339712e6,-1.0993673425471746,-0.8619484131774695,TIME_LIMIT,504523,0,0,6,4
5,8,2.339762e6,-1.0993663188257332,-0.8619484131774695,TIME_LIMIT,504533,0,0,4,5
5,8,2.339897e6,-1.0993663188257332,-0.8619484131774695,TIME_LIMIT,504562,0,0,21,17
5,8,2.339965e6,-1.0993655632020136,-0.8619484131774695,TIME_LIMIT,504583,0,0,9,12
5,8,2.340162e6,-1.0993655632020136,-0.8619484131774695,TIME_LIMIT,504607,0,0,10,11
5,8,2.340227e6,-1.0993642676848436,-0.8619484131774695,TIME_LIMIT,504628,0,0,9,3
5,8,2.340453e6,-1.0993642676848436,-0.8619484131774695,TIME_LIMIT,504656,0,0,21,11
5,8,2.340704e6,-1.0993559231882641,-0.8619484131774695,TIME_LIMIT,504680,0,0,19,12
5,8,2.340795e6,-1.0993559231882641,-0.8619484131774695,TIME_LIMIT,504700,0,0,9,6
5,8,2.340834e6,-1.0993537381077565,-0.8619484131774695,TIME_LIMIT,504721,0,0,8,1
5,8,2.341059e6,-1.0993537381077565,-0.8619484131774695,TIME_LIMIT,504746,0,0,16,8
5,8,2.341279e6,-1.0993460650788958,-0.8619484131774695,TIME_LIMIT,504775,0,0,16,8
5,8,2.341535e6,-1.0993460650788958,-0.8619484131774695,TIME_LIMIT,504796,0,0,15,19
5,8,2.341804e6,-1.0993416554058457,-0.8619484131774695,TIME_LIMIT,504838,0,0,18,12
5,8,2.341861e6,-1.0993416554058457,-0.8619484131774695,TIME_LIMIT,504855,0,0,13,10
5,8,2.34195e6,-1.0993398995337424,-0.8619484131774695,TIME_LIMIT,504877,0,0,8,3
5,8,2.342119e6,-1.0993398995337424,-0.8619484131774695,TIME_LIMIT,504904,0,0,17,15
5,8,2.342344e6,-1.0993392252647385,-0.8619484131774695,TIME_LIMIT,504939,0,0,13,14
5,8,2.342429e6,-1.0993392252647385,-0.8619484131774695,TIME_LIMIT,504954,0,0,15,6
5,8,2.34254e6,-1.0993382303684063,-0.8619484131774695,TIME_LIMIT,504987,0,0,10,6
5,8,2.342685e6,-1.0993382303684063,-0.8619484131774695,TIME_LIMIT,505011,0,0,19,30
5,8,2.342964e6,-1.099335079238589,-0.8619484131774695,TIME_LIMIT,505035,0,0,15,14
5,8,2.343087e6,-1.099335079238589,-0.8619484131774695,TIME_LIMIT,505057,0,0,4,9
5,8,2.343174e6,-1.0993294819539856,-0.8619484131774695,TIME_LIMIT,505073,0,0,4,5
5,8,2.343365e6,-1.0993294819539856,-0.8619484131774695,TIME_LIMIT,505093,0,0,12,20
5,8,2.343526e6,-1.0993284818307059,-0.8619484131774695,TIME_LIMIT,505119,0,0,11,3
5,8,2.343606e6,-1.0993284818307059,-0.8619484131774695,TIME_LIMIT,505138,0,0,12,15
5,8,2.343802e6,-1.0993245246717653,-0.8619484131774695,TIME_LIMIT,505168,0,0,6,9
5,8,2.343869e6,-1.0993245246717653,-0.8619484131774695,TIME_LIMIT,505185,0,0,4,6
5,8,2.343927e6,-1.0993240593412013,-0.8619484131774695,TIME_LIMIT,505207,0,0,5,3
5,8,2.344112e6,-1.0993240593412013,-0.8619484131774695,TIME_LIMIT,505227,0,0,9,14
5,8,2.34423e6,-1.0993205078383377,-0.8619484131774695,TIME_LIMIT,505252,0,0,11,6
5,8,2.344376e6,-1.0993205078383377,-0.8619484131774695,TIME_LIMIT,505280,0,0,22,17
5,8,2.344564e6,-1.099316911834538,-0.8619484131774695,TIME_LIMIT,505304,0,0,15,11
5,8,2.344711e6,-1.099316911834538,-0.8619484131774695,TIME_LIMIT,505327,0,0,13,17
5,8,2.344837e6,-1.0993037285596456,-0.8619484131774695,TIME_LIMIT,505362,0,0,16,9
5,8,2.344913e6,-1.0993037285596456,-0.8619484131774695,TIME_LIMIT,505384,0,0,16,11
5,8,2.345073e6,-1.0993036324320102,-0.8619484131774695,TIME_LIMIT,505404,0,0,7,3
5,8,2.34512e6,-1.0993036324320102,-0.8619484131774695,TIME_LIMIT,505421,0,0,6,8
5,8,2.345218e6,-1.0993017782196712,-0.8619484131774695,TIME_LIMIT,505436,0,0,3,8
5,8,2.345394e6,-1.0993017782196712,-0.8619484131774695,TIME_LIMIT,505466,0,0,17,13
5,8,2.34557e6,-1.0992934405218633,-0.8619484131774695,TIME_LIMIT,505502,0,0,7,10
5,8,2.345687e6,-1.0992934405218633,-0.8619484131774695,TIME_LIMIT,505523,0,0,13,17
5,8,2.345881e6,-1.0992864156897661,-0.8619484131774695,TIME_LIMIT,505559,0,0,9,10
5,8,2.346128e6,-1.0992864156897661,-0.8619484131774695,TIME_LIMIT,505583,0,0,7,9
5,8,2.346192e6,-1.0992838446502533,-0.8619484131774695,TIME_LIMIT,505605,0,0,8,4
5,8,2.346439e6,-1.0992838446502533,-0.8619484131774695,TIME_LIMIT,505640,0,0,19,17
5,8,2.346622e6,-1.0992801002481396,-0.8619484131774695,TIME_LIMIT,505665,0,0,21,11
5,8,2.346846e6,-1.0992801002481396,-0.8619484131774695,TIME_LIMIT,505689,0,0,8,8
5,8,2.34704e6,-1.0992774033438228,-0.8619484131774695,TIME_LIMIT,505715,0,0,15,8
5,8,2.347114e6,-1.0992774033438228,-0.8619484131774695,TIME_LIMIT,505738,0,0,13,4
5,8,2.34725e6,-1.0992760748855683,-0.8619484131774695,TIME_LIMIT,505766,0,0,12,10
5,8,2.347428e6,-1.0992760748855683,-0.8619484131774695,TIME_LIMIT,505786,0,0,21,16
5,8,2.347546e6,-1.099274667386754,-0.8619484131774695,TIME_LIMIT,505815,0,0,12,7
5,8,2.347757e6,-1.099274667386754,-0.8619484131774695,TIME_LIMIT,505844,0,0,19,23
5,8,2.347937e6,-1.0992721345827308,-0.8619484131774695,TIME_LIMIT,505870,0,0,9,6
5,8,2.348111e6,-1.0992721345827308,-0.8619484131774695,TIME_LIMIT,505902,0,0,4,13
5,8,2.348226e6,-1.0992644896120556,-0.8619484131774695,TIME_LIMIT,505926,0,0,9,8
5,8,2.348446e6,-1.0992644896120556,-0.8619484131774695,TIME_LIMIT,505954,0,0,14,20
5,8,2.348675e6,-1.0992643875763335,-0.8619484131774695,TIME_LIMIT,505992,0,0,16,10
5,8,2.348869e6,-1.0992643875763335,-0.8619484131774695,TIME_LIMIT,506019,0,0,17,5
5,8,2.349021e6,-1.0992631032741387,-0.8619484131774695,TIME_LIMIT,506037,0,0,13,7
5,8,2.349149e6,-1.0992631032741387,-0.8619484131774695,TIME_LIMIT,506061,0,0,13,22
5,8,2.349274e6,-1.0992627148794936,-0.8619484131774695,TIME_LIMIT,506086,0,0,14,6
5,8,2.349327e6,-1.0992627148794936,-0.8619484131774695,TIME_LIMIT,506107,0,0,8,26
5,8,2.349512e6,-1.0992610438076045,-0.8619484131774695,TIME_LIMIT,506136,0,0,11,13
5,8,2.349708e6,-1.0992610438076045,-0.8619484131774695,TIME_LIMIT,506157,0,0,10,15
5,8,2.34982e6,-1.0992602320175007,-0.8619484131774695,TIME_LIMIT,506184,0,0,13,4
5,8,2.350029e6,-1.0992602320175007,-0.8619484131774695,TIME_LIMIT,506212,0,0,15,16
5,8,2.350202e6,-1.099257060113142,-0.8619484131774695,TIME_LIMIT,506239,0,0,16,6
5,8,2.350455e6,-1.099257060113142,-0.8619484131774695,TIME_LIMIT,506263,0,0,11,17
5,8,2.350556e6,-1.0992555721424973,-0.8619484131774695,TIME_LIMIT,506297,0,0,12,6
5,8,2.350679e6,-1.0992555721424973,-0.8619484131774695,TIME_LIMIT,506321,0,0,15,13
5,8,2.35076e6,-1.0992546978450548,-0.8619484131774695,TIME_LIMIT,506341,0,0,5,6
5,8,2.350896e6,-1.0992546978450548,-0.8619484131774695,TIME_LIMIT,506364,0,0,9,10
5,8,2.350991e6,-1.099254550042032,-0.8619484131774695,TIME_LIMIT,506391,0,0,8,4
5,8,2.351043e6,-1.099254550042032,-0.8619484131774695,TIME_LIMIT,506406,0,0,8,9
5,8,2.351075e6,-1.0992508078854177,-0.8619484131774695,TIME_LIMIT,506424,0,0,4,4
5,8,2.351202e6,-1.0992508078854177,-0.8619484131774695,TIME_LIMIT,506445,0,0,19,19
5,8,2.351407e6,-1.0992476854701043,-0.8619484131774695,TIME_LIMIT,506471,0,0,14,6
5,8,2.351626e6,-1.0992476854701043,-0.8619484131774695,TIME_LIMIT,506499,0,0,22,20
5,8,2.351837e6,-1.0992453635630155,-0.8619484131774695,TIME_LIMIT,506534,0,0,15,8
5,8,2.352054e6,-1.0992453635630155,-0.8619484131774695,TIME_LIMIT,506558,0,0,10,12
5,8,2.352144e6,-1.0992367967132401,-0.8619484131774695,TIME_LIMIT,506581,0,0,13,2
5,8,2.352264e6,-1.0992367967132401,-0.8619484131774695,TIME_LIMIT,506606,0,0,14,8
5,8,2.352412e6,-1.0992356255347724,-0.8619484131774695,TIME_LIMIT,506627,0,0,6,3
5,8,2.352453e6,-1.0992356255347724,-0.8619484131774695,TIME_LIMIT,506643,0,0,10,15
5,8,2.352551e6,-1.0992314328618602,-0.8619484131774695,TIME_LIMIT,506666,0,0,8,6
5,8,2.352674e6,-1.0992314328618602,-0.8619484131774695,TIME_LIMIT,506691,0,0,10,10
5,8,2.35277e6,-1.0992280209356142,-0.8619484131774695,TIME_LIMIT,506712,0,0,10,6
5,8,2.35292e6,-1.0992280209356142,-0.8619484131774695,TIME_LIMIT,506738,0,0,24,35
5,8,2.35313e6,-1.0992072201382512,-0.8619484131774695,TIME_LIMIT,506778,0,0,17,10
5,8,2.353247e6,-1.0992072201382512,-0.8619484131774695,TIME_LIMIT,506804,0,0,8,3
5,8,2.353302e6,-1.0992056608217458,-0.8619484131774695,TIME_LIMIT,506823,0,0,11,8
5,8,2.353457e6,-1.0992056608217458,-0.8619484131774695,TIME_LIMIT,506855,0,0,22,27
5,8,2.353523e6,-1.0991968119755557,-0.8619484131774695,TIME_LIMIT,506874,0,0,9,5
5,8,2.353684e6,-1.0991968119755557,-0.8619484131774695,TIME_LIMIT,506894,0,0,12,5
5,8,2.353813e6,-1.0991948065144996,-0.8619484131774695,TIME_LIMIT,506920,0,0,13,3
5,8,2.353872e6,-1.0991948065144996,-0.8619484131774695,TIME_LIMIT,506932,0,0,8,10
5,8,2.353973e6,-1.0991883625129395,-0.8619484131774695,TIME_LIMIT,506957,0,0,3,5
5,8,2.354199e6,-1.0991883625129395,-0.8619484131774695,TIME_LIMIT,506985,0,0,17,19
5,8,2.354241e6,-1.099186016187866,-0.8619484131774695,TIME_LIMIT,507003,0,0,12,13
5,8,2.35434e6,-1.099186016187866,-0.8619484131774695,TIME_LIMIT,507027,0,0,10,10
5,8,2.354586e6,-1.0991846379685155,-0.8619484131774695,TIME_LIMIT,507053,0,0,19,12
5,8,2.354647e6,-1.0991846379685155,-0.8619484131774695,TIME_LIMIT,507073,0,0,11,2
5,8,2.35472e6,-1.0991843898195632,-0.8619484131774695,TIME_LIMIT,507093,0,0,6,5
5,8,2.354805e6,-1.0991843898195632,-0.8619484131774695,TIME_LIMIT,507119,0,0,17,17
5,8,2.35492e6,-1.0991724143825965,-0.8619484131774695,TIME_LIMIT,507141,0,0,14,11
5,8,2.355021e6,-1.0991724143825965,-0.8619484131774695,TIME_LIMIT,507158,0,0,16,15
5,8,2.35509e6,-1.099168933628604,-0.8619484131774695,TIME_LIMIT,507181,0,0,5,5
5,8,2.355189e6,-1.099168933628604,-0.8619484131774695,TIME_LIMIT,507198,0,0,9,13
5,8,2.355263e6,-1.0991673257451673,-0.8619484131774695,TIME_LIMIT,507218,0,0,9,6
5,8,2.355318e6,-1.0991673257451673,-0.8619484131774695,TIME_LIMIT,507233,0,0,8,6
5,8,2.355394e6,-1.0991638139551596,-0.8619484131774695,TIME_LIMIT,507253,0,0,5,4
5,8,2.355598e6,-1.0991638139551596,-0.8619484131774695,TIME_LIMIT,507281,0,0,21,16
5,8,2.355797e6,-1.0991605110211373,-0.8619484131774695,TIME_LIMIT,507309,0,0,17,7
5,8,2.355913e6,-1.0991605110211373,-0.8619484131774695,TIME_LIMIT,507335,0,0,12,7
5,8,2.356189e6,-1.0991582439279408,-0.8619484131774695,TIME_LIMIT,507372,0,0,10,7
5,8,2.356375e6,-1.0991582439279408,-0.8619484131774695,TIME_LIMIT,507391,0,0,5,12
5,8,2.356405e6,-1.0991529986601125,-0.8619484131774695,TIME_LIMIT,507405,0,0,6,1
5,8,2.356527e6,-1.0991529986601125,-0.8619484131774695,TIME_LIMIT,507428,0,0,9,14
5,8,2.356635e6,-1.0991489244899086,-0.8619484131774695,TIME_LIMIT,507454,0,0,14,8
5,8,2.356823e6,-1.0991489244899086,-0.8619484131774695,TIME_LIMIT,507482,0,0,16,8
5,8,2.35696e6,-1.0991483547684535,-0.8619484131774695,TIME_LIMIT,507506,0,0,12,11
5,8,2.357057e6,-1.0991483547684535,-0.8619484131774695,TIME_LIMIT,507531,0,0,12,12
5,8,2.357124e6,-1.0991458789939599,-0.8619484131774695,TIME_LIMIT,507551,0,0,9,5
5,8,2.357272e6,-1.0991458789939599,-0.8619484131774695,TIME_LIMIT,507580,0,0,13,15
5,8,2.357439e6,-1.0991393182779983,-0.8619484131774695,TIME_LIMIT,507620,0,0,12,11
5,8,2.357543e6,-1.0991393182779983,-0.8619484131774695,TIME_LIMIT,507636,0,0,10,5
5,8,2.357604e6,-1.099135579275135,-0.8619484131774695,TIME_LIMIT,507659,0,0,13,4
5,8,2.357805e6,-1.099135579275135,-0.8619484131774695,TIME_LIMIT,507679,0,0,25,19
5,8,2.35797e6,-1.0991343216165386,-0.8619484131774695,TIME_LIMIT,507711,0,0,16,11
5,8,2.358103e6,-1.0991343216165386,-0.8619484131774695,TIME_LIMIT,507730,0,0,14,6
5,8,2.358343e6,-1.099132782699973,-0.8619484131774695,TIME_LIMIT,507766,0,0,11,4
5,8,2.358386e6,-1.099132782699973,-0.8619484131774695,TIME_LIMIT,507777,0,0,9,3
5,8,2.358429e6,-1.0991324655235721,-0.8619484131774695,TIME_LIMIT,507788,0,0,4,2
5,8,2.358619e6,-1.0991324655235721,-0.8619484131774695,TIME_LIMIT,507817,0,0,25,20
5,8,2.358733e6,-1.099132443513209,-0.8619484131774695,TIME_LIMIT,507853,0,0,6,3
5,8,2.358941e6,-1.099132443513209,-0.8619484131774695,TIME_LIMIT,507876,0,0,11,10
5,8,2.359192e6,-1.0991307004616624,-0.8619484131774695,TIME_LIMIT,507898,0,0,11,7
5,8,2.359351e6,-1.0991307004616624,-0.8619484131774695,TIME_LIMIT,507915,0,0,13,13
5,8,2.35955e6,-1.0991284292673078,-0.8619484131774695,TIME_LIMIT,507949,0,0,12,5
5,8,2.359775e6,-1.0991284292673078,-0.8619484131774695,TIME_LIMIT,507978,0,0,16,9
5,8,2.359875e6,-1.099119295276457,-0.8619484131774695,TIME_LIMIT,507998,0,0,9,8
5,8,2.359989e6,-1.099119295276457,-0.8619484131774695,TIME_LIMIT,508029,0,0,10,13
5,8,2.360062e6,-1.0991138327290768,-0.8619484131774695,TIME_LIMIT,508046,0,0,14,7
5,8,2.360167e6,-1.0991138327290768,-0.8619484131774695,TIME_LIMIT,508065,0,0,14,8
5,8,2.360216e6,-1.0991123051026959,-0.8619484131774695,TIME_LIMIT,508088,0,0,7,3
5,8,2.360341e6,-1.0991123051026959,-0.8619484131774695,TIME_LIMIT,508115,0,0,15,15
5,8,2.360424e6,-1.0990991355197492,-0.8619484131774695,TIME_LIMIT,508137,0,0,11,5
5,8,2.360494e6,-1.0990991355197492,-0.8619484131774695,TIME_LIMIT,508160,0,0,17,9
5,8,2.360742e6,-1.0990982466800856,-0.8619484131774695,TIME_LIMIT,508189,0,0,12,9
5,8,2.360871e6,-1.0990982466800856,-0.8619484131774695,TIME_LIMIT,508210,0,0,16,10
5,8,2.361068e6,-1.0990975484207568,-0.8619484131774695,TIME_LIMIT,508236,0,0,11,4
5,8,2.361214e6,-1.0990975484207568,-0.8619484131774695,TIME_LIMIT,508264,0,0,6,13
5,8,2.361324e6,-1.0990930776506618,-0.8619484131774695,TIME_LIMIT,508279,0,0,7,3
5,8,2.361525e6,-1.0990930776506618,-0.8619484131774695,TIME_LIMIT,508298,0,0,15,6
5,8,2.361641e6,-1.0990922605609361,-0.8619484131774695,TIME_LIMIT,508321,0,0,7,3
5,8,2.361803e6,-1.0990922605609361,-0.8619484131774695,TIME_LIMIT,508338,0,0,8,10
5,8,2.361884e6,-1.0990913646008658,-0.8619484131774695,TIME_LIMIT,508358,0,0,9,3
5,8,2.362e6,-1.0990913646008658,-0.8619484131774695,TIME_LIMIT,508383,0,0,24,23
5,8,2.362166e6,-1.0990901472994163,-0.8619484131774695,TIME_LIMIT,508412,0,0,9,9
5,8,2.362379e6,-1.0990901472994163,-0.8619484131774695,TIME_LIMIT,508438,0,0,15,13
5,8,2.362486e6,-1.09908823061701,-0.8619484131774695,TIME_LIMIT,508462,0,0,9,4
5,8,2.362673e6,-1.09908823061701,-0.8619484131774695,TIME_LIMIT,508489,0,0,10,8
5,8,2.362827e6,-1.099080803889708,-0.8619484131774695,TIME_LIMIT,508519,0,0,17,8
5,8,2.363101e6,-1.099080803889708,-0.8619484131774695,TIME_LIMIT,508553,0,0,20,19
5,8,2.363213e6,-1.0990791799404933,-0.8619484131774695,TIME_LIMIT,508582,0,0,18,12
5,8,2.363451e6,-1.0990791799404933,-0.8619484131774695,TIME_LIMIT,508606,0,0,20,16
5,8,2.36368e6,-1.099075522159088,-0.8619484131774695,TIME_LIMIT,508638,0,0,12,11
5,8,2.363793e6,-1.099075522159088,-0.8619484131774695,TIME_LIMIT,508659,0,0,13,7
5,8,2.363989e6,-1.0990748638185666,-0.8619484131774695,TIME_LIMIT,508687,0,0,18,4
5,8,2.364097e6,-1.0990748638185666,-0.8619484131774695,TIME_LIMIT,508709,0,0,17,19
5,8,2.364198e6,-1.099072427950088,-0.8619484131774695,TIME_LIMIT,508732,0,0,8,4
5,8,2.364303e6,-1.099072427950088,-0.8619484131774695,TIME_LIMIT,508761,0,0,12,18
5,8,2.364377e6,-1.0990698600430249,-0.8619484131774695,TIME_LIMIT,508780,0,0,12,14
5,8,2.364542e6,-1.0990698600430249,-0.8619484131774695,TIME_LIMIT,508804,0,0,10,16
5,8,2.364605e6,-1.0990679630174234,-0.8619484131774695,TIME_LIMIT,508831,0,0,4,3
5,8,2.364829e6,-1.0990679630174234,-0.8619484131774695,TIME_LIMIT,508861,0,0,17,18
5,8,2.365021e6,-1.0990643572813212,-0.8619484131774695,TIME_LIMIT,508886,0,0,8,6
5,8,2.365281e6,-1.0990643572813212,-0.8619484131774695,TIME_LIMIT,508915,0,0,17,17
5,8,2.365352e6,-1.099058870251846,-0.8619484131774695,TIME_LIMIT,508938,0,0,13,8
5,8,2.365448e6,-1.099058870251846,-0.8619484131774695,TIME_LIMIT,508960,0,0,12,13
5,8,2.365835e6,-1.0990583479081828,-0.8619484131774695,TIME_LIMIT,508990,0,0,12,8
5,8,2.365983e6,-1.0990583479081828,-0.8619484131774695,TIME_LIMIT,509017,0,0,20,13
5,8,2.366139e6,-1.0990573151248435,-0.8619484131774695,TIME_LIMIT,509042,0,0,17,14
5,8,2.366323e6,-1.0990573151248435,-0.8619484131774695,TIME_LIMIT,509068,0,0,13,16
5,8,2.366386e6,-1.0990571675253933,-0.8619484131774695,TIME_LIMIT,509084,0,0,9,9
5,8,2.366513e6,-1.0990571675253933,-0.8619484131774695,TIME_LIMIT,509106,0,0,12,11
5,8,2.36661e6,-1.0990512908848147,-0.8619484131774695,TIME_LIMIT,509129,0,0,9,9
5,8,2.366737e6,-1.0990512908848147,-0.8619484131774695,TIME_LIMIT,509152,0,0,8,11
5,8,2.366814e6,-1.099049394258547,-0.8619484131774695,TIME_LIMIT,509170,0,0,8,6
5,8,2.36694e6,-1.099049394258547,-0.8619484131774695,TIME_LIMIT,509196,0,0,4,7
5,8,2.367084e6,-1.0990430518056573,-0.8619484131774695,TIME_LIMIT,509222,0,0,2,7
5,8,2.367276e6,-1.0990430518056573,-0.8619484131774695,TIME_LIMIT,509243,0,0,9,13
5,8,2.367519e6,-1.0990376986333,-0.8619484131774695,TIME_LIMIT,509275,0,0,4,7
5,8,2.36774e6,-1.0990376986333,-0.8619484131774695,TIME_LIMIT,509297,0,0,14,26
5,8,2.367923e6,-1.0990364999252078,-0.8619484131774695,TIME_LIMIT,509320,0,0,16,16
5,8,2.368077e6,-1.0990364999252078,-0.8619484131774695,TIME_LIMIT,509346,0,0,17,12
5,8,2.368235e6,-1.0990281265221604,-0.8619484131774695,TIME_LIMIT,509378,0,0,16,4
5,8,2.368304e6,-1.0990281265221604,-0.8619484131774695,TIME_LIMIT,509394,0,0,7,5
5,8,2.36833e6,-1.0990257915978723,-0.8619484131774695,TIME_LIMIT,509407,0,0,5,2
5,8,2.368432e6,-1.0990257915978723,-0.8619484131774695,TIME_LIMIT,509431,0,0,10,11
5,8,2.368556e6,-1.0990166115850015,-0.8619484131774695,TIME_LIMIT,509458,0,0,6,7
5,8,2.368762e6,-1.0990166115850015,-0.8619484131774695,TIME_LIMIT,509483,0,0,19,14
5,8,2.368988e6,-1.0990156003388012,-0.8619484131774695,TIME_LIMIT,509519,0,0,19,7
5,8,2.369219e6,-1.0990156003388012,-0.8619484131774695,TIME_LIMIT,509544,0,0,11,15
5,8,2.369491e6,-1.09901269352926,-0.8619484131774695,TIME_LIMIT,509574,0,0,11,4
5,8,2.369686e6,-1.09901269352926,-0.8619484131774695,TIME_LIMIT,509599,0,0,8,25
5,8,2.369824e6,-1.0990064529896864,-0.8619484131774695,TIME_LIMIT,509634,0,0,12,15
5,8,2.369919e6,-1.0990064529896864,-0.8619484131774695,TIME_LIMIT,509653,0,0,11,12
5,8,2.370098e6,-1.0990027940744622,-0.8619484131774695,TIME_LIMIT,509684,0,0,8,13
5,8,2.370285e6,-1.0990027940744622,-0.8619484131774695,TIME_LIMIT,509702,0,0,9,10
5,8,2.370391e6,-1.098999908551526,-0.8619484131774695,TIME_LIMIT,509732,0,0,10,3
5,8,2.370515e6,-1.098999908551526,-0.8619484131774695,TIME_LIMIT,509757,0,0,20,23
5,8,2.370782e6,-1.098997127127527,-0.8619484131774695,TIME_LIMIT,509795,0,0,11,6
5,8,2.371e6,-1.098997127127527,-0.8619484131774695,TIME_LIMIT,509817,0,0,18,15
5,8,2.371195e6,-1.0989934628832705,-0.8619484131774695,TIME_LIMIT,509849,0,0,14,7
5,8,2.371456e6,-1.0989934628832705,-0.8619484131774695,TIME_LIMIT,509871,0,0,18,21
5,8,2.371523e6,-1.0989873340323246,-0.8619484131774695,TIME_LIMIT,509892,0,0,10,5
5,8,2.371743e6,-1.0989873340323246,-0.8619484131774695,TIME_LIMIT,509923,0,0,18,12
5,8,2.371943e6,-1.0989822543096524,-0.8619484131774695,TIME_LIMIT,509944,0,0,17,6
5,8,2.372027e6,-1.0989822543096524,-0.8619484131774695,TIME_LIMIT,509960,0,0,14,11
5,8,2.372143e6,-1.0989726912288633,-0.8619484131774695,TIME_LIMIT,509991,0,0,7,5
5,8,2.372227e6,-1.0989726912288633,-0.8619484131774695,TIME_LIMIT,510008,0,0,11,9
5,8,2.372431e6,-1.0989709956683102,-0.8619484131774695,TIME_LIMIT,510040,0,0,16,9
5,8,2.372534e6,-1.0989709956683102,-0.8619484131774695,TIME_LIMIT,510061,0,0,11,14
5,8,2.37273e6,-1.0989641178526108,-0.8619484131774695,TIME_LIMIT,510089,0,0,14,7
5,8,2.372906e6,-1.0989641178526108,-0.8619484131774695,TIME_LIMIT,510115,0,0,9,11
5,8,2.373044e6,-1.0989458832221186,-0.8619484131774695,TIME_LIMIT,510131,0,0,9,12
5,8,2.373102e6,-1.0989458832221186,-0.8619484131774695,TIME_LIMIT,510161,0,0,21,17
5,8,2.373321e6,-1.0989445276147962,-0.8619484131774695,TIME_LIMIT,510187,0,0,17,12
5,8,2.373495e6,-1.0989445276147962,-0.8619484131774695,TIME_LIMIT,510213,0,0,12,16
5,8,2.373705e6,-1.0989431457624386,-0.8619484131774695,TIME_LIMIT,510245,0,0,18,10
5,8,2.373927e6,-1.0989431457624386,-0.8619484131774695,TIME_LIMIT,510271,0,0,12,12
5,8,2.374036e6,-1.0989426116079328,-0.8619484131774695,TIME_LIMIT,510296,0,0,7,5
5,8,2.374146e6,-1.0989426116079328,-0.8619484131774695,TIME_LIMIT,510318,0,0,6,4
5,8,2.374241e6,-1.0989358798691804,-0.8619484131774695,TIME_LIMIT,510340,0,0,5,1
5,8,2.374323e6,-1.0989358798691804,-0.8619484131774695,TIME_LIMIT,510366,0,0,11,19
5,8,2.374434e6,-1.098923269398773,-0.8619484131774695,TIME_LIMIT,510391,0,0,6,8
5,8,2.374607e6,-1.098923269398773,-0.8619484131774695,TIME_LIMIT,510408,0,0,11,13
5,8,2.374672e6,-1.0989218065032351,-0.8619484131774695,TIME_LIMIT,510425,0,0,10,2
5,8,2.374899e6,-1.0989218065032351,-0.8619484131774695,TIME_LIMIT,510452,0,0,8,9
5,8,2.375152e6,-1.0989147591671495,-0.8619484131774695,TIME_LIMIT,510483,0,0,21,5
5,8,2.375371e6,-1.0989147591671495,-0.8619484131774695,TIME_LIMIT,510507,0,0,18,30
5,8,2.375624e6,-1.0989103619973588,-0.8619484131774695,TIME_LIMIT,510547,0,0,11,13
5,8,2.375793e6,-1.0989103619973588,-0.8619484131774695,TIME_LIMIT,510577,0,0,3,23
5,8,2.375865e6,-1.0989095601212215,-0.8619484131774695,TIME_LIMIT,510603,0,0,14,22
5,8,2.376093e6,-1.0989095601212215,-0.8619484131774695,TIME_LIMIT,510631,0,0,16,28
5,8,2.376233e6,-1.098908671750383,-0.8619484131774695,TIME_LIMIT,510674,0,0,15,8
5,8,2.37646e6,-1.098908671750383,-0.8619484131774695,TIME_LIMIT,510706,0,0,17,17
5,8,2.3767e6,-1.0989061498760195,-0.8619484131774695,TIME_LIMIT,510730,0,0,3,15
5,8,2.376814e6,-1.0989061498760195,-0.8619484131774695,TIME_LIMIT,510749,0,0,12,13
5,8,2.376926e6,-1.0989039009611057,-0.8619484131774695,TIME_LIMIT,510771,0,0,11,2
5,8,2.377022e6,-1.0989039009611057,-0.8619484131774695,TIME_LIMIT,510793,0,0,5,9
5,8,2.377069e6,-1.0988985952751564,-0.8619484131774695,TIME_LIMIT,510806,0,0,5,6
5,8,2.377295e6,-1.0988985952751564,-0.8619484131774695,TIME_LIMIT,510832,0,0,24,43
5,8,2.377546e6,-1.0988898579276274,-0.8619484131774695,TIME_LIMIT,510869,0,0,13,13
5,8,2.377798e6,-1.0988898579276274,-0.8619484131774695,TIME_LIMIT,510896,0,0,8,8
5,8,2.377985e6,-1.0988840115969887,-0.8619484131774695,TIME_LIMIT,510919,0,0,16,9
5,8,2.378045e6,-1.0988840115969887,-0.8619484131774695,TIME_LIMIT,510939,0,0,6,7
5,8,2.378125e6,-1.098880615866335,-0.8619484131774695,TIME_LIMIT,510956,0,0,2,3
5,8,2.378343e6,-1.098880615866335,-0.8619484131774695,TIME_LIMIT,510976,0,0,9,10
5,8,2.37846e6,-1.0988796191431005,-0.8619484131774695,TIME_LIMIT,511003,0,0,9,7
5,8,2.378563e6,-1.0988796191431005,-0.8619484131774695,TIME_LIMIT,511024,0,0,16,14
5,8,2.378663e6,-1.09887465789073,-0.8619484131774695,TIME_LIMIT,511037,0,0,9,10
5,8,2.378777e6,-1.09887465789073,-0.8619484131774695,TIME_LIMIT,511060,0,0,13,7
5,8,2.378836e6,-1.0988736838738675,-0.8619484131774695,TIME_LIMIT,511072,0,0,6,5
5,8,2.379071e6,-1.0988736838738675,-0.8619484131774695,TIME_LIMIT,511095,0,0,9,18
5,8,2.379144e6,-1.098870359905482,-0.8619484131774695,TIME_LIMIT,511128,0,0,10,4
5,8,2.379249e6,-1.098870359905482,-0.8619484131774695,TIME_LIMIT,511151,0,0,8,7
5,8,2.379365e6,-1.0988550811764313,-0.8619484131774695,TIME_LIMIT,511167,0,0,4,4
5,8,2.379526e6,-1.0988550811764313,-0.8619484131774695,TIME_LIMIT,511193,0,0,23,24
5,8,2.379766e6,-1.0988446305301998,-0.8619484131774695,TIME_LIMIT,511218,0,0,11,9
5,8,2.3799e6,-1.0988446305301998,-0.8619484131774695,TIME_LIMIT,511240,0,0,16,15
5,8,2.380034e6,-1.0988333399503731,-0.8619484131774695,TIME_LIMIT,511265,0,0,10,5
5,8,2.380246e6,-1.0988333399503731,-0.8619484131774695,TIME_LIMIT,511292,0,0,15,27
5,8,2.380478e6,-1.0988308035031848,-0.8619484131774695,TIME_LIMIT,511326,0,0,13,11
5,8,2.380573e6,-1.0988308035031848,-0.8619484131774695,TIME_LIMIT,511351,0,0,8,7
5,8,2.380661e6,-1.0988289123430697,-0.8619484131774695,TIME_LIMIT,511369,0,0,10,2
5,8,2.380801e6,-1.0988289123430697,-0.8619484131774695,TIME_LIMIT,511396,0,0,13,15
5,8,2.380988e6,-1.098827872578505,-0.8619484131774695,TIME_LIMIT,511428,0,0,9,5
5,8,2.381189e6,-1.098827872578505,-0.8619484131774695,TIME_LIMIT,511451,0,0,11,9
5,8,2.381417e6,-1.098825790633715,-0.8619484131774695,TIME_LIMIT,511482,0,0,7,6
5,8,2.381641e6,-1.098825790633715,-0.8619484131774695,TIME_LIMIT,511513,0,0,12,28
5,8,2.381869e6,-1.0988186365805954,-0.8619484131774695,TIME_LIMIT,511545,0,0,10,8
5,8,2.38204e6,-1.0988186365805954,-0.8619484131774695,TIME_LIMIT,511562,0,0,9,12
5,8,2.382214e6,-1.098817177040473,-0.8619484131774695,TIME_LIMIT,511588,0,0,7,3
5,8,2.382349e6,-1.098817177040473,-0.8619484131774695,TIME_LIMIT,511613,0,0,14,22
5,8,2.382524e6,-1.0988120264332903,-0.8619484131774695,TIME_LIMIT,511639,0,0,16,6
5,8,2.382662e6,-1.0988120264332903,-0.8619484131774695,TIME_LIMIT,511665,0,0,9,13
5,8,2.382949e6,-1.0987911839310132,-0.8619484131774695,TIME_LIMIT,511688,0,0,11,5
5,8,2.383065e6,-1.0987911839310132,-0.8619484131774695,TIME_LIMIT,511713,0,0,14,27
5,8,2.383283e6,-1.0987844615674616,-0.8619484131774695,TIME_LIMIT,511745,0,0,17,25
5,8,2.383347e6,-1.0987844615674616,-0.8619484131774695,TIME_LIMIT,511768,0,0,14,33
5,8,2.383567e6,-1.098782709023258,-0.8619484131774695,TIME_LIMIT,511810,0,0,16,17
5,8,2.383773e6,-1.098782709023258,-0.8619484131774695,TIME_LIMIT,511837,0,0,20,21
5,8,2.383982e6,-1.0987812929414704,-0.8619484131774695,TIME_LIMIT,511877,0,0,17,7
5,8,2.384136e6,-1.0987812929414704,-0.8619484131774695,TIME_LIMIT,511903,0,0,20,18
5,8,2.384259e6,-1.0987811195922252,-0.8619484131774695,TIME_LIMIT,511940,0,0,17,12
5,8,2.384347e6,-1.0987811195922252,-0.8619484131774695,TIME_LIMIT,511958,0,0,8,4
5,8,2.384368e6,-1.0987748119557,-0.8619484131774695,TIME_LIMIT,511968,0,0,2,0
5,8,2.384486e6,-1.0987748119557,-0.8619484131774695,TIME_LIMIT,511999,0,0,12,12
5,8,2.384556e6,-1.0987659071868108,-0.8619484131774695,TIME_LIMIT,512033,0,0,8,9
5,8,2.384669e6,-1.0987659071868108,-0.8619484131774695,TIME_LIMIT,512059,0,0,14,12
5,8,2.384802e6,-1.0987648162414898,-0.8619484131774695,TIME_LIMIT,512090,0,0,19,7
5,8,2.384888e6,-1.0987648162414898,-0.8619484131774695,TIME_LIMIT,512112,0,0,13,13
5,8,2.384974e6,-1.098755096858865,-0.8619484131774695,TIME_LIMIT,512133,0,0,7,11
5,8,2.38509e6,-1.098755096858865,-0.8619484131774695,TIME_LIMIT,512162,0,0,13,10
5,8,2.385292e6,-1.0987533077272793,-0.8619484131774695,TIME_LIMIT,512178,0,0,12,10
5,8,2.385408e6,-1.0987533077272793,-0.8619484131774695,TIME_LIMIT,512202,0,0,14,7
5,8,2.385464e6,-1.0987528725237627,-0.8619484131774695,TIME_LIMIT,512217,0,0,6,0
5,8,2.385556e6,-1.0987528725237627,-0.8619484131774695,TIME_LIMIT,512239,0,0,19,14
5,8,2.385692e6,-1.0987494573387118,-0.8619484131774695,TIME_LIMIT,512270,0,0,6,8
5,8,2.385926e6,-1.0987494573387118,-0.8619484131774695,TIME_LIMIT,512292,0,0,9,11
5,8,2.386041e6,-1.0987462362259797,-0.8619484131774695,TIME_LIMIT,512332,0,0,15,9
5,8,2.386146e6,-1.0987462362259797,-0.8619484131774695,TIME_LIMIT,512351,0,0,9,9
5,8,2.386259e6,-1.0987458551051343,-0.8619484131774695,TIME_LIMIT,512382,0,0,14,7
5,8,2.386357e6,-1.0987458551051343,-0.8619484131774695,TIME_LIMIT,512405,0,0,11,24
5,8,2.386535e6,-1.098743168599868,-0.8619484131774695,TIME_LIMIT,512439,0,0,9,9
5,8,2.386623e6,-1.098743168599868,-0.8619484131774695,TIME_LIMIT,512456,0,0,14,17
5,8,2.386834e6,-1.0987362712733155,-0.8619484131774695,TIME_LIMIT,512488,0,0,8,14
5,8,2.38692e6,-1.0987362712733155,-0.8619484131774695,TIME_LIMIT,512505,0,0,5,11
5,8,2.387071e6,-1.0987350078351779,-0.8619484131774695,TIME_LIMIT,512526,0,0,6,11
5,8,2.387197e6,-1.0987350078351779,-0.8619484131774695,TIME_LIMIT,512549,0,0,14,13
5,8,2.387313e6,-1.098733110982864,-0.8619484131774695,TIME_LIMIT,512570,0,0,7,7
5,8,2.38752e6,-1.098733110982864,-0.8619484131774695,TIME_LIMIT,512591,0,0,14,18
5,8,2.387699e6,-1.0987316648078123,-0.8619484131774695,TIME_LIMIT,512623,0,0,11,5
5,8,2.38791e6,-1.0987316648078123,-0.8619484131774695,TIME_LIMIT,512648,0,0,12,15
5,8,2.388148e6,-1.0987289313158906,-0.8619484131774695,TIME_LIMIT,512674,0,0,13,9
5,8,2.388224e6,-1.0987289313158906,-0.8619484131774695,TIME_LIMIT,512698,0,0,10,25
5,8,2.388444e6,-1.0987211048159593,-0.8619484131774695,TIME_LIMIT,512737,0,0,14,5
5,8,2.388594e6,-1.0987211048159593,-0.8619484131774695,TIME_LIMIT,512761,0,0,26,20
5,8,2.388774e6,-1.0987075314531345,-0.8619484131774695,TIME_LIMIT,512800,0,0,14,8
5,8,2.388937e6,-1.0987075314531345,-0.8619484131774695,TIME_LIMIT,512828,0,0,15,10
5,8,2.389036e6,-1.0987043776940366,-0.8619484131774695,TIME_LIMIT,512853,0,0,13,6
5,8,2.389069e6,-1.0987043776940366,-0.8619484131774695,TIME_LIMIT,512872,0,0,6,4
5,8,2.389136e6,-1.0987034899149737,-0.8619484131774695,TIME_LIMIT,512887,0,0,9,0
5,8,2.389297e6,-1.0987034899149737,-0.8619484131774695,TIME_LIMIT,512910,0,0,17,11
5,8,2.389378e6,-1.0987017280896842,-0.8619484131774695,TIME_LIMIT,512940,0,0,13,10
5,8,2.389452e6,-1.0987017280896842,-0.8619484131774695,TIME_LIMIT,512957,0,0,14,21
5,8,2.389595e6,-1.0986991458358315,-0.8619484131774695,TIME_LIMIT,512993,0,0,10,12
5,8,2.389761e6,-1.0986991458358315,-0.8619484131774695,TIME_LIMIT,513016,0,0,13,12
5,8,2.38998e6,-1.0986976001459947,-0.8619484131774695,TIME_LIMIT,513040,0,0,9,2
5,8,2.390058e6,-1.0986976001459947,-0.8619484131774695,TIME_LIMIT,513061,0,0,16,28
5,8,2.390174e6,-1.0986725490717935,-0.8619484131774695,TIME_LIMIT,513084,0,0,17,10
5,8,2.390376e6,-1.0986725490717935,-0.8619484131774695,TIME_LIMIT,513112,0,0,15,21
5,8,2.390486e6,-1.0986714108863396,-0.8619484131774695,TIME_LIMIT,513135,0,0,11,8
5,8,2.390715e6,-1.0986714108863396,-0.8619484131774695,TIME_LIMIT,513166,0,0,7,14
5,8,2.390883e6,-1.098664785321544,-0.8619484131774695,TIME_LIMIT,513195,0,0,16,8
5,8,2.391144e6,-1.098664785321544,-0.8619484131774695,TIME_LIMIT,513225,0,0,15,14
5,8,2.391247e6,-1.0986603113224018,-0.8619484131774695,TIME_LIMIT,513248,0,0,14,7
5,8,2.391498e6,-1.0986603113224018,-0.8619484131774695,TIME_LIMIT,513272,0,0,14,12
5,8,2.391595e6,-1.0986594811583958,-0.8619484131774695,TIME_LIMIT,513297,0,0,8,3
5,8,2.391737e6,-1.0986594811583958,-0.8619484131774695,TIME_LIMIT,513323,0,0,16,22
5,8,2.391904e6,-1.0986586908611604,-0.8619484131774695,TIME_LIMIT,513344,0,0,12,6
5,8,2.392129e6,-1.0986586908611604,-0.8619484131774695,TIME_LIMIT,513366,0,0,12,14
5,8,2.392303e6,-1.098658311802494,-0.8619484131774695,TIME_LIMIT,513408,0,0,16,12
5,8,2.392372e6,-1.098658311802494,-0.8619484131774695,TIME_LIMIT,513430,0,0,9,8
5,8,2.392471e6,-1.098655187751889,-0.8619484131774695,TIME_LIMIT,513445,0,0,11,3
5,8,2.392594e6,-1.098655187751889,-0.8619484131774695,TIME_LIMIT,513468,0,0,9,21
5,8,2.392659e6,-1.0986500317023429,-0.8619484131774695,TIME_LIMIT,513494,0,0,6,5
5,8,2.392833e6,-1.0986500317023429,-0.8619484131774695,TIME_LIMIT,513513,0,0,9,15
5,8,2.392945e6,-1.0986482759895186,-0.8619484131774695,TIME_LIMIT,513546,0,0,8,3
5,8,2.393048e6,-1.0986482759895186,-0.8619484131774695,TIME_LIMIT,513565,0,0,4,10
5,8,2.393151e6,-1.098646054073533,-0.8619484131774695,TIME_LIMIT,513587,0,0,7,3
5,8,2.393257e6,-1.098646054073533,-0.8619484131774695,TIME_LIMIT,513608,0,0,14,8
5,8,2.393366e6,-1.0986369242473275,-0.8619484131774695,TIME_LIMIT,513640,0,0,11,10
5,8,2.393532e6,-1.0986369242473275,-0.8619484131774695,TIME_LIMIT,513665,0,0,16,18
5,8,2.393738e6,-1.0986306005747764,-0.8619484131774695,TIME_LIMIT,513698,0,0,10,7
5,8,2.393867e6,-1.0986306005747764,-0.8619484131774695,TIME_LIMIT,513718,0,0,9,6
5,8,2.393974e6,-1.0986248320035763,-0.8619484131774695,TIME_LIMIT,513735,0,0,8,8
5,8,2.394078e6,-1.0986248320035763,-0.8619484131774695,TIME_LIMIT,513752,0,0,5,3
5,8,2.394111e6,-1.098622552149876,-0.8619484131774695,TIME_LIMIT,513770,0,0,8,7
5,8,2.394192e6,-1.098622552149876,-0.8619484131774695,TIME_LIMIT,513785,0,0,12,11
5,8,2.394311e6,-1.0986200300226763,-0.8619484131774695,TIME_LIMIT,513811,0,0,6,7
5,8,2.394392e6,-1.0986200300226763,-0.8619484131774695,TIME_LIMIT,513834,0,0,12,8
5,8,2.394459e6,-1.098617627114744,-0.8619484131774695,TIME_LIMIT,513852,0,0,8,7
5,8,2.394573e6,-1.098617627114744,-0.8619484131774695,TIME_LIMIT,513878,0,0,13,9
5,8,2.394624e6,-1.0986126930023667,-0.8619484131774695,TIME_LIMIT,513897,0,0,4,5
5,8,2.394738e6,-1.0986126930023667,-0.8619484131774695,TIME_LIMIT,513915,0,0,5,10
5,8,2.394871e6,-1.0986031220332715,-0.8619484131774695,TIME_LIMIT,513937,0,0,3,2
5,8,2.394942e6,-1.0986031220332715,-0.8619484131774695,TIME_LIMIT,513951,0,0,8,7
5,8,2.395003e6,-1.098602385164427,-0.8619484131774695,TIME_LIMIT,513970,0,0,9,0
5,8,2.395167e6,-1.098602385164427,-0.8619484131774695,TIME_LIMIT,513996,0,0,20,14
5,8,2.395299e6,-1.0985944032043258,-0.8619484131774695,TIME_LIMIT,514021,0,0,16,8
5,8,2.395464e6,-1.0985944032043258,-0.8619484131774695,TIME_LIMIT,514041,0,0,5,15
5,8,2.395537e6,-1.0985938213968556,-0.8619484131774695,TIME_LIMIT,514069,0,0,6,5
5,8,2.395663e6,-1.0985938213968556,-0.8619484131774695,TIME_LIMIT,514097,0,0,13,11
5,8,2.39585e6,-1.098591082936842,-0.8619484131774695,TIME_LIMIT,514133,0,0,11,9
5,8,2.395944e6,-1.098591082936842,-0.8619484131774695,TIME_LIMIT,514152,0,0,6,11
5,8,2.396043e6,-1.0985859069070065,-0.8619484131774695,TIME_LIMIT,514173,0,0,6,6
5,8,2.39613e6,-1.0985859069070065,-0.8619484131774695,TIME_LIMIT,514191,0,0,6,4
5,8,2.396163e6,-1.0985851050171607,-0.8619484131774695,TIME_LIMIT,514196,0,0,3,1
5,8,2.396268e6,-1.0985851050171607,-0.8619484131774695,TIME_LIMIT,514219,0,0,10,4
5,8,2.396317e6,-1.0985845976840758,-0.8619484131774695,TIME_LIMIT,514234,0,0,9,3
5,8,2.39646e6,-1.0985845976840758,-0.8619484131774695,TIME_LIMIT,514259,0,0,17,13
5,8,2.396613e6,-1.0985844085635637,-0.8619484131774695,TIME_LIMIT,514286,0,0,15,12
5,8,2.396694e6,-1.0985844085635637,-0.8619484131774695,TIME_LIMIT,514307,0,0,8,7
5,8,2.39694e6,-1.098584334659039,-0.8619484131774695,TIME_LIMIT,514345,0,0,17,7
5,8,2.397114e6,-1.098584334659039,-0.8619484131774695,TIME_LIMIT,514370,0,0,23,11
5,8,2.397255e6,-1.0985796341620508,-0.8619484131774695,TIME_LIMIT,514405,0,0,7,7
5,8,2.397356e6,-1.0985796341620508,-0.8619484131774695,TIME_LIMIT,514422,0,0,8,7
5,8,2.397387e6,-1.0985764599465113,-0.8619484131774695,TIME_LIMIT,514438,0,0,6,5
5,8,2.397496e6,-1.0985764599465113,-0.8619484131774695,TIME_LIMIT,514461,0,0,22,18
5,8,2.397619e6,-1.0985635915390697,-0.8619484131774695,TIME_LIMIT,514497,0,0,18,8
5,8,2.397837e6,-1.0985635915390697,-0.8619484131774695,TIME_LIMIT,514523,0,0,13,11
5,8,2.397934e6,-1.0985631464591696,-0.8619484131774695,TIME_LIMIT,514542,0,0,6,7
5,8,2.398001e6,-1.0985631464591696,-0.8619484131774695,TIME_LIMIT,514564,0,0,6,7
5,8,2.398071e6,-1.09855954817069,-0.8619484131774695,TIME_LIMIT,514579,0,0,7,2
5,8,2.398104e6,-1.09855954817069,-0.8619484131774695,TIME_LIMIT,514595,0,0,11,7
5,8,2.398282e6,-1.0985533163273453,-0.8619484131774695,TIME_LIMIT,514613,0,0,11,4
5,8,2.398508e6,-1.0985533163273453,-0.8619484131774695,TIME_LIMIT,514639,0,0,5,22
5,8,2.398716e6,-1.09854975250351,-0.8619484131774695,TIME_LIMIT,514678,0,0,13,4
5,8,2.398796e6,-1.09854975250351,-0.8619484131774695,TIME_LIMIT,514702,0,0,10,5
5,8,2.398989e6,-1.0985452235380762,-0.8619484131774695,TIME_LIMIT,514723,0,0,7,3
5,8,2.399112e6,-1.0985452235380762,-0.8619484131774695,TIME_LIMIT,514750,0,0,16,18
5,8,2.399213e6,-1.0985434243540761,-0.8619484131774695,TIME_LIMIT,514771,0,0,11,1
5,8,2.39938e6,-1.0985434243540761,-0.8619484131774695,TIME_LIMIT,514798,0,0,22,19
5,8,2.399501e6,-1.0985252710014448,-0.8619484131774695,TIME_LIMIT,514820,0,0,11,12
5,8,2.399586e6,-1.0985252710014448,-0.8619484131774695,TIME_LIMIT,514842,0,0,6,11
5,8,2.399632e6,-1.0985225925893212,-0.8619484131774695,TIME_LIMIT,514861,0,0,10,5
5,8,2.399735e6,-1.0985225925893212,-0.8619484131774695,TIME_LIMIT,514888,0,0,9,7
5,8,2.399953e6,-1.0985223840648595,-0.8619484131774695,TIME_LIMIT,514914,0,0,17,12
5,8,2.400083e6,-1.0985223840648595,-0.8619484131774695,TIME_LIMIT,514933,0,0,14,7
5,8,2.400247e6,-1.0985200600774463,-0.8619484131774695,TIME_LIMIT,514957,0,0,6,9
5,8,2.400364e6,-1.0985200600774463,-0.8619484131774695,TIME_LIMIT,514977,0,0,11,27
5,8,2.400572e6,-1.0985186426354991,-0.8619484131774695,TIME_LIMIT,515014,0,0,10,7
5,8,2.400613e6,-1.0985186426354991,-0.8619484131774695,TIME_LIMIT,515033,0,0,9,4
5,8,2.400746e6,-1.0985155140378502,-0.8619484131774695,TIME_LIMIT,515051,0,0,6,7
5,8,2.400866e6,-1.0985155140378502,-0.8619484131774695,TIME_LIMIT,515076,0,0,9,8
5,8,2.401001e6,-1.0985131354606588,-0.8619484131774695,TIME_LIMIT,515096,0,0,7,4
5,8,2.401062e6,-1.0985131354606588,-0.8619484131774695,TIME_LIMIT,515110,0,0,8,12
5,8,2.401206e6,-1.0985035563682595,-0.8619484131774695,TIME_LIMIT,515130,0,0,10,6
5,8,2.401317e6,-1.0985035563682595,-0.8619484131774695,TIME_LIMIT,515148,0,0,17,9
5,8,2.401381e6,-1.0985029807933286,-0.8619484131774695,TIME_LIMIT,515168,0,0,7,4
5,8,2.401571e6,-1.0985029807933286,-0.8619484131774695,TIME_LIMIT,515195,0,0,14,14
5,8,2.401742e6,-1.0984974790909632,-0.8619484131774695,TIME_LIMIT,515229,0,0,15,10
5,8,2.401952e6,-1.0984974790909632,-0.8619484131774695,TIME_LIMIT,515252,0,0,9,6
5,8,2.402054e6,-1.0984748278893448,-0.8619484131774695,TIME_LIMIT,515276,0,0,12,6
5,8,2.402198e6,-1.0984748278893448,-0.8619484131774695,TIME_LIMIT,515305,0,0,10,12
5,8,2.40231e6,-1.0984746210430232,-0.8619484131774695,TIME_LIMIT,515330,0,0,9,9
5,8,2.402454e6,-1.0984746210430232,-0.8619484131774695,TIME_LIMIT,515360,0,0,18,18
5,8,2.402706e6,-1.0984666441770994,-0.8619484131774695,TIME_LIMIT,515392,0,0,16,9
5,8,2.402756e6,-1.0984666441770994,-0.8619484131774695,TIME_LIMIT,515406,0,0,3,10
5,8,2.402832e6,-1.098464004588289,-0.8619484131774695,TIME_LIMIT,515425,0,0,5,4
5,8,2.403057e6,-1.098464004588289,-0.8619484131774695,TIME_LIMIT,515455,0,0,19,20
5,8,2.403268e6,-1.098455887500816,-0.8619484131774695,TIME_LIMIT,515483,0,0,16,8
5,8,2.403394e6,-1.098455887500816,-0.8619484131774695,TIME_LIMIT,515509,0,0,8,10
5,8,2.403465e6,-1.09844702297082,-0.8619484131774695,TIME_LIMIT,515531,0,0,9,3
5,8,2.403632e6,-1.09844702297082,-0.8619484131774695,TIME_LIMIT,515549,0,0,9,17
5,8,2.403697e6,-1.0984297356911883,-0.8619484131774695,TIME_LIMIT,515579,0,0,10,6
5,8,2.403921e6,-1.0984297356911883,-0.8619484131774695,TIME_LIMIT,515609,0,0,11,15
5,8,2.404056e6,-1.0984278730687294,-0.8619484131774695,TIME_LIMIT,515636,0,0,13,8
5,8,2.404244e6,-1.0984278730687294,-0.8619484131774695,TIME_LIMIT,515670,0,0,14,29
5,8,2.404397e6,-1.0984249893144287,-0.8619484131774695,TIME_LIMIT,515707,0,0,12,8
5,8,2.404614e6,-1.0984249893144287,-0.8619484131774695,TIME_LIMIT,515730,0,0,12,7
5,8,2.404689e6,-1.0984200641994433,-0.8619484131774695,TIME_LIMIT,515753,0,0,7,7
5,8,2.404949e6,-1.0984200641994433,-0.8619484131774695,TIME_LIMIT,515781,0,0,17,22
5,8,2.405057e6,-1.0984183201944355,-0.8619484131774695,TIME_LIMIT,515814,0,0,12,10
5,8,2.405148e6,-1.0984183201944355,-0.8619484131774695,TIME_LIMIT,515834,0,0,5,4
5,8,2.405214e6,-1.0984163080092868,-0.8619484131774695,TIME_LIMIT,515851,0,0,4,2
5,8,2.405408e6,-1.0984163080092868,-0.8619484131774695,TIME_LIMIT,515877,0,0,13,24
5,8,2.405618e6,-1.0984162500006138,-0.8619484131774695,TIME_LIMIT,515913,0,0,17,13
5,8,2.405878e6,-1.0984162500006138,-0.8619484131774695,TIME_LIMIT,515935,0,0,7,18
5,8,2.406099e6,-1.0984140363625456,-0.8619484131774695,TIME_LIMIT,515971,0,0,10,7
5,8,2.406207e6,-1.0984140363625456,-0.8619484131774695,TIME_LIMIT,515997,0,0,8,6
5,8,2.406243e6,-1.0984133623501722,-0.8619484131774695,TIME_LIMIT,516014,0,0,11,7
5,8,2.406374e6,-1.0984133623501722,-0.8619484131774695,TIME_LIMIT,516039,0,0,20,19
5,8,2.406579e6,-1.0984072388594734,-0.8619484131774695,TIME_LIMIT,516072,0,0,12,8
5,8,2.406741e6,-1.0984072388594734,-0.8619484131774695,TIME_LIMIT,516093,0,0,11,16
5,8,2.406839e6,-1.0984063166724387,-0.8619484131774695,TIME_LIMIT,516122,0,0,8,4
5,8,2.406884e6,-1.0984063166724387,-0.8619484131774695,TIME_LIMIT,516137,0,0,9,10
5,8,2.407047e6,-1.0984017708745557,-0.8619484131774695,TIME_LIMIT,516163,0,0,5,11
5,8,2.407151e6,-1.0984017708745557,-0.8619484131774695,TIME_LIMIT,516190,0,0,11,11
5,8,2.407198e6,-1.0983995661592103,-0.8619484131774695,TIME_LIMIT,516208,0,0,9,8
5,8,2.407233e6,-1.0983995661592103,-0.8619484131774695,TIME_LIMIT,516224,0,0,10,6
5,8,2.407263e6,-1.0983991659189094,-0.8619484131774695,TIME_LIMIT,516238,0,0,5,2
5,8,2.40736e6,-1.0983991659189094,-0.8619484131774695,TIME_LIMIT,516260,0,0,11,21
5,8,2.407468e6,-1.0983987698291888,-0.8619484131774695,TIME_LIMIT,516293,0,0,10,6
5,8,2.407569e6,-1.0983987698291888,-0.8619484131774695,TIME_LIMIT,516309,0,0,3,12
5,8,2.407653e6,-1.0983972330355032,-0.8619484131774695,TIME_LIMIT,516337,0,0,12,6
5,8,2.407762e6,-1.0983972330355032,-0.8619484131774695,TIME_LIMIT,516360,0,0,16,16
5,8,2.407901e6,-1.0983952422819718,-0.8619484131774695,TIME_LIMIT,516392,0,0,11,8
5,8,2.408141e6,-1.0983952422819718,-0.8619484131774695,TIME_LIMIT,516418,0,0,22,23
5,8,2.4084e6,-1.0983918963237302,-0.8619484131774695,TIME_LIMIT,516458,0,0,18,17
5,8,2.408557e6,-1.0983918963237302,-0.8619484131774695,TIME_LIMIT,516479,0,0,17,29
5,8,2.408709e6,-1.0983896077792759,-0.8619484131774695,TIME_LIMIT,516506,0,0,10,5
5,8,2.408873e6,-1.0983896077792759,-0.8619484131774695,TIME_LIMIT,516537,0,0,13,19
5,8,2.409141e6,-1.0983852064306623,-0.8619484131774695,TIME_LIMIT,516565,0,0,17,25
5,8,2.409266e6,-1.0983852064306623,-0.8619484131774695,TIME_LIMIT,516594,0,0,20,4
5,8,2.409382e6,-1.0983801541365816,-0.8619484131774695,TIME_LIMIT,516615,0,0,13,7
5,8,2.409503e6,-1.0983801541365816,-0.8619484131774695,TIME_LIMIT,516636,0,0,8,13
5,8,2.409717e6,-1.0983782132068831,-0.8619484131774695,TIME_LIMIT,516666,0,0,5,9
5,8,2.409818e6,-1.0983782132068831,-0.8619484131774695,TIME_LIMIT,516682,0,0,5,4
5,8,2.40986e6,-1.0983674970985087,-0.8619484131774695,TIME_LIMIT,516701,0,0,8,2
5,8,2.40992e6,-1.0983674970985087,-0.8619484131774695,TIME_LIMIT,516718,0,0,6,9
5,8,2.409988e6,-1.0983656686373573,-0.8619484131774695,TIME_LIMIT,516733,0,0,6,3
5,8,2.410196e6,-1.0983656686373573,-0.8619484131774695,TIME_LIMIT,516757,0,0,15,7
5,8,2.410282e6,-1.0983638043355923,-0.8619484131774695,TIME_LIMIT,516774,0,0,11,4
5,8,2.410435e6,-1.0983638043355923,-0.8619484131774695,TIME_LIMIT,516795,0,0,15,7
5,8,2.410504e6,-1.0983617905126852,-0.8619484131774695,TIME_LIMIT,516817,0,0,12,3
5,8,2.410789e6,-1.0983617905126852,-0.8619484131774695,TIME_LIMIT,516845,0,0,17,19
5,8,2.410925e6,-1.0983571379604231,-0.8619484131774695,TIME_LIMIT,516873,0,0,7,7
5,8,2.411006e6,-1.0983571379604231,-0.8619484131774695,TIME_LIMIT,516891,0,0,15,6
5,8,2.411121e6,-1.0983536045662456,-0.8619484131774695,TIME_LIMIT,516913,0,0,10,5
5,8,2.411258e6,-1.0983536045662456,-0.8619484131774695,TIME_LIMIT,516932,0,0,10,10
5,8,2.411303e6,-1.0983462910784658,-0.8619484131774695,TIME_LIMIT,516957,0,0,4,4
5,8,2.411418e6,-1.0983462910784658,-0.8619484131774695,TIME_LIMIT,516985,0,0,14,17
5,8,2.411636e6,-1.098343070724078,-0.8619484131774695,TIME_LIMIT,517022,0,0,19,6
5,8,2.411756e6,-1.098343070724078,-0.8619484131774695,TIME_LIMIT,517046,0,0,16,5
5,8,2.411852e6,-1.0983389188389332,-0.8619484131774695,TIME_LIMIT,517068,0,0,12,8
5,8,2.411973e6,-1.0983389188389332,-0.8619484131774695,TIME_LIMIT,517095,0,0,15,12
5,8,2.412184e6,-1.098337125047175,-0.8619484131774695,TIME_LIMIT,517124,0,0,20,9
5,8,2.412357e6,-1.098337125047175,-0.8619484131774695,TIME_LIMIT,517143,0,0,16,20
5,8,2.412557e6,-1.0983347114749376,-0.8619484131774695,TIME_LIMIT,517177,0,0,12,13
5,8,2.412658e6,-1.0983347114749376,-0.8619484131774695,TIME_LIMIT,517204,0,0,8,11
5,8,2.412803e6,-1.0983343773898593,-0.8619484131774695,TIME_LIMIT,517239,0,0,14,10
5,8,2.412995e6,-1.0983343773898593,-0.8619484131774695,TIME_LIMIT,517263,0,0,18,5
5,8,2.413124e6,-1.0983323268229963,-0.8619484131774695,TIME_LIMIT,517285,0,0,12,8
5,8,2.41336e6,-1.0983323268229963,-0.8619484131774695,TIME_LIMIT,517306,0,0,8,18
5,8,2.413504e6,-1.098325401227675,-0.8619484131774695,TIME_LIMIT,517330,0,0,9,10
5,8,2.41369e6,-1.098325401227675,-0.8619484131774695,TIME_LIMIT,517348,0,0,15,14
5,8,2.413898e6,-1.0983237959561538,-0.8619484131774695,TIME_LIMIT,517374,0,0,5,4
5,8,2.413968e6,-1.0983237959561538,-0.8619484131774695,TIME_LIMIT,517392,0,0,13,3
5,8,2.414057e6,-1.0983226677423847,-0.8619484131774695,TIME_LIMIT,517410,0,0,5,2
5,8,2.414284e6,-1.0983226677423847,-0.8619484131774695,TIME_LIMIT,517435,0,0,14,25
5,8,2.414466e6,-1.0983173704649,-0.8619484131774695,TIME_LIMIT,517465,0,0,11,11
5,8,2.414545e6,-1.0983173704649,-0.8619484131774695,TIME_LIMIT,517490,0,0,10,8
5,8,2.414643e6,-1.0983120836499514,-0.8619484131774695,TIME_LIMIT,517515,0,0,8,7
5,8,2.414677e6,-1.0983120836499514,-0.8619484131774695,TIME_LIMIT,517531,0,0,11,10
5,8,2.41479e6,-1.0983064000417424,-0.8619484131774695,TIME_LIMIT,517558,0,0,9,7
5,8,2.414933e6,-1.0983064000417424,-0.8619484131774695,TIME_LIMIT,517579,0,0,10,6
5,8,2.415101e6,-1.0983054065428535,-0.8619484131774695,TIME_LIMIT,517599,0,0,11,5
5,8,2.41523e6,-1.0983054065428535,-0.8619484131774695,TIME_LIMIT,517623,0,0,15,12
5,8,2.4154e6,-1.098303827986166,-0.8619484131774695,TIME_LIMIT,517658,0,0,15,8
5,8,2.415627e6,-1.098303827986166,-0.8619484131774695,TIME_LIMIT,517685,0,0,9,24
5,8,2.415741e6,-1.098290866045259,-0.8619484131774695,TIME_LIMIT,517723,0,0,10,8
5,8,2.41594e6,-1.098290866045259,-0.8619484131774695,TIME_LIMIT,517747,0,0,24,15
5,8,2.41611e6,-1.0982901543316397,-0.8619484131774695,TIME_LIMIT,517783,0,0,11,15
5,8,2.41632e6,-1.0982901543316397,-0.8619484131774695,TIME_LIMIT,517812,0,0,18,8
5,8,2.416404e6,-1.0982900573463752,-0.8619484131774695,TIME_LIMIT,517833,0,0,10,3
5,8,2.41656e6,-1.0982900573463752,-0.8619484131774695,TIME_LIMIT,517864,0,0,10,3
5,8,2.416661e6,-1.0982900071516934,-0.8619484131774695,TIME_LIMIT,517889,0,0,9,4
5,8,2.416852e6,-1.0982900071516934,-0.8619484131774695,TIME_LIMIT,517916,0,0,15,15
5,8,2.417054e6,-1.0982876810291984,-0.8619484131774695,TIME_LIMIT,517939,0,0,10,3
5,8,2.417174e6,-1.0982876810291984,-0.8619484131774695,TIME_LIMIT,517959,0,0,13,10
5,8,2.417294e6,-1.0982863994637497,-0.8619484131774695,TIME_LIMIT,517992,0,0,11,13
5,8,2.417393e6,-1.0982863994637497,-0.8619484131774695,TIME_LIMIT,518009,0,0,9,5
5,8,2.417416e6,-1.0982795366125306,-0.8619484131774695,TIME_LIMIT,518023,0,0,4,1
5,8,2.417504e6,-1.0982795366125306,-0.8619484131774695,TIME_LIMIT,518039,0,0,9,6
5,8,2.417554e6,-1.0982791403614727,-0.8619484131774695,TIME_LIMIT,518055,0,0,7,1
5,8,2.417655e6,-1.0982791403614727,-0.8619484131774695,TIME_LIMIT,518073,0,0,16,14
5,8,2.417804e6,-1.0982780472098452,-0.8619484131774695,TIME_LIMIT,518107,0,0,14,10
5,8,2.417913e6,-1.0982780472098452,-0.8619484131774695,TIME_LIMIT,518123,0,0,9,6
5,8,2.417933e6,-1.0982744752996507,-0.8619484131774695,TIME_LIMIT,518133,0,0,2,1
5,8,2.418053e6,-1.0982744752996507,-0.8619484131774695,TIME_LIMIT,518147,0,0,15,15
5,8,2.418242e6,-1.098269617652913,-0.8619484131774695,TIME_LIMIT,518180,0,0,10,5
5,8,2.418338e6,-1.098269617652913,-0.8619484131774695,TIME_LIMIT,518204,0,0,17,10
5,8,2.418465e6,-1.0982682076393424,-0.8619484131774695,TIME_LIMIT,518237,0,0,13,8
5,8,2.418527e6,-1.0982682076393424,-0.8619484131774695,TIME_LIMIT,518254,0,0,12,17
5,8,2.418742e6,-1.0982670147001636,-0.8619484131774695,TIME_LIMIT,518288,0,0,7,4
5,8,2.418853e6,-1.0982670147001636,-0.8619484131774695,TIME_LIMIT,518308,0,0,9,9
5,8,2.418953e6,-1.0982649019534114,-0.8619484131774695,TIME_LIMIT,518335,0,0,9,2
5,8,2.419122e6,-1.0982649019534114,-0.8619484131774695,TIME_LIMIT,518364,0,0,12,14
5,8,2.419182e6,-1.09826321371321,-0.8619484131774695,TIME_LIMIT,518379,0,0,1,5
5,8,2.419305e6,-1.09826321371321,-0.8619484131774695,TIME_LIMIT,518409,0,0,21,22
5,8,2.419424e6,-1.098262084004082,-0.8619484131774695,TIME_LIMIT,518433,0,0,17,5
5,8,2.41956e6,-1.098262084004082,-0.8619484131774695,TIME_LIMIT,518455,0,0,16,16
5,8,2.419802e6,-1.0982592879589614,-0.8619484131774695,TIME_LIMIT,518492,0,0,11,7
5,8,2.419956e6,-1.0982592879589614,-0.8619484131774695,TIME_LIMIT,518511,0,0,9,14
5,8,2.420179e6,-1.0982586166234847,-0.8619484131774695,TIME_LIMIT,518539,0,0,13,5
5,8,2.420273e6,-1.0982586166234847,-0.8619484131774695,TIME_LIMIT,518560,0,0,8,8
5,8,2.420345e6,-1.0982547800380007,-0.8619484131774695,TIME_LIMIT,518576,0,0,5,2
5,8,2.420407e6,-1.0982547800380007,-0.8619484131774695,TIME_LIMIT,518592,0,0,8,4
5,8,2.420455e6,-1.0982463707742862,-0.8619484131774695,TIME_LIMIT,518611,0,0,4,5
5,8,2.420578e6,-1.0982463707742862,-0.8619484131774695,TIME_LIMIT,518633,0,0,6,7
5,8,2.420607e6,-1.0982388384639414,-0.8619484131774695,TIME_LIMIT,518649,0,0,4,5
5,8,2.420843e6,-1.0982388384639414,-0.8619484131774695,TIME_LIMIT,518678,0,0,18,21
5,8,2.420969e6,-1.0982348535850825,-0.8619484131774695,TIME_LIMIT,518703,0,0,15,5
5,8,2.421084e6,-1.0982348535850825,-0.8619484131774695,TIME_LIMIT,518724,0,0,16,7
5,8,2.421214e6,-1.098232350389603,-0.8619484131774695,TIME_LIMIT,518744,0,0,4,5
5,8,2.421347e6,-1.098232350389603,-0.8619484131774695,TIME_LIMIT,518763,0,0,8,8
5,8,2.421421e6,-1.098211464867369,-0.8619484131774695,TIME_LIMIT,518789,0,0,8,6
5,8,2.421605e6,-1.098211464867369,-0.8619484131774695,TIME_LIMIT,518812,0,0,18,23
5,8,2.42179e6,-1.0982066008855456,-0.8619484131774695,TIME_LIMIT,518843,0,0,15,10
5,8,2.421884e6,-1.0982066008855456,-0.8619484131774695,TIME_LIMIT,518865,0,0,5,11
5,8,2.421998e6,-1.0982046156894507,-0.8619484131774695,TIME_LIMIT,518886,0,0,15,13
5,8,2.422189e6,-1.0982046156894507,-0.8619484131774695,TIME_LIMIT,518911,0,0,18,19
5,8,2.422467e6,-1.0982022630373112,-0.8619484131774695,TIME_LIMIT,518936,0,0,14,7
5,8,2.4226e6,-1.0982022630373112,-0.8619484131774695,TIME_LIMIT,518949,0,0,14,5
5,8,2.422701e6,-1.098182725804528,-0.8619484131774695,TIME_LIMIT,518972,0,0,11,3
5,8,2.422823e6,-1.098182725804528,-0.8619484131774695,TIME_LIMIT,518993,0,0,15,3
5,8,2.422956e6,-1.0981779531024003,-0.8619484131774695,TIME_LIMIT,519010,0,0,9,6
5,8,2.423102e6,-1.0981779531024003,-0.8619484131774695,TIME_LIMIT,519039,0,0,15,13
5,8,2.423228e6,-1.0981774488328142,-0.8619484131774695,TIME_LIMIT,519062,0,0,16,12
5,8,2.423434e6,-1.0981774488328142,-0.8619484131774695,TIME_LIMIT,519091,0,0,8,12
5,8,2.423568e6,-1.098176833832118,-0.8619484131774695,TIME_LIMIT,519114,0,0,12,6
5,8,2.423659e6,-1.098176833832118,-0.8619484131774695,TIME_LIMIT,519135,0,0,20,5
5,8,2.423877e6,-1.098169690504673,-0.8619484131774695,TIME_LIMIT,519161,0,0,9,8
5,8,2.424017e6,-1.098169690504673,-0.8619484131774695,TIME_LIMIT,519191,0,0,9,13
5,8,2.424099e6,-1.0981594629194742,-0.8619484131774695,TIME_LIMIT,519216,0,0,10,2
5,8,2.424229e6,-1.0981594629194742,-0.8619484131774695,TIME_LIMIT,519242,0,0,15,10
5,8,2.424317e6,-1.098158659173747,-0.8619484131774695,TIME_LIMIT,519268,0,0,13,7
5,8,2.424426e6,-1.098158659173747,-0.8619484131774695,TIME_LIMIT,519296,0,0,15,14
5,8,2.424595e6,-1.098154638953223,-0.8619484131774695,TIME_LIMIT,519329,0,0,5,10
5,8,2.4247e6,-1.098154638953223,-0.8619484131774695,TIME_LIMIT,519352,0,0,11,3
5,8,2.424794e6,-1.09815160895479,-0.8619484131774695,TIME_LIMIT,519370,0,0,8,7
5,8,2.424944e6,-1.09815160895479,-0.8619484131774695,TIME_LIMIT,519388,0,0,12,8
5,8,2.425217e6,-1.0981398638345774,-0.8619484131774695,TIME_LIMIT,519415,0,0,11,2
5,8,2.425443e6,-1.0981398638345774,-0.8619484131774695,TIME_LIMIT,519443,0,0,12,8
5,8,2.425681e6,-1.0981398513538037,-0.8619484131774695,TIME_LIMIT,519461,0,0,8,2
5,8,2.425773e6,-1.0981398513538037,-0.8619484131774695,TIME_LIMIT,519482,0,0,17,17
5,8,2.425881e6,-1.0981385506231578,-0.8619484131774695,TIME_LIMIT,519509,0,0,8,7
5,8,2.426004e6,-1.0981385506231578,-0.8619484131774695,TIME_LIMIT,519521,0,0,9,13
5,8,2.426145e6,-1.0981328978858311,-0.8619484131774695,TIME_LIMIT,519548,0,0,10,4
5,8,2.426381e6,-1.0981328978858311,-0.8619484131774695,TIME_LIMIT,519576,0,0,7,12
5,8,2.42647e6,-1.0981322981118868,-0.8619484131774695,TIME_LIMIT,519593,0,0,9,10
5,8,2.42661e6,-1.0981322981118868,-0.8619484131774695,TIME_LIMIT,519613,0,0,12,16
5,8,2.426743e6,-1.0981316770870702,-0.8619484131774695,TIME_LIMIT,519642,0,0,1,7
5,8,2.426966e6,-1.0981316770870702,-0.8619484131774695,TIME_LIMIT,519667,0,0,15,19
5,8,2.427107e6,-1.0981241282238863,-0.8619484131774695,TIME_LIMIT,519697,0,0,20,7
5,8,2.427293e6,-1.0981241282238863,-0.8619484131774695,TIME_LIMIT,519717,0,0,6,5
5,8,2.427319e6,-1.0981209189150627,-0.8619484131774695,TIME_LIMIT,519730,0,0,6,1
5,8,2.427525e6,-1.0981209189150627,-0.8619484131774695,TIME_LIMIT,519759,0,0,8,12
5,8,2.427725e6,-1.0981196914811329,-0.8619484131774695,TIME_LIMIT,519797,0,0,10,8
5,8,2.42787e6,-1.0981196914811329,-0.8619484131774695,TIME_LIMIT,519830,0,0,13,25
5,8,2.428007e6,-1.0981139428155342,-0.8619484131774695,TIME_LIMIT,519866,0,0,16,11
5,8,2.428069e6,-1.0981139428155342,-0.8619484131774695,TIME_LIMIT,519884,0,0,10,8
5,8,2.428129e6,-1.0981135454506288,-0.8619484131774695,TIME_LIMIT,519907,0,0,16,6
5,8,2.428214e6,-1.0981135454506288,-0.8619484131774695,TIME_LIMIT,519930,0,0,7,13
5,8,2.428254e6,-1.0981112239731936,-0.8619484131774695,TIME_LIMIT,519950,0,0,7,4
5,8,2.428475e6,-1.0981112239731936,-0.8619484131774695,TIME_LIMIT,519978,0,0,17,10
5,8,2.42857e6,-1.098107153530882,-0.8619484131774695,TIME_LIMIT,519999,0,0,17,14
5,8,2.428773e6,-1.098107153530882,-0.8619484131774695,TIME_LIMIT,520028,0,0,14,8
5,8,2.429036e6,-1.0981068880389144,-0.8619484131774695,TIME_LIMIT,520062,0,0,7,7
5,8,2.429158e6,-1.0981068880389144,-0.8619484131774695,TIME_LIMIT,520082,0,0,17,20
5,8,2.429287e6,-1.0981016374439874,-0.8619484131774695,TIME_LIMIT,520108,0,0,9,3
5,8,2.429436e6,-1.0981016374439874,-0.8619484131774695,TIME_LIMIT,520133,0,0,19,29
5,8,2.429684e6,-1.098100882923311,-0.8619484131774695,TIME_LIMIT,520167,0,0,13,14
5,8,2.429771e6,-1.098100882923311,-0.8619484131774695,TIME_LIMIT,520185,0,0,10,3
5,8,2.429812e6,-1.0980987635283253,-0.8619484131774695,TIME_LIMIT,520203,0,0,3,4
5,8,2.429994e6,-1.0980987635283253,-0.8619484131774695,TIME_LIMIT,520223,0,0,8,9
5,8,2.430026e6,-1.0980953128998932,-0.8619484131774695,TIME_LIMIT,520239,0,0,6,0
5,8,2.430245e6,-1.0980953128998932,-0.8619484131774695,TIME_LIMIT,520266,0,0,11,6
5,8,2.430345e6,-1.0980938341452864,-0.8619484131774695,TIME_LIMIT,520297,0,0,10,1
5,8,2.430434e6,-1.0980938341452864,-0.8619484131774695,TIME_LIMIT,520320,0,0,16,6
5,8,2.430539e6,-1.098088378662294,-0.8619484131774695,TIME_LIMIT,520340,0,0,6,6
5,8,2.430636e6,-1.098088378662294,-0.8619484131774695,TIME_LIMIT,520358,0,0,8,5
5,8,2.430687e6,-1.0980829395966065,-0.8619484131774695,TIME_LIMIT,520379,0,0,3,5
5,8,2.430851e6,-1.0980829395966065,-0.8619484131774695,TIME_LIMIT,520407,0,0,19,18
5,8,2.431167e6,-1.0980786176656412,-0.8619484131774695,TIME_LIMIT,520429,0,0,12,15
5,8,2.431388e6,-1.0980786176656412,-0.8619484131774695,TIME_LIMIT,520458,0,0,11,18
5,8,2.431451e6,-1.0980687766930375,-0.8619484131774695,TIME_LIMIT,520487,0,0,8,8
5,8,2.431642e6,-1.0980687766930375,-0.8619484131774695,TIME_LIMIT,520509,0,0,9,11
5,8,2.431837e6,-1.0980650467005024,-0.8619484131774695,TIME_LIMIT,520528,0,0,9,2
5,8,2.431904e6,-1.0980650467005024,-0.8619484131774695,TIME_LIMIT,520551,0,0,13,7
5,8,2.431977e6,-1.0980607289434259,-0.8619484131774695,TIME_LIMIT,520568,0,0,6,4
5,8,2.432044e6,-1.0980607289434259,-0.8619484131774695,TIME_LIMIT,520585,0,0,9,9
5,8,2.432212e6,-1.098059600822073,-0.8619484131774695,TIME_LIMIT,520603,0,0,7,4
5,8,2.432267e6,-1.098059600822073,-0.8619484131774695,TIME_LIMIT,520612,0,0,8,3
5,8,2.432289e6,-1.0980592743899775,-0.8619484131774695,TIME_LIMIT,520623,0,0,4,1
5,8,2.43244e6,-1.0980592743899775,-0.8619484131774695,TIME_LIMIT,520641,0,0,11,5
5,8,2.432506e6,-1.0980550238834046,-0.8619484131774695,TIME_LIMIT,520656,0,0,2,2
5,8,2.43272e6,-1.0980550238834046,-0.8619484131774695,TIME_LIMIT,520682,0,0,18,21
5,8,2.43282e6,-1.098052639118674,-0.8619484131774695,TIME_LIMIT,520716,0,0,14,8
5,8,2.43301e6,-1.098052639118674,-0.8619484131774695,TIME_LIMIT,520741,0,0,19,15
5,8,2.43321e6,-1.098051658969716,-0.8619484131774695,TIME_LIMIT,520769,0,0,20,12
5,8,2.433303e6,-1.098051658969716,-0.8619484131774695,TIME_LIMIT,520794,0,0,13,14
5,8,2.433395e6,-1.098050912822704,-0.8619484131774695,TIME_LIMIT,520812,0,0,9,7
5,8,2.433503e6,-1.098050912822704,-0.8619484131774695,TIME_LIMIT,520833,0,0,9,18
5,8,2.433578e6,-1.0980491938221966,-0.8619484131774695,TIME_LIMIT,520861,0,0,7,5
5,8,2.433807e6,-1.0980491938221966,-0.8619484131774695,TIME_LIMIT,520884,0,0,16,23
5,8,2.434034e6,-1.0980427755593838,-0.8619484131774695,TIME_LIMIT,520920,0,0,12,13
5,8,2.434183e6,-1.0980427755593838,-0.8619484131774695,TIME_LIMIT,520945,0,0,19,25
5,8,2.434278e6,-1.0980347916158266,-0.8619484131774695,TIME_LIMIT,520975,0,0,13,12
5,8,2.434381e6,-1.0980347916158266,-0.8619484131774695,TIME_LIMIT,521001,0,0,9,4
5,8,2.434474e6,-1.0980271833360378,-0.8619484131774695,TIME_LIMIT,521019,0,0,10,3
5,8,2.434628e6,-1.0980271833360378,-0.8619484131774695,TIME_LIMIT,521050,0,0,24,5
5,8,2.434734e6,-1.098016093208193,-0.8619484131774695,TIME_LIMIT,521069,0,0,13,11
5,8,2.434952e6,-1.098016093208193,-0.8619484131774695,TIME_LIMIT,521091,0,0,15,22
5,8,2.435184e6,-1.0980159600652837,-0.8619484131774695,TIME_LIMIT,521115,0,0,14,14
5,8,2.435358e6,-1.0980159600652837,-0.8619484131774695,TIME_LIMIT,521134,0,0,15,13
5,8,2.435463e6,-1.0980133923421005,-0.8619484131774695,TIME_LIMIT,521162,0,0,8,7
5,8,2.435641e6,-1.0980133923421005,-0.8619484131774695,TIME_LIMIT,521184,0,0,14,8
5,8,2.435734e6,-1.0980118419518936,-0.8619484131774695,TIME_LIMIT,521209,0,0,20,10
5,8,2.435921e6,-1.0980118419518936,-0.8619484131774695,TIME_LIMIT,521242,0,0,16,8
5,8,2.43605e6,-1.0980103884671113,-0.8619484131774695,TIME_LIMIT,521268,0,0,18,12
5,8,2.436151e6,-1.0980103884671113,-0.8619484131774695,TIME_LIMIT,521284,0,0,4,7
5,8,2.436352e6,-1.0980097066183443,-0.8619484131774695,TIME_LIMIT,521311,0,0,9,7
5,8,2.436422e6,-1.0980097066183443,-0.8619484131774695,TIME_LIMIT,521324,0,0,7,4
5,8,2.436482e6,-1.0980048250028096,-0.8619484131774695,TIME_LIMIT,521344,0,0,5,1
5,8,2.43662e6,-1.0980048250028096,-0.8619484131774695,TIME_LIMIT,521362,0,0,14,7
5,8,2.436722e6,-1.0980035319510524,-0.8619484131774695,TIME_LIMIT,521387,0,0,5,6
5,8,2.436952e6,-1.0980035319510524,-0.8619484131774695,TIME_LIMIT,521410,0,0,21,20
5,8,2.437246e6,-1.0979982757567917,-0.8619484131774695,TIME_LIMIT,521444,0,0,14,8
5,8,2.437606e6,-1.0979982757567917,-0.8619484131774695,TIME_LIMIT,521471,0,0,20,19
5,8,2.437833e6,-1.0979973111095496,-0.8619484131774695,TIME_LIMIT,521500,0,0,7,6
5,8,2.437991e6,-1.0979973111095496,-0.8619484131774695,TIME_LIMIT,521524,0,0,9,12
5,8,2.438082e6,-1.0979959964126365,-0.8619484131774695,TIME_LIMIT,521545,0,0,9,4
5,8,2.438169e6,-1.0979959964126365,-0.8619484131774695,TIME_LIMIT,521565,0,0,20,23
5,8,2.438335e6,-1.0979906536025903,-0.8619484131774695,TIME_LIMIT,521599,0,0,13,7
5,8,2.438487e6,-1.0979906536025903,-0.8619484131774695,TIME_LIMIT,521625,0,0,16,13
5,8,2.438575e6,-1.09798308954324,-0.8619484131774695,TIME_LIMIT,521644,0,0,8,3
5,8,2.438611e6,-1.09798308954324,-0.8619484131774695,TIME_LIMIT,521659,0,0,3,2
5,8,2.438633e6,-1.0979777755484235,-0.8619484131774695,TIME_LIMIT,521661,0,0,1,1
5,8,2.438864e6,-1.0979777755484235,-0.8619484131774695,TIME_LIMIT,521689,0,0,16,25
5,8,2.439042e6,-1.0979775636384315,-0.8619484131774695,TIME_LIMIT,521728,0,0,13,8
5,8,2.439195e6,-1.0979775636384315,-0.8619484131774695,TIME_LIMIT,521754,0,0,17,25
5,8,2.439354e6,-1.0979714047475118,-0.8619484131774695,TIME_LIMIT,521791,0,0,6,8
5,8,2.439551e6,-1.0979714047475118,-0.8619484131774695,TIME_LIMIT,521819,0,0,18,39
5,8,2.439762e6,-1.0979710719385212,-0.8619484131774695,TIME_LIMIT,521860,0,0,13,18
5,8,2.439996e6,-1.0979710719385212,-0.8619484131774695,TIME_LIMIT,521881,0,0,10,11
5,8,2.440106e6,-1.09796143923541,-0.8619484131774695,TIME_LIMIT,521902,0,0,13,14
5,8,2.440238e6,-1.09796143923541,-0.8619484131774695,TIME_LIMIT,521924,0,0,8,12
5,8,2.440286e6,-1.0979598003889988,-0.8619484131774695,TIME_LIMIT,521944,0,0,11,4
5,8,2.440369e6,-1.0979598003889988,-0.8619484131774695,TIME_LIMIT,521961,0,0,11,12
5,8,2.440468e6,-1.097951003848244,-0.8619484131774695,TIME_LIMIT,521991,0,0,12,4
5,8,2.440626e6,-1.097951003848244,-0.8619484131774695,TIME_LIMIT,522016,0,0,15,13
5,8,2.440699e6,-1.0979493803582514,-0.8619484131774695,TIME_LIMIT,522036,0,0,9,5
5,8,2.440812e6,-1.0979493803582514,-0.8619484131774695,TIME_LIMIT,522055,0,0,9,16
5,8,2.441116e6,-1.0979425019749773,-0.8619484131774695,TIME_LIMIT,522093,0,0,19,9
5,8,2.441233e6,-1.0979425019749773,-0.8619484131774695,TIME_LIMIT,522116,0,0,16,14
5,8,2.441419e6,-1.0979402411190367,-0.8619484131774695,TIME_LIMIT,522138,0,0,8,9
5,8,2.441498e6,-1.0979402411190367,-0.8619484131774695,TIME_LIMIT,522155,0,0,9,7
5,8,2.441538e6,-1.097933705394753,-0.8619484131774695,TIME_LIMIT,522170,0,0,6,5
5,8,2.44159e6,-1.097933705394753,-0.8619484131774695,TIME_LIMIT,522193,0,0,16,16
5,8,2.441785e6,-1.0979302085795943,-0.8619484131774695,TIME_LIMIT,522222,0,0,10,7
5,8,2.441961e6,-1.0979302085795943,-0.8619484131774695,TIME_LIMIT,522250,0,0,21,8
5,8,2.442054e6,-1.0979299960347386,-0.8619484131774695,TIME_LIMIT,522284,0,0,17,4
5,8,2.442179e6,-1.0979299960347386,-0.8619484131774695,TIME_LIMIT,522304,0,0,8,16
5,8,2.442246e6,-1.0979296569080104,-0.8619484131774695,TIME_LIMIT,522324,0,0,12,8
5,8,2.442488e6,-1.0979296569080104,-0.8619484131774695,TIME_LIMIT,522355,0,0,6,15
5,8,2.442614e6,-1.0979290196857554,-0.8619484131774695,TIME_LIMIT,522372,0,0,15,13
5,8,2.442783e6,-1.0979290196857554,-0.8619484131774695,TIME_LIMIT,522402,0,0,15,17
5,8,2.443006e6,-1.0979285255010685,-0.8619484131774695,TIME_LIMIT,522441,0,0,8,10
5,8,2.443114e6,-1.0979285255010685,-0.8619484131774695,TIME_LIMIT,522464,0,0,12,16
5,8,2.443328e6,-1.097922939329719,-0.8619484131774695,TIME_LIMIT,522488,0,0,15,17
5,8,2.443419e6,-1.097922939329719,-0.8619484131774695,TIME_LIMIT,522511,0,0,17,12
5,8,2.443583e6,-1.097921178879988,-0.8619484131774695,TIME_LIMIT,522540,0,0,11,10
5,8,2.443726e6,-1.097921178879988,-0.8619484131774695,TIME_LIMIT,522566,0,0,13,29
5,8,2.443953e6,-1.0979205858262113,-0.8619484131774695,TIME_LIMIT,522584,0,0,13,10
5,8,2.444058e6,-1.0979205858262113,-0.8619484131774695,TIME_LIMIT,522609,0,0,8,6
5,8,2.444184e6,-1.097918898479845,-0.8619484131774695,TIME_LIMIT,522632,0,0,15,6
5,8,2.444345e6,-1.097918898479845,-0.8619484131774695,TIME_LIMIT,522659,0,0,8,7
5,8,2.444444e6,-1.0979115077587613,-0.8619484131774695,TIME_LIMIT,522681,0,0,15,15
5,8,2.444529e6,-1.0979115077587613,-0.8619484131774695,TIME_LIMIT,522699,0,0,13,20
5,8,2.444601e6,-1.0979037000168226,-0.8619484131774695,TIME_LIMIT,522723,0,0,4,8
5,8,2.444729e6,-1.0979037000168226,-0.8619484131774695,TIME_LIMIT,522743,0,0,7,10
5,8,2.444821e6,-1.09789328850924,-0.8619484131774695,TIME_LIMIT,522770,0,0,9,5
5,8,2.445044e6,-1.09789328850924,-0.8619484131774695,TIME_LIMIT,522795,0,0,14,7
5,8,2.44509e6,-1.0978826743740153,-0.8619484131774695,TIME_LIMIT,522814,0,0,9,3
5,8,2.445208e6,-1.0978826743740153,-0.8619484131774695,TIME_LIMIT,522843,0,0,16,8
5,8,2.445266e6,-1.0978756204734237,-0.8619484131774695,TIME_LIMIT,522860,0,0,10,12
5,8,2.445457e6,-1.0978756204734237,-0.8619484131774695,TIME_LIMIT,522890,0,0,21,10
5,8,2.445569e6,-1.0978666812115825,-0.8619484131774695,TIME_LIMIT,522923,0,0,11,8
5,8,2.445615e6,-1.0978666812115825,-0.8619484131774695,TIME_LIMIT,522945,0,0,18,6
5,8,2.445694e6,-1.0978628976587799,-0.8619484131774695,TIME_LIMIT,522966,0,0,6,4
5,8,2.445823e6,-1.0978628976587799,-0.8619484131774695,TIME_LIMIT,522993,0,0,18,15
5,8,2.445962e6,-1.0978619477589722,-0.8619484131774695,TIME_LIMIT,523019,0,0,10,9
5,8,2.446095e6,-1.0978619477589722,-0.8619484131774695,TIME_LIMIT,523031,0,0,5,6
5,8,2.44613e6,-1.0978616142626263,-0.8619484131774695,TIME_LIMIT,523050,0,0,8,1
5,8,2.446324e6,-1.0978616142626263,-0.8619484131774695,TIME_LIMIT,523073,0,0,5,14
5,8,2.446515e6,-1.0978597935870142,-0.8619484131774695,TIME_LIMIT,523110,0,0,16,8
5,8,2.446617e6,-1.0978597935870142,-0.8619484131774695,TIME_LIMIT,523135,0,0,17,12
5,8,2.446734e6,-1.097857240057341,-0.8619484131774695,TIME_LIMIT,523160,0,0,9,5
5,8,2.446864e6,-1.097857240057341,-0.8619484131774695,TIME_LIMIT,523176,0,0,13,19
5,8,2.446961e6,-1.0978506562598103,-0.8619484131774695,TIME_LIMIT,523199,0,0,7,3
5,8,2.447184e6,-1.0978506562598103,-0.8619484131774695,TIME_LIMIT,523224,0,0,13,8
5,8,2.447284e6,-1.0978456687537819,-0.8619484131774695,TIME_LIMIT,523250,0,0,17,13
5,8,2.447433e6,-1.0978456687537819,-0.8619484131774695,TIME_LIMIT,523281,0,0,16,13
5,8,2.447598e6,-1.0978451284454498,-0.8619484131774695,TIME_LIMIT,523311,0,0,15,16
5,8,2.447746e6,-1.0978451284454498,-0.8619484131774695,TIME_LIMIT,523333,0,0,15,9
5,8,2.447892e6,-1.09784272485135,-0.8619484131774695,TIME_LIMIT,523354,0,0,8,1
5,8,2.44799e6,-1.09784272485135,-0.8619484131774695,TIME_LIMIT,523372,0,0,12,3
5,8,2.44808e6,-1.0978415805492518,-0.8619484131774695,TIME_LIMIT,523394,0,0,6,0
5,8,2.448192e6,-1.0978415805492518,-0.8619484131774695,TIME_LIMIT,523415,0,0,10,7
5,8,2.44827e6,-1.0978289554521412,-0.8619484131774695,TIME_LIMIT,523439,0,0,14,5
5,8,2.448327e6,-1.0978289554521412,-0.8619484131774695,TIME_LIMIT,523461,0,0,14,8
5,8,2.448411e6,-1.0978279885740694,-0.8619484131774695,TIME_LIMIT,523473,0,0,6,5
5,8,2.448609e6,-1.0978279885740694,-0.8619484131774695,TIME_LIMIT,523493,0,0,9,5
5,8,2.448654e6,-1.0978209328089303,-0.8619484131774695,TIME_LIMIT,523517,0,0,14,7
5,8,2.448749e6,-1.0978209328089303,-0.8619484131774695,TIME_LIMIT,523539,0,0,13,8
5,8,2.448852e6,-1.0978206253753917,-0.8619484131774695,TIME_LIMIT,523561,0,0,11,4
5,8,2.449034e6,-1.0978206253753917,-0.8619484131774695,TIME_LIMIT,523585,0,0,12,18
5,8,2.449133e6,-1.097811160302375,-0.8619484131774695,TIME_LIMIT,523605,0,0,9,4
5,8,2.449302e6,-1.097811160302375,-0.8619484131774695,TIME_LIMIT,523623,0,0,10,5
5,8,2.449429e6,-1.097810655892737,-0.8619484131774695,TIME_LIMIT,523654,0,0,6,8
5,8,2.449479e6,-1.097810655892737,-0.8619484131774695,TIME_LIMIT,523668,0,0,10,3
5,8,2.449541e6,-1.0978039269815052,-0.8619484131774695,TIME_LIMIT,523678,0,0,6,7
5,8,2.449784e6,-1.0978039269815052,-0.8619484131774695,TIME_LIMIT,523706,0,0,21,14
5,8,2.449899e6,-1.0978005616953999,-0.8619484131774695,TIME_LIMIT,523741,0,0,14,9
5,8,2.450009e6,-1.0978005616953999,-0.8619484131774695,TIME_LIMIT,523759,0,0,8,10
5,8,2.450139e6,-1.0977998037328476,-0.8619484131774695,TIME_LIMIT,523785,0,0,6,6
5,8,2.450228e6,-1.0977998037328476,-0.8619484131774695,TIME_LIMIT,523807,0,0,5,8
5,8,2.45027e6,-1.0977978854935806,-0.8619484131774695,TIME_LIMIT,523825,0,0,5,6
5,8,2.45047e6,-1.0977978854935806,-0.8619484131774695,TIME_LIMIT,523854,0,0,15,16
5,8,2.450675e6,-1.097796939812975,-0.8619484131774695,TIME_LIMIT,523885,0,0,14,5
5,8,2.450896e6,-1.097796939812975,-0.8619484131774695,TIME_LIMIT,523906,0,0,15,8
5,8,2.451047e6,-1.0977959221386933,-0.8619484131774695,TIME_LIMIT,523928,0,0,9,5
5,8,2.451159e6,-1.0977959221386933,-0.8619484131774695,TIME_LIMIT,523950,0,0,13,8
5,8,2.451232e6,-1.0977941992344442,-0.8619484131774695,TIME_LIMIT,523970,0,0,7,4
5,8,2.451401e6,-1.0977941992344442,-0.8619484131774695,TIME_LIMIT,523993,0,0,9,19
5,8,2.451624e6,-1.0977828954473046,-0.8619484131774695,TIME_LIMIT,524031,0,0,9,7
5,8,2.451662e6,-1.0977828954473046,-0.8619484131774695,TIME_LIMIT,524045,0,0,4,4
5,8,2.451761e6,-1.0977799084386557,-0.8619484131774695,TIME_LIMIT,524063,0,0,2,4
5,8,2.451918e6,-1.0977799084386557,-0.8619484131774695,TIME_LIMIT,524088,0,0,16,13
5,8,2.452042e6,-1.0977735421691226,-0.8619484131774695,TIME_LIMIT,524118,0,0,6,7
5,8,2.452156e6,-1.0977735421691226,-0.8619484131774695,TIME_LIMIT,524143,0,0,10,13
5,8,2.452269e6,-1.0977719212702661,-0.8619484131774695,TIME_LIMIT,524176,0,0,16,14
5,8,2.452358e6,-1.0977719212702661,-0.8619484131774695,TIME_LIMIT,524198,0,0,8,4
5,8,2.452409e6,-1.0977686522253132,-0.8619484131774695,TIME_LIMIT,524213,0,0,5,3
5,8,2.452505e6,-1.0977686522253132,-0.8619484131774695,TIME_LIMIT,524234,0,0,17,11
5,8,2.452638e6,-1.0977517942686301,-0.8619484131774695,TIME_LIMIT,524254,0,0,11,14
5,8,2.452745e6,-1.0977517942686301,-0.8619484131774695,TIME_LIMIT,524282,0,0,17,8
5,8,2.452898e6,-1.0977468355001163,-0.8619484131774695,TIME_LIMIT,524316,0,0,13,19
5,8,2.452993e6,-1.0977468355001163,-0.8619484131774695,TIME_LIMIT,524336,0,0,12,21
5,8,2.45326e6,-1.0977463460251178,-0.8619484131774695,TIME_LIMIT,524377,0,0,7,9
5,8,2.453369e6,-1.0977463460251178,-0.8619484131774695,TIME_LIMIT,524406,0,0,15,17
5,8,2.453582e6,-1.0977432457363387,-0.8619484131774695,TIME_LIMIT,524439,0,0,13,17
5,8,2.453723e6,-1.0977432457363387,-0.8619484131774695,TIME_LIMIT,524464,0,0,13,14
5,8,2.453861e6,-1.097741492472215,-0.8619484131774695,TIME_LIMIT,524490,0,0,7,5
5,8,2.454081e6,-1.097741492472215,-0.8619484131774695,TIME_LIMIT,524514,0,0,15,10
5,8,2.454211e6,-1.0977380856295658,-0.8619484131774695,TIME_LIMIT,524541,0,0,9,17
5,8,2.454434e6,-1.0977380856295658,-0.8619484131774695,TIME_LIMIT,524569,0,0,16,9
5,8,2.454583e6,-1.0977277287449954,-0.8619484131774695,TIME_LIMIT,524603,0,0,14,13
5,8,2.454819e6,-1.0977277287449954,-0.8619484131774695,TIME_LIMIT,524640,0,0,15,23
5,8,2.455009e6,-1.0977274930499388,-0.8619484131774695,TIME_LIMIT,524679,0,0,18,8
5,8,2.455271e6,-1.0977274930499388,-0.8619484131774695,TIME_LIMIT,524704,0,0,9,6
5,8,2.455431e6,-1.0977233438909908,-0.8619484131774695,TIME_LIMIT,524727,0,0,10,5
5,8,2.455521e6,-1.0977233438909908,-0.8619484131774695,TIME_LIMIT,524746,0,0,10,9
5,8,2.455624e6,-1.0977189568451746,-0.8619484131774695,TIME_LIMIT,524771,0,0,10,7
5,8,2.455737e6,-1.0977189568451746,-0.8619484131774695,TIME_LIMIT,524789,0,0,15,15
5,8,2.455818e6,-1.0977136958392828,-0.8619484131774695,TIME_LIMIT,524817,0,0,9,4
5,8,2.456015e6,-1.0977136958392828,-0.8619484131774695,TIME_LIMIT,524842,0,0,23,42
5,8,2.456223e6,-1.0977125915663462,-0.8619484131774695,TIME_LIMIT,524881,0,0,21,11
5,8,2.456429e6,-1.0977125915663462,-0.8619484131774695,TIME_LIMIT,524917,0,0,25,31
5,8,2.456655e6,-1.0977112023322029,-0.8619484131774695,TIME_LIMIT,524956,0,0,13,19
5,8,2.456806e6,-1.0977112023322029,-0.8619484131774695,TIME_LIMIT,524984,0,0,9,16
5,8,2.456887e6,-1.0977077783759244,-0.8619484131774695,TIME_LIMIT,525007,0,0,4,9
5,8,2.456987e6,-1.0977077783759244,-0.8619484131774695,TIME_LIMIT,525018,0,0,4,6
5,8,2.457065e6,-1.0977025760301715,-0.8619484131774695,TIME_LIMIT,525034,0,0,8,0
5,8,2.457167e6,-1.0977025760301715,-0.8619484131774695,TIME_LIMIT,525056,0,0,18,8
5,8,2.457316e6,-1.0976997761673486,-0.8619484131774695,TIME_LIMIT,525087,0,0,11,8
5,8,2.457425e6,-1.0976997761673486,-0.8619484131774695,TIME_LIMIT,525106,0,0,12,10
5,8,2.457541e6,-1.097680442621717,-0.8619484131774695,TIME_LIMIT,525132,0,0,9,8
5,8,2.457674e6,-1.097680442621717,-0.8619484131774695,TIME_LIMIT,525153,0,0,20,20
5,8,2.457963e6,-1.0976784106633088,-0.8619484131774695,TIME_LIMIT,525185,0,0,15,9
5,8,2.458185e6,-1.0976784106633088,-0.8619484131774695,TIME_LIMIT,525216,0,0,18,16
5,8,2.458317e6,-1.0976754897060166,-0.8619484131774695,TIME_LIMIT,525246,0,0,10,9
5,8,2.458539e6,-1.0976754897060166,-0.8619484131774695,TIME_LIMIT,525271,0,0,12,15
5,8,2.458748e6,-1.0976739892370093,-0.8619484131774695,TIME_LIMIT,525302,0,0,14,19
5,8,2.458843e6,-1.0976739892370093,-0.8619484131774695,TIME_LIMIT,525328,0,0,15,11
5,8,2.458986e6,-1.0976661068350597,-0.8619484131774695,TIME_LIMIT,525353,0,0,11,12
5,8,2.459124e6,-1.0976661068350597,-0.8619484131774695,TIME_LIMIT,525376,0,0,9,6
5,8,2.459246e6,-1.0976606840312038,-0.8619484131774695,TIME_LIMIT,525396,0,0,9,8
5,8,2.459331e6,-1.0976606840312038,-0.8619484131774695,TIME_LIMIT,525415,0,0,11,5
5,8,2.459393e6,-1.097658708739695,-0.8619484131774695,TIME_LIMIT,525424,0,0,5,2
5,8,2.45952e6,-1.097658708739695,-0.8619484131774695,TIME_LIMIT,525453,0,0,17,17
5,8,2.459741e6,-1.097654859992363,-0.8619484131774695,TIME_LIMIT,525476,0,0,11,10
5,8,2.45983e6,-1.097654859992363,-0.8619484131774695,TIME_LIMIT,525490,0,0,6,17
5,8,2.460013e6,-1.0976500783870118,-0.8619484131774695,TIME_LIMIT,525524,0,0,11,6
5,8,2.460099e6,-1.0976500783870118,-0.8619484131774695,TIME_LIMIT,525544,0,0,6,8
5,8,2.460229e6,-1.0976498304065252,-0.8619484131774695,TIME_LIMIT,525570,0,0,6,6
5,8,2.460449e6,-1.0976498304065252,-0.8619484131774695,TIME_LIMIT,525596,0,0,14,6
5,8,2.460552e6,-1.097644560405309,-0.8619484131774695,TIME_LIMIT,525622,0,0,19,9
5,8,2.460719e6,-1.097644560405309,-0.8619484131774695,TIME_LIMIT,525647,0,0,15,11
5,8,2.460969e6,-1.0976438555881953,-0.8619484131774695,TIME_LIMIT,525675,0,0,11,11
5,8,2.461113e6,-1.0976438555881953,-0.8619484131774695,TIME_LIMIT,525697,0,0,7,13
5,8,2.461264e6,-1.0976430158639525,-0.8619484131774695,TIME_LIMIT,525733,0,0,6,13
5,8,2.461434e6,-1.0976430158639525,-0.8619484131774695,TIME_LIMIT,525758,0,0,10,18
5,8,2.461628e6,-1.0976413443303088,-0.8619484131774695,TIME_LIMIT,525790,0,0,11,12
5,8,2.461766e6,-1.0976413443303088,-0.8619484131774695,TIME_LIMIT,525818,0,0,13,9
5,8,2.461885e6,-1.0976396060877716,-0.8619484131774695,TIME_LIMIT,525843,0,0,13,5
5,8,2.462077e6,-1.0976396060877716,-0.8619484131774695,TIME_LIMIT,525872,0,0,6,8
5,8,2.462153e6,-1.0976394171920614,-0.8619484131774695,TIME_LIMIT,525894,0,0,11,7
5,8,2.462315e6,-1.0976394171920614,-0.8619484131774695,TIME_LIMIT,525927,0,0,11,15
5,8,2.462414e6,-1.0976369018747736,-0.8619484131774695,TIME_LIMIT,525947,0,0,11,16
5,8,2.462494e6,-1.0976369018747736,-0.8619484131774695,TIME_LIMIT,525969,0,0,7,8
5,8,2.462628e6,-1.0976351743901407,-0.8619484131774695,TIME_LIMIT,525993,0,0,4,3
5,8,2.462733e6,-1.0976351743901407,-0.8619484131774695,TIME_LIMIT,526011,0,0,11,7
5,8,2.462853e6,-1.0976349472146696,-0.8619484131774695,TIME_LIMIT,526029,0,0,5,7
5,8,2.462903e6,-1.0976349472146696,-0.8619484131774695,TIME_LIMIT,526050,0,0,11,6
5,8,2.462976e6,-1.0976312454150032,-0.8619484131774695,TIME_LIMIT,526065,0,0,8,3
5,8,2.463192e6,-1.0976312454150032,-0.8619484131774695,TIME_LIMIT,526093,0,0,12,17
5,8,2.463393e6,-1.0976247122361669,-0.8619484131774695,TIME_LIMIT,526124,0,0,14,20
5,8,2.46354e6,-1.0976247122361669,-0.8619484131774695,TIME_LIMIT,526149,0,0,12,13
5,8,2.463683e6,-1.0976168732807756,-0.8619484131774695,TIME_LIMIT,526174,0,0,2,7
5,8,2.463895e6,-1.0976168732807756,-0.8619484131774695,TIME_LIMIT,526202,0,0,11,11
5,8,2.463927e6,-1.0976146518213679,-0.8619484131774695,TIME_LIMIT,526223,0,0,9,2
5,8,2.464061e6,-1.0976146518213679,-0.8619484131774695,TIME_LIMIT,526242,0,0,22,28
5,8,2.464274e6,-1.0976144505589926,-0.8619484131774695,TIME_LIMIT,526275,0,0,9,7
5,8,2.464414e6,-1.0976144505589926,-0.8619484131774695,TIME_LIMIT,526300,0,0,14,18
5,8,2.464519e6,-1.0976140252733173,-0.8619484131774695,TIME_LIMIT,526321,0,0,14,5
5,8,2.464621e6,-1.0976140252733173,-0.8619484131774695,TIME_LIMIT,526339,0,0,10,10
5,8,2.464696e6,-1.0976102483692878,-0.8619484131774695,TIME_LIMIT,526365,0,0,4,8
5,8,2.464764e6,-1.0976102483692878,-0.8619484131774695,TIME_LIMIT,526381,0,0,6,4
5,8,2.464849e6,-1.0976078953124762,-0.8619484131774695,TIME_LIMIT,526393,0,0,7,3
5,8,2.464998e6,-1.0976078953124762,-0.8619484131774695,TIME_LIMIT,526424,0,0,17,19
5,8,2.465105e6,-1.0976039988905584,-0.8619484131774695,TIME_LIMIT,526441,0,0,5,8
5,8,2.465241e6,-1.0976039988905584,-0.8619484131774695,TIME_LIMIT,526468,0,0,14,16
5,8,2.465371e6,-1.0976006140074677,-0.8619484131774695,TIME_LIMIT,526496,0,0,14,8
5,8,2.465454e6,-1.0976006140074677,-0.8619484131774695,TIME_LIMIT,526515,0,0,14,8
5,8,2.465543e6,-1.0975992808220032,-0.8619484131774695,TIME_LIMIT,526540,0,0,8,6
5,8,2.465826e6,-1.0975992808220032,-0.8619484131774695,TIME_LIMIT,526564,0,0,15,15
5,8,2.465991e6,-1.0975965496729438,-0.8619484131774695,TIME_LIMIT,526595,0,0,7,3
5,8,2.466067e6,-1.0975965496729438,-0.8619484131774695,TIME_LIMIT,526610,0,0,7,8
5,8,2.466148e6,-1.097587105499426,-0.8619484131774695,TIME_LIMIT,526631,0,0,4,4
5,8,2.466289e6,-1.097587105499426,-0.8619484131774695,TIME_LIMIT,526663,0,0,19,17
5,8,2.466603e6,-1.0975820159750747,-0.8619484131774695,TIME_LIMIT,526690,0,0,10,8
5,8,2.466764e6,-1.0975820159750747,-0.8619484131774695,TIME_LIMIT,526715,0,0,18,9
5,8,2.466894e6,-1.0975800584640727,-0.8619484131774695,TIME_LIMIT,526746,0,0,12,6
5,8,2.466945e6,-1.0975800584640727,-0.8619484131774695,TIME_LIMIT,526767,0,0,13,9
5,8,2.467044e6,-1.097578430785691,-0.8619484131774695,TIME_LIMIT,526791,0,0,8,8
5,8,2.467266e6,-1.097578430785691,-0.8619484131774695,TIME_LIMIT,526815,0,0,22,47
5,8,2.467493e6,-1.0975709699187965,-0.8619484131774695,TIME_LIMIT,526852,0,0,14,20
5,8,2.467676e6,-1.0975709699187965,-0.8619484131774695,TIME_LIMIT,526877,0,0,18,10
5,8,2.467768e6,-1.0975707462400603,-0.8619484131774695,TIME_LIMIT,526896,0,0,14,6
5,8,2.467852e6,-1.0975707462400603,-0.8619484131774695,TIME_LIMIT,526920,0,0,11,9
5,8,2.467939e6,-1.0975691255909308,-0.8619484131774695,TIME_LIMIT,526939,0,0,9,4
5,8,2.468059e6,-1.0975691255909308,-0.8619484131774695,TIME_LIMIT,526957,0,0,17,30
5,8,2.468134e6,-1.0975668447245308,-0.8619484131774695,TIME_LIMIT,526989,0,0,11,6
5,8,2.468315e6,-1.0975668447245308,-0.8619484131774695,TIME_LIMIT,527017,0,0,19,20
5,8,2.468535e6,-1.0975667493764383,-0.8619484131774695,TIME_LIMIT,527054,0,0,14,14
5,8,2.468714e6,-1.0975667493764383,-0.8619484131774695,TIME_LIMIT,527081,0,0,17,11
5,8,2.468931e6,-1.097563033948658,-0.8619484131774695,TIME_LIMIT,527111,0,0,9,9
5,8,2.469058e6,-1.097563033948658,-0.8619484131774695,TIME_LIMIT,527133,0,0,12,10
5,8,2.46917e6,-1.097561189895901,-0.8619484131774695,TIME_LIMIT,527153,0,0,5,3
5,8,2.469407e6,-1.097561189895901,-0.8619484131774695,TIME_LIMIT,527181,0,0,18,10
5,8,2.469604e6,-1.097559270772853,-0.8619484131774695,TIME_LIMIT,527209,0,0,17,12
5,8,2.469643e6,-1.097559270772853,-0.8619484131774695,TIME_LIMIT,527232,0,0,12,10
5,8,2.469775e6,-1.097551858634854,-0.8619484131774695,TIME_LIMIT,527252,0,0,5,2
5,8,2.469834e6,-1.097551858634854,-0.8619484131774695,TIME_LIMIT,527274,0,0,14,12
5,8,2.469949e6,-1.0975466395039408,-0.8619484131774695,TIME_LIMIT,527307,0,0,15,8
5,8,2.470084e6,-1.0975466395039408,-0.8619484131774695,TIME_LIMIT,527336,0,0,20,12
5,8,2.470218e6,-1.0975459013758107,-0.8619484131774695,TIME_LIMIT,527362,0,0,10,6
5,8,2.470332e6,-1.0975459013758107,-0.8619484131774695,TIME_LIMIT,527389,0,0,17,15
5,8,2.470546e6,-1.097545151682933,-0.8619484131774695,TIME_LIMIT,527414,0,0,8,11
5,8,2.470663e6,-1.097545151682933,-0.8619484131774695,TIME_LIMIT,527435,0,0,16,17
5,8,2.470799e6,-1.097531848312289,-0.8619484131774695,TIME_LIMIT,527456,0,0,12,7
5,8,2.470891e6,-1.097531848312289,-0.8619484131774695,TIME_LIMIT,527473,0,0,13,9
5,8,2.470953e6,-1.0975220828620038,-0.8619484131774695,TIME_LIMIT,527489,0,0,8,8
5,8,2.471022e6,-1.0975220828620038,-0.8619484131774695,TIME_LIMIT,527508,0,0,8,6
5,8,2.471126e6,-1.097518171654758,-0.8619484131774695,TIME_LIMIT,527530,0,0,9,5
5,8,2.471275e6,-1.097518171654758,-0.8619484131774695,TIME_LIMIT,527555,0,0,5,4
5,8,2.471314e6,-1.0975168067010084,-0.8619484131774695,TIME_LIMIT,527575,0,0,9,11
5,8,2.471438e6,-1.0975168067010084,-0.8619484131774695,TIME_LIMIT,527600,0,0,9,6
5,8,2.471564e6,-1.0975155264292633,-0.8619484131774695,TIME_LIMIT,527620,0,0,16,6
5,8,2.471651e6,-1.0975155264292633,-0.8619484131774695,TIME_LIMIT,527638,0,0,22,22
5,8,2.471856e6,-1.0975022292219747,-0.8619484131774695,TIME_LIMIT,527671,0,0,4,8
5,8,2.472031e6,-1.0975022292219747,-0.8619484131774695,TIME_LIMIT,527697,0,0,17,12
5,8,2.472295e6,-1.0974982822685027,-0.8619484131774695,TIME_LIMIT,527724,0,0,12,7
5,8,2.472408e6,-1.0974982822685027,-0.8619484131774695,TIME_LIMIT,527743,0,0,13,13
5,8,2.472657e6,-1.097490921083761,-0.8619484131774695,TIME_LIMIT,527779,0,0,17,8
5,8,2.472878e6,-1.097490921083761,-0.8619484131774695,TIME_LIMIT,527802,0,0,14,19
5,8,2.473e6,-1.0974791065019764,-0.8619484131774695,TIME_LIMIT,527833,0,0,11,8
5,8,2.473174e6,-1.0974791065019764,-0.8619484131774695,TIME_LIMIT,527863,0,0,16,15
5,8,2.473331e6,-1.0974790580945162,-0.8619484131774695,TIME_LIMIT,527888,0,0,9,12
5,8,2.473525e6,-1.0974790580945162,-0.8619484131774695,TIME_LIMIT,527918,0,0,17,24
5,8,2.473752e6,-1.0974768352081226,-0.8619484131774695,TIME_LIMIT,527944,0,0,10,8
5,8,2.473998e6,-1.0974768352081226,-0.8619484131774695,TIME_LIMIT,527972,0,0,20,6
5,8,2.474143e6,-1.097475557971554,-0.8619484131774695,TIME_LIMIT,527996,0,0,10,8
5,8,2.474255e6,-1.097475557971554,-0.8619484131774695,TIME_LIMIT,528017,0,0,18,26
5,8,2.474372e6,-1.097470631146586,-0.8619484131774695,TIME_LIMIT,528045,0,0,7,7
5,8,2.474579e6,-1.097470631146586,-0.8619484131774695,TIME_LIMIT,528069,0,0,8,16
5,8,2.474819e6,-1.09746694989896,-0.8619484131774695,TIME_LIMIT,528099,0,0,4,6
5,8,2.475039e6,-1.09746694989896,-0.8619484131774695,TIME_LIMIT,528124,0,0,14,19
5,8,2.475148e6,-1.0974548221179696,-0.8619484131774695,TIME_LIMIT,528163,0,0,16,8
5,8,2.475296e6,-1.0974548221179696,-0.8619484131774695,TIME_LIMIT,528181,0,0,5,9
5,8,2.475338e6,-1.0974435979799013,-0.8619484131774695,TIME_LIMIT,528197,0,0,6,1
5,8,2.475467e6,-1.0974435979799013,-0.8619484131774695,TIME_LIMIT,528222,0,0,27,15
5,8,2.475604e6,-1.0974399443740663,-0.8619484131774695,TIME_LIMIT,528257,0,0,11,6
5,8,2.475848e6,-1.0974399443740663,-0.8619484131774695,TIME_LIMIT,528283,0,0,14,9
5,8,2.475912e6,-1.0974364137436798,-0.8619484131774695,TIME_LIMIT,528301,0,0,11,9
5,8,2.476076e6,-1.0974364137436798,-0.8619484131774695,TIME_LIMIT,528322,0,0,5,11
5,8,2.476149e6,-1.0974322819468936,-0.8619484131774695,TIME_LIMIT,528342,0,0,6,6
5,8,2.47627e6,-1.0974322819468936,-0.8619484131774695,TIME_LIMIT,528361,0,0,12,9
5,8,2.476429e6,-1.0974292970966109,-0.8619484131774695,TIME_LIMIT,528395,0,0,7,8
5,8,2.476555e6,-1.0974292970966109,-0.8619484131774695,TIME_LIMIT,528418,0,0,14,24
5,8,2.476681e6,-1.097422379392849,-0.8619484131774695,TIME_LIMIT,528445,0,0,12,10
5,8,2.47681e6,-1.097422379392849,-0.8619484131774695,TIME_LIMIT,528459,0,0,7,8
5,8,2.476877e6,-1.0974166075195173,-0.8619484131774695,TIME_LIMIT,528476,0,0,8,4
5,8,2.477121e6,-1.0974166075195173,-0.8619484131774695,TIME_LIMIT,528504,0,0,22,16
5,8,2.477292e6,-1.0974161330868513,-0.8619484131774695,TIME_LIMIT,528529,0,0,14,11
5,8,2.477451e6,-1.0974161330868513,-0.8619484131774695,TIME_LIMIT,528553,0,0,12,12
5,8,2.477518e6,-1.097403007405455,-0.8619484131774695,TIME_LIMIT,528571,0,0,11,7
5,8,2.477574e6,-1.097403007405455,-0.8619484131774695,TIME_LIMIT,528585,0,0,5,5
5,8,2.477671e6,-1.0973974408963985,-0.8619484131774695,TIME_LIMIT,528606,0,0,8,11
5,8,2.477869e6,-1.0973974408963985,-0.8619484131774695,TIME_LIMIT,528631,0,0,8,18
5,8,2.478087e6,-1.09739158269313,-0.8619484131774695,TIME_LIMIT,528662,0,0,12,4
5,8,2.478231e6,-1.09739158269313,-0.8619484131774695,TIME_LIMIT,528685,0,0,6,15
5,8,2.478425e6,-1.097388845267016,-0.8619484131774695,TIME_LIMIT,528708,0,0,8,8
5,8,2.478624e6,-1.097388845267016,-0.8619484131774695,TIME_LIMIT,528738,0,0,21,30
5,8,2.478849e6,-1.0973871040424101,-0.8619484131774695,TIME_LIMIT,528779,0,0,16,16
5,8,2.478999e6,-1.0973871040424101,-0.8619484131774695,TIME_LIMIT,528809,0,0,3,11
5,8,2.479192e6,-1.097384660409686,-0.8619484131774695,TIME_LIMIT,528829,0,0,7,6
5,8,2.479353e6,-1.097384660409686,-0.8619484131774695,TIME_LIMIT,528853,0,0,17,19
5,8,2.479563e6,-1.0973824206912774,-0.8619484131774695,TIME_LIMIT,528887,0,0,10,12
5,8,2.479724e6,-1.0973824206912774,-0.8619484131774695,TIME_LIMIT,528918,0,0,10,14
5,8,2.479929e6,-1.0973806870501628,-0.8619484131774695,TIME_LIMIT,528948,0,0,17,10
5,8,2.480101e6,-1.0973806870501628,-0.8619484131774695,TIME_LIMIT,528968,0,0,14,13
5,8,2.480216e6,-1.0973779184773353,-0.8619484131774695,TIME_LIMIT,528995,0,0,9,5
5,8,2.480441e6,-1.0973779184773353,-0.8619484131774695,TIME_LIMIT,529022,0,0,14,24
5,8,2.480543e6,-1.0973753620200362,-0.8619484131774695,TIME_LIMIT,529050,0,0,14,7
5,8,2.48081e6,-1.0973753620200362,-0.8619484131774695,TIME_LIMIT,529077,0,0,21,17
5,8,2.481056e6,-1.0973684030637638,-0.8619484131774695,TIME_LIMIT,529104,0,0,11,16
5,8,2.481187e6,-1.0973684030637638,-0.8619484131774695,TIME_LIMIT,529130,0,0,10,13
5,8,2.481319e6,-1.0973337328888872,-0.8619484131774695,TIME_LIMIT,529160,0,0,7,15
5,8,2.481394e6,-1.0973337328888872,-0.8619484131774695,TIME_LIMIT,529180,0,0,14,12
5,8,2.481541e6,-1.0973335541724634,-0.8619484131774695,TIME_LIMIT,529211,0,0,12,5
5,8,2.481742e6,-1.0973335541724634,-0.8619484131774695,TIME_LIMIT,529243,0,0,11,20
5,8,2.481902e6,-1.0973322381546797,-0.8619484131774695,TIME_LIMIT,529271,0,0,14,10
5,8,2.482113e6,-1.0973322381546797,-0.8619484131774695,TIME_LIMIT,529300,0,0,22,22
5,8,2.48233e6,-1.0973280330750739,-0.8619484131774695,TIME_LIMIT,529337,0,0,10,7
5,8,2.482552e6,-1.0973280330750739,-0.8619484131774695,TIME_LIMIT,529363,0,0,9,6
5,8,2.482623e6,-1.09732089603968,-0.8619484131774695,TIME_LIMIT,529387,0,0,13,3
5,8,2.482736e6,-1.09732089603968,-0.8619484131774695,TIME_LIMIT,529412,0,0,15,10
5,8,2.482985e6,-1.097318186305023,-0.8619484131774695,TIME_LIMIT,529438,0,0,11,7
5,8,2.483094e6,-1.097318186305023,-0.8619484131774695,TIME_LIMIT,529462,0,0,6,19
5,8,2.483187e6,-1.0973152314226475,-0.8619484131774695,TIME_LIMIT,529491,0,0,14,7
5,8,2.483362e6,-1.0973152314226475,-0.8619484131774695,TIME_LIMIT,529519,0,0,14,22
5,8,2.483476e6,-1.0973133978130343,-0.8619484131774695,TIME_LIMIT,529542,0,0,15,7
5,8,2.483565e6,-1.0973133978130343,-0.8619484131774695,TIME_LIMIT,529564,0,0,11,10
5,8,2.483725e6,-1.0973113655872648,-0.8619484131774695,TIME_LIMIT,529595,0,0,12,10
5,8,2.483945e6,-1.0973113655872648,-0.8619484131774695,TIME_LIMIT,529621,0,0,7,5
5,8,2.484046e6,-1.0973098265699666,-0.8619484131774695,TIME_LIMIT,529646,0,0,13,3
5,8,2.484172e6,-1.0973098265699666,-0.8619484131774695,TIME_LIMIT,529674,0,0,13,12
5,8,2.484311e6,-1.097295646850273,-0.8619484131774695,TIME_LIMIT,529703,0,0,4,6
5,8,2.484552e6,-1.097295646850273,-0.8619484131774695,TIME_LIMIT,529729,0,0,12,20
5,8,2.484608e6,-1.0972805696309982,-0.8619484131774695,TIME_LIMIT,529748,0,0,10,7
5,8,2.484812e6,-1.0972805696309982,-0.8619484131774695,TIME_LIMIT,529776,0,0,25,18
5,8,2.484937e6,-1.0972781393330409,-0.8619484131774695,TIME_LIMIT,529810,0,0,9,9
5,8,2.485049e6,-1.0972781393330409,-0.8619484131774695,TIME_LIMIT,529832,0,0,3,11
5,8,2.485135e6,-1.0972756159690036,-0.8619484131774695,TIME_LIMIT,529853,0,0,4,5
5,8,2.485353e6,-1.0972756159690036,-0.8619484131774695,TIME_LIMIT,529877,0,0,13,10
5,8,2.485447e6,-1.0972749792953842,-0.8619484131774695,TIME_LIMIT,529900,0,0,10,5
5,8,2.485623e6,-1.0972749792953842,-0.8619484131774695,TIME_LIMIT,529922,0,0,9,11
5,8,2.4857e6,-1.097274037440545,-0.8619484131774695,TIME_LIMIT,529936,0,0,8,10
5,8,2.485875e6,-1.097274037440545,-0.8619484131774695,TIME_LIMIT,529956,0,0,9,7
5,8,2.48593e6,-1.097273389724158,-0.8619484131774695,TIME_LIMIT,529975,0,0,11,8
5,8,2.485969e6,-1.097273389724158,-0.8619484131774695,TIME_LIMIT,529994,0,0,8,11
5,8,2.486043e6,-1.0972716727524223,-0.8619484131774695,TIME_LIMIT,530011,0,0,7,5
5,8,2.486098e6,-1.0972716727524223,-0.8619484131774695,TIME_LIMIT,530026,0,0,10,9
5,8,2.486152e6,-1.0972714198059559,-0.8619484131774695,TIME_LIMIT,530040,0,0,5,1
5,8,2.486244e6,-1.0972714198059559,-0.8619484131774695,TIME_LIMIT,530054,0,0,5,3
5,8,2.486267e6,-1.0972708717561561,-0.8619484131774695,TIME_LIMIT,530062,0,0,2,1
5,8,2.486388e6,-1.0972708717561561,-0.8619484131774695,TIME_LIMIT,530088,0,0,11,23
5,8,2.486447e6,-1.097268771126097,-0.8619484131774695,TIME_LIMIT,530117,0,0,2,8
5,8,2.486546e6,-1.097268771126097,-0.8619484131774695,TIME_LIMIT,530136,0,0,5,2
5,8,2.486664e6,-1.0972651139939238,-0.8619484131774695,TIME_LIMIT,530159,0,0,12,2
5,8,2.486884e6,-1.0972651139939238,-0.8619484131774695,TIME_LIMIT,530183,0,0,18,18
5,8,2.487108e6,-1.0972634932756162,-0.8619484131774695,TIME_LIMIT,530223,0,0,19,11
5,8,2.487235e6,-1.0972634932756162,-0.8619484131774695,TIME_LIMIT,530242,0,0,10,13
5,8,2.48728e6,-1.0972531169512922,-0.8619484131774695,TIME_LIMIT,530261,0,0,1,0
5,8,2.4875e6,-1.0972531169512922,-0.8619484131774695,TIME_LIMIT,530289,0,0,17,15
5,8,2.48762e6,-1.097253054770828,-0.8619484131774695,TIME_LIMIT,530316,0,0,13,7
5,8,2.487776e6,-1.097253054770828,-0.8619484131774695,TIME_LIMIT,530340,0,0,9,14
5,8,2.487989e6,-1.0972522156416171,-0.8619484131774695,TIME_LIMIT,530377,0,0,11,5
5,8,2.48823e6,-1.0972522156416171,-0.8619484131774695,TIME_LIMIT,530407,0,0,11,10
5,8,2.488394e6,-1.0972519001071133,-0.8619484131774695,TIME_LIMIT,530435,0,0,17,8
5,8,2.488524e6,-1.0972519001071133,-0.8619484131774695,TIME_LIMIT,530454,0,0,16,21
5,8,2.488849e6,-1.0972500700130938,-0.8619484131774695,TIME_LIMIT,530486,0,0,9,8
5,8,2.488992e6,-1.0972500700130938,-0.8619484131774695,TIME_LIMIT,530516,0,0,16,22
5,8,2.48911e6,-1.097236955509116,-0.8619484131774695,TIME_LIMIT,530534,0,0,11,6
5,8,2.489299e6,-1.097236955509116,-0.8619484131774695,TIME_LIMIT,530558,0,0,7,11
5,8,2.489418e6,-1.0972310906405864,-0.8619484131774695,TIME_LIMIT,530579,0,0,11,7
5,8,2.489563e6,-1.0972310906405864,-0.8619484131774695,TIME_LIMIT,530607,0,0,6,13
5,8,2.489663e6,-1.0972305267834468,-0.8619484131774695,TIME_LIMIT,530631,0,0,10,6
5,8,2.489772e6,-1.0972305267834468,-0.8619484131774695,TIME_LIMIT,530650,0,0,22,12
5,8,2.48992e6,-1.097229422241317,-0.8619484131774695,TIME_LIMIT,530681,0,0,14,7
5,8,2.490054e6,-1.097229422241317,-0.8619484131774695,TIME_LIMIT,530705,0,0,17,13
5,8,2.490144e6,-1.0972212365431837,-0.8619484131774695,TIME_LIMIT,530733,0,0,12,4
5,8,2.490307e6,-1.0972212365431837,-0.8619484131774695,TIME_LIMIT,530762,0,0,20,19
5,8,2.490484e6,-1.0972134089525527,-0.8619484131774695,TIME_LIMIT,530800,0,0,9,7
5,8,2.490718e6,-1.0972134089525527,-0.8619484131774695,TIME_LIMIT,530831,0,0,16,10
5,8,2.490808e6,-1.097211187736335,-0.8619484131774695,TIME_LIMIT,530852,0,0,9,3
5,8,2.490947e6,-1.097211187736335,-0.8619484131774695,TIME_LIMIT,530870,0,0,12,7
5,8,2.490994e6,-1.0972077790167054,-0.8619484131774695,TIME_LIMIT,530893,0,0,4,4
5,8,2.491214e6,-1.0972077790167054,-0.8619484131774695,TIME_LIMIT,530918,0,0,10,21
5,8,2.491366e6,-1.09720745934333,-0.8619484131774695,TIME_LIMIT,530951,0,0,16,14
5,8,2.4915e6,-1.09720745934333,-0.8619484131774695,TIME_LIMIT,530972,0,0,18,15
5,8,2.491653e6,-1.097201767112792,-0.8619484131774695,TIME_LIMIT,531006,0,0,15,4
5,8,2.491782e6,-1.097201767112792,-0.8619484131774695,TIME_LIMIT,531026,0,0,10,6
5,8,2.492008e6,-1.0972011012938498,-0.8619484131774695,TIME_LIMIT,531052,0,0,10,15
5,8,2.492136e6,-1.0972011012938498,-0.8619484131774695,TIME_LIMIT,531074,0,0,10,9
5,8,2.492181e6,-1.0972009023070446,-0.8619484131774695,TIME_LIMIT,531098,0,0,7,7
5,8,2.492403e6,-1.0972009023070446,-0.8619484131774695,TIME_LIMIT,531129,0,0,11,10
5,8,2.492523e6,-1.0972003018130247,-0.8619484131774695,TIME_LIMIT,531154,0,0,19,16
5,8,2.492659e6,-1.0972003018130247,-0.8619484131774695,TIME_LIMIT,531179,0,0,15,8
5,8,2.492748e6,-1.097198353200312,-0.8619484131774695,TIME_LIMIT,531211,0,0,9,5
5,8,2.492875e6,-1.097198353200312,-0.8619484131774695,TIME_LIMIT,531233,0,0,11,10
5,8,2.493094e6,-1.0971969677745332,-0.8619484131774695,TIME_LIMIT,531267,0,0,18,10
5,8,2.493206e6,-1.0971969677745332,-0.8619484131774695,TIME_LIMIT,531287,0,0,7,19
5,8,2.493273e6,-1.097192098741036,-0.8619484131774695,TIME_LIMIT,531313,0,0,4,6
5,8,2.49339e6,-1.097192098741036,-0.8619484131774695,TIME_LIMIT,531341,0,0,10,11
5,8,2.493442e6,-1.0971791732790528,-0.8619484131774695,TIME_LIMIT,531360,0,0,10,6
5,8,2.493719e6,-1.0971791732790528,-0.8619484131774695,TIME_LIMIT,531386,0,0,8,12
5,8,2.493835e6,-1.0971761922210779,-0.8619484131774695,TIME_LIMIT,531407,0,0,11,5
5,8,2.494013e6,-1.0971761922210779,-0.8619484131774695,TIME_LIMIT,531434,0,0,16,18
5,8,2.494184e6,-1.097174935226509,-0.8619484131774695,TIME_LIMIT,531472,0,0,11,14
5,8,2.494384e6,-1.097174935226509,-0.8619484131774695,TIME_LIMIT,531505,0,0,16,24
5,8,2.494538e6,-1.0971675652301554,-0.8619484131774695,TIME_LIMIT,531536,0,0,13,12
5,8,2.494657e6,-1.0971675652301554,-0.8619484131774695,TIME_LIMIT,531562,0,0,11,8
5,8,2.494754e6,-1.0971547936529826,-0.8619484131774695,TIME_LIMIT,531581,0,0,6,6
5,8,2.494958e6,-1.0971547936529826,-0.8619484131774695,TIME_LIMIT,531601,0,0,15,11
5,8,2.495073e6,-1.0971520995630923,-0.8619484131774695,TIME_LIMIT,531631,0,0,12,12
5,8,2.495113e6,-1.0971520995630923,-0.8619484131774695,TIME_LIMIT,531645,0,0,6,10
5,8,2.495247e6,-1.0971515376872096,-0.8619484131774695,TIME_LIMIT,531674,0,0,7,8
5,8,2.49543e6,-1.0971515376872096,-0.8619484131774695,TIME_LIMIT,531701,0,0,9,19
5,8,2.495636e6,-1.0971513938614306,-0.8619484131774695,TIME_LIMIT,531740,0,0,10,13
5,8,2.49583e6,-1.0971513938614306,-0.8619484131774695,TIME_LIMIT,531763,0,0,15,6
5,8,2.495988e6,-1.0971500972097572,-0.8619484131774695,TIME_LIMIT,531788,0,0,12,6
5,8,2.496077e6,-1.0971500972097572,-0.8619484131774695,TIME_LIMIT,531809,0,0,8,10
5,8,2.496163e6,-1.0971385492876855,-0.8619484131774695,TIME_LIMIT,531824,0,0,7,4
5,8,2.496272e6,-1.0971385492876855,-0.8619484131774695,TIME_LIMIT,531845,0,0,4,20
5,8,2.496422e6,-1.0971384546029217,-0.8619484131774695,TIME_LIMIT,531881,0,0,14,12
5,8,2.496615e6,-1.0971384546029217,-0.8619484131774695,TIME_LIMIT,531907,0,0,15,8
5,8,2.496792e6,-1.0971372810098552,-0.8619484131774695,TIME_LIMIT,531929,0,0,14,6
5,8,2.497006e6,-1.0971372810098552,-0.8619484131774695,TIME_LIMIT,531958,0,0,9,30
5,8,2.497227e6,-1.0971350216987297,-0.8619484131774695,TIME_LIMIT,531995,0,0,14,13
5,8,2.497453e6,-1.0971350216987297,-0.8619484131774695,TIME_LIMIT,532022,0,0,20,34
5,8,2.497598e6,-1.0971325946885848,-0.8619484131774695,TIME_LIMIT,532049,0,0,18,9
5,8,2.497738e6,-1.0971325946885848,-0.8619484131774695,TIME_LIMIT,532075,0,0,16,15
5,8,2.497801e6,-1.0971320089499526,-0.8619484131774695,TIME_LIMIT,532097,0,0,9,3
5,8,2.49799e6,-1.0971320089499526,-0.8619484131774695,TIME_LIMIT,532124,0,0,18,10
5,8,2.49804e6,-1.097131549475064,-0.8619484131774695,TIME_LIMIT,532148,0,0,14,5
5,8,2.498134e6,-1.097131549475064,-0.8619484131774695,TIME_LIMIT,532170,0,0,11,16
5,8,2.498206e6,-1.0971300724496937,-0.8619484131774695,TIME_LIMIT,532185,0,0,7,5
5,8,2.498325e6,-1.0971300724496937,-0.8619484131774695,TIME_LIMIT,532201,0,0,12,11
5,8,2.49846e6,-1.097127000382894,-0.8619484131774695,TIME_LIMIT,532224,0,0,5,6
5,8,2.498558e6,-1.097127000382894,-0.8619484131774695,TIME_LIMIT,532245,0,0,13,18
5,8,2.498722e6,-1.0971263698853524,-0.8619484131774695,TIME_LIMIT,532264,0,0,10,11
5,8,2.49878e6,-1.0971263698853524,-0.8619484131774695,TIME_LIMIT,532286,0,0,10,20
5,8,2.499002e6,-1.0971211250792976,-0.8619484131774695,TIME_LIMIT,532319,0,0,11,6
5,8,2.499125e6,-1.0971211250792976,-0.8619484131774695,TIME_LIMIT,532344,0,0,27,30
5,8,2.499315e6,-1.097110988475492,-0.8619484131774695,TIME_LIMIT,532376,0,0,14,7
5,8,2.499387e6,-1.097110988475492,-0.8619484131774695,TIME_LIMIT,532397,0,0,16,19
5,8,2.499512e6,-1.097105814187931,-0.8619484131774695,TIME_LIMIT,532427,0,0,12,5
5,8,2.499672e6,-1.097105814187931,-0.8619484131774695,TIME_LIMIT,532457,0,0,26,33
5,8,2.499883e6,-1.0971051195156942,-0.8619484131774695,TIME_LIMIT,532500,0,0,16,15
5,8,2.500122e6,-1.0971051195156942,-0.8619484131774695,TIME_LIMIT,532526,0,0,17,10
5,8,2.500365e6,-1.0971045854717731,-0.8619484131774695,TIME_LIMIT,532546,0,0,13,14
5,8,2.500625e6,-1.0971045854717731,-0.8619484131774695,TIME_LIMIT,532568,0,0,14,13
5,8,2.500774e6,-1.0971019945029705,-0.8619484131774695,TIME_LIMIT,532589,0,0,13,6
5,8,2.500873e6,-1.0971019945029705,-0.8619484131774695,TIME_LIMIT,532605,0,0,6,3
5,8,2.500914e6,-1.097100046990503,-0.8619484131774695,TIME_LIMIT,532620,0,0,5,3
5,8,2.501078e6,-1.097100046990503,-0.8619484131774695,TIME_LIMIT,532652,0,0,18,12
5,8,2.501167e6,-1.0970932221337897,-0.8619484131774695,TIME_LIMIT,532678,0,0,18,16
5,8,2.501282e6,-1.0970932221337897,-0.8619484131774695,TIME_LIMIT,532704,0,0,15,16
5,8,2.501395e6,-1.0970889509146526,-0.8619484131774695,TIME_LIMIT,532730,0,0,10,6
5,8,2.501528e6,-1.0970889509146526,-0.8619484131774695,TIME_LIMIT,532752,0,0,16,18
5,8,2.501775e6,-1.0970703396552608,-0.8619484131774695,TIME_LIMIT,532783,0,0,8,7
5,8,2.501947e6,-1.0970703396552608,-0.8619484131774695,TIME_LIMIT,532816,0,0,15,29
5,8,2.502169e6,-1.0970695525674656,-0.8619484131774695,TIME_LIMIT,532852,0,0,7,10
5,8,2.502305e6,-1.0970695525674656,-0.8619484131774695,TIME_LIMIT,532876,0,0,17,6
5,8,2.502383e6,-1.097066710278976,-0.8619484131774695,TIME_LIMIT,532895,0,0,11,5
5,8,2.502534e6,-1.097066710278976,-0.8619484131774695,TIME_LIMIT,532922,0,0,11,11
5,8,2.502753e6,-1.0970657437422662,-0.8619484131774695,TIME_LIMIT,532951,0,0,18,12
5,8,2.502926e6,-1.0970657437422662,-0.8619484131774695,TIME_LIMIT,532979,0,0,18,17
5,8,2.503054e6,-1.0970582496274628,-0.8619484131774695,TIME_LIMIT,533011,0,0,15,8
5,8,2.503307e6,-1.0970582496274628,-0.8619484131774695,TIME_LIMIT,533037,0,0,13,17
5,8,2.503428e6,-1.0970576600596533,-0.8619484131774695,TIME_LIMIT,533063,0,0,10,7
5,8,2.503505e6,-1.0970576600596533,-0.8619484131774695,TIME_LIMIT,533080,0,0,6,6
5,8,2.503554e6,-1.0970574216885756,-0.8619484131774695,TIME_LIMIT,533099,0,0,6,5
5,8,2.503726e6,-1.0970574216885756,-0.8619484131774695,TIME_LIMIT,533121,0,0,14,18
5,8,2.503854e6,-1.0970526526310045,-0.8619484131774695,TIME_LIMIT,533136,0,0,10,3
5,8,2.503929e6,-1.0970526526310045,-0.8619484131774695,TIME_LIMIT,533162,0,0,10,14
5,8,2.504087e6,-1.0970501638753654,-0.8619484131774695,TIME_LIMIT,533190,0,0,10,4
5,8,2.504157e6,-1.0970501638753654,-0.8619484131774695,TIME_LIMIT,533214,0,0,6,11
5,8,2.504307e6,-1.0970401684165667,-0.8619484131774695,TIME_LIMIT,533241,0,0,6,6
5,8,2.504528e6,-1.0970401684165667,-0.8619484131774695,TIME_LIMIT,533262,0,0,13,12
5,8,2.504815e6,-1.0970366316631548,-0.8619484131774695,TIME_LIMIT,533291,0,0,14,8
5,8,2.504903e6,-1.0970366316631548,-0.8619484131774695,TIME_LIMIT,533313,0,0,3,9
5,8,2.505037e6,-1.0970352580446177,-0.8619484131774695,TIME_LIMIT,533329,0,0,7,5
5,8,2.505219e6,-1.0970352580446177,-0.8619484131774695,TIME_LIMIT,533351,0,0,15,10
5,8,2.505478e6,-1.0970324413154742,-0.8619484131774695,TIME_LIMIT,533386,0,0,15,8
5,8,2.505553e6,-1.0970324413154742,-0.8619484131774695,TIME_LIMIT,533405,0,0,12,3
5,8,2.505633e6,-1.0970319868239131,-0.8619484131774695,TIME_LIMIT,533429,0,0,6,4
5,8,2.505847e6,-1.0970319868239131,-0.8619484131774695,TIME_LIMIT,533452,0,0,16,16
5,8,2.506055e6,-1.0970293633353656,-0.8619484131774695,TIME_LIMIT,533487,0,0,14,8
5,8,2.506311e6,-1.0970293633353656,-0.8619484131774695,TIME_LIMIT,533522,0,0,17,25
5,8,2.506462e6,-1.0970185343954304,-0.8619484131774695,TIME_LIMIT,533546,0,0,14,10
5,8,2.50657e6,-1.0970185343954304,-0.8619484131774695,TIME_LIMIT,533572,0,0,9,10
5,8,2.506726e6,-1.0970171902507482,-0.8619484131774695,TIME_LIMIT,533589,0,0,5,3
5,8,2.506794e6,-1.0970171902507482,-0.8619484131774695,TIME_LIMIT,533610,0,0,12,6
5,8,2.506883e6,-1.097016203983101,-0.8619484131774695,TIME_LIMIT,533624,0,0,8,5
5,8,2.507016e6,-1.097016203983101,-0.8619484131774695,TIME_LIMIT,533652,0,0,17,7
5,8,2.507168e6,-1.0970153739710364,-0.8619484131774695,TIME_LIMIT,533675,0,0,8,6
5,8,2.507262e6,-1.0970153739710364,-0.8619484131774695,TIME_LIMIT,533701,0,0,9,7
5,8,2.507413e6,-1.097004109930875,-0.8619484131774695,TIME_LIMIT,533727,0,0,11,5
5,8,2.507625e6,-1.097004109930875,-0.8619484131774695,TIME_LIMIT,533756,0,0,29,25
5,8,2.507887e6,-1.0970040106616108,-0.8619484131774695,TIME_LIMIT,533795,0,0,18,11
5,8,2.508e6,-1.0970040106616108,-0.8619484131774695,TIME_LIMIT,533824,0,0,16,28
5,8,2.508196e6,-1.097002460753263,-0.8619484131774695,TIME_LIMIT,533858,0,0,14,10
5,8,2.50833e6,-1.097002460753263,-0.8619484131774695,TIME_LIMIT,533880,0,0,10,13
5,8,2.508496e6,-1.097001402984488,-0.8619484131774695,TIME_LIMIT,533905,0,0,18,4
5,8,2.508591e6,-1.097001402984488,-0.8619484131774695,TIME_LIMIT,533929,0,0,9,7
5,8,2.508621e6,-1.0969994320347647,-0.8619484131774695,TIME_LIMIT,533945,0,0,9,3
5,8,2.50875e6,-1.0969994320347647,-0.8619484131774695,TIME_LIMIT,533964,0,0,7,9
5,8,2.508856e6,-1.0969983601344855,-0.8619484131774695,TIME_LIMIT,533988,0,0,9,5
5,8,2.508925e6,-1.0969983601344855,-0.8619484131774695,TIME_LIMIT,534010,0,0,21,17
5,8,2.50916e6,-1.0969949741722353,-0.8619484131774695,TIME_LIMIT,534050,0,0,21,7
5,8,2.509255e6,-1.0969949741722353,-0.8619484131774695,TIME_LIMIT,534071,0,0,20,17
5,8,2.509371e6,-1.0969896553773197,-0.8619484131774695,TIME_LIMIT,534104,0,0,12,9
5,8,2.509409e6,-1.0969896553773197,-0.8619484131774695,TIME_LIMIT,534122,0,0,11,13
5,8,2.50952e6,-1.0969809683287643,-0.8619484131774695,TIME_LIMIT,534149,0,0,13,7
5,8,2.50974e6,-1.0969809683287643,-0.8619484131774695,TIME_LIMIT,534172,0,0,10,15
5,8,2.50981e6,-1.0969712412310062,-0.8619484131774695,TIME_LIMIT,534196,0,0,8,2
5,8,2.510031e6,-1.0969712412310062,-0.8619484131774695,TIME_LIMIT,534228,0,0,12,9
5,8,2.510276e6,-1.096970922034193,-0.8619484131774695,TIME_LIMIT,534255,0,0,21,7
5,8,2.510364e6,-1.096970922034193,-0.8619484131774695,TIME_LIMIT,534273,0,0,14,5
5,8,2.510485e6,-1.0969705514313652,-0.8619484131774695,TIME_LIMIT,534293,0,0,7,5
5,8,2.510533e6,-1.0969705514313652,-0.8619484131774695,TIME_LIMIT,534313,0,0,10,5
5,8,2.510616e6,-1.0969664150279235,-0.8619484131774695,TIME_LIMIT,534338,0,0,4,5
5,8,2.510727e6,-1.0969664150279235,-0.8619484131774695,TIME_LIMIT,534361,0,0,17,21
5,8,2.510948e6,-1.096964626555861,-0.8619484131774695,TIME_LIMIT,534397,0,0,15,14
5,8,2.511102e6,-1.096964626555861,-0.8619484131774695,TIME_LIMIT,534427,0,0,8,6
5,8,2.511192e6,-1.0969595913392967,-0.8619484131774695,TIME_LIMIT,534448,0,0,14,9
5,8,2.511365e6,-1.0969595913392967,-0.8619484131774695,TIME_LIMIT,534477,0,0,12,9
5,8,2.511489e6,-1.0969457926625337,-0.8619484131774695,TIME_LIMIT,534507,0,0,12,8
5,8,2.511722e6,-1.0969457926625337,-0.8619484131774695,TIME_LIMIT,534539,0,0,15,15
5,8,2.511861e6,-1.096945312124561,-0.8619484131774695,TIME_LIMIT,534561,0,0,12,13
5,8,2.512005e6,-1.096945312124561,-0.8619484131774695,TIME_LIMIT,534587,0,0,18,8
5,8,2.512191e6,-1.0969439995512358,-0.8619484131774695,TIME_LIMIT,534606,0,0,12,6
5,8,2.51236e6,-1.0969439995512358,-0.8619484131774695,TIME_LIMIT,534626,0,0,12,18
5,8,2.512492e6,-1.0969367243000139,-0.8619484131774695,TIME_LIMIT,534656,0,0,13,8
5,8,2.512566e6,-1.0969367243000139,-0.8619484131774695,TIME_LIMIT,534679,0,0,7,7
5,8,2.512711e6,-1.0969354655825547,-0.8619484131774695,TIME_LIMIT,534700,0,0,14,9
5,8,2.512818e6,-1.0969354655825547,-0.8619484131774695,TIME_LIMIT,534722,0,0,5,9
5,8,2.513012e6,-1.0969295008785904,-0.8619484131774695,TIME_LIMIT,534758,0,0,4,7
5,8,2.513094e6,-1.0969295008785904,-0.8619484131774695,TIME_LIMIT,534776,0,0,14,17
5,8,2.513182e6,-1.096928761362765,-0.8619484131774695,TIME_LIMIT,534802,0,0,11,3
5,8,2.513439e6,-1.096928761362765,-0.8619484131774695,TIME_LIMIT,534828,0,0,17,18
5,8,2.513575e6,-1.096919543764494,-0.8619484131774695,TIME_LIMIT,534864,0,0,7,9
5,8,2.513632e6,-1.096919543764494,-0.8619484131774695,TIME_LIMIT,534883,0,0,7,7
5,8,2.513727e6,-1.096918648838416,-0.8619484131774695,TIME_LIMIT,534911,0,0,12,6
5,8,2.513929e6,-1.096918648838416,-0.8619484131774695,TIME_LIMIT,534938,0,0,21,18
5,8,2.514151e6,-1.0969110864155516,-0.8619484131774695,TIME_LIMIT,534973,0,0,9,7
5,8,2.514328e6,-1.0969110864155516,-0.8619484131774695,TIME_LIMIT,535002,0,0,11,9
5,8,2.514444e6,-1.0969054668627676,-0.8619484131774695,TIME_LIMIT,535028,0,0,14,5
5,8,2.514663e6,-1.0969054668627676,-0.8619484131774695,TIME_LIMIT,535048,0,0,15,6
5,8,2.514797e6,-1.0969035171111259,-0.8619484131774695,TIME_LIMIT,535083,0,0,14,6
5,8,2.515105e6,-1.0969035171111259,-0.8619484131774695,TIME_LIMIT,535116,0,0,12,23
5,8,2.515287e6,-1.0969017343517207,-0.8619484131774695,TIME_LIMIT,535140,0,0,12,13
5,8,2.515481e6,-1.0969017343517207,-0.8619484131774695,TIME_LIMIT,535163,0,0,13,6
5,8,2.515588e6,-1.09690128924756,-0.8619484131774695,TIME_LIMIT,535185,0,0,11,5
5,8,2.515733e6,-1.09690128924756,-0.8619484131774695,TIME_LIMIT,535211,0,0,11,10
5,8,2.515794e6,-1.0968955359611838,-0.8619484131774695,TIME_LIMIT,535229,0,0,8,5
5,8,2.516033e6,-1.0968955359611838,-0.8619484131774695,TIME_LIMIT,535248,0,0,16,14
5,8,2.516174e6,-1.0968939033572522,-0.8619484131774695,TIME_LIMIT,535280,0,0,10,13
5,8,2.516318e6,-1.0968939033572522,-0.8619484131774695,TIME_LIMIT,535309,0,0,17,25
5,8,2.516398e6,-1.0968930506129473,-0.8619484131774695,TIME_LIMIT,535336,0,0,4,8
5,8,2.516542e6,-1.0968930506129473,-0.8619484131774695,TIME_LIMIT,535355,0,0,11,14
5,8,2.5166e6,-1.0968822921987527,-0.8619484131774695,TIME_LIMIT,535367,0,0,5,5
5,8,2.516709e6,-1.0968822921987527,-0.8619484131774695,TIME_LIMIT,535387,0,0,17,24
5,8,2.516826e6,-1.0968791200499914,-0.8619484131774695,TIME_LIMIT,535419,0,0,10,6
5,8,2.516872e6,-1.0968791200499914,-0.8619484131774695,TIME_LIMIT,535433,0,0,4,2
5,8,2.516954e6,-1.096874088707084,-0.8619484131774695,TIME_LIMIT,535451,0,0,5,5
5,8,2.517084e6,-1.096874088707084,-0.8619484131774695,TIME_LIMIT,535483,0,0,9,16
5,8,2.517189e6,-1.0968736682190108,-0.8619484131774695,TIME_LIMIT,535507,0,0,8,8
5,8,2.51725e6,-1.0968736682190108,-0.8619484131774695,TIME_LIMIT,535523,0,0,13,17
5,8,2.51739e6,-1.0968736114066342,-0.8619484131774695,TIME_LIMIT,535552,0,0,9,9
5,8,2.517596e6,-1.0968736114066342,-0.8619484131774695,TIME_LIMIT,535579,0,0,11,17
5,8,2.517726e6,-1.0968687097172403,-0.8619484131774695,TIME_LIMIT,535608,0,0,15,5
5,8,2.517916e6,-1.0968687097172403,-0.8619484131774695,TIME_LIMIT,535634,0,0,12,10
5,8,2.518114e6,-1.0968650190949867,-0.8619484131774695,TIME_LIMIT,535656,0,0,8,10
5,8,2.518226e6,-1.0968650190949867,-0.8619484131774695,TIME_LIMIT,535675,0,0,8,14
5,8,2.51838e6,-1.0968595745499812,-0.8619484131774695,TIME_LIMIT,535703,0,0,8,5
5,8,2.518436e6,-1.0968595745499812,-0.8619484131774695,TIME_LIMIT,535723,0,0,9,11
5,8,2.518535e6,-1.0968591925508462,-0.8619484131774695,TIME_LIMIT,535743,0,0,7,5
5,8,2.518758e6,-1.0968591925508462,-0.8619484131774695,TIME_LIMIT,535767,0,0,19,15
5,8,2.518979e6,-1.0968519174077065,-0.8619484131774695,TIME_LIMIT,535793,0,0,14,9
5,8,2.519162e6,-1.0968519174077065,-0.8619484131774695,TIME_LIMIT,535814,0,0,16,15
5,8,2.519368e6,-1.0968515747494396,-0.8619484131774695,TIME_LIMIT,535847,0,0,11,8
5,8,2.519515e6,-1.0968515747494396,-0.8619484131774695,TIME_LIMIT,535872,0,0,20,24
5,8,2.519738e6,-1.0968510363682311,-0.8619484131774695,TIME_LIMIT,535909,0,0,11,7
5,8,2.519835e6,-1.0968510363682311,-0.8619484131774695,TIME_LIMIT,535929,0,0,8,6
5,8,2.519975e6,-1.0968506918979886,-0.8619484131774695,TIME_LIMIT,535963,0,0,11,3
5,8,2.520108e6,-1.0968506918979886,-0.8619484131774695,TIME_LIMIT,535986,0,0,13,17
5,8,2.520297e6,-1.096841914461745,-0.8619484131774695,TIME_LIMIT,536012,0,0,18,11
5,8,2.52051e6,-1.096841914461745,-0.8619484131774695,TIME_LIMIT,536039,0,0,15,13
5,8,2.520594e6,-1.0968406200671357,-0.8619484131774695,TIME_LIMIT,536056,0,0,5,1
5,8,2.520642e6,-1.0968406200671357,-0.8619484131774695,TIME_LIMIT,536070,0,0,9,6
5,8,2.520789e6,-1.0968376475403376,-0.8619484131774695,TIME_LIMIT,536094,0,0,4,4
5,8,2.520944e6,-1.0968376475403376,-0.8619484131774695,TIME_LIMIT,536122,0,0,13,15
5,8,2.521032e6,-1.0968337570223792,-0.8619484131774695,TIME_LIMIT,536146,0,0,13,5
5,8,2.52125e6,-1.0968337570223792,-0.8619484131774695,TIME_LIMIT,536169,0,0,14,12
5,8,2.52136e6,-1.0968228440030914,-0.8619484131774695,TIME_LIMIT,536192,0,0,13,11
5,8,2.521435e6,-1.0968228440030914,-0.8619484131774695,TIME_LIMIT,536212,0,0,14,22
5,8,2.521622e6,-1.0968216608333563,-0.8619484131774695,TIME_LIMIT,536241,0,0,9,4
5,8,2.521736e6,-1.0968216608333563,-0.8619484131774695,TIME_LIMIT,536267,0,0,11,10
5,8,2.52186e6,-1.0968176277798807,-0.8619484131774695,TIME_LIMIT,536294,0,0,5,13
5,8,2.522096e6,-1.0968176277798807,-0.8619484131774695,TIME_LIMIT,536323,0,0,20,13
5,8,2.522273e6,-1.0968153192525747,-0.8619484131774695,TIME_LIMIT,536352,0,0,13,10
5,8,2.522435e6,-1.0968153192525747,-0.8619484131774695,TIME_LIMIT,536379,0,0,10,31
5,8,2.522648e6,-1.0968152318759121,-0.8619484131774695,TIME_LIMIT,536423,0,0,21,13
5,8,2.52272e6,-1.0968152318759121,-0.8619484131774695,TIME_LIMIT,536446,0,0,8,15
5,8,2.522846e6,-1.0968045525329757,-0.8619484131774695,TIME_LIMIT,536461,0,0,10,7
5,8,2.522997e6,-1.0968045525329757,-0.8619484131774695,TIME_LIMIT,536481,0,0,9,11
5,8,2.523132e6,-1.0968022012677154,-0.8619484131774695,TIME_LIMIT,536505,0,0,9,5
5,8,2.523225e6,-1.0968022012677154,-0.8619484131774695,TIME_LIMIT,536525,0,0,13,7
5,8,2.523322e6,-1.0968000703894063,-0.8619484131774695,TIME_LIMIT,536542,0,0,7,0
5,8,2.523477e6,-1.0968000703894063,-0.8619484131774695,TIME_LIMIT,536566,0,0,14,17
5,8,2.523651e6,-1.096796166245618,-0.8619484131774695,TIME_LIMIT,536587,0,0,6,5
5,8,2.523749e6,-1.096796166245618,-0.8619484131774695,TIME_LIMIT,536607,0,0,10,12
5,8,2.523772e6,-1.096794254575157,-0.8619484131774695,TIME_LIMIT,536620,0,0,1,2
5,8,2.523924e6,-1.096794254575157,-0.8619484131774695,TIME_LIMIT,536635,0,0,17,12
5,8,2.523955e6,-1.0967924651719798,-0.8619484131774695,TIME_LIMIT,536654,0,0,7,3
5,8,2.524058e6,-1.0967924651719798,-0.8619484131774695,TIME_LIMIT,536677,0,0,14,5
5,8,2.52415e6,-1.0967892256611584,-0.8619484131774695,TIME_LIMIT,536702,0,0,11,10
5,8,2.524293e6,-1.0967892256611584,-0.8619484131774695,TIME_LIMIT,536733,0,0,9,16
5,8,2.524518e6,-1.0967890811230245,-0.8619484131774695,TIME_LIMIT,536766,0,0,14,14
5,8,2.524629e6,-1.0967890811230245,-0.8619484131774695,TIME_LIMIT,536786,0,0,14,15
5,8,2.524819e6,-1.0967817065621137,-0.8619484131774695,TIME_LIMIT,536816,0,0,7,8
5,8,2.524908e6,-1.0967817065621137,-0.8619484131774695,TIME_LIMIT,536836,0,0,7,8
5,8,2.525018e6,-1.0967777708544462,-0.8619484131774695,TIME_LIMIT,536855,0,0,9,3
5,8,2.525199e6,-1.0967777708544462,-0.8619484131774695,TIME_LIMIT,536883,0,0,7,13
5,8,2.525482e6,-1.096775962925343,-0.8619484131774695,TIME_LIMIT,536908,0,0,16,17
5,8,2.52562e6,-1.096775962925343,-0.8619484131774695,TIME_LIMIT,536938,0,0,13,16
5,8,2.525866e6,-1.0967754302526282,-0.8619484131774695,TIME_LIMIT,536957,0,0,13,9
5,8,2.525968e6,-1.0967754302526282,-0.8619484131774695,TIME_LIMIT,536980,0,0,16,11
5,8,2.526079e6,-1.0967664297462392,-0.8619484131774695,TIME_LIMIT,537013,0,0,13,3
5,8,2.526228e6,-1.0967664297462392,-0.8619484131774695,TIME_LIMIT,537035,0,0,12,6
5,8,2.526385e6,-1.0967622359832638,-0.8619484131774695,TIME_LIMIT,537066,0,0,12,7
5,8,2.52655e6,-1.0967622359832638,-0.8619484131774695,TIME_LIMIT,537086,0,0,6,6
5,8,2.52664e6,-1.096756437384077,-0.8619484131774695,TIME_LIMIT,537108,0,0,8,2
5,8,2.526713e6,-1.096756437384077,-0.8619484131774695,TIME_LIMIT,537129,0,0,14,16
5,8,2.526849e6,-1.0967539622940863,-0.8619484131774695,TIME_LIMIT,537148,0,0,8,6
5,8,2.526961e6,-1.0967539622940863,-0.8619484131774695,TIME_LIMIT,537178,0,0,19,14
5,8,2.527089e6,-1.0967426751844687,-0.8619484131774695,TIME_LIMIT,537207,0,0,13,10
5,8,2.527212e6,-1.0967426751844687,-0.8619484131774695,TIME_LIMIT,537231,0,0,13,14
5,8,2.527308e6,-1.0967400670970648,-0.8619484131774695,TIME_LIMIT,537252,0,0,9,11
5,8,2.52737e6,-1.0967400670970648,-0.8619484131774695,TIME_LIMIT,537267,0,0,7,0
5,8,2.527436e6,-1.0967298939979773,-0.8619484131774695,TIME_LIMIT,537280,0,0,4,4
5,8,2.527522e6,-1.0967298939979773,-0.8619484131774695,TIME_LIMIT,537303,0,0,18,15
5,8,2.527694e6,-1.096726575620351,-0.8619484131774695,TIME_LIMIT,537333,0,0,9,9
5,8,2.527778e6,-1.096726575620351,-0.8619484131774695,TIME_LIMIT,537347,0,0,10,8
5,8,2.527835e6,-1.096715241978877,-0.8619484131774695,TIME_LIMIT,537372,0,0,8,7
5,8,2.528077e6,-1.096715241978877,-0.8619484131774695,TIME_LIMIT,537398,0,0,20,20
5,8,2.528298e6,-1.0966963950637392,-0.8619484131774695,TIME_LIMIT,537434,0,0,16,11
5,8,2.528535e6,-1.0966963950637392,-0.8619484131774695,TIME_LIMIT,537459,0,0,16,17
5,8,2.528627e6,-1.0966947133974427,-0.8619484131774695,TIME_LIMIT,537476,0,0,8,8
5,8,2.528727e6,-1.0966947133974427,-0.8619484131774695,TIME_LIMIT,537490,0,0,9,10
5,8,2.528797e6,-1.096692078043277,-0.8619484131774695,TIME_LIMIT,537506,0,0,2,2
5,8,2.528987e6,-1.096692078043277,-0.8619484131774695,TIME_LIMIT,537532,0,0,5,9
5,8,2.529141e6,-1.09667811401504,-0.8619484131774695,TIME_LIMIT,537560,0,0,16,8
5,8,2.529268e6,-1.09667811401504,-0.8619484131774695,TIME_LIMIT,537590,0,0,16,15
5,8,2.529386e6,-1.0966756007893959,-0.8619484131774695,TIME_LIMIT,537622,0,0,8,9
5,8,2.529597e6,-1.0966756007893959,-0.8619484131774695,TIME_LIMIT,537648,0,0,13,5
5,8,2.529663e6,-1.0966752405335423,-0.8619484131774695,TIME_LIMIT,537668,0,0,9,2
5,8,2.529777e6,-1.0966752405335423,-0.8619484131774695,TIME_LIMIT,537688,0,0,15,14
5,8,2.529981e6,-1.0966740805329978,-0.8619484131774695,TIME_LIMIT,537724,0,0,15,8
5,8,2.530103e6,-1.0966740805329978,-0.8619484131774695,TIME_LIMIT,537757,0,0,11,9
5,8,2.530315e6,-1.096668861901315,-0.8619484131774695,TIME_LIMIT,537779,0,0,7,9
5,8,2.530501e6,-1.096668861901315,-0.8619484131774695,TIME_LIMIT,537802,0,0,8,17
5,8,2.530593e6,-1.0966671543890323,-0.8619484131774695,TIME_LIMIT,537833,0,0,16,6
5,8,2.530651e6,-1.0966671543890323,-0.8619484131774695,TIME_LIMIT,537853,0,0,6,6
5,8,2.530778e6,-1.0966600062169118,-0.8619484131774695,TIME_LIMIT,537883,0,0,12,13
5,8,2.530868e6,-1.0966600062169118,-0.8619484131774695,TIME_LIMIT,537905,0,0,15,12
5,8,2.531008e6,-1.0966595622773727,-0.8619484131774695,TIME_LIMIT,537934,0,0,13,5
5,8,2.531145e6,-1.0966595622773727,-0.8619484131774695,TIME_LIMIT,537960,0,0,18,19
5,8,2.531294e6,-1.0966570497607309,-0.8619484131774695,TIME_LIMIT,537986,0,0,8,4
5,8,2.531418e6,-1.0966570497607309,-0.8619484131774695,TIME_LIMIT,538010,0,0,9,7
5,8,2.53145e6,-1.0966551299349272,-0.8619484131774695,TIME_LIMIT,538028,0,0,8,3
5,8,2.531599e6,-1.0966551299349272,-0.8619484131774695,TIME_LIMIT,538050,0,0,13,11
5,8,2.531833e6,-1.0966548220023766,-0.8619484131774695,TIME_LIMIT,538074,0,0,5,8
5,8,2.531916e6,-1.0966548220023766,-0.8619484131774695,TIME_LIMIT,538094,0,0,11,6
5,8,2.532056e6,-1.09665210585666,-0.8619484131774695,TIME_LIMIT,538114,0,0,9,1
5,8,2.532118e6,-1.09665210585666,-0.8619484131774695,TIME_LIMIT,538127,0,0,11,18
5,8,2.532193e6,-1.0966491505546736,-0.8619484131774695,TIME_LIMIT,538148,0,0,10,1
5,8,2.532416e6,-1.0966491505546736,-0.8619484131774695,TIME_LIMIT,538175,0,0,17,31
5,8,2.532621e6,-1.096642695772083,-0.8619484131774695,TIME_LIMIT,538206,0,0,11,11
5,8,2.53279e6,-1.096642695772083,-0.8619484131774695,TIME_LIMIT,538229,0,0,16,5
5,8,2.532919e6,-1.0966360228105032,-0.8619484131774695,TIME_LIMIT,538253,0,0,12,3
5,8,2.533037e6,-1.0966360228105032,-0.8619484131774695,TIME_LIMIT,538274,0,0,11,10
5,8,2.533207e6,-1.096635752222267,-0.8619484131774695,TIME_LIMIT,538306,0,0,12,7
5,8,2.533293e6,-1.096635752222267,-0.8619484131774695,TIME_LIMIT,538323,0,0,6,5
5,8,2.533364e6,-1.0966343620877281,-0.8619484131774695,TIME_LIMIT,538339,0,0,6,3
5,8,2.533535e6,-1.0966343620877281,-0.8619484131774695,TIME_LIMIT,538360,0,0,20,10
5,8,2.53374e6,-1.0966315950693803,-0.8619484131774695,TIME_LIMIT,538398,0,0,19,7
5,8,2.533966e6,-1.0966315950693803,-0.8619484131774695,TIME_LIMIT,538425,0,0,10,17
5,8,2.534154e6,-1.0966279729807353,-0.8619484131774695,TIME_LIMIT,538453,0,0,11,11
5,8,2.534237e6,-1.0966279729807353,-0.8619484131774695,TIME_LIMIT,538478,0,0,14,7
5,8,2.534295e6,-1.0966052256949848,-0.8619484131774695,TIME_LIMIT,538493,0,0,13,16
5,8,2.534395e6,-1.0966052256949848,-0.8619484131774695,TIME_LIMIT,538513,0,0,6,8
5,8,2.534431e6,-1.0966010946763283,-0.8619484131774695,TIME_LIMIT,538536,0,0,4,1
5,8,2.534535e6,-1.0966010946763283,-0.8619484131774695,TIME_LIMIT,538562,0,0,10,15
5,8,2.534585e6,-1.096598543238318,-0.8619484131774695,TIME_LIMIT,538580,0,0,12,5
5,8,2.534691e6,-1.096598543238318,-0.8619484131774695,TIME_LIMIT,538605,0,0,13,3
5,8,2.534753e6,-1.0965901542155057,-0.8619484131774695,TIME_LIMIT,538621,0,0,6,5
5,8,2.534975e6,-1.0965901542155057,-0.8619484131774695,TIME_LIMIT,538650,0,0,13,11
5,8,2.535218e6,-1.0965879253628446,-0.8619484131774695,TIME_LIMIT,538676,0,0,14,5
5,8,2.535415e6,-1.0965879253628446,-0.8619484131774695,TIME_LIMIT,538703,0,0,14,9
5,8,2.535568e6,-1.0965793287925572,-0.8619484131774695,TIME_LIMIT,538727,0,0,12,8
5,8,2.535694e6,-1.0965793287925572,-0.8619484131774695,TIME_LIMIT,538742,0,0,7,2
5,8,2.535745e6,-1.0965772865325643,-0.8619484131774695,TIME_LIMIT,538755,0,0,1,1
5,8,2.535851e6,-1.0965772865325643,-0.8619484131774695,TIME_LIMIT,538772,0,0,15,18
5,8,2.536009e6,-1.09657502933818,-0.8619484131774695,TIME_LIMIT,538802,0,0,12,5
5,8,2.536116e6,-1.09657502933818,-0.8619484131774695,TIME_LIMIT,538826,0,0,11,5
5,8,2.536173e6,-1.0965749581895818,-0.8619484131774695,TIME_LIMIT,538850,0,0,11,5
5,8,2.536278e6,-1.0965749581895818,-0.8619484131774695,TIME_LIMIT,538880,0,0,13,18
5,8,2.53638e6,-1.096574269295169,-0.8619484131774695,TIME_LIMIT,538905,0,0,13,4
5,8,2.536418e6,-1.096574269295169,-0.8619484131774695,TIME_LIMIT,538920,0,0,9,4
5,8,2.536492e6,-1.0965705495779365,-0.8619484131774695,TIME_LIMIT,538938,0,0,6,2
5,8,2.536663e6,-1.0965705495779365,-0.8619484131774695,TIME_LIMIT,538969,0,0,17,17
5,8,2.536846e6,-1.0965643669819454,-0.8619484131774695,TIME_LIMIT,539004,0,0,19,13
5,8,2.536901e6,-1.0965643669819454,-0.8619484131774695,TIME_LIMIT,539019,0,0,10,12
5,8,2.537074e6,-1.0965640500294813,-0.8619484131774695,TIME_LIMIT,539042,0,0,16,5
5,8,2.537231e6,-1.0965640500294813,-0.8619484131774695,TIME_LIMIT,539071,0,0,19,17
5,8,2.537465e6,-1.0965627440884789,-0.8619484131774695,TIME_LIMIT,539091,0,0,15,8
5,8,2.537702e6,-1.0965627440884789,-0.8619484131774695,TIME_LIMIT,539120,0,0,14,13
5,8,2.537844e6,-1.0965583280762505,-0.8619484131774695,TIME_LIMIT,539144,0,0,7,4
5,8,2.538005e6,-1.0965583280762505,-0.8619484131774695,TIME_LIMIT,539169,0,0,16,27
5,8,2.538164e6,-1.0965509857159876,-0.8619484131774695,TIME_LIMIT,539203,0,0,11,12
5,8,2.538207e6,-1.0965509857159876,-0.8619484131774695,TIME_LIMIT,539227,0,0,17,8
5,8,2.538384e6,-1.0965474267443496,-0.8619484131774695,TIME_LIMIT,539261,0,0,13,8
5,8,2.538513e6,-1.0965474267443496,-0.8619484131774695,TIME_LIMIT,539286,0,0,11,10
5,8,2.538577e6,-1.096538076083926,-0.8619484131774695,TIME_LIMIT,539305,0,0,5,3
5,8,2.538649e6,-1.096538076083926,-0.8619484131774695,TIME_LIMIT,539319,0,0,7,11
5,8,2.53876e6,-1.0965379533297623,-0.8619484131774695,TIME_LIMIT,539347,0,0,3,5
5,8,2.538981e6,-1.0965379533297623,-0.8619484131774695,TIME_LIMIT,539367,0,0,7,7
5,8,2.539103e6,-1.0965377169477117,-0.8619484131774695,TIME_LIMIT,539395,0,0,18,12
5,8,2.539192e6,-1.0965377169477117,-0.8619484131774695,TIME_LIMIT,539420,0,0,8,10
5,8,2.539256e6,-1.0965370871551965,-0.8619484131774695,TIME_LIMIT,539445,0,0,10,4
5,8,2.539367e6,-1.0965370871551965,-0.8619484131774695,TIME_LIMIT,539466,0,0,16,18
5,8,2.53957e6,-1.0965361543579903,-0.8619484131774695,TIME_LIMIT,539500,0,0,17,7
5,8,2.539719e6,-1.0965361543579903,-0.8619484131774695,TIME_LIMIT,539523,0,0,15,5
5,8,2.53985e6,-1.096535954317003,-0.8619484131774695,TIME_LIMIT,539545,0,0,6,3
5,8,2.539935e6,-1.096535954317003,-0.8619484131774695,TIME_LIMIT,539562,0,0,9,9
5,8,2.540048e6,-1.0965273013257146,-0.8619484131774695,TIME_LIMIT,539584,0,0,9,2
5,8,2.540193e6,-1.0965273013257146,-0.8619484131774695,TIME_LIMIT,539606,0,0,12,14
5,8,2.540306e6,-1.096526608681539,-0.8619484131774695,TIME_LIMIT,539638,0,0,14,4
5,8,2.540397e6,-1.096526608681539,-0.8619484131774695,TIME_LIMIT,539660,0,0,13,11
5,8,2.540439e6,-1.0965229583476428,-0.8619484131774695,TIME_LIMIT,539680,0,0,4,2
5,8,2.540557e6,-1.0965229583476428,-0.8619484131774695,TIME_LIMIT,539702,0,0,11,12
5,8,2.540686e6,-1.0965146523205052,-0.8619484131774695,TIME_LIMIT,539725,0,0,7,5
5,8,2.540841e6,-1.0965146523205052,-0.8619484131774695,TIME_LIMIT,539754,0,0,21,10
5,8,2.541e6,-1.0965134050015273,-0.8619484131774695,TIME_LIMIT,539777,0,0,17,11
5,8,2.541082e6,-1.0965134050015273,-0.8619484131774695,TIME_LIMIT,539800,0,0,16,8
5,8,2.541184e6,-1.09649709052084,-0.8619484131774695,TIME_LIMIT,539826,0,0,10,4
5,8,2.54128e6,-1.09649709052084,-0.8619484131774695,TIME_LIMIT,539838,0,0,12,8
5,8,2.541363e6,-1.0964875526738291,-0.8619484131774695,TIME_LIMIT,539861,0,0,8,4
5,8,2.541483e6,-1.0964875526738291,-0.8619484131774695,TIME_LIMIT,539886,0,0,13,5
5,8,2.54153e6,-1.0964832207583723,-0.8619484131774695,TIME_LIMIT,539909,0,0,5,5
5,8,2.541745e6,-1.0964832207583723,-0.8619484131774695,TIME_LIMIT,539932,0,0,15,25
5,8,2.54196e6,-1.0964771811488858,-0.8619484131774695,TIME_LIMIT,539970,0,0,9,4
5,8,2.542117e6,-1.0964771811488858,-0.8619484131774695,TIME_LIMIT,539990,0,0,8,21
5,8,2.542238e6,-1.096458851276734,-0.8619484131774695,TIME_LIMIT,540019,0,0,11,6
5,8,2.542362e6,-1.096458851276734,-0.8619484131774695,TIME_LIMIT,540047,0,0,11,14
5,8,2.542512e6,-1.0964587515047541,-0.8619484131774695,TIME_LIMIT,540065,0,0,8,9
5,8,2.542578e6,-1.0964587515047541,-0.8619484131774695,TIME_LIMIT,540083,0,0,7,8
5,8,2.542783e6,-1.0964574214897516,-0.8619484131774695,TIME_LIMIT,540118,0,0,13,9
5,8,2.542998e6,-1.0964574214897516,-0.8619484131774695,TIME_LIMIT,540142,0,0,20,27
5,8,2.54324e6,-1.0964481878637373,-0.8619484131774695,TIME_LIMIT,540173,0,0,17,14
5,8,2.543477e6,-1.0964481878637373,-0.8619484131774695,TIME_LIMIT,540198,0,0,19,19
5,8,2.543606e6,-1.0964437612808882,-0.8619484131774695,TIME_LIMIT,540237,0,0,7,10
5,8,2.54384e6,-1.0964437612808882,-0.8619484131774695,TIME_LIMIT,540261,0,0,12,13
5,8,2.54396e6,-1.09642712955061,-0.8619484131774695,TIME_LIMIT,540288,0,0,10,8
5,8,2.544083e6,-1.09642712955061,-0.8619484131774695,TIME_LIMIT,540315,0,0,10,9
5,8,2.544227e6,-1.0964208760809961,-0.8619484131774695,TIME_LIMIT,540335,0,0,8,6
5,8,2.544285e6,-1.0964208760809961,-0.8619484131774695,TIME_LIMIT,540357,0,0,13,7
5,8,2.544397e6,-1.096420846390732,-0.8619484131774695,TIME_LIMIT,540377,0,0,10,5
5,8,2.544455e6,-1.096420846390732,-0.8619484131774695,TIME_LIMIT,540396,0,0,10,7
5,8,2.544555e6,-1.096418320916956,-0.8619484131774695,TIME_LIMIT,540420,0,0,10,5
5,8,2.544616e6,-1.096418320916956,-0.8619484131774695,TIME_LIMIT,540440,0,0,15,15
5,8,2.544867e6,-1.0964127022218455,-0.8619484131774695,TIME_LIMIT,540483,0,0,16,16
5,8,2.544955e6,-1.0964127022218455,-0.8619484131774695,TIME_LIMIT,540507,0,0,9,9
5,8,2.545013e6,-1.0964115570322481,-0.8619484131774695,TIME_LIMIT,540526,0,0,7,3
5,8,2.545158e6,-1.0964115570322481,-0.8619484131774695,TIME_LIMIT,540549,0,0,12,17
5,8,2.545275e6,-1.0964083671780447,-0.8619484131774695,TIME_LIMIT,540577,0,0,7,8
5,8,2.545476e6,-1.0964083671780447,-0.8619484131774695,TIME_LIMIT,540603,0,0,10,13
5,8,2.545682e6,-1.0964055376539465,-0.8619484131774695,TIME_LIMIT,540642,0,0,20,14
5,8,2.545721e6,-1.0964055376539465,-0.8619484131774695,TIME_LIMIT,540654,0,0,7,6
5,8,2.545783e6,-1.096405521477366,-0.8619484131774695,TIME_LIMIT,540669,0,0,6,3
5,8,2.545849e6,-1.096405521477366,-0.8619484131774695,TIME_LIMIT,540688,0,0,10,13
5,8,2.546012e6,-1.0963998000797934,-0.8619484131774695,TIME_LIMIT,540709,0,0,12,8
5,8,2.546159e6,-1.0963998000797934,-0.8619484131774695,TIME_LIMIT,540744,0,0,16,18
5,8,2.546304e6,-1.096398156717825,-0.8619484131774695,TIME_LIMIT,540775,0,0,18,12
5,8,2.546512e6,-1.096398156717825,-0.8619484131774695,TIME_LIMIT,540800,0,0,10,14
5,8,2.54666e6,-1.0963915266599198,-0.8619484131774695,TIME_LIMIT,540827,0,0,6,3
5,8,2.546853e6,-1.0963915266599198,-0.8619484131774695,TIME_LIMIT,540854,0,0,11,17
5,8,2.547015e6,-1.0963876718310024,-0.8619484131774695,TIME_LIMIT,540875,0,0,16,12
5,8,2.547239e6,-1.0963876718310024,-0.8619484131774695,TIME_LIMIT,540895,0,0,12,13
5,8,2.547385e6,-1.0963876626436915,-0.8619484131774695,TIME_LIMIT,540930,0,0,11,6
5,8,2.547576e6,-1.0963876626436915,-0.8619484131774695,TIME_LIMIT,540959,0,0,23,19
5,8,2.547697e6,-1.0963831406567144,-0.8619484131774695,TIME_LIMIT,540984,0,0,11,13
5,8,2.547752e6,-1.0963831406567144,-0.8619484131774695,TIME_LIMIT,541004,0,0,14,11
5,8,2.547868e6,-1.0963812905393977,-0.8619484131774695,TIME_LIMIT,541033,0,0,9,7
5,8,2.548054e6,-1.0963812905393977,-0.8619484131774695,TIME_LIMIT,541053,0,0,13,12
5,8,2.548098e6,-1.0963783773176172,-0.8619484131774695,TIME_LIMIT,541075,0,0,12,1
5,8,2.548184e6,-1.0963783773176172,-0.8619484131774695,TIME_LIMIT,541098,0,0,9,9
5,8,2.548226e6,-1.0963727575895175,-0.8619484131774695,TIME_LIMIT,541115,0,0,4,2
5,8,2.548337e6,-1.0963727575895175,-0.8619484131774695,TIME_LIMIT,541135,0,0,10,10
5,8,2.54845e6,-1.096371889459368,-0.8619484131774695,TIME_LIMIT,541153,0,0,10,3
5,8,2.548601e6,-1.096371889459368,-0.8619484131774695,TIME_LIMIT,541175,0,0,12,6
5,8,2.548711e6,-1.0963687546983922,-0.8619484131774695,TIME_LIMIT,541203,0,0,7,5
5,8,2.548953e6,-1.0963687546983922,-0.8619484131774695,TIME_LIMIT,541225,0,0,21,19
5,8,2.549209e6,-1.0963662970398507,-0.8619484131774695,TIME_LIMIT,541251,0,0,10,10
5,8,2.549304e6,-1.0963662970398507,-0.8619484131774695,TIME_LIMIT,541272,0,0,15,13
5,8,2.549462e6,-1.0963642041083417,-0.8619484131774695,TIME_LIMIT,541307,0,0,14,9
5,8,2.549559e6,-1.0963642041083417,-0.8619484131774695,TIME_LIMIT,541327,0,0,4,10
5,8,2.549681e6,-1.0963634472503219,-0.8619484131774695,TIME_LIMIT,541351,0,0,7,3
5,8,2.549892e6,-1.0963634472503219,-0.8619484131774695,TIME_LIMIT,541372,0,0,17,25
5,8,2.550064e6,-1.0963604491958843,-0.8619484131774695,TIME_LIMIT,541408,0,0,11,7
5,8,2.550321e6,-1.0963604491958843,-0.8619484131774695,TIME_LIMIT,541431,0,0,21,26
5,8,2.550511e6,-1.0963489203617471,-0.8619484131774695,TIME_LIMIT,541465,0,0,12,3
5,8,2.550709e6,-1.0963489203617471,-0.8619484131774695,TIME_LIMIT,541490,0,0,20,20
5,8,2.550874e6,-1.096347422217109,-0.8619484131774695,TIME_LIMIT,541520,0,0,14,10
5,8,2.550936e6,-1.096347422217109,-0.8619484131774695,TIME_LIMIT,541544,0,0,8,7
5,8,2.551057e6,-1.0963471023842395,-0.8619484131774695,TIME_LIMIT,541563,0,0,9,3
5,8,2.551267e6,-1.0963471023842395,-0.8619484131774695,TIME_LIMIT,541591,0,0,8,11
5,8,2.551389e6,-1.09634447934567,-0.8619484131774695,TIME_LIMIT,541614,0,0,11,6
5,8,2.551507e6,-1.09634447934567,-0.8619484131774695,TIME_LIMIT,541644,0,0,8,2
5,8,2.55166e6,-1.0963434146201168,-0.8619484131774695,TIME_LIMIT,541663,0,0,8,3
5,8,2.551891e6,-1.0963434146201168,-0.8619484131774695,TIME_LIMIT,541688,0,0,20,12
5,8,2.552019e6,-1.0963237618971369,-0.8619484131774695,TIME_LIMIT,541711,0,0,12,1
5,8,2.55229e6,-1.0963237618971369,-0.8619484131774695,TIME_LIMIT,541731,0,0,10,14
5,8,2.552524e6,-1.0963208812952532,-0.8619484131774695,TIME_LIMIT,541764,0,0,19,9
5,8,2.552591e6,-1.0963208812952532,-0.8619484131774695,TIME_LIMIT,541785,0,0,14,8
5,8,2.55275e6,-1.096315520860297,-0.8619484131774695,TIME_LIMIT,541806,0,0,5,3
5,8,2.552976e6,-1.096315520860297,-0.8619484131774695,TIME_LIMIT,541830,0,0,10,9
5,8,2.553082e6,-1.0963131251174172,-0.8619484131774695,TIME_LIMIT,541852,0,0,15,11
5,8,2.553173e6,-1.0963131251174172,-0.8619484131774695,TIME_LIMIT,541872,0,0,10,9
5,8,2.55323e6,-1.0963063142667206,-0.8619484131774695,TIME_LIMIT,541893,0,0,11,0
5,8,2.553332e6,-1.0963063142667206,-0.8619484131774695,TIME_LIMIT,541919,0,0,13,4
5,8,2.553418e6,-1.0962957829198423,-0.8619484131774695,TIME_LIMIT,541940,0,0,13,7
5,8,2.55362e6,-1.0962957829198423,-0.8619484131774695,TIME_LIMIT,541960,0,0,7,12
5,8,2.553722e6,-1.0962821503773632,-0.8619484131774695,TIME_LIMIT,541984,0,0,13,6
5,8,2.553954e6,-1.0962821503773632,-0.8619484131774695,TIME_LIMIT,542007,0,0,12,22
5,8,2.554002e6,-1.096282060807181,-0.8619484131774695,TIME_LIMIT,542030,0,0,7,6
5,8,2.55419e6,-1.096282060807181,-0.8619484131774695,TIME_LIMIT,542063,0,0,12,14
5,8,2.554564e6,-1.0962795234977678,-0.8619484131774695,TIME_LIMIT,542089,0,0,19,14
5,8,2.554647e6,-1.0962795234977678,-0.8619484131774695,TIME_LIMIT,542111,0,0,6,9
5,8,2.554745e6,-1.0962721036243663,-0.8619484131774695,TIME_LIMIT,542135,0,0,10,9
5,8,2.554969e6,-1.0962721036243663,-0.8619484131774695,TIME_LIMIT,542157,0,0,7,3
5,8,2.555004e6,-1.0962661910648588,-0.8619484131774695,TIME_LIMIT,542167,0,0,6,2
5,8,2.555061e6,-1.0962661910648588,-0.8619484131774695,TIME_LIMIT,542184,0,0,9,7
5,8,2.555228e6,-1.096265644917052,-0.8619484131774695,TIME_LIMIT,542211,0,0,7,5
5,8,2.555393e6,-1.096265644917052,-0.8619484131774695,TIME_LIMIT,542224,0,0,7,7
5,8,2.555459e6,-1.096257540292641,-0.8619484131774695,TIME_LIMIT,542245,0,0,10,2
5,8,2.555643e6,-1.096257540292641,-0.8619484131774695,TIME_LIMIT,542266,0,0,9,4
5,8,2.555724e6,-1.0962543549090322,-0.8619484131774695,TIME_LIMIT,542283,0,0,8,2
5,8,2.555838e6,-1.0962543549090322,-0.8619484131774695,TIME_LIMIT,542308,0,0,14,22
5,8,2.555964e6,-1.096244076602596,-0.8619484131774695,TIME_LIMIT,542340,0,0,8,10
5,8,2.556072e6,-1.096244076602596,-0.8619484131774695,TIME_LIMIT,542360,0,0,15,23
5,8,2.556186e6,-1.0962424220108598,-0.8619484131774695,TIME_LIMIT,542393,0,0,15,8
5,8,2.556356e6,-1.0962424220108598,-0.8619484131774695,TIME_LIMIT,542414,0,0,5,8
5,8,2.556411e6,-1.096238925414534,-0.8619484131774695,TIME_LIMIT,542432,0,0,9,3
5,8,2.556594e6,-1.096238925414534,-0.8619484131774695,TIME_LIMIT,542457,0,0,11,20
5,8,2.556699e6,-1.0962345894111272,-0.8619484131774695,TIME_LIMIT,542489,0,0,17,12
5,8,2.556929e6,-1.0962345894111272,-0.8619484131774695,TIME_LIMIT,542509,0,0,20,26
5,8,2.557199e6,-1.0962322093208932,-0.8619484131774695,TIME_LIMIT,542547,0,0,17,9
5,8,2.557405e6,-1.0962322093208932,-0.8619484131774695,TIME_LIMIT,542562,0,0,6,9
5,8,2.557467e6,-1.0962290288526808,-0.8619484131774695,TIME_LIMIT,542578,0,0,9,3
5,8,2.557596e6,-1.0962290288526808,-0.8619484131774695,TIME_LIMIT,542592,0,0,10,15
5,8,2.557672e6,-1.0962274726814791,-0.8619484131774695,TIME_LIMIT,542618,0,0,14,2
5,8,2.557783e6,-1.0962274726814791,-0.8619484131774695,TIME_LIMIT,542636,0,0,12,15
5,8,2.557884e6,-1.096219220719202,-0.8619484131774695,TIME_LIMIT,542666,0,0,12,2
5,8,2.558113e6,-1.096219220719202,-0.8619484131774695,TIME_LIMIT,542698,0,0,12,10
5,8,2.558466e6,-1.0962080407031107,-0.8619484131774695,TIME_LIMIT,542720,0,0,9,8
5,8,2.558585e6,-1.0962080407031107,-0.8619484131774695,TIME_LIMIT,542746,0,0,21,20
5,8,2.558713e6,-1.0962054079720298,-0.8619484131774695,TIME_LIMIT,542783,0,0,19,16
5,8,2.558891e6,-1.0962054079720298,-0.8619484131774695,TIME_LIMIT,542810,0,0,9,9
5,8,2.558988e6,-1.0962003406137748,-0.8619484131774695,TIME_LIMIT,542837,0,0,13,9
5,8,2.559144e6,-1.0962003406137748,-0.8619484131774695,TIME_LIMIT,542870,0,0,16,11
5,8,2.559321e6,-1.0961989350734767,-0.8619484131774695,TIME_LIMIT,542889,0,0,8,16
5,8,2.559425e6,-1.0961989350734767,-0.8619484131774695,TIME_LIMIT,542917,0,0,11,5
5,8,2.559566e6,-1.0961976554024273,-0.8619484131774695,TIME_LIMIT,542937,0,0,13,8
5,8,2.559775e6,-1.0961976554024273,-0.8619484131774695,TIME_LIMIT,542967,0,0,19,14
5,8,2.560023e6,-1.0961946657452293,-0.8619484131774695,TIME_LIMIT,542995,0,0,15,10
5,8,2.560177e6,-1.0961946657452293,-0.8619484131774695,TIME_LIMIT,543020,0,0,22,21
5,8,2.56043e6,-1.0961912360887014,-0.8619484131774695,TIME_LIMIT,543061,0,0,11,10
5,8,2.560666e6,-1.0961912360887014,-0.8619484131774695,TIME_LIMIT,543086,0,0,14,18
5,8,2.5609e6,-1.0961868621494586,-0.8619484131774695,TIME_LIMIT,543133,0,0,19,14
5,8,2.561069e6,-1.0961868621494586,-0.8619484131774695,TIME_LIMIT,543164,0,0,16,23
5,8,2.561197e6,-1.0961795493423503,-0.8619484131774695,TIME_LIMIT,543189,0,0,13,9
5,8,2.56131e6,-1.0961795493423503,-0.8619484131774695,TIME_LIMIT,543217,0,0,16,5
5,8,2.5614e6,-1.0961763123442496,-0.8619484131774695,TIME_LIMIT,543242,0,0,14,3
5,8,2.561462e6,-1.0961763123442496,-0.8619484131774695,TIME_LIMIT,543263,0,0,17,19
5,8,2.561589e6,-1.096171369027381,-0.8619484131774695,TIME_LIMIT,543296,0,0,13,7
5,8,2.561837e6,-1.096171369027381,-0.8619484131774695,TIME_LIMIT,543325,0,0,16,11
5,8,2.562004e6,-1.0961639708487727,-0.8619484131774695,TIME_LIMIT,543354,0,0,13,11
5,8,2.562232e6,-1.0961639708487727,-0.8619484131774695,TIME_LIMIT,543382,0,0,14,20
5,8,2.562501e6,-1.0961496500408685,-0.8619484131774695,TIME_LIMIT,543421,0,0,8,8
5,8,2.562719e6,-1.0961496500408685,-0.8619484131774695,TIME_LIMIT,543448,0,0,14,19
5,8,2.562861e6,-1.0961493961116142,-0.8619484131774695,TIME_LIMIT,543484,0,0,13,9
5,8,2.563071e6,-1.0961493961116142,-0.8619484131774695,TIME_LIMIT,543519,0,0,20,18
5,8,2.563266e6,-1.0961492847077086,-0.8619484131774695,TIME_LIMIT,543544,0,0,12,9
5,8,2.56343e6,-1.0961492847077086,-0.8619484131774695,TIME_LIMIT,543565,0,0,6,13
5,8,2.563546e6,-1.0961400801007337,-0.8619484131774695,TIME_LIMIT,543586,0,0,12,8
5,8,2.563774e6,-1.0961400801007337,-0.8619484131774695,TIME_LIMIT,543609,0,0,9,8
5,8,2.563818e6,-1.0961348000858022,-0.8619484131774695,TIME_LIMIT,543623,0,0,6,2
5,8,2.563914e6,-1.0961348000858022,-0.8619484131774695,TIME_LIMIT,543645,0,0,13,20
5,8,2.564082e6,-1.0961343961551173,-0.8619484131774695,TIME_LIMIT,543672,0,0,16,7
5,8,2.564202e6,-1.0961343961551173,-0.8619484131774695,TIME_LIMIT,543694,0,0,20,18
5,8,2.564455e6,-1.0961324087082969,-0.8619484131774695,TIME_LIMIT,543730,0,0,11,12
5,8,2.564561e6,-1.0961324087082969,-0.8619484131774695,TIME_LIMIT,543750,0,0,9,7
5,8,2.564677e6,-1.0961318462452836,-0.8619484131774695,TIME_LIMIT,543776,0,0,6,6
5,8,2.564897e6,-1.0961318462452836,-0.8619484131774695,TIME_LIMIT,543801,0,0,19,26
5,8,2.565016e6,-1.0961300665321425,-0.8619484131774695,TIME_LIMIT,543833,0,0,11,8
5,8,2.565196e6,-1.0961300665321425,-0.8619484131774695,TIME_LIMIT,543848,0,0,11,15
5,8,2.565289e6,-1.0961298487630189,-0.8619484131774695,TIME_LIMIT,543878,0,0,7,9
5,8,2.565356e6,-1.0961298487630189,-0.8619484131774695,TIME_LIMIT,543896,0,0,11,19
5,8,2.565478e6,-1.0961250632429693,-0.8619484131774695,TIME_LIMIT,543917,0,0,10,2
5,8,2.565705e6,-1.0961250632429693,-0.8619484131774695,TIME_LIMIT,543945,0,0,8,8
5,8,2.565806e6,-1.0961236459681425,-0.8619484131774695,TIME_LIMIT,543962,0,0,9,9
5,8,2.566024e6,-1.0961236459681425,-0.8619484131774695,TIME_LIMIT,543989,0,0,19,24
5,8,2.56615e6,-1.096119951369423,-0.8619484131774695,TIME_LIMIT,544026,0,0,7,10
5,8,2.566453e6,-1.096119951369423,-0.8619484131774695,TIME_LIMIT,544046,0,0,13,13
5,8,2.566725e6,-1.0961196398630224,-0.8619484131774695,TIME_LIMIT,544069,0,0,7,10
5,8,2.566801e6,-1.0961196398630224,-0.8619484131774695,TIME_LIMIT,544086,0,0,6,8
5,8,2.566876e6,-1.0960993503979346,-0.8619484131774695,TIME_LIMIT,544098,0,0,6,5
5,8,2.567149e6,-1.0960993503979346,-0.8619484131774695,TIME_LIMIT,544135,0,0,19,18
5,8,2.567247e6,-1.0960955276322397,-0.8619484131774695,TIME_LIMIT,544165,0,0,12,10
5,8,2.567355e6,-1.0960955276322397,-0.8619484131774695,TIME_LIMIT,544188,0,0,13,7
5,8,2.567482e6,-1.0960948464668376,-0.8619484131774695,TIME_LIMIT,544204,0,0,8,3
5,8,2.567709e6,-1.0960948464668376,-0.8619484131774695,TIME_LIMIT,544226,0,0,10,18
5,8,2.567934e6,-1.0960900006646694,-0.8619484131774695,TIME_LIMIT,544267,0,0,15,9
5,8,2.568186e6,-1.0960900006646694,-0.8619484131774695,TIME_LIMIT,544294,0,0,17,13
5,8,2.568458e6,-1.0960891213924817,-0.8619484131774695,TIME_LIMIT,544319,0,0,14,7
5,8,2.568667e6,-1.0960891213924817,-0.8619484131774695,TIME_LIMIT,544342,0,0,20,21
5,8,2.56878e6,-1.0960855982676247,-0.8619484131774695,TIME_LIMIT,544378,0,0,9,11
5,8,2.56899e6,-1.0960855982676247,-0.8619484131774695,TIME_LIMIT,544409,0,0,18,22
5,8,2.569248e6,-1.0960813134521445,-0.8619484131774695,TIME_LIMIT,544444,0,0,17,13
5,8,2.569336e6,-1.0960813134521445,-0.8619484131774695,TIME_LIMIT,544462,0,0,16,15
5,8,2.569462e6,-1.0960755001125724,-0.8619484131774695,TIME_LIMIT,544494,0,0,11,5
5,8,2.569554e6,-1.0960755001125724,-0.8619484131774695,TIME_LIMIT,544517,0,0,14,12
5,8,2.569642e6,-1.096074068942177,-0.8619484131774695,TIME_LIMIT,544542,0,0,10,8
5,8,2.569819e6,-1.096074068942177,-0.8619484131774695,TIME_LIMIT,544567,0,0,14,7
5,8,2.569893e6,-1.0960735790061529,-0.8619484131774695,TIME_LIMIT,544585,0,0,5,2
5,8,2.570117e6,-1.0960735790061529,-0.8619484131774695,TIME_LIMIT,544615,0,0,17,27
5,8,2.570279e6,-1.096070496980133,-0.8619484131774695,TIME_LIMIT,544639,0,0,15,9
5,8,2.57031e6,-1.096070496980133,-0.8619484131774695,TIME_LIMIT,544649,0,0,9,6
5,8,2.570359e6,-1.0960675536268645,-0.8619484131774695,TIME_LIMIT,544663,0,0,2,0
5,8,2.570455e6,-1.0960675536268645,-0.8619484131774695,TIME_LIMIT,544683,0,0,13,11
5,8,2.570541e6,-1.096064955720513,-0.8619484131774695,TIME_LIMIT,544707,0,0,5,5
5,8,2.570623e6,-1.096064955720513,-0.8619484131774695,TIME_LIMIT,544724,0,0,11,13
5,8,2.57072e6,-1.0960633971808567,-0.8619484131774695,TIME_LIMIT,544750,0,0,12,2
5,8,2.570771e6,-1.0960633971808567,-0.8619484131774695,TIME_LIMIT,544764,0,0,7,2
5,8,2.570853e6,-1.0960593542299537,-0.8619484131774695,TIME_LIMIT,544779,0,0,4,2
5,8,2.570988e6,-1.0960593542299537,-0.8619484131774695,TIME_LIMIT,544804,0,0,12,7
5,8,2.57104e6,-1.0960538898877008,-0.8619484131774695,TIME_LIMIT,544820,0,0,8,6
5,8,2.571276e6,-1.0960538898877008,-0.8619484131774695,TIME_LIMIT,544844,0,0,17,16
5,8,2.571509e6,-1.096050365840221,-0.8619484131774695,TIME_LIMIT,544881,0,0,10,17
5,8,2.571671e6,-1.096050365840221,-0.8619484131774695,TIME_LIMIT,544905,0,0,9,8
5,8,2.571761e6,-1.0960423119395388,-0.8619484131774695,TIME_LIMIT,544925,0,0,7,4
5,8,2.571985e6,-1.0960423119395388,-0.8619484131774695,TIME_LIMIT,544950,0,0,13,12
5,8,2.572091e6,-1.0960380102793459,-0.8619484131774695,TIME_LIMIT,544974,0,0,12,8
5,8,2.572176e6,-1.0960380102793459,-0.8619484131774695,TIME_LIMIT,544995,0,0,15,10
5,8,2.572391e6,-1.0960341914870475,-0.8619484131774695,TIME_LIMIT,545022,0,0,13,7
5,8,2.572463e6,-1.0960341914870475,-0.8619484131774695,TIME_LIMIT,545043,0,0,17,13
5,8,2.572667e6,-1.096031122978145,-0.8619484131774695,TIME_LIMIT,545078,0,0,8,5
5,8,2.572771e6,-1.096031122978145,-0.8619484131774695,TIME_LIMIT,545097,0,0,8,12
5,8,2.572922e6,-1.0960282213741355,-0.8619484131774695,TIME_LIMIT,545134,0,0,8,9
5,8,2.57323e6,-1.0960282213741355,-0.8619484131774695,TIME_LIMIT,545154,0,0,13,12
5,8,2.573362e6,-1.0960281808353871,-0.8619484131774695,TIME_LIMIT,545191,0,0,9,8
5,8,2.57346e6,-1.0960281808353871,-0.8619484131774695,TIME_LIMIT,545210,0,0,15,11
5,8,2.573504e6,-1.0960236625468938,-0.8619484131774695,TIME_LIMIT,545229,0,0,9,7
5,8,2.573723e6,-1.0960236625468938,-0.8619484131774695,TIME_LIMIT,545261,0,0,14,21
5,8,2.57396e6,-1.096023187641879,-0.8619484131774695,TIME_LIMIT,545283,0,0,15,9
5,8,2.574136e6,-1.096023187641879,-0.8619484131774695,TIME_LIMIT,545304,0,0,18,12
5,8,2.574333e6,-1.0960194246631279,-0.8619484131774695,TIME_LIMIT,545332,0,0,13,5
5,8,2.574551e6,-1.0960194246631279,-0.8619484131774695,TIME_LIMIT,545364,0,0,15,20
5,8,2.574736e6,-1.096018134145313,-0.8619484131774695,TIME_LIMIT,545394,0,0,14,9
5,8,2.574892e6,-1.096018134145313,-0.8619484131774695,TIME_LIMIT,545422,0,0,15,7
5,8,2.575004e6,-1.096015076887765,-0.8619484131774695,TIME_LIMIT,545449,0,0,14,8
5,8,2.575175e6,-1.096015076887765,-0.8619484131774695,TIME_LIMIT,545470,0,0,14,19
5,8,2.575325e6,-1.0960121102661515,-0.8619484131774695,TIME_LIMIT,545504,0,0,9,3
5,8,2.575487e6,-1.0960121102661515,-0.8619484131774695,TIME_LIMIT,545522,0,0,7,10
5,8,2.575582e6,-1.0960076805653352,-0.8619484131774695,TIME_LIMIT,545544,0,0,6,1
5,8,2.575642e6,-1.0960076805653352,-0.8619484131774695,TIME_LIMIT,545566,0,0,11,19
5,8,2.575675e6,-1.0960015606943903,-0.8619484131774695,TIME_LIMIT,545584,0,0,9,9
5,8,2.575877e6,-1.0960015606943903,-0.8619484131774695,TIME_LIMIT,545604,0,0,10,22
5,8,2.576199e6,-1.0960010299612792,-0.8619484131774695,TIME_LIMIT,545642,0,0,11,7
5,8,2.576383e6,-1.0960010299612792,-0.8619484131774695,TIME_LIMIT,545667,0,0,21,26
5,8,2.576614e6,-1.095996457681534,-0.8619484131774695,TIME_LIMIT,545703,0,0,11,9
5,8,2.576805e6,-1.095996457681534,-0.8619484131774695,TIME_LIMIT,545736,0,0,21,4
5,8,2.577031e6,-1.0959889206367246,-0.8619484131774695,TIME_LIMIT,545759,0,0,18,10
5,8,2.577199e6,-1.0959889206367246,-0.8619484131774695,TIME_LIMIT,545780,0,0,8,12
5,8,2.577336e6,-1.0959855635860012,-0.8619484131774695,TIME_LIMIT,545810,0,0,11,3
5,8,2.577565e6,-1.0959855635860012,-0.8619484131774695,TIME_LIMIT,545833,0,0,16,8
5,8,2.57773e6,-1.0959799524849472,-0.8619484131774695,TIME_LIMIT,545876,0,0,14,7
5,8,2.577814e6,-1.0959799524849472,-0.8619484131774695,TIME_LIMIT,545898,0,0,12,14
5,8,2.577937e6,-1.0959778798794972,-0.8619484131774695,TIME_LIMIT,545924,0,0,10,6
5,8,2.578072e6,-1.0959778798794972,-0.8619484131774695,TIME_LIMIT,545950,0,0,21,25
5,8,2.578354e6,-1.095977020325195,-0.8619484131774695,TIME_LIMIT,545987,0,0,11,16
5,8,2.578507e6,-1.095977020325195,-0.8619484131774695,TIME_LIMIT,546005,0,0,12,13
5,8,2.578625e6,-1.0959748422997944,-0.8619484131774695,TIME_LIMIT,546035,0,0,11,4
5,8,2.578763e6,-1.0959748422997944,-0.8619484131774695,TIME_LIMIT,546063,0,0,18,16
5,8,2.578851e6,-1.0959690240923288,-0.8619484131774695,TIME_LIMIT,546083,0,0,6,12
5,8,2.579056e6,-1.0959690240923288,-0.8619484131774695,TIME_LIMIT,546106,0,0,10,17
5,8,2.579127e6,-1.095957394486554,-0.8619484131774695,TIME_LIMIT,546134,0,0,14,7
5,8,2.579328e6,-1.095957394486554,-0.8619484131774695,TIME_LIMIT,546159,0,0,11,11
5,8,2.579416e6,-1.0959557312762547,-0.8619484131774695,TIME_LIMIT,546175,0,0,6,8
5,8,2.579551e6,-1.0959557312762547,-0.8619484131774695,TIME_LIMIT,546198,0,0,6,21
5,8,2.579635e6,-1.095954908998248,-0.8619484131774695,TIME_LIMIT,546218,0,0,6,3
5,8,2.579748e6,-1.095954908998248,-0.8619484131774695,TIME_LIMIT,546246,0,0,10,9
5,8,2.579823e6,-1.0959416075889326,-0.8619484131774695,TIME_LIMIT,546267,0,0,4,8
5,8,2.579867e6,-1.0959416075889326,-0.8619484131774695,TIME_LIMIT,546285,0,0,8,4
5,8,2.579951e6,-1.0959412219386655,-0.8619484131774695,TIME_LIMIT,546298,0,0,8,5
5,8,2.580101e6,-1.0959412219386655,-0.8619484131774695,TIME_LIMIT,546324,0,0,9,24
5,8,2.580386e6,-1.095940088577514,-0.8619484131774695,TIME_LIMIT,546365,0,0,14,16
5,8,2.580542e6,-1.095940088577514,-0.8619484131774695,TIME_LIMIT,546386,0,0,13,14
5,8,2.580739e6,-1.0959332542827176,-0.8619484131774695,TIME_LIMIT,546416,0,0,11,6
5,8,2.580863e6,-1.0959332542827176,-0.8619484131774695,TIME_LIMIT,546440,0,0,9,10
5,8,2.581012e6,-1.095927621964591,-0.8619484131774695,TIME_LIMIT,546453,0,0,5,6
5,8,2.58112e6,-1.095927621964591,-0.8619484131774695,TIME_LIMIT,546477,0,0,6,15
5,8,2.581258e6,-1.0959248626592093,-0.8619484131774695,TIME_LIMIT,546506,0,0,10,3
5,8,2.581356e6,-1.0959248626592093,-0.8619484131774695,TIME_LIMIT,546533,0,0,9,10
5,8,2.581494e6,-1.0959178676076196,-0.8619484131774695,TIME_LIMIT,546557,0,0,7,10
5,8,2.581645e6,-1.0959178676076196,-0.8619484131774695,TIME_LIMIT,546580,0,0,11,5
5,8,2.581736e6,-1.0959100283518848,-0.8619484131774695,TIME_LIMIT,546593,0,0,11,4
5,8,2.581952e6,-1.0959100283518848,-0.8619484131774695,TIME_LIMIT,546614,0,0,17,18
5,8,2.582064e6,-1.0958966269388546,-0.8619484131774695,TIME_LIMIT,546650,0,0,17,7
5,8,2.582129e6,-1.0958966269388546,-0.8619484131774695,TIME_LIMIT,546669,0,0,12,3
5,8,2.582191e6,-1.095889540142271,-0.8619484131774695,TIME_LIMIT,546682,0,0,8,3
5,8,2.582305e6,-1.095889540142271,-0.8619484131774695,TIME_LIMIT,546703,0,0,14,10
5,8,2.582407e6,-1.0958858618055944,-0.8619484131774695,TIME_LIMIT,546727,0,0,9,7
5,8,2.582533e6,-1.0958858618055944,-0.8619484131774695,TIME_LIMIT,546747,0,0,9,11
5,8,2.582631e6,-1.0958813818626214,-0.8619484131774695,TIME_LIMIT,546778,0,0,15,10
5,8,2.582708e6,-1.0958813818626214,-0.8619484131774695,TIME_LIMIT,546799,0,0,15,14
5,8,2.582803e6,-1.0958779480575762,-0.8619484131774695,TIME_LIMIT,546822,0,0,8,7
5,8,2.58289e6,-1.0958779480575762,-0.8619484131774695,TIME_LIMIT,546844,0,0,14,9
5,8,2.582979e6,-1.095874849417562,-0.8619484131774695,TIME_LIMIT,546869,0,0,10,4
5,8,2.583192e6,-1.095874849417562,-0.8619484131774695,TIME_LIMIT,546895,0,0,12,13
5,8,2.583314e6,-1.095871871580013,-0.8619484131774695,TIME_LIMIT,546923,0,0,13,3
5,8,2.58348e6,-1.095871871580013,-0.8619484131774695,TIME_LIMIT,546941,0,0,18,19
5,8,2.583688e6,-1.095870805659698,-0.8619484131774695,TIME_LIMIT,546980,0,0,9,8
5,8,2.58384e6,-1.095870805659698,-0.8619484131774695,TIME_LIMIT,547003,0,0,6,6
5,8,2.583943e6,-1.0958698923290144,-0.8619484131774695,TIME_LIMIT,547029,0,0,13,9
5,8,2.584008e6,-1.0958698923290144,-0.8619484131774695,TIME_LIMIT,547048,0,0,7,8
5,8,2.584056e6,-1.0958683850661082,-0.8619484131774695,TIME_LIMIT,547070,0,0,9,3
5,8,2.584337e6,-1.0958683850661082,-0.8619484131774695,TIME_LIMIT,547092,0,0,16,20
5,8,2.584431e6,-1.0958645579202133,-0.8619484131774695,TIME_LIMIT,547118,0,0,6,4
5,8,2.584533e6,-1.0958645579202133,-0.8619484131774695,TIME_LIMIT,547137,0,0,8,19
5,8,2.584619e6,-1.095853425968468,-0.8619484131774695,TIME_LIMIT,547168,0,0,13,6
5,8,2.584765e6,-1.095853425968468,-0.8619484131774695,TIME_LIMIT,547188,0,0,11,12
5,8,2.584792e6,-1.0958530428744382,-0.8619484131774695,TIME_LIMIT,547204,0,0,7,1
5,8,2.584905e6,-1.0958530428744382,-0.8619484131774695,TIME_LIMIT,547224,0,0,10,8
5,8,2.584972e6,-1.0958429168846247,-0.8619484131774695,TIME_LIMIT,547244,0,0,4,7
5,8,2.585073e6,-1.0958429168846247,-0.8619484131774695,TIME_LIMIT,547267,0,0,10,14
5,8,2.585165e6,-1.095842418169951,-0.8619484131774695,TIME_LIMIT,547295,0,0,6,8
5,8,2.585345e6,-1.095842418169951,-0.8619484131774695,TIME_LIMIT,547318,0,0,17,17
5,8,2.585496e6,-1.09584124281453,-0.8619484131774695,TIME_LIMIT,547344,0,0,9,5
5,8,2.585549e6,-1.09584124281453,-0.8619484131774695,TIME_LIMIT,547368,0,0,16,8
5,8,2.585657e6,-1.0958409257077992,-0.8619484131774695,TIME_LIMIT,547397,0,0,5,8
5,8,2.585812e6,-1.0958409257077992,-0.8619484131774695,TIME_LIMIT,547419,0,0,11,20
5,8,2.586025e6,-1.0958378774718704,-0.8619484131774695,TIME_LIMIT,547455,0,0,15,10
5,8,2.586117e6,-1.0958378774718704,-0.8619484131774695,TIME_LIMIT,547472,0,0,6,5
5,8,2.586169e6,-1.0958365940448211,-0.8619484131774695,TIME_LIMIT,547487,0,0,6,2
5,8,2.586379e6,-1.0958365940448211,-0.8619484131774695,TIME_LIMIT,547519,0,0,14,23
5,8,2.586597e6,-1.0958360197649046,-0.8619484131774695,TIME_LIMIT,547552,0,0,22,9
5,8,2.586704e6,-1.0958360197649046,-0.8619484131774695,TIME_LIMIT,547577,0,0,12,7
5,8,2.586783e6,-1.095833504661519,-0.8619484131774695,TIME_LIMIT,547599,0,0,9,3
5,8,2.586899e6,-1.095833504661519,-0.8619484131774695,TIME_LIMIT,547626,0,0,16,12
5,8,2.587064e6,-1.0958285178986187,-0.8619484131774695,TIME_LIMIT,547651,0,0,9,9
5,8,2.587167e6,-1.0958285178986187,-0.8619484131774695,TIME_LIMIT,547678,0,0,15,9
5,8,2.587373e6,-1.0958281439131532,-0.8619484131774695,TIME_LIMIT,547698,0,0,17,6
5,8,2.587453e6,-1.0958281439131532,-0.8619484131774695,TIME_LIMIT,547721,0,0,12,8
5,8,2.587565e6,-1.095822358913686,-0.8619484131774695,TIME_LIMIT,547741,0,0,8,6
5,8,2.587675e6,-1.095822358913686,-0.8619484131774695,TIME_LIMIT,547774,0,0,7,11
5,8,2.587761e6,-1.0958220911491123,-0.8619484131774695,TIME_LIMIT,547792,0,0,8,14
5,8,2.587906e6,-1.0958220911491123,-0.8619484131774695,TIME_LIMIT,547819,0,0,9,6
5,8,2.588005e6,-1.095821407948633,-0.8619484131774695,TIME_LIMIT,547847,0,0,10,3
5,8,2.588145e6,-1.095821407948633,-0.8619484131774695,TIME_LIMIT,547871,0,0,10,6
5,8,2.588271e6,-1.0958204283291253,-0.8619484131774695,TIME_LIMIT,547891,0,0,10,9
5,8,2.588488e6,-1.0958204283291253,-0.8619484131774695,TIME_LIMIT,547919,0,0,7,7
5,8,2.588609e6,-1.0958180278852474,-0.8619484131774695,TIME_LIMIT,547939,0,0,19,6
5,8,2.588754e6,-1.0958180278852474,-0.8619484131774695,TIME_LIMIT,547959,0,0,10,10
5,8,2.588916e6,-1.0958162151810071,-0.8619484131774695,TIME_LIMIT,547995,0,0,15,6
5,8,2.58902e6,-1.0958162151810071,-0.8619484131774695,TIME_LIMIT,548012,0,0,5,5
5,8,2.589112e6,-1.0958073915025497,-0.8619484131774695,TIME_LIMIT,548031,0,0,7,2
5,8,2.589267e6,-1.0958073915025497,-0.8619484131774695,TIME_LIMIT,548057,0,0,14,18
5,8,2.589517e6,-1.0958017450582176,-0.8619484131774695,TIME_LIMIT,548094,0,0,9,16
5,8,2.589749e6,-1.0958017450582176,-0.8619484131774695,TIME_LIMIT,548120,0,0,24,32
5,8,2.59e6,-1.0958012869957798,-0.8619484131774695,TIME_LIMIT,548156,0,0,3,8
5,8,2.590056e6,-1.0958012869957798,-0.8619484131774695,TIME_LIMIT,548172,0,0,8,7
5,8,2.590093e6,-1.0957921963367063,-0.8619484131774695,TIME_LIMIT,548182,0,0,4,0
5,8,2.590186e6,-1.0957921963367063,-0.8619484131774695,TIME_LIMIT,548198,0,0,8,17
5,8,2.590309e6,-1.0957804090542413,-0.8619484131774695,TIME_LIMIT,548218,0,0,5,3
5,8,2.59045e6,-1.0957804090542413,-0.8619484131774695,TIME_LIMIT,548237,0,0,10,18
5,8,2.590657e6,-1.0957718709925142,-0.8619484131774695,TIME_LIMIT,548273,0,0,12,9
5,8,2.590872e6,-1.0957718709925142,-0.8619484131774695,TIME_LIMIT,548302,0,0,18,12
5,8,2.591004e6,-1.0957681533706118,-0.8619484131774695,TIME_LIMIT,548334,0,0,17,15
5,8,2.591124e6,-1.0957681533706118,-0.8619484131774695,TIME_LIMIT,548356,0,0,17,17
5,8,2.591263e6,-1.095765325711164,-0.8619484131774695,TIME_LIMIT,548388,0,0,8,6
5,8,2.591355e6,-1.095765325711164,-0.8619484131774695,TIME_LIMIT,548402,0,0,12,15
5,8,2.591492e6,-1.0957587835584415,-0.8619484131774695,TIME_LIMIT,548433,0,0,8,4
5,8,2.591707e6,-1.0957587835584415,-0.8619484131774695,TIME_LIMIT,548459,0,0,13,26
5,8,2.591907e6,-1.0957573384755046,-0.8619484131774695,TIME_LIMIT,548494,0,0,17,21
5,8,2.592066e6,-1.0957573384755046,-0.8619484131774695,TIME_LIMIT,548522,0,0,23,13
5,8,2.592192e6,-1.0957569130006628,-0.8619484131774695,TIME_LIMIT,548545,0,0,6,10
5,8,2.592293e6,-1.0957569130006628,-0.8619484131774695,TIME_LIMIT,548567,0,0,11,13
5,8,2.59243e6,-1.095752279241569,-0.8619484131774695,TIME_LIMIT,548604,0,0,12,13
5,8,2.592525e6,-1.095752279241569,-0.8619484131774695,TIME_LIMIT,548625,0,0,11,6
5,8,2.592565e6,-1.0957493698315401,-0.8619484131774695,TIME_LIMIT,548639,0,0,11,5
5,8,2.592691e6,-1.0957493698315401,-0.8619484131774695,TIME_LIMIT,548657,0,0,13,15
5,8,2.592881e6,-1.0957487103441292,-0.8619484131774695,TIME_LIMIT,548693,0,0,13,11
5,8,2.593024e6,-1.0957487103441292,-0.8619484131774695,TIME_LIMIT,548721,0,0,10,21
5,8,2.593136e6,-1.0957443375933877,-0.8619484131774695,TIME_LIMIT,548753,0,0,8,9
5,8,2.593314e6,-1.0957443375933877,-0.8619484131774695,TIME_LIMIT,548778,0,0,10,16
5,8,2.593424e6,-1.095743215215543,-0.8619484131774695,TIME_LIMIT,548802,0,0,13,11
5,8,2.593453e6,-1.095743215215543,-0.8619484131774695,TIME_LIMIT,548811,0,0,6,1
5,8,2.593474e6,-1.0957431872682002,-0.8619484131774695,TIME_LIMIT,548820,0,0,2,0
5,8,2.593644e6,-1.0957431872682002,-0.8619484131774695,TIME_LIMIT,548846,0,0,15,7
5,8,2.593786e6,-1.0957418783071238,-0.8619484131774695,TIME_LIMIT,548882,0,0,15,11
5,8,2.593946e6,-1.0957418783071238,-0.8619484131774695,TIME_LIMIT,548907,0,0,10,11
5,8,2.594041e6,-1.095739839322982,-0.8619484131774695,TIME_LIMIT,548933,0,0,7,6
5,8,2.594085e6,-1.095739839322982,-0.8619484131774695,TIME_LIMIT,548950,0,0,13,8
5,8,2.594267e6,-1.095736225880544,-0.8619484131774695,TIME_LIMIT,548978,0,0,11,7
5,8,2.594482e6,-1.095736225880544,-0.8619484131774695,TIME_LIMIT,549007,0,0,15,15
5,8,2.594627e6,-1.0957347543563172,-0.8619484131774695,TIME_LIMIT,549034,0,0,18,19
5,8,2.594773e6,-1.0957347543563172,-0.8619484131774695,TIME_LIMIT,549052,0,0,11,8
5,8,2.594884e6,-1.0957328258989651,-0.8619484131774695,TIME_LIMIT,549081,0,0,13,5
5,8,2.594997e6,-1.0957328258989651,-0.8619484131774695,TIME_LIMIT,549100,0,0,12,15
5,8,2.595186e6,-1.0957317970390659,-0.8619484131774695,TIME_LIMIT,549135,0,0,14,8
5,8,2.595377e6,-1.0957317970390659,-0.8619484131774695,TIME_LIMIT,549163,0,0,17,12
5,8,2.595513e6,-1.0957249799708615,-0.8619484131774695,TIME_LIMIT,549193,0,0,6,4
5,8,2.595653e6,-1.0957249799708615,-0.8619484131774695,TIME_LIMIT,549222,0,0,19,11
5,8,2.595752e6,-1.0957242993043073,-0.8619484131774695,TIME_LIMIT,549246,0,0,17,8
5,8,2.595821e6,-1.0957242993043073,-0.8619484131774695,TIME_LIMIT,549268,0,0,18,17
5,8,2.595974e6,-1.095723429873789,-0.8619484131774695,TIME_LIMIT,549303,0,0,5,5
5,8,2.596141e6,-1.095723429873789,-0.8619484131774695,TIME_LIMIT,549328,0,0,12,12
5,8,2.596206e6,-1.0957203744566812,-0.8619484131774695,TIME_LIMIT,549356,0,0,6,8
5,8,2.596297e6,-1.0957203744566812,-0.8619484131774695,TIME_LIMIT,549375,0,0,5,10
5,8,2.596348e6,-1.0957120234879634,-0.8619484131774695,TIME_LIMIT,549393,0,0,4,4
5,8,2.59663e6,-1.0957120234879634,-0.8619484131774695,TIME_LIMIT,549413,0,0,8,6
5,8,2.596681e6,-1.0957117183792247,-0.8619484131774695,TIME_LIMIT,549427,0,0,3,3
5,8,2.596729e6,-1.0957117183792247,-0.8619484131774695,TIME_LIMIT,549445,0,0,10,9
5,8,2.596868e6,-1.0957083659316664,-0.8619484131774695,TIME_LIMIT,549470,0,0,7,4
5,8,2.596979e6,-1.0957083659316664,-0.8619484131774695,TIME_LIMIT,549494,0,0,10,1
5,8,2.597017e6,-1.095706014709966,-0.8619484131774695,TIME_LIMIT,549508,0,0,6,1
5,8,2.597121e6,-1.095706014709966,-0.8619484131774695,TIME_LIMIT,549525,0,0,6,10
5,8,2.597191e6,-1.0957052977375064,-0.8619484131774695,TIME_LIMIT,549542,0,0,7,1
5,8,2.597255e6,-1.0957052977375064,-0.8619484131774695,TIME_LIMIT,549561,0,0,14,17
5,8,2.597396e6,-1.0957025764795671,-0.8619484131774695,TIME_LIMIT,549588,0,0,11,10
5,8,2.597501e6,-1.0957025764795671,-0.8619484131774695,TIME_LIMIT,549612,0,0,9,17
5,8,2.597717e6,-1.0956997994341848,-0.8619484131774695,TIME_LIMIT,549632,0,0,15,10
5,8,2.597867e6,-1.0956997994341848,-0.8619484131774695,TIME_LIMIT,549661,0,0,19,18
5,8,2.598032e6,-1.0956972384092314,-0.8619484131774695,TIME_LIMIT,549695,0,0,8,17
5,8,2.59817e6,-1.0956972384092314,-0.8619484131774695,TIME_LIMIT,549724,0,0,15,8
5,8,2.598291e6,-1.095696878580719,-0.8619484131774695,TIME_LIMIT,549749,0,0,15,12
5,8,2.598456e6,-1.095696878580719,-0.8619484131774695,TIME_LIMIT,549769,0,0,11,5
5,8,2.598497e6,-1.0956931079185,-0.8619484131774695,TIME_LIMIT,549789,0,0,12,3
5,8,2.598602e6,-1.0956931079185,-0.8619484131774695,TIME_LIMIT,549808,0,0,17,17
5,8,2.598715e6,-1.0956893246209212,-0.8619484131774695,TIME_LIMIT,549837,0,0,9,5
5,8,2.59879e6,-1.0956893246209212,-0.8619484131774695,TIME_LIMIT,549857,0,0,9,4
5,8,2.598855e6,-1.0956878558265934,-0.8619484131774695,TIME_LIMIT,549865,0,0,3,3
5,8,2.598901e6,-1.0956878558265934,-0.8619484131774695,TIME_LIMIT,549880,0,0,12,10
5,8,2.598986e6,-1.0956846130448172,-0.8619484131774695,TIME_LIMIT,549906,0,0,8,8
5,8,2.599173e6,-1.0956846130448172,-0.8619484131774695,TIME_LIMIT,549927,0,0,16,13
5,8,2.599216e6,-1.0956764127413272,-0.8619484131774695,TIME_LIMIT,549944,0,0,7,3
5,8,2.599361e6,-1.0956764127413272,-0.8619484131774695,TIME_LIMIT,549971,0,0,18,18
5,8,2.599586e6,-1.095674795905527,-0.8619484131774695,TIME_LIMIT,550006,0,0,10,6
5,8,2.599676e6,-1.095674795905527,-0.8619484131774695,TIME_LIMIT,550029,0,0,14,6
5,8,2.599823e6,-1.0956745704762199,-0.8619484131774695,TIME_LIMIT,550053,0,0,11,3
5,8,2.6e6,-1.0956745704762199,-0.8619484131774695,TIME_LIMIT,550081,0,0,16,20
5,8,2.600227e6,-1.0956712288726065,-0.8619484131774695,TIME_LIMIT,550107,0,0,13,9
5,8,2.600321e6,-1.0956712288726065,-0.8619484131774695,TIME_LIMIT,550125,0,0,5,6
5,8,2.600436e6,-1.0956673077565606,-0.8619484131774695,TIME_LIMIT,550147,0,0,7,6
5,8,2.600683e6,-1.0956673077565606,-0.8619484131774695,TIME_LIMIT,550174,0,0,13,26
5,8,2.6008e6,-1.095665886247414,-0.8619484131774695,TIME_LIMIT,550195,0,0,11,8
5,8,2.600964e6,-1.095665886247414,-0.8619484131774695,TIME_LIMIT,550213,0,0,18,11
5,8,2.60102e6,-1.0956560695833137,-0.8619484131774695,TIME_LIMIT,550242,0,0,14,2
5,8,2.601109e6,-1.0956560695833137,-0.8619484131774695,TIME_LIMIT,550260,0,0,7,10
5,8,2.601232e6,-1.095656051944719,-0.8619484131774695,TIME_LIMIT,550280,0,0,9,6
5,8,2.601445e6,-1.095656051944719,-0.8619484131774695,TIME_LIMIT,550308,0,0,16,12
5,8,2.601629e6,-1.0956513717667824,-0.8619484131774695,TIME_LIMIT,550343,0,0,16,13
5,8,2.601738e6,-1.0956513717667824,-0.8619484131774695,TIME_LIMIT,550367,0,0,8,14
5,8,2.601891e6,-1.0956471172825062,-0.8619484131774695,TIME_LIMIT,550402,0,0,12,7
5,8,2.602138e6,-1.0956471172825062,-0.8619484131774695,TIME_LIMIT,550431,0,0,19,42
5,8,2.602385e6,-1.0956459977351742,-0.8619484131774695,TIME_LIMIT,550467,0,0,15,10
5,8,2.602478e6,-1.0956459977351742,-0.8619484131774695,TIME_LIMIT,550491,0,0,16,23
5,8,2.602603e6,-1.0956457731708036,-0.8619484131774695,TIME_LIMIT,550522,0,0,8,8
5,8,2.602781e6,-1.0956457731708036,-0.8619484131774695,TIME_LIMIT,550541,0,0,9,3
5,8,2.602812e6,-1.0956429067283948,-0.8619484131774695,TIME_LIMIT,550555,0,0,7,3
5,8,2.602908e6,-1.0956429067283948,-0.8619484131774695,TIME_LIMIT,550577,0,0,17,21
5,8,2.603046e6,-1.0956423224574305,-0.8619484131774695,TIME_LIMIT,550612,0,0,14,5
5,8,2.603248e6,-1.0956423224574305,-0.8619484131774695,TIME_LIMIT,550639,0,0,23,31
5,8,2.603458e6,-1.0956412668415922,-0.8619484131774695,TIME_LIMIT,550675,0,0,8,12
5,8,2.603544e6,-1.0956412668415922,-0.8619484131774695,TIME_LIMIT,550693,0,0,9,10
5,8,2.603688e6,-1.0956409367806235,-0.8619484131774695,TIME_LIMIT,550717,0,0,7,3
5,8,2.603738e6,-1.0956409367806235,-0.8619484131774695,TIME_LIMIT,550736,0,0,4,4
5,8,2.603786e6,-1.0956340063322727,-0.8619484131774695,TIME_LIMIT,550748,0,0,7,2
5,8,2.604001e6,-1.0956340063322727,-0.8619484131774695,TIME_LIMIT,550779,0,0,22,22
5,8,2.604132e6,-1.0956339814200189,-0.8619484131774695,TIME_LIMIT,550809,0,0,10,9
5,8,2.604333e6,-1.0956339814200189,-0.8619484131774695,TIME_LIMIT,550833,0,0,23,29
5,8,2.604582e6,-1.0956336700895095,-0.8619484131774695,TIME_LIMIT,550868,0,0,10,7
5,8,2.604657e6,-1.0956336700895095,-0.8619484131774695,TIME_LIMIT,550884,0,0,9,12
5,8,2.604765e6,-1.095626027673792,-0.8619484131774695,TIME_LIMIT,550902,0,0,9,1
5,8,2.604929e6,-1.095626027673792,-0.8619484131774695,TIME_LIMIT,550924,0,0,11,24
5,8,2.605059e6,-1.0956205605238,-0.8619484131774695,TIME_LIMIT,550958,0,0,6,15
5,8,2.605193e6,-1.0956205605238,-0.8619484131774695,TIME_LIMIT,550975,0,0,7,13
5,8,2.605392e6,-1.095618423305122,-0.8619484131774695,TIME_LIMIT,551005,0,0,14,6
5,8,2.60555e6,-1.095618423305122,-0.8619484131774695,TIME_LIMIT,551023,0,0,16,11
5,8,2.605692e6,-1.0956163145004136,-0.8619484131774695,TIME_LIMIT,551051,0,0,8,8
5,8,2.605836e6,-1.0956163145004136,-0.8619484131774695,TIME_LIMIT,551073,0,0,18,8
5,8,2.605966e6,-1.0956161034903236,-0.8619484131774695,TIME_LIMIT,551092,0,0,9,2
5,8,2.60602e6,-1.0956161034903236,-0.8619484131774695,TIME_LIMIT,551115,0,0,5,7
5,8,2.606099e6,-1.0956148498620326,-0.8619484131774695,TIME_LIMIT,551137,0,0,9,7
5,8,2.606214e6,-1.0956148498620326,-0.8619484131774695,TIME_LIMIT,551157,0,0,9,19
5,8,2.606412e6,-1.095614624938244,-0.8619484131774695,TIME_LIMIT,551188,0,0,13,11
5,8,2.606504e6,-1.095614624938244,-0.8619484131774695,TIME_LIMIT,551208,0,0,5,8
5,8,2.606534e6,-1.095610263126702,-0.8619484131774695,TIME_LIMIT,551222,0,0,5,6
5,8,2.606574e6,-1.095610263126702,-0.8619484131774695,TIME_LIMIT,551239,0,0,7,6
5,8,2.606607e6,-1.0956051578634662,-0.8619484131774695,TIME_LIMIT,551249,0,0,3,3
5,8,2.606821e6,-1.0956051578634662,-0.8619484131774695,TIME_LIMIT,551276,0,0,22,16
5,8,2.607053e6,-1.095601709838749,-0.8619484131774695,TIME_LIMIT,551315,0,0,10,9
5,8,2.607248e6,-1.095601709838749,-0.8619484131774695,TIME_LIMIT,551339,0,0,12,7
5,8,2.607327e6,-1.0955930229483766,-0.8619484131774695,TIME_LIMIT,551359,0,0,11,6
5,8,2.60745e6,-1.0955930229483766,-0.8619484131774695,TIME_LIMIT,551383,0,0,16,21
5,8,2.607665e6,-1.0955929746846311,-0.8619484131774695,TIME_LIMIT,551410,0,0,9,8
5,8,2.607737e6,-1.0955929746846311,-0.8619484131774695,TIME_LIMIT,551424,0,0,9,4
5,8,2.607785e6,-1.0955902256222128,-0.8619484131774695,TIME_LIMIT,551438,0,0,4,4
5,8,2.607981e6,-1.0955902256222128,-0.8619484131774695,TIME_LIMIT,551467,0,0,16,20
5,8,2.608055e6,-1.0955810310903313,-0.8619484131774695,TIME_LIMIT,551494,0,0,14,2
5,8,2.608255e6,-1.0955810310903313,-0.8619484131774695,TIME_LIMIT,551529,0,0,14,15
5,8,2.608354e6,-1.0955791466577922,-0.8619484131774695,TIME_LIMIT,551550,0,0,7,9
5,8,2.608554e6,-1.0955791466577922,-0.8619484131774695,TIME_LIMIT,551574,0,0,14,23
5,8,2.608774e6,-1.0955780663451793,-0.8619484131774695,TIME_LIMIT,551607,0,0,8,7
5,8,2.608862e6,-1.0955780663451793,-0.8619484131774695,TIME_LIMIT,551634,0,0,9,3
5,8,2.608973e6,-1.0955764330365085,-0.8619484131774695,TIME_LIMIT,551654,0,0,12,8
5,8,2.609009e6,-1.0955764330365085,-0.8619484131774695,TIME_LIMIT,551668,0,0,9,13
5,8,2.609108e6,-1.0955695618461059,-0.8619484131774695,TIME_LIMIT,551689,0,0,14,8
5,8,2.609207e6,-1.0955695618461059,-0.8619484131774695,TIME_LIMIT,551709,0,0,9,12
5,8,2.6095e6,-1.0955591520635273,-0.8619484131774695,TIME_LIMIT,551736,0,0,11,12
5,8,2.609559e6,-1.0955591520635273,-0.8619484131774695,TIME_LIMIT,551757,0,0,11,5
5,8,2.609698e6,-1.0955579127023647,-0.8619484131774695,TIME_LIMIT,551787,0,0,6,5
5,8,2.60979e6,-1.0955579127023647,-0.8619484131774695,TIME_LIMIT,551804,0,0,6,11
5,8,2.610008e6,-1.095556567856304,-0.8619484131774695,TIME_LIMIT,551837,0,0,8,9
5,8,2.610148e6,-1.095556567856304,-0.8619484131774695,TIME_LIMIT,551871,0,0,16,21
5,8,2.610269e6,-1.0955525539086035,-0.8619484131774695,TIME_LIMIT,551906,0,0,7,13
5,8,2.610546e6,-1.0955525539086035,-0.8619484131774695,TIME_LIMIT,551921,0,0,15,22
5,8,2.61068e6,-1.095540831820859,-0.8619484131774695,TIME_LIMIT,551948,0,0,13,8
5,8,2.610926e6,-1.095540831820859,-0.8619484131774695,TIME_LIMIT,551978,0,0,13,27
5,8,2.611125e6,-1.0955393898383912,-0.8619484131774695,TIME_LIMIT,552023,0,0,12,12
5,8,2.611256e6,-1.0955393898383912,-0.8619484131774695,TIME_LIMIT,552045,0,0,7,11
5,8,2.611396e6,-1.0955369721417485,-0.8619484131774695,TIME_LIMIT,552071,0,0,9,6
5,8,2.611508e6,-1.0955369721417485,-0.8619484131774695,TIME_LIMIT,552093,0,0,18,14
5,8,2.611629e6,-1.0955365587517214,-0.8619484131774695,TIME_LIMIT,552128,0,0,15,9
5,8,2.611692e6,-1.0955365587517214,-0.8619484131774695,TIME_LIMIT,552145,0,0,12,6
5,8,2.611775e6,-1.0955342665520011,-0.8619484131774695,TIME_LIMIT,552162,0,0,11,5
5,8,2.61183e6,-1.0955342665520011,-0.8619484131774695,TIME_LIMIT,552172,0,0,5,5
5,8,2.611851e6,-1.0955307843995459,-0.8619484131774695,TIME_LIMIT,552174,0,0,1,0
5,8,2.611993e6,-1.0955307843995459,-0.8619484131774695,TIME_LIMIT,552198,0,0,15,14
5,8,2.612174e6,-1.0955274265190305,-0.8619484131774695,TIME_LIMIT,552230,0,0,9,6
5,8,2.612261e6,-1.0955274265190305,-0.8619484131774695,TIME_LIMIT,552252,0,0,16,16
5,8,2.612373e6,-1.0955253575789436,-0.8619484131774695,TIME_LIMIT,552276,0,0,18,3
5,8,2.612653e6,-1.0955253575789436,-0.8619484131774695,TIME_LIMIT,552303,0,0,17,11
5,8,2.612707e6,-1.095511654450719,-0.8619484131774695,TIME_LIMIT,552323,0,0,7,10
5,8,2.612871e6,-1.095511654450719,-0.8619484131774695,TIME_LIMIT,552348,0,0,11,8
5,8,2.612973e6,-1.0955087350810788,-0.8619484131774695,TIME_LIMIT,552369,0,0,3,1
5,8,2.613179e6,-1.0955087350810788,-0.8619484131774695,TIME_LIMIT,552402,0,0,19,9
5,8,2.613291e6,-1.0955062098189159,-0.8619484131774695,TIME_LIMIT,552428,0,0,14,6
5,8,2.613483e6,-1.0955062098189159,-0.8619484131774695,TIME_LIMIT,552453,0,0,18,8
5,8,2.613575e6,-1.0954957111636616,-0.8619484131774695,TIME_LIMIT,552475,0,0,7,3
5,8,2.61372e6,-1.0954957111636616,-0.8619484131774695,TIME_LIMIT,552504,0,0,8,13
5,8,2.613895e6,-1.0954943259544392,-0.8619484131774695,TIME_LIMIT,552536,0,0,6,9
5,8,2.614e6,-1.0954943259544392,-0.8619484131774695,TIME_LIMIT,552555,0,0,10,11
5,8,2.614127e6,-1.0954919538896075,-0.8619484131774695,TIME_LIMIT,552587,0,0,9,5
5,8,2.614159e6,-1.0954919538896075,-0.8619484131774695,TIME_LIMIT,552600,0,0,7,3
5,8,2.614192e6,-1.095484991253401,-0.8619484131774695,TIME_LIMIT,552609,0,0,4,1
5,8,2.614341e6,-1.095484991253401,-0.8619484131774695,TIME_LIMIT,552626,0,0,10,15
5,8,2.614462e6,-1.0954849639160376,-0.8619484131774695,TIME_LIMIT,552652,0,0,11,7
5,8,2.614564e6,-1.0954849639160376,-0.8619484131774695,TIME_LIMIT,552674,0,0,9,11
5,8,2.614609e6,-1.0954820997846593,-0.8619484131774695,TIME_LIMIT,552689,0,0,5,2
5,8,2.61482e6,-1.0954820997846593,-0.8619484131774695,TIME_LIMIT,552708,0,0,14,12
5,8,2.614906e6,-1.0954796480556424,-0.8619484131774695,TIME_LIMIT,552727,0,0,13,7
5,8,2.615009e6,-1.0954796480556424,-0.8619484131774695,TIME_LIMIT,552749,0,0,9,6
5,8,2.615107e6,-1.0954787005353317,-0.8619484131774695,TIME_LIMIT,552773,0,0,10,6
5,8,2.615214e6,-1.0954787005353317,-0.8619484131774695,TIME_LIMIT,552797,0,0,10,9
5,8,2.615357e6,-1.0954779349554973,-0.8619484131774695,TIME_LIMIT,552825,0,0,6,5
5,8,2.615482e6,-1.0954779349554973,-0.8619484131774695,TIME_LIMIT,552850,0,0,15,11
5,8,2.615581e6,-1.0954715620375133,-0.8619484131774695,TIME_LIMIT,552871,0,0,15,10
5,8,2.615695e6,-1.0954715620375133,-0.8619484131774695,TIME_LIMIT,552899,0,0,12,10
5,8,2.61585e6,-1.0954689860176243,-0.8619484131774695,TIME_LIMIT,552925,0,0,16,11
5,8,2.615987e6,-1.0954689860176243,-0.8619484131774695,TIME_LIMIT,552948,0,0,12,14
5,8,2.616147e6,-1.0954686727350542,-0.8619484131774695,TIME_LIMIT,552983,0,0,14,11
5,8,2.616295e6,-1.0954686727350542,-0.8619484131774695,TIME_LIMIT,553000,0,0,14,21
5,8,2.616529e6,-1.0954670196843836,-0.8619484131774695,TIME_LIMIT,553037,0,0,11,15
5,8,2.616644e6,-1.0954670196843836,-0.8619484131774695,TIME_LIMIT,553063,0,0,14,7
5,8,2.616728e6,-1.095463463954955,-0.8619484131774695,TIME_LIMIT,553081,0,0,10,8
5,8,2.616848e6,-1.095463463954955,-0.8619484131774695,TIME_LIMIT,553103,0,0,15,6
5,8,2.616988e6,-1.0954619051226613,-0.8619484131774695,TIME_LIMIT,553137,0,0,14,8
5,8,2.617078e6,-1.0954619051226613,-0.8619484131774695,TIME_LIMIT,553157,0,0,6,10
5,8,2.617265e6,-1.0954607652015258,-0.8619484131774695,TIME_LIMIT,553183,0,0,8,5
5,8,2.617339e6,-1.0954607652015258,-0.8619484131774695,TIME_LIMIT,553211,0,0,14,14
5,8,2.617494e6,-1.0954573290230716,-0.8619484131774695,TIME_LIMIT,553234,0,0,16,10
5,8,2.617601e6,-1.0954573290230716,-0.8619484131774695,TIME_LIMIT,553259,0,0,14,6
5,8,2.617701e6,-1.0954538013321367,-0.8619484131774695,TIME_LIMIT,553279,0,0,11,9
5,8,2.617807e6,-1.0954538013321367,-0.8619484131774695,TIME_LIMIT,553296,0,0,19,15
5,8,2.617867e6,-1.0954523177736957,-0.8619484131774695,TIME_LIMIT,553328,0,0,8,6
5,8,2.618273e6,-1.0954523177736957,-0.8619484131774695,TIME_LIMIT,553356,0,0,13,28
5,8,2.61839e6,-1.0954521259387455,-0.8619484131774695,TIME_LIMIT,553383,0,0,7,11
5,8,2.618526e6,-1.0954521259387455,-0.8619484131774695,TIME_LIMIT,553400,0,0,15,18
5,8,2.618759e6,-1.0954515816964838,-0.8619484131774695,TIME_LIMIT,553440,0,0,17,12
5,8,2.618909e6,-1.0954515816964838,-0.8619484131774695,TIME_LIMIT,553471,0,0,9,10
5,8,2.619012e6,-1.0954464493857052,-0.8619484131774695,TIME_LIMIT,553487,0,0,12,6
5,8,2.619134e6,-1.0954464493857052,-0.8619484131774695,TIME_LIMIT,553522,0,0,18,13
5,8,2.619228e6,-1.0954445245851856,-0.8619484131774695,TIME_LIMIT,553545,0,0,13,8
5,8,2.61926e6,-1.0954445245851856,-0.8619484131774695,TIME_LIMIT,553562,0,0,10,7
5,8,2.619316e6,-1.0954443414760697,-0.8619484131774695,TIME_LIMIT,553578,0,0,8,3
5,8,2.619486e6,-1.0954443414760697,-0.8619484131774695,TIME_LIMIT,553605,0,0,4,10
5,8,2.619648e6,-1.095443483707374,-0.8619484131774695,TIME_LIMIT,553642,0,0,15,10
5,8,2.619828e6,-1.095443483707374,-0.8619484131774695,TIME_LIMIT,553658,0,0,12,8
5,8,2.619966e6,-1.0954419143633756,-0.8619484131774695,TIME_LIMIT,553685,0,0,8,2
5,8,2.620185e6,-1.0954419143633756,-0.8619484131774695,TIME_LIMIT,553713,0,0,15,12
5,8,2.620217e6,-1.0954395906180001,-0.8619484131774695,TIME_LIMIT,553728,0,0,7,3
5,8,2.62034e6,-1.0954395906180001,-0.8619484131774695,TIME_LIMIT,553756,0,0,14,7
5,8,2.620432e6,-1.0954382991983813,-0.8619484131774695,TIME_LIMIT,553774,0,0,7,6
5,8,2.62048e6,-1.0954382991983813,-0.8619484131774695,TIME_LIMIT,553803,0,0,12,10
5,8,2.620599e6,-1.095431138105072,-0.8619484131774695,TIME_LIMIT,553823,0,0,3,8
5,8,2.620797e6,-1.095431138105072,-0.8619484131774695,TIME_LIMIT,553848,0,0,19,14
5,8,2.620986e6,-1.0954302681327217,-0.8619484131774695,TIME_LIMIT,553887,0,0,13,14
5,8,2.621063e6,-1.0954302681327217,-0.8619484131774695,TIME_LIMIT,553910,0,0,12,20
5,8,2.621246e6,-1.0954185623596855,-0.8619484131774695,TIME_LIMIT,553935,0,0,12,6
5,8,2.621427e6,-1.0954185623596855,-0.8619484131774695,TIME_LIMIT,553965,0,0,17,18
5,8,2.621531e6,-1.0954161727752145,-0.8619484131774695,TIME_LIMIT,553993,0,0,14,10
5,8,2.621629e6,-1.0954161727752145,-0.8619484131774695,TIME_LIMIT,554014,0,0,8,18
5,8,2.62171e6,-1.0954151239247183,-0.8619484131774695,TIME_LIMIT,554037,0,0,12,5
5,8,2.62184e6,-1.0954151239247183,-0.8619484131774695,TIME_LIMIT,554070,0,0,9,20
5,8,2.622094e6,-1.0954131598207764,-0.8619484131774695,TIME_LIMIT,554107,0,0,10,13
5,8,2.622232e6,-1.0954131598207764,-0.8619484131774695,TIME_LIMIT,554135,0,0,11,14
5,8,2.622443e6,-1.0954117817100384,-0.8619484131774695,TIME_LIMIT,554172,0,0,11,14
5,8,2.622584e6,-1.0954117817100384,-0.8619484131774695,TIME_LIMIT,554193,0,0,10,20
5,8,2.622806e6,-1.0954082660657336,-0.8619484131774695,TIME_LIMIT,554220,0,0,8,8
5,8,2.622942e6,-1.0954082660657336,-0.8619484131774695,TIME_LIMIT,554241,0,0,11,2
5,8,2.623089e6,-1.0954075775152263,-0.8619484131774695,TIME_LIMIT,554262,0,0,11,3
5,8,2.623291e6,-1.0954075775152263,-0.8619484131774695,TIME_LIMIT,554287,0,0,12,9
5,8,2.623418e6,-1.0954040246500019,-0.8619484131774695,TIME_LIMIT,554313,0,0,7,5
5,8,2.623475e6,-1.0954040246500019,-0.8619484131774695,TIME_LIMIT,554335,0,0,15,4
5,8,2.623577e6,-1.0954029884920264,-0.8619484131774695,TIME_LIMIT,554357,0,0,8,6
5,8,2.623757e6,-1.0954029884920264,-0.8619484131774695,TIME_LIMIT,554381,0,0,19,13
5,8,2.623882e6,-1.0954007913231225,-0.8619484131774695,TIME_LIMIT,554411,0,0,11,4
5,8,2.624083e6,-1.0954007913231225,-0.8619484131774695,TIME_LIMIT,554445,0,0,15,15
5,8,2.624229e6,-1.0953946362759732,-0.8619484131774695,TIME_LIMIT,554472,0,0,21,17
5,8,2.62436e6,-1.0953946362759732,-0.8619484131774695,TIME_LIMIT,554486,0,0,7,6
5,8,2.624394e6,-1.0953868501470725,-0.8619484131774695,TIME_LIMIT,554504,0,0,7,3
5,8,2.62446e6,-1.0953868501470725,-0.8619484131774695,TIME_LIMIT,554524,0,0,5,2
5,8,2.624607e6,-1.0953840296769244,-0.8619484131774695,TIME_LIMIT,554535,0,0,6,8
5,8,2.624738e6,-1.0953840296769244,-0.8619484131774695,TIME_LIMIT,554556,0,0,15,17
5,8,2.624903e6,-1.095380388257366,-0.8619484131774695,TIME_LIMIT,554594,0,0,9,12
5,8,2.625047e6,-1.095380388257366,-0.8619484131774695,TIME_LIMIT,554613,0,0,14,15
5,8,2.625284e6,-1.0953773060749938,-0.8619484131774695,TIME_LIMIT,554648,0,0,13,4
5,8,2.625384e6,-1.0953773060749938,-0.8619484131774695,TIME_LIMIT,554675,0,0,15,8
5,8,2.625491e6,-1.0953756687368137,-0.8619484131774695,TIME_LIMIT,554702,0,0,4,8
5,8,2.625637e6,-1.0953756687368137,-0.8619484131774695,TIME_LIMIT,554725,0,0,15,5
5,8,2.625781e6,-1.0953745486713191,-0.8619484131774695,TIME_LIMIT,554748,0,0,14,1
5,8,2.625997e6,-1.0953745486713191,-0.8619484131774695,TIME_LIMIT,554774,0,0,8,17
5,8,2.626114e6,-1.0953712842085908,-0.8619484131774695,TIME_LIMIT,554795,0,0,12,8
5,8,2.626154e6,-1.0953712842085908,-0.8619484131774695,TIME_LIMIT,554813,0,0,9,6
5,8,2.626199e6,-1.0953655399978282,-0.8619484131774695,TIME_LIMIT,554827,0,0,7,5
5,8,2.626411e6,-1.0953655399978282,-0.8619484131774695,TIME_LIMIT,554854,0,0,10,18
5,8,2.62675e6,-1.0953606892212293,-0.8619484131774695,TIME_LIMIT,554884,0,0,12,20
5,8,2.626843e6,-1.0953606892212293,-0.8619484131774695,TIME_LIMIT,554899,0,0,7,4
5,8,2.626921e6,-1.09535102493579,-0.8619484131774695,TIME_LIMIT,554912,0,0,3,1
5,8,2.627097e6,-1.09535102493579,-0.8619484131774695,TIME_LIMIT,554942,0,0,9,3
5,8,2.627215e6,-1.0953441795315375,-0.8619484131774695,TIME_LIMIT,554961,0,0,16,10
5,8,2.627315e6,-1.0953441795315375,-0.8619484131774695,TIME_LIMIT,554985,0,0,10,12
5,8,2.627444e6,-1.0953397256095359,-0.8619484131774695,TIME_LIMIT,555015,0,0,19,12
5,8,2.627531e6,-1.0953397256095359,-0.8619484131774695,TIME_LIMIT,555034,0,0,12,19
5,8,2.627695e6,-1.0953283476236568,-0.8619484131774695,TIME_LIMIT,555076,0,0,16,10
5,8,2.627868e6,-1.0953283476236568,-0.8619484131774695,TIME_LIMIT,555105,0,0,18,11
5,8,2.627979e6,-1.0953278948591025,-0.8619484131774695,TIME_LIMIT,555125,0,0,13,12
5,8,2.628235e6,-1.0953278948591025,-0.8619484131774695,TIME_LIMIT,555156,0,0,15,20
5,8,2.628299e6,-1.0953264847120354,-0.8619484131774695,TIME_LIMIT,555175,0,0,7,7
5,8,2.628466e6,-1.0953264847120354,-0.8619484131774695,TIME_LIMIT,555203,0,0,21,28
5,8,2.628602e6,-1.0953227368676863,-0.8619484131774695,TIME_LIMIT,555245,0,0,17,12
5,8,2.628735e6,-1.0953227368676863,-0.8619484131774695,TIME_LIMIT,555271,0,0,13,7
5,8,2.628894e6,-1.095319172301883,-0.8619484131774695,TIME_LIMIT,555286,0,0,10,4
5,8,2.62914e6,-1.095319172301883,-0.8619484131774695,TIME_LIMIT,555309,0,0,16,28
5,8,2.629414e6,-1.095316537246878,-0.8619484131774695,TIME_LIMIT,555340,0,0,14,16
5,8,2.629468e6,-1.095316537246878,-0.8619484131774695,TIME_LIMIT,555356,0,0,5,0
5,8,2.629488e6,-1.0953140016241734,-0.8619484131774695,TIME_LIMIT,555362,0,0,1,0
5,8,2.62958e6,-1.0953140016241734,-0.8619484131774695,TIME_LIMIT,555380,0,0,9,0
5,8,2.629723e6,-1.0953114094804384,-0.8619484131774695,TIME_LIMIT,555401,0,0,9,10
5,8,2.629764e6,-1.0953114094804384,-0.8619484131774695,TIME_LIMIT,555417,0,0,13,16
5,8,2.629978e6,-1.0953102756162185,-0.8619484131774695,TIME_LIMIT,555449,0,0,9,6
5,8,2.63008e6,-1.0953102756162185,-0.8619484131774695,TIME_LIMIT,555470,0,0,17,9
5,8,2.630262e6,-1.0953080877094008,-0.8619484131774695,TIME_LIMIT,555512,0,0,18,9
5,8,2.630458e6,-1.0953080877094008,-0.8619484131774695,TIME_LIMIT,555538,0,0,9,20
5,8,2.630698e6,-1.09530176383387,-0.8619484131774695,TIME_LIMIT,555563,0,0,14,6
5,8,2.630823e6,-1.09530176383387,-0.8619484131774695,TIME_LIMIT,555585,0,0,11,19
5,8,2.630988e6,-1.0952996357659004,-0.8619484131774695,TIME_LIMIT,555610,0,0,10,9
5,8,2.631059e6,-1.0952996357659004,-0.8619484131774695,TIME_LIMIT,555627,0,0,6,10
5,8,2.631104e6,-1.095299485293282,-0.8619484131774695,TIME_LIMIT,555642,0,0,7,1
5,8,2.631176e6,-1.095299485293282,-0.8619484131774695,TIME_LIMIT,555655,0,0,11,7
5,8,2.63129e6,-1.095293490287187,-0.8619484131774695,TIME_LIMIT,555680,0,0,11,5
5,8,2.63148e6,-1.095293490287187,-0.8619484131774695,TIME_LIMIT,555712,0,0,9,16
5,8,2.631692e6,-1.0952821587111867,-0.8619484131774695,TIME_LIMIT,555738,0,0,11,8
5,8,2.631795e6,-1.0952821587111867,-0.8619484131774695,TIME_LIMIT,555758,0,0,13,12
5,8,2.631888e6,-1.0952813270685824,-0.8619484131774695,TIME_LIMIT,555783,0,0,10,10
5,8,2.632016e6,-1.0952813270685824,-0.8619484131774695,TIME_LIMIT,555812,0,0,16,11
5,8,2.632156e6,-1.09528048725547,-0.8619484131774695,TIME_LIMIT,555839,0,0,11,9
5,8,2.632288e6,-1.09528048725547,-0.8619484131774695,TIME_LIMIT,555867,0,0,11,16
5,8,2.632515e6,-1.0952761328915666,-0.8619484131774695,TIME_LIMIT,555905,0,0,11,4
5,8,2.632728e6,-1.0952761328915666,-0.8619484131774695,TIME_LIMIT,555926,0,0,16,9
5,8,2.632848e6,-1.095271032537177,-0.8619484131774695,TIME_LIMIT,555957,0,0,14,8
5,8,2.632925e6,-1.095271032537177,-0.8619484131774695,TIME_LIMIT,555974,0,0,11,11
5,8,2.633038e6,-1.0952677967186064,-0.8619484131774695,TIME_LIMIT,555999,0,0,10,7
5,8,2.633251e6,-1.0952677967186064,-0.8619484131774695,TIME_LIMIT,556025,0,0,19,24
5,8,2.633549e6,-1.0952570057903515,-0.8619484131774695,TIME_LIMIT,556062,0,0,12,11
5,8,2.633613e6,-1.0952570057903515,-0.8619484131774695,TIME_LIMIT,556084,0,0,14,10
5,8,2.633797e6,-1.095255042940564,-0.8619484131774695,TIME_LIMIT,556110,0,0,12,7
5,8,2.633928e6,-1.095255042940564,-0.8619484131774695,TIME_LIMIT,556130,0,0,7,23
5,8,2.634028e6,-1.0952544425586597,-0.8619484131774695,TIME_LIMIT,556159,0,0,4,6
5,8,2.634112e6,-1.0952544425586597,-0.8619484131774695,TIME_LIMIT,556182,0,0,7,10
5,8,2.634239e6,-1.095254272853569,-0.8619484131774695,TIME_LIMIT,556214,0,0,13,10
5,8,2.634358e6,-1.095254272853569,-0.8619484131774695,TIME_LIMIT,556237,0,0,4,4
5,8,2.634469e6,-1.095252373022562,-0.8619484131774695,TIME_LIMIT,556255,0,0,12,4
5,8,2.634511e6,-1.095252373022562,-0.8619484131774695,TIME_LIMIT,556269,0,0,9,2
5,8,2.634594e6,-1.0952515079066778,-0.8619484131774695,TIME_LIMIT,556286,0,0,7,2
5,8,2.634624e6,-1.0952515079066778,-0.8619484131774695,TIME_LIMIT,556302,0,0,11,6
5,8,2.63467e6,-1.0952476137243583,-0.8619484131774695,TIME_LIMIT,556314,0,0,6,2
5,8,2.634823e6,-1.0952476137243583,-0.8619484131774695,TIME_LIMIT,556337,0,0,16,9
5,8,2.635005e6,-1.0952452905624859,-0.8619484131774695,TIME_LIMIT,556360,0,0,6,3
5,8,2.635109e6,-1.0952452905624859,-0.8619484131774695,TIME_LIMIT,556382,0,0,21,39
5,8,2.635278e6,-1.095242654622274,-0.8619484131774695,TIME_LIMIT,556423,0,0,20,13
5,8,2.635374e6,-1.095242654622274,-0.8619484131774695,TIME_LIMIT,556446,0,0,7,7
5,8,2.635437e6,-1.095240513342333,-0.8619484131774695,TIME_LIMIT,556466,0,0,4,2
5,8,2.635536e6,-1.095240513342333,-0.8619484131774695,TIME_LIMIT,556484,0,0,6,11
5,8,2.635668e6,-1.0952401669623935,-0.8619484131774695,TIME_LIMIT,556518,0,0,17,4
5,8,2.63575e6,-1.0952401669623935,-0.8619484131774695,TIME_LIMIT,556540,0,0,10,13
5,8,2.63592e6,-1.0952389020386062,-0.8619484131774695,TIME_LIMIT,556563,0,0,10,8
5,8,2.635975e6,-1.0952389020386062,-0.8619484131774695,TIME_LIMIT,556585,0,0,15,9
5,8,2.636052e6,-1.0952372305837499,-0.8619484131774695,TIME_LIMIT,556607,0,0,11,6
5,8,2.636257e6,-1.0952372305837499,-0.8619484131774695,TIME_LIMIT,556634,0,0,7,18
5,8,2.636472e6,-1.095236295999633,-0.8619484131774695,TIME_LIMIT,556656,0,0,13,16
5,8,2.636585e6,-1.095236295999633,-0.8619484131774695,TIME_LIMIT,556681,0,0,13,12
5,8,2.636768e6,-1.0952224568661177,-0.8619484131774695,TIME_LIMIT,556705,0,0,8,3
5,8,2.636916e6,-1.0952224568661177,-0.8619484131774695,TIME_LIMIT,556735,0,0,17,19
5,8,2.637132e6,-1.0952179335177645,-0.8619484131774695,TIME_LIMIT,556779,0,0,15,12
5,8,2.637245e6,-1.0952179335177645,-0.8619484131774695,TIME_LIMIT,556799,0,0,19,15
5,8,2.637349e6,-1.0952165608255795,-0.8619484131774695,TIME_LIMIT,556830,0,0,8,5
5,8,2.637592e6,-1.0952165608255795,-0.8619484131774695,TIME_LIMIT,556862,0,0,22,14
5,8,2.637668e6,-1.0952158323160954,-0.8619484131774695,TIME_LIMIT,556887,0,0,10,7
5,8,2.637798e6,-1.0952158323160954,-0.8619484131774695,TIME_LIMIT,556910,0,0,18,11
5,8,2.637915e6,-1.095214523226208,-0.8619484131774695,TIME_LIMIT,556941,0,0,9,10
5,8,2.637949e6,-1.095214523226208,-0.8619484131774695,TIME_LIMIT,556953,0,0,8,5
5,8,2.638003e6,-1.0952114414699976,-0.8619484131774695,TIME_LIMIT,556964,0,0,3,5
5,8,2.63811e6,-1.0952114414699976,-0.8619484131774695,TIME_LIMIT,556985,0,0,14,23
5,8,2.638201e6,-1.0952060540946067,-0.8619484131774695,TIME_LIMIT,557014,0,0,13,5
5,8,2.638329e6,-1.0952060540946067,-0.8619484131774695,TIME_LIMIT,557043,0,0,16,14
5,8,2.638458e6,-1.0952028796552664,-0.8619484131774695,TIME_LIMIT,557072,0,0,17,10
5,8,2.638549e6,-1.0952028796552664,-0.8619484131774695,TIME_LIMIT,557093,0,0,5,8
5,8,2.638675e6,-1.0952009993102754,-0.8619484131774695,TIME_LIMIT,557107,0,0,6,8
5,8,2.638728e6,-1.0952009993102754,-0.8619484131774695,TIME_LIMIT,557124,0,0,8,10
5,8,2.638792e6,-1.0951990311818587,-0.8619484131774695,TIME_LIMIT,557142,0,0,6,3
5,8,2.638912e6,-1.0951990311818587,-0.8619484131774695,TIME_LIMIT,557169,0,0,11,12
5,8,2.639124e6,-1.0951883167597751,-0.8619484131774695,TIME_LIMIT,557199,0,0,13,10
5,8,2.639239e6,-1.0951883167597751,-0.8619484131774695,TIME_LIMIT,557220,0,0,15,18
5,8,2.639374e6,-1.0951845054077127,-0.8619484131774695,TIME_LIMIT,557250,0,0,10,4
5,8,2.639752e6,-1.0951845054077127,-0.8619484131774695,TIME_LIMIT,557275,0,0,7,7
5,8,2.639816e6,-1.095184263806264,-0.8619484131774695,TIME_LIMIT,557288,0,0,4,2
5,8,2.64001e6,-1.095184263806264,-0.8619484131774695,TIME_LIMIT,557311,0,0,11,7
5,8,2.640095e6,-1.0951701064698431,-0.8619484131774695,TIME_LIMIT,557331,0,0,5,2
5,8,2.640306e6,-1.0951701064698431,-0.8619484131774695,TIME_LIMIT,557356,0,0,9,12
5,8,2.640468e6,-1.0951658786767138,-0.8619484131774695,TIME_LIMIT,557383,0,0,12,2
5,8,2.640563e6,-1.0951658786767138,-0.8619484131774695,TIME_LIMIT,557403,0,0,11,13
5,8,2.640882e6,-1.0951624767523005,-0.8619484131774695,TIME_LIMIT,557436,0,0,12,5
5,8,2.64108e6,-1.0951624767523005,-0.8619484131774695,TIME_LIMIT,557466,0,0,15,18
5,8,2.641292e6,-1.0951617186103237,-0.8619484131774695,TIME_LIMIT,557489,0,0,13,6
5,8,2.641465e6,-1.0951617186103237,-0.8619484131774695,TIME_LIMIT,557510,0,0,21,22
5,8,2.641711e6,-1.0951521914124944,-0.8619484131774695,TIME_LIMIT,557541,0,0,14,13
5,8,2.641775e6,-1.0951521914124944,-0.8619484131774695,TIME_LIMIT,557561,0,0,14,8
5,8,2.641856e6,-1.0951504113866966,-0.8619484131774695,TIME_LIMIT,557587,0,0,8,4
5,8,2.642018e6,-1.0951504113866966,-0.8619484131774695,TIME_LIMIT,557614,0,0,14,12
5,8,2.642195e6,-1.0951496181082438,-0.8619484131774695,TIME_LIMIT,557636,0,0,14,9
5,8,2.642424e6,-1.0951496181082438,-0.8619484131774695,TIME_LIMIT,557663,0,0,14,26
5,8,2.642657e6,-1.095136430077881,-0.8619484131774695,TIME_LIMIT,557705,0,0,11,10
5,8,2.642735e6,-1.095136430077881,-0.8619484131774695,TIME_LIMIT,557720,0,0,12,4
5,8,2.64276e6,-1.095130265922338,-0.8619484131774695,TIME_LIMIT,557738,0,0,5,1
5,8,2.642975e6,-1.095130265922338,-0.8619484131774695,TIME_LIMIT,557766,0,0,13,13
5,8,2.643188e6,-1.0951283959061464,-0.8619484131774695,TIME_LIMIT,557803,0,0,18,10
5,8,2.643306e6,-1.0951283959061464,-0.8619484131774695,TIME_LIMIT,557830,0,0,17,11
5,8,2.643451e6,-1.0951220245004047,-0.8619484131774695,TIME_LIMIT,557857,0,0,10,7
5,8,2.643689e6,-1.0951220245004047,-0.8619484131774695,TIME_LIMIT,557886,0,0,12,19
5,8,2.643935e6,-1.0950967416363722,-0.8619484131774695,TIME_LIMIT,557911,0,0,17,19
5,8,2.644089e6,-1.0950967416363722,-0.8619484131774695,TIME_LIMIT,557933,0,0,13,14
5,8,2.644221e6,-1.0950843397322658,-0.8619484131774695,TIME_LIMIT,557947,0,0,7,7
5,8,2.644278e6,-1.0950843397322658,-0.8619484131774695,TIME_LIMIT,557966,0,0,13,16
5,8,2.6444e6,-1.0950792647599181,-0.8619484131774695,TIME_LIMIT,557995,0,0,5,5
5,8,2.64451e6,-1.0950792647599181,-0.8619484131774695,TIME_LIMIT,558015,0,0,13,10
5,8,2.644682e6,-1.0950773068501995,-0.8619484131774695,TIME_LIMIT,558033,0,0,6,2
5,8,2.644866e6,-1.0950773068501995,-0.8619484131774695,TIME_LIMIT,558060,0,0,14,16
5,8,2.645004e6,-1.0950703432206539,-0.8619484131774695,TIME_LIMIT,558090,0,0,9,5
5,8,2.64507e6,-1.0950703432206539,-0.8619484131774695,TIME_LIMIT,558111,0,0,10,6
5,8,2.645144e6,-1.095069574487427,-0.8619484131774695,TIME_LIMIT,558128,0,0,10,2
5,8,2.645347e6,-1.095069574487427,-0.8619484131774695,TIME_LIMIT,558155,0,0,10,14
5,8,2.645573e6,-1.0950685000193556,-0.8619484131774695,TIME_LIMIT,558192,0,0,14,13
5,8,2.645624e6,-1.0950685000193556,-0.8619484131774695,TIME_LIMIT,558210,0,0,11,6
5,8,2.645707e6,-1.095067272172408,-0.8619484131774695,TIME_LIMIT,558227,0,0,5,3
5,8,2.645797e6,-1.095067272172408,-0.8619484131774695,TIME_LIMIT,558251,0,0,14,7
5,8,2.645867e6,-1.0950620628549392,-0.8619484131774695,TIME_LIMIT,558268,0,0,7,3
5,8,2.646018e6,-1.0950620628549392,-0.8619484131774695,TIME_LIMIT,558291,0,0,18,12
5,8,2.646142e6,-1.095058030348324,-0.8619484131774695,TIME_LIMIT,558323,0,0,13,6
5,8,2.646285e6,-1.095058030348324,-0.8619484131774695,TIME_LIMIT,558347,0,0,18,6
5,8,2.646376e6,-1.0950552539981508,-0.8619484131774695,TIME_LIMIT,558369,0,0,8,2
5,8,2.646457e6,-1.0950552539981508,-0.8619484131774695,TIME_LIMIT,558389,0,0,11,4
5,8,2.646545e6,-1.0950547460214124,-0.8619484131774695,TIME_LIMIT,558416,0,0,7,7
5,8,2.64663e6,-1.0950547460214124,-0.8619484131774695,TIME_LIMIT,558436,0,0,9,9
5,8,2.646744e6,-1.0950537350598992,-0.8619484131774695,TIME_LIMIT,558459,0,0,13,4
5,8,2.646901e6,-1.0950537350598992,-0.8619484131774695,TIME_LIMIT,558484,0,0,12,16
5,8,2.646938e6,-1.095053166909059,-0.8619484131774695,TIME_LIMIT,558504,0,0,11,10
5,8,2.647028e6,-1.095053166909059,-0.8619484131774695,TIME_LIMIT,558518,0,0,9,10
5,8,2.647117e6,-1.0950475610577308,-0.8619484131774695,TIME_LIMIT,558538,0,0,8,3
5,8,2.647239e6,-1.0950475610577308,-0.8619484131774695,TIME_LIMIT,558557,0,0,7,10
5,8,2.647355e6,-1.0950395025892286,-0.8619484131774695,TIME_LIMIT,558581,0,0,9,6
5,8,2.647426e6,-1.0950395025892286,-0.8619484131774695,TIME_LIMIT,558595,0,0,7,8
5,8,2.647527e6,-1.0950371087832576,-0.8619484131774695,TIME_LIMIT,558616,0,0,5,3
5,8,2.647738e6,-1.0950371087832576,-0.8619484131774695,TIME_LIMIT,558640,0,0,15,16
5,8,2.647831e6,-1.095036329552487,-0.8619484131774695,TIME_LIMIT,558662,0,0,17,10
5,8,2.648071e6,-1.095036329552487,-0.8619484131774695,TIME_LIMIT,558691,0,0,12,7
5,8,2.648293e6,-1.095031386628606,-0.8619484131774695,TIME_LIMIT,558720,0,0,18,7
5,8,2.648499e6,-1.095031386628606,-0.8619484131774695,TIME_LIMIT,558746,0,0,7,20
5,8,2.648622e6,-1.095031215260736,-0.8619484131774695,TIME_LIMIT,558774,0,0,10,6
5,8,2.648705e6,-1.095031215260736,-0.8619484131774695,TIME_LIMIT,558796,0,0,11,9
5,8,2.648777e6,-1.095030779176008,-0.8619484131774695,TIME_LIMIT,558817,0,0,7,2
5,8,2.648889e6,-1.095030779176008,-0.8619484131774695,TIME_LIMIT,558834,0,0,7,16
5,8,2.648981e6,-1.095025953054692,-0.8619484131774695,TIME_LIMIT,558862,0,0,11,4
5,8,2.649055e6,-1.095025953054692,-0.8619484131774695,TIME_LIMIT,558884,0,0,11,9
5,8,2.649309e6,-1.0950256314635025,-0.8619484131774695,TIME_LIMIT,558925,0,0,18,14
5,8,2.649403e6,-1.0950256314635025,-0.8619484131774695,TIME_LIMIT,558952,0,0,16,9
5,8,2.6495e6,-1.095020753619798,-0.8619484131774695,TIME_LIMIT,558982,0,0,14,5
5,8,2.64959e6,-1.095020753619798,-0.8619484131774695,TIME_LIMIT,559005,0,0,10,13
5,8,2.649766e6,-1.095020727458043,-0.8619484131774695,TIME_LIMIT,559032,0,0,6,9
5,8,2.649879e6,-1.095020727458043,-0.8619484131774695,TIME_LIMIT,559060,0,0,12,11
5,8,2.650002e6,-1.0950154495646653,-0.8619484131774695,TIME_LIMIT,559084,0,0,16,21
5,8,2.650179e6,-1.0950154495646653,-0.8619484131774695,TIME_LIMIT,559098,0,0,13,5
5,8,2.650243e6,-1.0950093985249851,-0.8619484131774695,TIME_LIMIT,559125,0,0,10,2
5,8,2.650339e6,-1.0950093985249851,-0.8619484131774695,TIME_LIMIT,559148,0,0,9,10
5,8,2.650494e6,-1.0949991565555401,-0.8619484131774695,TIME_LIMIT,559167,0,0,8,8
5,8,2.650621e6,-1.0949991565555401,-0.8619484131774695,TIME_LIMIT,559184,0,0,10,8
5,8,2.650912e6,-1.0949989302531513,-0.8619484131774695,TIME_LIMIT,559198,0,0,9,9
5,8,2.651019e6,-1.0949989302531513,-0.8619484131774695,TIME_LIMIT,559215,0,0,11,11
5,8,2.651166e6,-1.0949977469300298,-0.8619484131774695,TIME_LIMIT,559250,0,0,4,6
5,8,2.651206e6,-1.0949977469300298,-0.8619484131774695,TIME_LIMIT,559263,0,0,10,3
5,8,2.651323e6,-1.0949975792437114,-0.8619484131774695,TIME_LIMIT,559283,0,0,4,3
5,8,2.651535e6,-1.0949975792437114,-0.8619484131774695,TIME_LIMIT,559301,0,0,12,18
5,8,2.651596e6,-1.0949972973124988,-0.8619484131774695,TIME_LIMIT,559328,0,0,10,7
5,8,2.651715e6,-1.0949972973124988,-0.8619484131774695,TIME_LIMIT,559352,0,0,11,13
5,8,2.651797e6,-1.0949971509529632,-0.8619484131774695,TIME_LIMIT,559374,0,0,13,1
5,8,2.651916e6,-1.0949971509529632,-0.8619484131774695,TIME_LIMIT,559394,0,0,7,9
5,8,2.652022e6,-1.0949926741740224,-0.8619484131774695,TIME_LIMIT,559413,0,0,6,4
5,8,2.652151e6,-1.0949926741740224,-0.8619484131774695,TIME_LIMIT,559436,0,0,6,10
5,8,2.652281e6,-1.0949906569733128,-0.8619484131774695,TIME_LIMIT,559464,0,0,15,10
5,8,2.652484e6,-1.0949906569733128,-0.8619484131774695,TIME_LIMIT,559492,0,0,19,16
5,8,2.652667e6,-1.0949713195297552,-0.8619484131774695,TIME_LIMIT,559519,0,0,17,6
5,8,2.652901e6,-1.0949713195297552,-0.8619484131774695,TIME_LIMIT,559545,0,0,15,22
5,8,2.652993e6,-1.0949705546795137,-0.8619484131774695,TIME_LIMIT,559561,0,0,13,9
5,8,2.653089e6,-1.0949705546795137,-0.8619484131774695,TIME_LIMIT,559585,0,0,7,18
5,8,2.653132e6,-1.0949682610618128,-0.8619484131774695,TIME_LIMIT,559606,0,0,12,22
5,8,2.653223e6,-1.0949682610618128,-0.8619484131774695,TIME_LIMIT,559621,0,0,6,6
5,8,2.653335e6,-1.0949669183269357,-0.8619484131774695,TIME_LIMIT,559644,0,0,5,4
5,8,2.653487e6,-1.0949669183269357,-0.8619484131774695,TIME_LIMIT,559671,0,0,18,8
5,8,2.653708e6,-1.0949650039177996,-0.8619484131774695,TIME_LIMIT,559688,0,0,14,9
5,8,2.653838e6,-1.0949650039177996,-0.8619484131774695,TIME_LIMIT,559706,0,0,16,19
5,8,2.654166e6,-1.0949629596123573,-0.8619484131774695,TIME_LIMIT,559730,0,0,9,7
5,8,2.654249e6,-1.0949629596123573,-0.8619484131774695,TIME_LIMIT,559752,0,0,12,4
5,8,2.654319e6,-1.0949584896057192,-0.8619484131774695,TIME_LIMIT,559771,0,0,15,6
5,8,2.65447e6,-1.0949584896057192,-0.8619484131774695,TIME_LIMIT,559793,0,0,10,9
5,8,2.654511e6,-1.094952415447287,-0.8619484131774695,TIME_LIMIT,559813,0,0,4,6
5,8,2.654725e6,-1.094952415447287,-0.8619484131774695,TIME_LIMIT,559845,0,0,11,14
5,8,2.654938e6,-1.0949518824383262,-0.8619484131774695,TIME_LIMIT,559880,0,0,13,13
5,8,2.655061e6,-1.0949518824383262,-0.8619484131774695,TIME_LIMIT,559904,0,0,19,18
5,8,2.655168e6,-1.094949867225567,-0.8619484131774695,TIME_LIMIT,559936,0,0,9,6
5,8,2.655246e6,-1.094949867225567,-0.8619484131774695,TIME_LIMIT,559957,0,0,13,4
5,8,2.655273e6,-1.0949421376427715,-0.8619484131774695,TIME_LIMIT,559969,0,0,4,3
5,8,2.655378e6,-1.0949421376427715,-0.8619484131774695,TIME_LIMIT,559988,0,0,8,6
5,8,2.655503e6,-1.0949378668788756,-0.8619484131774695,TIME_LIMIT,560013,0,0,9,7
5,8,2.655596e6,-1.0949378668788756,-0.8619484131774695,TIME_LIMIT,560040,0,0,23,14
5,8,2.655661e6,-1.0949339942347325,-0.8619484131774695,TIME_LIMIT,560065,0,0,9,8
5,8,2.655867e6,-1.0949339942347325,-0.8619484131774695,TIME_LIMIT,560092,0,0,17,18
5,8,2.655957e6,-1.0949324252653188,-0.8619484131774695,TIME_LIMIT,560120,0,0,15,7
5,8,2.65606e6,-1.0949324252653188,-0.8619484131774695,TIME_LIMIT,560136,0,0,12,6
5,8,2.656145e6,-1.0949294441402342,-0.8619484131774695,TIME_LIMIT,560160,0,0,10,4
5,8,2.656267e6,-1.0949294441402342,-0.8619484131774695,TIME_LIMIT,560192,0,0,8,11
5,8,2.656436e6,-1.0949236345619833,-0.8619484131774695,TIME_LIMIT,560215,0,0,12,8
5,8,2.656628e6,-1.0949236345619833,-0.8619484131774695,TIME_LIMIT,560247,0,0,14,26
5,8,2.656837e6,-1.0949214304558428,-0.8619484131774695,TIME_LIMIT,560273,0,0,14,11
5,8,2.656953e6,-1.0949214304558428,-0.8619484131774695,TIME_LIMIT,560297,0,0,14,11
5,8,2.65702e6,-1.094908872900437,-0.8619484131774695,TIME_LIMIT,560312,0,0,9,4
5,8,2.657226e6,-1.094908872900437,-0.8619484131774695,TIME_LIMIT,560342,0,0,9,14
5,8,2.657285e6,-1.0949084463504564,-0.8619484131774695,TIME_LIMIT,560362,0,0,9,7
5,8,2.657385e6,-1.0949084463504564,-0.8619484131774695,TIME_LIMIT,560384,0,0,12,9
5,8,2.657448e6,-1.0949057823894581,-0.8619484131774695,TIME_LIMIT,560403,0,0,12,10
5,8,2.657524e6,-1.0949057823894581,-0.8619484131774695,TIME_LIMIT,560423,0,0,3,7
5,8,2.657559e6,-1.094902805152354,-0.8619484131774695,TIME_LIMIT,560440,0,0,6,6
5,8,2.657699e6,-1.094902805152354,-0.8619484131774695,TIME_LIMIT,560468,0,0,13,5
5,8,2.65783e6,-1.0948970429012368,-0.8619484131774695,TIME_LIMIT,560493,0,0,12,11
5,8,2.658031e6,-1.0948970429012368,-0.8619484131774695,TIME_LIMIT,560516,0,0,13,11
5,8,2.658142e6,-1.0948938659882332,-0.8619484131774695,TIME_LIMIT,560540,0,0,17,4
5,8,2.658217e6,-1.0948938659882332,-0.8619484131774695,TIME_LIMIT,560558,0,0,13,7
5,8,2.658299e6,-1.094889798883056,-0.8619484131774695,TIME_LIMIT,560583,0,0,10,6
5,8,2.658355e6,-1.094889798883056,-0.8619484131774695,TIME_LIMIT,560599,0,0,10,6
5,8,2.658389e6,-1.0948843986586072,-0.8619484131774695,TIME_LIMIT,560613,0,0,3,4
5,8,2.65856e6,-1.0948843986586072,-0.8619484131774695,TIME_LIMIT,560639,0,0,17,9
5,8,2.658757e6,-1.09487609333944,-0.8619484131774695,TIME_LIMIT,560658,0,0,7,6
5,8,2.65884e6,-1.09487609333944,-0.8619484131774695,TIME_LIMIT,560675,0,0,14,11
5,8,2.658947e6,-1.094875351991755,-0.8619484131774695,TIME_LIMIT,560700,0,0,4,5
5,8,2.659008e6,-1.094875351991755,-0.8619484131774695,TIME_LIMIT,560716,0,0,11,22
5,8,2.659208e6,-1.0948752860867865,-0.8619484131774695,TIME_LIMIT,560748,0,0,10,8
5,8,2.659413e6,-1.0948752860867865,-0.8619484131774695,TIME_LIMIT,560775,0,0,10,24
5,8,2.65954e6,-1.0948693868171095,-0.8619484131774695,TIME_LIMIT,560795,0,0,5,3
5,8,2.659707e6,-1.0948693868171095,-0.8619484131774695,TIME_LIMIT,560825,0,0,6,12
5,8,2.659807e6,-1.0948665176048908,-0.8619484131774695,TIME_LIMIT,560847,0,0,7,6
5,8,2.660018e6,-1.0948665176048908,-0.8619484131774695,TIME_LIMIT,560876,0,0,14,21
5,8,2.660231e6,-1.0948657608451755,-0.8619484131774695,TIME_LIMIT,560905,0,0,16,16
5,8,2.660327e6,-1.0948657608451755,-0.8619484131774695,TIME_LIMIT,560925,0,0,8,3
5,8,2.660359e6,-1.0948586619994454,-0.8619484131774695,TIME_LIMIT,560939,0,0,5,1
5,8,2.660475e6,-1.0948586619994454,-0.8619484131774695,TIME_LIMIT,560960,0,0,21,30
5,8,2.660655e6,-1.0948453752181986,-0.8619484131774695,TIME_LIMIT,560992,0,0,7,17
5,8,2.660866e6,-1.0948453752181986,-0.8619484131774695,TIME_LIMIT,561016,0,0,19,18
5,8,2.661106e6,-1.0948442790483908,-0.8619484131774695,TIME_LIMIT,561040,0,0,21,12
5,8,2.661245e6,-1.0948442790483908,-0.8619484131774695,TIME_LIMIT,561060,0,0,8,10
5,8,2.661365e6,-1.0948376922670646,-0.8619484131774695,TIME_LIMIT,561076,0,0,8,4
5,8,2.661441e6,-1.0948376922670646,-0.8619484131774695,TIME_LIMIT,561098,0,0,14,11
5,8,2.661524e6,-1.0948341563618875,-0.8619484131774695,TIME_LIMIT,561121,0,0,12,4
5,8,2.661623e6,-1.0948341563618875,-0.8619484131774695,TIME_LIMIT,561141,0,0,8,6
5,8,2.661745e6,-1.094833118893158,-0.8619484131774695,TIME_LIMIT,561153,0,0,10,1
5,8,2.661826e6,-1.094833118893158,-0.8619484131774695,TIME_LIMIT,561179,0,0,15,17
5,8,2.66196e6,-1.0948239826867878,-0.8619484131774695,TIME_LIMIT,561218,0,0,13,14
5,8,2.662037e6,-1.0948239826867878,-0.8619484131774695,TIME_LIMIT,561235,0,0,9,4
5,8,2.66208e6,-1.0948186110968217,-0.8619484131774695,TIME_LIMIT,561249,0,0,8,4
5,8,2.662293e6,-1.0948186110968217,-0.8619484131774695,TIME_LIMIT,561274,0,0,13,25
5,8,2.662483e6,-1.094810585046483,-0.8619484131774695,TIME_LIMIT,561304,0,0,4,8
5,8,2.662629e6,-1.094810585046483,-0.8619484131774695,TIME_LIMIT,561333,0,0,13,21
5,8,2.66284e6,-1.0948047926729032,-0.8619484131774695,TIME_LIMIT,561372,0,0,12,12
5,8,2.662971e6,-1.0948047926729032,-0.8619484131774695,TIME_LIMIT,561392,0,0,13,13
5,8,2.663186e6,-1.094792454169265,-0.8619484131774695,TIME_LIMIT,561431,0,0,10,10
5,8,2.663258e6,-1.094792454169265,-0.8619484131774695,TIME_LIMIT,561449,0,0,13,8
5,8,2.663379e6,-1.0947894447331326,-0.8619484131774695,TIME_LIMIT,561472,0,0,11,7
5,8,2.663593e6,-1.0947894447331326,-0.8619484131774695,TIME_LIMIT,561505,0,0,21,9
5,8,2.663662e6,-1.0947840751038487,-0.8619484131774695,TIME_LIMIT,561525,0,0,5,5
5,8,2.663744e6,-1.0947840751038487,-0.8619484131774695,TIME_LIMIT,561550,0,0,12,11
5,8,2.663784e6,-1.0947756167751899,-0.8619484131774695,TIME_LIMIT,561575,0,0,8,5
5,8,2.663903e6,-1.0947756167751899,-0.8619484131774695,TIME_LIMIT,561600,0,0,12,7
5,8,2.664042e6,-1.0947747350780983,-0.8619484131774695,TIME_LIMIT,561623,0,0,9,7
5,8,2.664112e6,-1.0947747350780983,-0.8619484131774695,TIME_LIMIT,561643,0,0,12,8
5,8,2.664209e6,-1.094774313236657,-0.8619484131774695,TIME_LIMIT,561669,0,0,3,8
5,8,2.664397e6,-1.094774313236657,-0.8619484131774695,TIME_LIMIT,561697,0,0,15,11
5,8,2.664517e6,-1.0947742559111608,-0.8619484131774695,TIME_LIMIT,561730,0,0,13,10
5,8,2.664586e6,-1.0947742559111608,-0.8619484131774695,TIME_LIMIT,561746,0,0,12,9
5,8,2.664646e6,-1.094773668605617,-0.8619484131774695,TIME_LIMIT,561767,0,0,5,2
5,8,2.664858e6,-1.094773668605617,-0.8619484131774695,TIME_LIMIT,561788,0,0,13,15
5,8,2.664966e6,-1.0947708620909693,-0.8619484131774695,TIME_LIMIT,561812,0,0,8,4
5,8,2.665173e6,-1.0947708620909693,-0.8619484131774695,TIME_LIMIT,561842,0,0,19,21
5,8,2.665405e6,-1.0947690519465738,-0.8619484131774695,TIME_LIMIT,561872,0,0,12,12
5,8,2.665609e6,-1.0947690519465738,-0.8619484131774695,TIME_LIMIT,561896,0,0,8,9
5,8,2.665741e6,-1.0947671689256766,-0.8619484131774695,TIME_LIMIT,561918,0,0,13,4
5,8,2.665787e6,-1.0947671689256766,-0.8619484131774695,TIME_LIMIT,561940,0,0,11,9
5,8,2.665859e6,-1.0947642142672231,-0.8619484131774695,TIME_LIMIT,561958,0,0,6,5
5,8,2.665957e6,-1.0947642142672231,-0.8619484131774695,TIME_LIMIT,561980,0,0,11,8
5,8,2.666089e6,-1.0947589784799263,-0.8619484131774695,TIME_LIMIT,562019,0,0,15,14
5,8,2.666481e6,-1.0947589784799263,-0.8619484131774695,TIME_LIMIT,562044,0,0,14,20
5,8,2.666602e6,-1.0947501319925919,-0.8619484131774695,TIME_LIMIT,562077,0,0,17,5
5,8,2.666686e6,-1.0947501319925919,-0.8619484131774695,TIME_LIMIT,562098,0,0,12,7
5,8,2.666776e6,-1.0947448005801201,-0.8619484131774695,TIME_LIMIT,562120,0,0,9,3
5,8,2.666874e6,-1.0947448005801201,-0.8619484131774695,TIME_LIMIT,562147,0,0,8,11
5,8,2.666983e6,-1.0947447274843582,-0.8619484131774695,TIME_LIMIT,562171,0,0,6,4
5,8,2.667086e6,-1.0947447274843582,-0.8619484131774695,TIME_LIMIT,562189,0,0,16,15
5,8,2.6672e6,-1.0947431060627508,-0.8619484131774695,TIME_LIMIT,562215,0,0,5,5
5,8,2.667392e6,-1.0947431060627508,-0.8619484131774695,TIME_LIMIT,562242,0,0,14,10
5,8,2.667603e6,-1.09473816701261,-0.8619484131774695,TIME_LIMIT,562275,0,0,11,13
5,8,2.667827e6,-1.09473816701261,-0.8619484131774695,TIME_LIMIT,562305,0,0,14,15
5,8,2.668036e6,-1.0947371591931228,-0.8619484131774695,TIME_LIMIT,562328,0,0,18,20
5,8,2.668186e6,-1.0947371591931228,-0.8619484131774695,TIME_LIMIT,562348,0,0,6,8
5,8,2.668286e6,-1.0947367733623006,-0.8619484131774695,TIME_LIMIT,562371,0,0,6,3
5,8,2.668468e6,-1.0947367733623006,-0.8619484131774695,TIME_LIMIT,562394,0,0,13,13
5,8,2.668581e6,-1.0947340198724398,-0.8619484131774695,TIME_LIMIT,562416,0,0,15,3
5,8,2.668668e6,-1.0947340198724398,-0.8619484131774695,TIME_LIMIT,562430,0,0,13,13
5,8,2.668816e6,-1.0947287051410028,-0.8619484131774695,TIME_LIMIT,562449,0,0,4,1
5,8,2.668884e6,-1.0947287051410028,-0.8619484131774695,TIME_LIMIT,562468,0,0,12,9
5,8,2.668945e6,-1.094726551697979,-0.8619484131774695,TIME_LIMIT,562489,0,0,5,4
5,8,2.669165e6,-1.094726551697979,-0.8619484131774695,TIME_LIMIT,562511,0,0,24,33
5,8,2.669395e6,-1.0947176285997113,-0.8619484131774695,TIME_LIMIT,562544,0,0,10,9
5,8,2.669627e6,-1.0947176285997113,-0.8619484131774695,TIME_LIMIT,562566,0,0,8,18
5,8,2.66981e6,-1.094714880854125,-0.8619484131774695,TIME_LIMIT,562597,0,0,8,10
5,8,2.66991e6,-1.094714880854125,-0.8619484131774695,TIME_LIMIT,562620,0,0,21,7
5,8,2.670055e6,-1.094713061710385,-0.8619484131774695,TIME_LIMIT,562641,0,0,7,5
5,8,2.670183e6,-1.094713061710385,-0.8619484131774695,TIME_LIMIT,562666,0,0,16,17
5,8,2.670264e6,-1.0947016260278248,-0.8619484131774695,TIME_LIMIT,562689,0,0,9,5
5,8,2.670413e6,-1.0947016260278248,-0.8619484131774695,TIME_LIMIT,562709,0,0,11,8
5,8,2.670496e6,-1.0946952539027932,-0.8619484131774695,TIME_LIMIT,562721,0,0,8,1
5,8,2.670566e6,-1.0946952539027932,-0.8619484131774695,TIME_LIMIT,562746,0,0,15,8
5,8,2.670717e6,-1.0946923137245017,-0.8619484131774695,TIME_LIMIT,562782,0,0,12,2
5,8,2.670764e6,-1.0946923137245017,-0.8619484131774695,TIME_LIMIT,562798,0,0,4,18
5,8,2.670981e6,-1.0946851453468074,-0.8619484131774695,TIME_LIMIT,562828,0,0,9,5
5,8,2.671095e6,-1.0946851453468074,-0.8619484131774695,TIME_LIMIT,562851,0,0,20,26
5,8,2.671224e6,-1.0946827620263413,-0.8619484131774695,TIME_LIMIT,562884,0,0,12,5
5,8,2.671526e6,-1.0946827620263413,-0.8619484131774695,TIME_LIMIT,562908,0,0,14,22
5,8,2.671619e6,-1.0946807554891993,-0.8619484131774695,TIME_LIMIT,562935,0,0,13,8
5,8,2.67183e6,-1.0946807554891993,-0.8619484131774695,TIME_LIMIT,562959,0,0,16,24
5,8,2.67206e6,-1.0946731930925533,-0.8619484131774695,TIME_LIMIT,562990,0,0,12,11
5,8,2.672174e6,-1.0946731930925533,-0.8619484131774695,TIME_LIMIT,563010,0,0,9,15
5,8,2.672235e6,-1.0946700690664768,-0.8619484131774695,TIME_LIMIT,563034,0,0,13,7
5,8,2.672361e6,-1.0946700690664768,-0.8619484131774695,TIME_LIMIT,563064,0,0,19,13
5,8,2.672468e6,-1.094664794880082,-0.8619484131774695,TIME_LIMIT,563089,0,0,15,9
5,8,2.672567e6,-1.094664794880082,-0.8619484131774695,TIME_LIMIT,563102,0,0,4,6
5,8,2.672624e6,-1.0946579667628167,-0.8619484131774695,TIME_LIMIT,563115,0,0,5,3
5,8,2.672682e6,-1.0946579667628167,-0.8619484131774695,TIME_LIMIT,563129,0,0,4,6
5,8,2.672706e6,-1.0946533980014481,-0.8619484131774695,TIME_LIMIT,563139,0,0,2,0
5,8,2.672836e6,-1.0946533980014481,-0.8619484131774695,TIME_LIMIT,563162,0,0,11,7
5,8,2.67293e6,-1.094650296206896,-0.8619484131774695,TIME_LIMIT,563179,0,0,12,8
5,8,2.67301e6,-1.094650296206896,-0.8619484131774695,TIME_LIMIT,563200,0,0,14,3
5,8,2.673059e6,-1.0946499238304537,-0.8619484131774695,TIME_LIMIT,563213,0,0,6,7
5,8,2.673153e6,-1.0946499238304537,-0.8619484131774695,TIME_LIMIT,563229,0,0,10,6
5,8,2.673302e6,-1.0946473691040335,-0.8619484131774695,TIME_LIMIT,563252,0,0,9,5
5,8,2.67342e6,-1.0946473691040335,-0.8619484131774695,TIME_LIMIT,563274,0,0,14,15
5,8,2.673562e6,-1.09463818507535,-0.8619484131774695,TIME_LIMIT,563295,0,0,5,8
5,8,2.673773e6,-1.09463818507535,-0.8619484131774695,TIME_LIMIT,563319,0,0,10,9
5,8,2.673984e6,-1.0946380533079223,-0.8619484131774695,TIME_LIMIT,563351,0,0,16,10
5,8,2.6742e6,-1.0946380533079223,-0.8619484131774695,TIME_LIMIT,563382,0,0,16,11
5,8,2.674386e6,-1.0946356277986928,-0.8619484131774695,TIME_LIMIT,563407,0,0,16,8
5,8,2.674458e6,-1.0946356277986928,-0.8619484131774695,TIME_LIMIT,563428,0,0,13,8
5,8,2.674519e6,-1.0946296587907955,-0.8619484131774695,TIME_LIMIT,563446,0,0,9,3
5,8,2.674643e6,-1.0946296587907955,-0.8619484131774695,TIME_LIMIT,563463,0,0,17,12
5,8,2.674735e6,-1.0946260040948743,-0.8619484131774695,TIME_LIMIT,563487,0,0,8,11
5,8,2.674948e6,-1.0946260040948743,-0.8619484131774695,TIME_LIMIT,563512,0,0,14,28
5,8,2.675171e6,-1.0946244002103656,-0.8619484131774695,TIME_LIMIT,563546,0,0,20,16
5,8,2.675305e6,-1.0946244002103656,-0.8619484131774695,TIME_LIMIT,563576,0,0,12,25
5,8,2.675472e6,-1.0946233630963729,-0.8619484131774695,TIME_LIMIT,563619,0,0,21,12
5,8,2.675526e6,-1.0946233630963729,-0.8619484131774695,TIME_LIMIT,563633,0,0,11,3
5,8,2.675561e6,-1.094616388930227,-0.8619484131774695,TIME_LIMIT,563649,0,0,7,2
5,8,2.67565e6,-1.094616388930227,-0.8619484131774695,TIME_LIMIT,563666,0,0,12,9
5,8,2.67575e6,-1.0946098233733503,-0.8619484131774695,TIME_LIMIT,563685,0,0,11,2
5,8,2.675937e6,-1.0946098233733503,-0.8619484131774695,TIME_LIMIT,563714,0,0,19,11
5,8,2.676055e6,-1.0945922613940553,-0.8619484131774695,TIME_LIMIT,563739,0,0,18,4
5,8,2.676211e6,-1.0945922613940553,-0.8619484131774695,TIME_LIMIT,563764,0,0,10,16
5,8,2.676328e6,-1.094582918225761,-0.8619484131774695,TIME_LIMIT,563792,0,0,9,4
5,8,2.676482e6,-1.094582918225761,-0.8619484131774695,TIME_LIMIT,563828,0,0,11,14
5,8,2.676665e6,-1.0945822177524271,-0.8619484131774695,TIME_LIMIT,563857,0,0,20,13
5,8,2.676818e6,-1.0945822177524271,-0.8619484131774695,TIME_LIMIT,563882,0,0,13,17
5,8,2.676942e6,-1.0945792354755293,-0.8619484131774695,TIME_LIMIT,563908,0,0,12,9
5,8,2.677114e6,-1.0945792354755293,-0.8619484131774695,TIME_LIMIT,563931,0,0,7,10
5,8,2.677164e6,-1.0945769172594095,-0.8619484131774695,TIME_LIMIT,563949,0,0,2,6
5,8,2.677295e6,-1.0945769172594095,-0.8619484131774695,TIME_LIMIT,563976,0,0,12,8
5,8,2.677383e6,-1.0945751202038063,-0.8619484131774695,TIME_LIMIT,564000,0,0,9,7
5,8,2.677436e6,-1.0945751202038063,-0.8619484131774695,TIME_LIMIT,564023,0,0,11,18
5,8,2.677586e6,-1.0945745838104972,-0.8619484131774695,TIME_LIMIT,564053,0,0,17,5
5,8,2.677754e6,-1.0945745838104972,-0.8619484131774695,TIME_LIMIT,564081,0,0,18,22
5,8,2.67789e6,-1.0945734426221234,-0.8619484131774695,TIME_LIMIT,564105,0,0,11,9
5,8,2.678042e6,-1.0945734426221234,-0.8619484131774695,TIME_LIMIT,564139,0,0,15,19
5,8,2.678285e6,-1.0945731259845708,-0.8619484131774695,TIME_LIMIT,564172,0,0,11,16
5,8,2.678335e6,-1.0945731259845708,-0.8619484131774695,TIME_LIMIT,564186,0,0,8,11
5,8,2.67841e6,-1.0945676454538287,-0.8619484131774695,TIME_LIMIT,564197,0,0,4,1
5,8,2.678522e6,-1.0945676454538287,-0.8619484131774695,TIME_LIMIT,564221,0,0,16,10
5,8,2.678694e6,-1.0945661540749523,-0.8619484131774695,TIME_LIMIT,564251,0,0,13,7
5,8,2.678795e6,-1.0945661540749523,-0.8619484131774695,TIME_LIMIT,564276,0,0,12,23
5,8,2.678926e6,-1.094565670678027,-0.8619484131774695,TIME_LIMIT,564310,0,0,14,13
5,8,2.679064e6,-1.094565670678027,-0.8619484131774695,TIME_LIMIT,564337,0,0,9,9
5,8,2.679287e6,-1.094563072961678,-0.8619484131774695,TIME_LIMIT,564363,0,0,8,4
5,8,2.67951e6,-1.094563072961678,-0.8619484131774695,TIME_LIMIT,564386,0,0,11,16
5,8,2.679704e6,-1.0945620548869417,-0.8619484131774695,TIME_LIMIT,564425,0,0,17,11
5,8,2.679807e6,-1.0945620548869417,-0.8619484131774695,TIME_LIMIT,564440,0,0,3,7
5,8,2.679838e6,-1.0945561230461074,-0.8619484131774695,TIME_LIMIT,564447,0,0,1,0
5,8,2.67991e6,-1.0945561230461074,-0.8619484131774695,TIME_LIMIT,564466,0,0,15,9
5,8,2.679992e6,-1.094545322047078,-0.8619484131774695,TIME_LIMIT,564490,0,0,6,4
5,8,2.680081e6,-1.094545322047078,-0.8619484131774695,TIME_LIMIT,564507,0,0,11,9
5,8,2.680167e6,-1.0945336237202514,-0.8619484131774695,TIME_LIMIT,564526,0,0,13,3
5,8,2.680327e6,-1.0945336237202514,-0.8619484131774695,TIME_LIMIT,564552,0,0,17,18
5,8,2.680496e6,-1.0945272373848252,-0.8619484131774695,TIME_LIMIT,564585,0,0,15,11
5,8,2.680617e6,-1.0945272373848252,-0.8619484131774695,TIME_LIMIT,564612,0,0,13,28
5,8,2.680739e6,-1.094525149783777,-0.8619484131774695,TIME_LIMIT,564656,0,0,14,7
5,8,2.680935e6,-1.094525149783777,-0.8619484131774695,TIME_LIMIT,564675,0,0,4,7
5,8,2.681064e6,-1.0945211107583344,-0.8619484131774695,TIME_LIMIT,564704,0,0,9,8
5,8,2.681101e6,-1.0945211107583344,-0.8619484131774695,TIME_LIMIT,564720,0,0,14,4
5,8,2.681183e6,-1.0945139439289142,-0.8619484131774695,TIME_LIMIT,564742,0,0,6,2
5,8,2.68126e6,-1.0945139439289142,-0.8619484131774695,TIME_LIMIT,564753,0,0,7,4
5,8,2.681319e6,-1.0945138987428722,-0.8619484131774695,TIME_LIMIT,564769,0,0,6,2
5,8,2.681407e6,-1.0945138987428722,-0.8619484131774695,TIME_LIMIT,564789,0,0,4,7
5,8,2.681543e6,-1.0945135133034407,-0.8619484131774695,TIME_LIMIT,564811,0,0,7,10
5,8,2.681602e6,-1.0945135133034407,-0.8619484131774695,TIME_LIMIT,564833,0,0,13,7
5,8,2.68163e6,-1.094508900098381,-0.8619484131774695,TIME_LIMIT,564849,0,0,4,3
5,8,2.681739e6,-1.094508900098381,-0.8619484131774695,TIME_LIMIT,564870,0,0,8,21
5,8,2.681887e6,-1.0945013242486228,-0.8619484131774695,TIME_LIMIT,564901,0,0,11,3
5,8,2.6821e6,-1.0945013242486228,-0.8619484131774695,TIME_LIMIT,564932,0,0,17,36
5,8,2.682176e6,-1.0944987783950353,-0.8619484131774695,TIME_LIMIT,564957,0,0,16,15
5,8,2.682307e6,-1.0944987783950353,-0.8619484131774695,TIME_LIMIT,564981,0,0,15,4
5,8,2.682417e6,-1.0944944248310677,-0.8619484131774695,TIME_LIMIT,565006,0,0,10,2
5,8,2.682512e6,-1.0944944248310677,-0.8619484131774695,TIME_LIMIT,565026,0,0,14,13
5,8,2.682576e6,-1.0944939753456828,-0.8619484131774695,TIME_LIMIT,565043,0,0,13,3
5,8,2.682739e6,-1.0944939753456828,-0.8619484131774695,TIME_LIMIT,565070,0,0,13,9
5,8,2.682885e6,-1.0944935887414005,-0.8619484131774695,TIME_LIMIT,565092,0,0,19,12
5,8,2.682982e6,-1.0944935887414005,-0.8619484131774695,TIME_LIMIT,565115,0,0,14,11
5,8,2.683045e6,-1.0944876344554693,-0.8619484131774695,TIME_LIMIT,565137,0,0,9,4
5,8,2.683228e6,-1.0944876344554693,-0.8619484131774695,TIME_LIMIT,565154,0,0,7,20
5,8,2.683359e6,-1.094483943664793,-0.8619484131774695,TIME_LIMIT,565189,0,0,5,11
5,8,2.683563e6,-1.094483943664793,-0.8619484131774695,TIME_LIMIT,565216,0,0,21,21
5,8,2.683803e6,-1.094481292668357,-0.8619484131774695,TIME_LIMIT,565241,0,0,15,8
5,8,2.684002e6,-1.094481292668357,-0.8619484131774695,TIME_LIMIT,565270,0,0,18,19
5,8,2.684248e6,-1.0944769964169045,-0.8619484131774695,TIME_LIMIT,565301,0,0,18,8
5,8,2.68442e6,-1.0944769964169045,-0.8619484131774695,TIME_LIMIT,565327,0,0,16,22
5,8,2.6846e6,-1.0944742530972542,-0.8619484131774695,TIME_LIMIT,565360,0,0,12,12
5,8,2.684707e6,-1.0944742530972542,-0.8619484131774695,TIME_LIMIT,565384,0,0,13,5
5,8,2.684749e6,-1.0944729502148138,-0.8619484131774695,TIME_LIMIT,565399,0,0,12,7
5,8,2.684846e6,-1.0944729502148138,-0.8619484131774695,TIME_LIMIT,565426,0,0,5,10
5,8,2.684913e6,-1.09447141387992,-0.8619484131774695,TIME_LIMIT,565442,0,0,2,4
5,8,2.685061e6,-1.09447141387992,-0.8619484131774695,TIME_LIMIT,565471,0,0,17,33
5,8,2.685273e6,-1.0944713354889037,-0.8619484131774695,TIME_LIMIT,565507,0,0,14,17
5,8,2.685446e6,-1.0944713354889037,-0.8619484131774695,TIME_LIMIT,565535,0,0,8,12
5,8,2.685625e6,-1.0944703265014628,-0.8619484131774695,TIME_LIMIT,565563,0,0,8,10
5,8,2.685753e6,-1.0944703265014628,-0.8619484131774695,TIME_LIMIT,565585,0,0,17,7
5,8,2.685824e6,-1.0944695810643537,-0.8619484131774695,TIME_LIMIT,565605,0,0,5,4
5,8,2.685901e6,-1.0944695810643537,-0.8619484131774695,TIME_LIMIT,565631,0,0,11,7
5,8,2.68603e6,-1.0944660914154252,-0.8619484131774695,TIME_LIMIT,565650,0,0,10,7
5,8,2.686131e6,-1.0944660914154252,-0.8619484131774695,TIME_LIMIT,565675,0,0,12,8
5,8,2.686227e6,-1.0944610966406774,-0.8619484131774695,TIME_LIMIT,565699,0,0,10,6
5,8,2.686353e6,-1.0944610966406774,-0.8619484131774695,TIME_LIMIT,565731,0,0,17,10
5,8,2.686407e6,-1.0944604178280521,-0.8619484131774695,TIME_LIMIT,565752,0,0,14,7
5,8,2.686611e6,-1.0944604178280521,-0.8619484131774695,TIME_LIMIT,565776,0,0,14,10
5,8,2.686764e6,-1.0944558480724373,-0.8619484131774695,TIME_LIMIT,565794,0,0,9,3
5,8,2.686902e6,-1.0944558480724373,-0.8619484131774695,TIME_LIMIT,565815,0,0,15,11
5,8,2.686962e6,-1.0944527383531404,-0.8619484131774695,TIME_LIMIT,565840,0,0,11,7
5,8,2.687146e6,-1.0944527383531404,-0.8619484131774695,TIME_LIMIT,565863,0,0,16,26
5,8,2.687308e6,-1.0944524072613118,-0.8619484131774695,TIME_LIMIT,565899,0,0,12,17
5,8,2.687521e6,-1.0944524072613118,-0.8619484131774695,TIME_LIMIT,565933,0,0,17,9
5,8,2.687765e6,-1.094446654322334,-0.8619484131774695,TIME_LIMIT,565961,0,0,16,7
5,8,2.687976e6,-1.094446654322334,-0.8619484131774695,TIME_LIMIT,565979,0,0,9,24
5,8,2.68819e6,-1.0944466354804891,-0.8619484131774695,TIME_LIMIT,566017,0,0,21,12
5,8,2.688303e6,-1.0944466354804891,-0.8619484131774695,TIME_LIMIT,566042,0,0,14,15
5,8,2.688393e6,-1.0944459296958793,-0.8619484131774695,TIME_LIMIT,566061,0,0,7,7
5,8,2.688509e6,-1.0944459296958793,-0.8619484131774695,TIME_LIMIT,566086,0,0,15,7
5,8,2.688653e6,-1.0944395616793912,-0.8619484131774695,TIME_LIMIT,566114,0,0,11,11
5,8,2.688834e6,-1.0944395616793912,-0.8619484131774695,TIME_LIMIT,566134,0,0,8,13
5,8,2.688924e6,-1.0944351750727932,-0.8619484131774695,TIME_LIMIT,566149,0,0,3,5
5,8,2.689043e6,-1.0944351750727932,-0.8619484131774695,TIME_LIMIT,566170,0,0,18,15
5,8,2.689144e6,-1.0944344193992195,-0.8619484131774695,TIME_LIMIT,566199,0,0,12,6
5,8,2.689357e6,-1.0944344193992195,-0.8619484131774695,TIME_LIMIT,566226,0,0,18,8
5,8,2.689569e6,-1.0944321047370449,-0.8619484131774695,TIME_LIMIT,566256,0,0,8,7
5,8,2.689781e6,-1.0944321047370449,-0.8619484131774695,TIME_LIMIT,566282,0,0,17,13
5,8,2.689909e6,-1.0944306810273066,-0.8619484131774695,TIME_LIMIT,566307,0,0,17,5
5,8,2.690028e6,-1.0944306810273066,-0.8619484131774695,TIME_LIMIT,566332,0,0,12,10
5,8,2.690231e6,-1.0944294415290339,-0.8619484131774695,TIME_LIMIT,566358,0,0,12,15
5,8,2.690385e6,-1.0944294415290339,-0.8619484131774695,TIME_LIMIT,566387,0,0,12,13
5,8,2.690484e6,-1.094424388594569,-0.8619484131774695,TIME_LIMIT,566405,0,0,8,3
5,8,2.690603e6,-1.094424388594569,-0.8619484131774695,TIME_LIMIT,566429,0,0,4,26
5,8,2.690826e6,-1.0944214035101347,-0.8619484131774695,TIME_LIMIT,566462,0,0,12,10
5,8,2.69101e6,-1.0944214035101347,-0.8619484131774695,TIME_LIMIT,566484,0,0,19,14
5,8,2.691241e6,-1.0944161329015136,-0.8619484131774695,TIME_LIMIT,566524,0,0,13,16
5,8,2.69142e6,-1.0944161329015136,-0.8619484131774695,TIME_LIMIT,566551,0,0,11,12
5,8,2.691579e6,-1.0944082687358652,-0.8619484131774695,TIME_LIMIT,566578,0,0,13,9
5,8,2.691707e6,-1.0944082687358652,-0.8619484131774695,TIME_LIMIT,566607,0,0,4,5
5,8,2.69192e6,-1.0944055039276428,-0.8619484131774695,TIME_LIMIT,566645,0,0,14,5
5,8,2.692126e6,-1.0944055039276428,-0.8619484131774695,TIME_LIMIT,566673,0,0,13,9
5,8,2.692175e6,-1.094401850465363,-0.8619484131774695,TIME_LIMIT,566693,0,0,13,4
5,8,2.692374e6,-1.094401850465363,-0.8619484131774695,TIME_LIMIT,566720,0,0,19,19
5,8,2.692485e6,-1.0943972341674784,-0.8619484131774695,TIME_LIMIT,566759,0,0,11,8
5,8,2.692604e6,-1.0943972341674784,-0.8619484131774695,TIME_LIMIT,566776,0,0,19,28
5,8,2.692773e6,-1.0943924604307669,-0.8619484131774695,TIME_LIMIT,566809,0,0,13,10
5,8,2.692856e6,-1.0943924604307669,-0.8619484131774695,TIME_LIMIT,566835,0,0,11,5
5,8,2.692907e6,-1.0943876490382218,-0.8619484131774695,TIME_LIMIT,566858,0,0,13,2
5,8,2.693121e6,-1.0943876490382218,-0.8619484131774695,TIME_LIMIT,566875,0,0,16,15
5,8,2.693281e6,-1.0943830218097592,-0.8619484131774695,TIME_LIMIT,566908,0,0,12,5
5,8,2.693363e6,-1.0943830218097592,-0.8619484131774695,TIME_LIMIT,566925,0,0,13,9
5,8,2.693413e6,-1.0943780780997763,-0.8619484131774695,TIME_LIMIT,566949,0,0,5,2
5,8,2.693537e6,-1.0943780780997763,-0.8619484131774695,TIME_LIMIT,566972,0,0,15,16
5,8,2.693679e6,-1.0943716250938929,-0.8619484131774695,TIME_LIMIT,566999,0,0,14,8
5,8,2.693806e6,-1.0943716250938929,-0.8619484131774695,TIME_LIMIT,567030,0,0,13,24
5,8,2.693936e6,-1.0943650094564852,-0.8619484131774695,TIME_LIMIT,567059,0,0,15,13
5,8,2.694117e6,-1.0943650094564852,-0.8619484131774695,TIME_LIMIT,567077,0,0,7,10
5,8,2.694239e6,-1.0943593443336286,-0.8619484131774695,TIME_LIMIT,567101,0,0,9,2
5,8,2.694364e6,-1.0943593443336286,-0.8619484131774695,TIME_LIMIT,567125,0,0,15,7
5,8,2.69443e6,-1.0943592044009074,-0.8619484131774695,TIME_LIMIT,567147,0,0,10,3
5,8,2.694551e6,-1.0943592044009074,-0.8619484131774695,TIME_LIMIT,567163,0,0,9,13
5,8,2.694669e6,-1.0943530889316504,-0.8619484131774695,TIME_LIMIT,567191,0,0,5,8
5,8,2.694852e6,-1.0943530889316504,-0.8619484131774695,TIME_LIMIT,567216,0,0,7,7
5,8,2.694898e6,-1.094351659364244,-0.8619484131774695,TIME_LIMIT,567235,0,0,14,4
5,8,2.695005e6,-1.094351659364244,-0.8619484131774695,TIME_LIMIT,567257,0,0,11,10
5,8,2.695107e6,-1.0943508986893962,-0.8619484131774695,TIME_LIMIT,567286,0,0,8,9
5,8,2.695255e6,-1.0943508986893962,-0.8619484131774695,TIME_LIMIT,567314,0,0,9,13
5,8,2.695397e6,-1.0943502130818192,-0.8619484131774695,TIME_LIMIT,567345,0,0,12,9
5,8,2.695516e6,-1.0943502130818192,-0.8619484131774695,TIME_LIMIT,567361,0,0,12,11
5,8,2.695674e6,-1.0943479100146671,-0.8619484131774695,TIME_LIMIT,567392,0,0,7,5
5,8,2.695878e6,-1.0943479100146671,-0.8619484131774695,TIME_LIMIT,567417,0,0,14,10
5,8,2.696117e6,-1.0943469435228248,-0.8619484131774695,TIME_LIMIT,567448,0,0,18,10
5,8,2.6962e6,-1.0943469435228248,-0.8619484131774695,TIME_LIMIT,567464,0,0,8,24
5,8,2.696326e6,-1.094338912582291,-0.8619484131774695,TIME_LIMIT,567496,0,0,7,8
5,8,2.696471e6,-1.094338912582291,-0.8619484131774695,TIME_LIMIT,567525,0,0,21,16
5,8,2.696615e6,-1.0943347692259546,-0.8619484131774695,TIME_LIMIT,567547,0,0,9,8
5,8,2.696754e6,-1.0943347692259546,-0.8619484131774695,TIME_LIMIT,567573,0,0,12,12
5,8,2.696845e6,-1.0943337865401754,-0.8619484131774695,TIME_LIMIT,567591,0,0,8,5
5,8,2.696968e6,-1.0943337865401754,-0.8619484131774695,TIME_LIMIT,567615,0,0,12,5
5,8,2.697015e6,-1.094329698732242,-0.8619484131774695,TIME_LIMIT,567631,0,0,10,11
5,8,2.697227e6,-1.094329698732242,-0.8619484131774695,TIME_LIMIT,567660,0,0,17,17
5,8,2.697323e6,-1.0943295163622615,-0.8619484131774695,TIME_LIMIT,567687,0,0,9,7
5,8,2.697478e6,-1.0943295163622615,-0.8619484131774695,TIME_LIMIT,567719,0,0,17,16
5,8,2.697696e6,-1.0943293870236714,-0.8619484131774695,TIME_LIMIT,567738,0,0,14,7
5,8,2.697846e6,-1.0943293870236714,-0.8619484131774695,TIME_LIMIT,567759,0,0,12,8
5,8,2.697998e6,-1.0943284841716399,-0.8619484131774695,TIME_LIMIT,567786,0,0,8,7
5,8,2.698202e6,-1.0943284841716399,-0.8619484131774695,TIME_LIMIT,567817,0,0,15,24
5,8,2.698311e6,-1.0943246500963415,-0.8619484131774695,TIME_LIMIT,567853,0,0,12,11
5,8,2.698467e6,-1.0943246500963415,-0.8619484131774695,TIME_LIMIT,567881,0,0,16,19
5,8,2.698635e6,-1.0943239634642485,-0.8619484131774695,TIME_LIMIT,567911,0,0,18,9
5,8,2.698724e6,-1.0943239634642485,-0.8619484131774695,TIME_LIMIT,567934,0,0,7,4
5,8,2.698844e6,-1.0943136556447792,-0.8619484131774695,TIME_LIMIT,567947,0,0,5,2
5,8,2.699016e6,-1.0943136556447792,-0.8619484131774695,TIME_LIMIT,567973,0,0,17,21
5,8,2.699101e6,-1.094299294380308,-0.8619484131774695,TIME_LIMIT,567997,0,0,14,2
5,8,2.699228e6,-1.094299294380308,-0.8619484131774695,TIME_LIMIT,568031,0,0,10,18
5,8,2.699349e6,-1.094298325009246,-0.8619484131774695,TIME_LIMIT,568056,0,0,12,7
5,8,2.69946e6,-1.094298325009246,-0.8619484131774695,TIME_LIMIT,568077,0,0,6,10
5,8,2.699577e6,-1.0942954428884186,-0.8619484131774695,TIME_LIMIT,568104,0,0,11,5
5,8,2.699661e6,-1.0942954428884186,-0.8619484131774695,TIME_LIMIT,568123,0,0,10,12
5,8,2.699717e6,-1.0942947117241457,-0.8619484131774695,TIME_LIMIT,568142,0,0,14,2
5,8,2.699928e6,-1.0942947117241457,-0.8619484131774695,TIME_LIMIT,568170,0,0,17,23
5,8,2.700131e6,-1.094286612791795,-0.8619484131774695,TIME_LIMIT,568206,0,0,17,3
5,8,2.700338e6,-1.094286612791795,-0.8619484131774695,TIME_LIMIT,568234,0,0,11,15
5,8,2.700433e6,-1.094283469957202,-0.8619484131774695,TIME_LIMIT,568262,0,0,5,7
5,8,2.700526e6,-1.094283469957202,-0.8619484131774695,TIME_LIMIT,568282,0,0,11,8
5,8,2.700597e6,-1.0942761423430407,-0.8619484131774695,TIME_LIMIT,568302,0,0,8,4
5,8,2.700744e6,-1.0942761423430407,-0.8619484131774695,TIME_LIMIT,568326,0,0,19,15
5,8,2.700958e6,-1.0942736336534322,-0.8619484131774695,TIME_LIMIT,568364,0,0,15,12
5,8,2.701047e6,-1.0942736336534322,-0.8619484131774695,TIME_LIMIT,568381,0,0,12,7
5,8,2.70113e6,-1.0942672043977804,-0.8619484131774695,TIME_LIMIT,568403,0,0,11,6
5,8,2.701248e6,-1.0942672043977804,-0.8619484131774695,TIME_LIMIT,568429,0,0,18,3
5,8,2.701297e6,-1.0942659588308055,-0.8619484131774695,TIME_LIMIT,568444,0,0,11,3
5,8,2.701364e6,-1.0942659588308055,-0.8619484131774695,TIME_LIMIT,568462,0,0,7,12
5,8,2.701468e6,-1.094259312171809,-0.8619484131774695,TIME_LIMIT,568488,0,0,10,5
5,8,2.701624e6,-1.094259312171809,-0.8619484131774695,TIME_LIMIT,568512,0,0,13,12
5,8,2.701861e6,-1.0942547842859678,-0.8619484131774695,TIME_LIMIT,568547,0,0,13,11
5,8,2.702067e6,-1.0942547842859678,-0.8619484131774695,TIME_LIMIT,568565,0,0,9,17
5,8,2.702218e6,-1.0942450956362424,-0.8619484131774695,TIME_LIMIT,568595,0,0,10,5
5,8,2.702335e6,-1.0942450956362424,-0.8619484131774695,TIME_LIMIT,568622,0,0,10,12
5,8,2.702416e6,-1.0942388038329294,-0.8619484131774695,TIME_LIMIT,568643,0,0,13,6
5,8,2.702484e6,-1.0942388038329294,-0.8619484131774695,TIME_LIMIT,568668,0,0,12,13
5,8,2.702689e6,-1.0942354209303193,-0.8619484131774695,TIME_LIMIT,568703,0,0,6,9
5,8,2.702916e6,-1.0942354209303193,-0.8619484131774695,TIME_LIMIT,568734,0,0,17,18
5,8,2.70309e6,-1.0942327724502277,-0.8619484131774695,TIME_LIMIT,568756,0,0,8,14
5,8,2.703194e6,-1.0942327724502277,-0.8619484131774695,TIME_LIMIT,568774,0,0,9,18
5,8,2.703326e6,-1.0942324591424635,-0.8619484131774695,TIME_LIMIT,568806,0,0,12,6
5,8,2.703484e6,-1.0942324591424635,-0.8619484131774695,TIME_LIMIT,568830,0,0,15,9
5,8,2.703557e6,-1.0942066866139204,-0.8619484131774695,TIME_LIMIT,568850,0,0,5,2
5,8,2.703688e6,-1.0942066866139204,-0.8619484131774695,TIME_LIMIT,568879,0,0,5,8
5,8,2.7038e6,-1.09420017260517,-0.8619484131774695,TIME_LIMIT,568901,0,0,8,8
5,8,2.703872e6,-1.09420017260517,-0.8619484131774695,TIME_LIMIT,568922,0,0,15,11
5,8,2.703982e6,-1.0942000763225703,-0.8619484131774695,TIME_LIMIT,568946,0,0,13,8
5,8,2.704094e6,-1.0942000763225703,-0.8619484131774695,TIME_LIMIT,568974,0,0,15,24
5,8,2.704306e6,-1.0941997382581696,-0.8619484131774695,TIME_LIMIT,569007,0,0,9,11
5,8,2.704361e6,-1.0941997382581696,-0.8619484131774695,TIME_LIMIT,569029,0,0,15,4
5,8,2.704453e6,-1.0941884454442896,-0.8619484131774695,TIME_LIMIT,569046,0,0,9,1
5,8,2.704664e6,-1.0941884454442896,-0.8619484131774695,TIME_LIMIT,569068,0,0,18,30
5,8,2.70486e6,-1.0941856386805253,-0.8619484131774695,TIME_LIMIT,569110,0,0,23,11
5,8,2.705027e6,-1.0941856386805253,-0.8619484131774695,TIME_LIMIT,569140,0,0,22,22
5,8,2.705214e6,-1.0941809464873922,-0.8619484131774695,TIME_LIMIT,569167,0,0,14,6
5,8,2.705455e6,-1.0941809464873922,-0.8619484131774695,TIME_LIMIT,569190,0,0,19,11
5,8,2.705683e6,-1.0941787223408186,-0.8619484131774695,TIME_LIMIT,569221,0,0,13,5
5,8,2.705827e6,-1.0941787223408186,-0.8619484131774695,TIME_LIMIT,569244,0,0,13,4
5,8,2.705902e6,-1.0941731754064694,-0.8619484131774695,TIME_LIMIT,569257,0,0,8,7
5,8,2.705991e6,-1.0941731754064694,-0.8619484131774695,TIME_LIMIT,569285,0,0,14,24
5,8,2.706093e6,-1.094171577130485,-0.8619484131774695,TIME_LIMIT,569309,0,0,11,6
5,8,2.706214e6,-1.094171577130485,-0.8619484131774695,TIME_LIMIT,569329,0,0,11,13
5,8,2.706394e6,-1.0941710214884703,-0.8619484131774695,TIME_LIMIT,569356,0,0,15,5
5,8,2.706461e6,-1.0941710214884703,-0.8619484131774695,TIME_LIMIT,569380,0,0,12,6
5,8,2.706501e6,-1.0941646063363932,-0.8619484131774695,TIME_LIMIT,569391,0,0,3,2
5,8,2.706717e6,-1.0941646063363932,-0.8619484131774695,TIME_LIMIT,569420,0,0,16,7
5,8,2.706891e6,-1.0941626656748378,-0.8619484131774695,TIME_LIMIT,569440,0,0,6,3
5,8,2.706965e6,-1.0941626656748378,-0.8619484131774695,TIME_LIMIT,569458,0,0,5,4
5,8,2.707002e6,-1.094161601670658,-0.8619484131774695,TIME_LIMIT,569472,0,0,6,3
5,8,2.707129e6,-1.094161601670658,-0.8619484131774695,TIME_LIMIT,569498,0,0,13,8
5,8,2.707191e6,-1.0941561556745483,-0.8619484131774695,TIME_LIMIT,569513,0,0,7,6
5,8,2.70732e6,-1.0941561556745483,-0.8619484131774695,TIME_LIMIT,569541,0,0,17,14
5,8,2.707391e6,-1.0941478270638239,-0.8619484131774695,TIME_LIMIT,569564,0,0,5,5
5,8,2.707603e6,-1.0941478270638239,-0.8619484131774695,TIME_LIMIT,569591,0,0,15,3
5,8,2.707705e6,-1.094146104531685,-0.8619484131774695,TIME_LIMIT,569610,0,0,12,5
5,8,2.707812e6,-1.094146104531685,-0.8619484131774695,TIME_LIMIT,569637,0,0,7,11
5,8,2.707926e6,-1.0941432629916354,-0.8619484131774695,TIME_LIMIT,569658,0,0,7,13
5,8,2.708018e6,-1.0941432629916354,-0.8619484131774695,TIME_LIMIT,569675,0,0,10,21
5,8,2.708267e6,-1.0941379810291614,-0.8619484131774695,TIME_LIMIT,569700,0,0,11,6
5,8,2.70848e6,-1.0941379810291614,-0.8619484131774695,TIME_LIMIT,569724,0,0,19,19
5,8,2.708652e6,-1.0941358418473903,-0.8619484131774695,TIME_LIMIT,569750,0,0,14,15
5,8,2.708801e6,-1.0941358418473903,-0.8619484131774695,TIME_LIMIT,569776,0,0,17,23
5,8,2.708989e6,-1.0941315047308466,-0.8619484131774695,TIME_LIMIT,569808,0,0,11,11
5,8,2.709193e6,-1.0941315047308466,-0.8619484131774695,TIME_LIMIT,569833,0,0,9,11
5,8,2.709262e6,-1.094127466518625,-0.8619484131774695,TIME_LIMIT,569852,0,0,7,7
5,8,2.709435e6,-1.094127466518625,-0.8619484131774695,TIME_LIMIT,569875,0,0,13,20
5,8,2.709578e6,-1.0941273535706617,-0.8619484131774695,TIME_LIMIT,569911,0,0,15,15
5,8,2.710016e6,-1.0941273535706617,-0.8619484131774695,TIME_LIMIT,569941,0,0,6,12
5,8,2.710182e6,-1.0941265574006716,-0.8619484131774695,TIME_LIMIT,569966,0,0,15,6
5,8,2.710388e6,-1.0941265574006716,-0.8619484131774695,TIME_LIMIT,569991,0,0,12,13
5,8,2.710506e6,-1.094125335198683,-0.8619484131774695,TIME_LIMIT,570018,0,0,5,8
5,8,2.710615e6,-1.094125335198683,-0.8619484131774695,TIME_LIMIT,570043,0,0,19,22
5,8,2.710754e6,-1.0941204744829052,-0.8619484131774695,TIME_LIMIT,570080,0,0,4,8
5,8,2.710844e6,-1.0941204744829052,-0.8619484131774695,TIME_LIMIT,570100,0,0,13,15
5,8,2.710968e6,-1.0941171429201466,-0.8619484131774695,TIME_LIMIT,570120,0,0,7,6
5,8,2.711193e6,-1.0941171429201466,-0.8619484131774695,TIME_LIMIT,570140,0,0,6,13
5,8,2.711402e6,-1.094117078545782,-0.8619484131774695,TIME_LIMIT,570167,0,0,4,6
5,8,2.711587e6,-1.094117078545782,-0.8619484131774695,TIME_LIMIT,570195,0,0,9,10
5,8,2.711646e6,-1.0941139589146363,-0.8619484131774695,TIME_LIMIT,570218,0,0,13,9
5,8,2.711735e6,-1.0941139589146363,-0.8619484131774695,TIME_LIMIT,570241,0,0,13,5
5,8,2.711856e6,-1.0941105721305429,-0.8619484131774695,TIME_LIMIT,570266,0,0,11,8
5,8,2.71201e6,-1.0941105721305429,-0.8619484131774695,TIME_LIMIT,570286,0,0,13,16
5,8,2.712132e6,-1.0941029098168473,-0.8619484131774695,TIME_LIMIT,570309,0,0,9,5
5,8,2.71223e6,-1.0941029098168473,-0.8619484131774695,TIME_LIMIT,570328,0,0,13,17
5,8,2.71236e6,-1.094086426489627,-0.8619484131774695,TIME_LIMIT,570368,0,0,19,8
5,8,2.712497e6,-1.094086426489627,-0.8619484131774695,TIME_LIMIT,570391,0,0,4,8
5,8,2.712599e6,-1.0940843907823985,-0.8619484131774695,TIME_LIMIT,570408,0,0,13,4
5,8,2.712754e6,-1.0940843907823985,-0.8619484131774695,TIME_LIMIT,570435,0,0,14,25
5,8,2.712827e6,-1.0940830944019257,-0.8619484131774695,TIME_LIMIT,570456,0,0,11,8
5,8,2.712979e6,-1.0940830944019257,-0.8619484131774695,TIME_LIMIT,570479,0,0,11,12
5,8,2.713042e6,-1.0940808594223297,-0.8619484131774695,TIME_LIMIT,570501,0,0,6,8
5,8,2.713228e6,-1.0940808594223297,-0.8619484131774695,TIME_LIMIT,570538,0,0,18,14
5,8,2.713381e6,-1.094077814772299,-0.8619484131774695,TIME_LIMIT,570560,0,0,14,14
5,8,2.71351e6,-1.094077814772299,-0.8619484131774695,TIME_LIMIT,570580,0,0,10,13
5,8,2.713615e6,-1.094077601577197,-0.8619484131774695,TIME_LIMIT,570603,0,0,5,6
5,8,2.71393e6,-1.094077601577197,-0.8619484131774695,TIME_LIMIT,570630,0,0,18,29
5,8,2.714173e6,-1.0940773411907045,-0.8619484131774695,TIME_LIMIT,570669,0,0,9,10
5,8,2.714281e6,-1.0940773411907045,-0.8619484131774695,TIME_LIMIT,570693,0,0,17,15
5,8,2.714419e6,-1.094074088085154,-0.8619484131774695,TIME_LIMIT,570730,0,0,9,7
5,8,2.714628e6,-1.094074088085154,-0.8619484131774695,TIME_LIMIT,570760,0,0,9,16
5,8,2.714662e6,-1.0940723186981018,-0.8619484131774695,TIME_LIMIT,570777,0,0,8,13
5,8,2.714703e6,-1.0940723186981018,-0.8619484131774695,TIME_LIMIT,570794,0,0,6,2
5,8,2.714779e6,-1.0940683879941435,-0.8619484131774695,TIME_LIMIT,570811,0,0,9,1
5,8,2.7149e6,-1.0940683879941435,-0.8619484131774695,TIME_LIMIT,570833,0,0,11,17
5,8,2.714958e6,-1.0940669395196092,-0.8619484131774695,TIME_LIMIT,570857,0,0,8,5
5,8,2.715191e6,-1.0940669395196092,-0.8619484131774695,TIME_LIMIT,570886,0,0,9,9
5,8,2.715377e6,-1.0940651032231694,-0.8619484131774695,TIME_LIMIT,570914,0,0,8,8
5,8,2.715455e6,-1.0940651032231694,-0.8619484131774695,TIME_LIMIT,570924,0,0,8,9
5,8,2.715552e6,-1.0940646111929053,-0.8619484131774695,TIME_LIMIT,570943,0,0,6,4
5,8,2.71576e6,-1.0940646111929053,-0.8619484131774695,TIME_LIMIT,570975,0,0,14,18
5,8,2.715919e6,-1.0940624724785195,-0.8619484131774695,TIME_LIMIT,571010,0,0,15,6
5,8,2.715988e6,-1.0940624724785195,-0.8619484131774695,TIME_LIMIT,571038,0,0,8,10
5,8,2.71611e6,-1.0940549254849,-0.8619484131774695,TIME_LIMIT,571054,0,0,9,4
5,8,2.716193e6,-1.0940549254849,-0.8619484131774695,TIME_LIMIT,571079,0,0,9,2
5,8,2.716243e6,-1.0940531776896683,-0.8619484131774695,TIME_LIMIT,571097,0,0,11,4
5,8,2.716371e6,-1.0940531776896683,-0.8619484131774695,TIME_LIMIT,571125,0,0,8,7
5,8,2.716548e6,-1.0940460422866103,-0.8619484131774695,TIME_LIMIT,571149,0,0,17,8
5,8,2.716637e6,-1.0940460422866103,-0.8619484131774695,TIME_LIMIT,571168,0,0,12,10
5,8,2.716718e6,-1.0940460048808194,-0.8619484131774695,TIME_LIMIT,571185,0,0,6,4
5,8,2.716833e6,-1.0940460048808194,-0.8619484131774695,TIME_LIMIT,571215,0,0,15,10
5,8,2.716914e6,-1.0940454194200082,-0.8619484131774695,TIME_LIMIT,571231,0,0,10,10
5,8,2.717034e6,-1.0940454194200082,-0.8619484131774695,TIME_LIMIT,571259,0,0,16,14
5,8,2.717106e6,-1.0940420266138164,-0.8619484131774695,TIME_LIMIT,571279,0,0,9,7
5,8,2.71733e6,-1.0940420266138164,-0.8619484131774695,TIME_LIMIT,571300,0,0,9,3
5,8,2.717519e6,-1.0940388168680073,-0.8619484131774695,TIME_LIMIT,571332,0,0,13,5
5,8,2.717607e6,-1.0940388168680073,-0.8619484131774695,TIME_LIMIT,571354,0,0,13,9
5,8,2.71765e6,-1.0940234745630608,-0.8619484131774695,TIME_LIMIT,571371,0,0,9,2
5,8,2.71778e6,-1.0940234745630608,-0.8619484131774695,TIME_LIMIT,571394,0,0,17,27
5,8,2.717985e6,-1.0940131147634127,-0.8619484131774695,TIME_LIMIT,571430,0,0,11,12
5,8,2.718059e6,-1.0940131147634127,-0.8619484131774695,TIME_LIMIT,571450,0,0,6,5
5,8,2.71808e6,-1.09400928334625,-0.8619484131774695,TIME_LIMIT,571455,0,0,1,1
5,8,2.718159e6,-1.09400928334625,-0.8619484131774695,TIME_LIMIT,571478,0,0,5,7
5,8,2.71827e6,-1.0940064702820365,-0.8619484131774695,TIME_LIMIT,571490,0,0,7,1
5,8,2.718415e6,-1.0940064702820365,-0.8619484131774695,TIME_LIMIT,571516,0,0,21,17
5,8,2.718591e6,-1.0940060675599317,-0.8619484131774695,TIME_LIMIT,571546,0,0,12,8
5,8,2.718721e6,-1.0940060675599317,-0.8619484131774695,TIME_LIMIT,571570,0,0,15,16
5,8,2.718835e6,-1.0940025175819235,-0.8619484131774695,TIME_LIMIT,571606,0,0,16,7
5,8,2.719019e6,-1.0940025175819235,-0.8619484131774695,TIME_LIMIT,571624,0,0,11,15
5,8,2.719152e6,-1.0940009480715158,-0.8619484131774695,TIME_LIMIT,571650,0,0,5,3
5,8,2.719275e6,-1.0940009480715158,-0.8619484131774695,TIME_LIMIT,571677,0,0,19,11
5,8,2.719391e6,-1.0940001495115599,-0.8619484131774695,TIME_LIMIT,571697,0,0,8,5
5,8,2.719478e6,-1.0940001495115599,-0.8619484131774695,TIME_LIMIT,571719,0,0,13,8
5,8,2.719624e6,-1.0939981542252553,-0.8619484131774695,TIME_LIMIT,571741,0,0,11,4
5,8,2.719695e6,-1.0939981542252553,-0.8619484131774695,TIME_LIMIT,571763,0,0,8,5
5,8,2.719802e6,-1.0939972518483958,-0.8619484131774695,TIME_LIMIT,571778,0,0,10,4
5,8,2.720015e6,-1.0939972518483958,-0.8619484131774695,TIME_LIMIT,571807,0,0,9,9
5,8,2.720206e6,-1.0939928814951623,-0.8619484131774695,TIME_LIMIT,571840,0,0,20,13
5,8,2.720386e6,-1.0939928814951623,-0.8619484131774695,TIME_LIMIT,571867,0,0,16,15
5,8,2.720547e6,-1.0939828610721305,-0.8619484131774695,TIME_LIMIT,571895,0,0,9,10
5,8,2.720663e6,-1.0939828610721305,-0.8619484131774695,TIME_LIMIT,571919,0,0,9,13
5,8,2.720878e6,-1.093978714713914,-0.8619484131774695,TIME_LIMIT,571953,0,0,8,8
5,8,2.721092e6,-1.093978714713914,-0.8619484131774695,TIME_LIMIT,571982,0,0,10,11
5,8,2.721133e6,-1.0939781189442113,-0.8619484131774695,TIME_LIMIT,572005,0,0,12,6
5,8,2.721347e6,-1.0939781189442113,-0.8619484131774695,TIME_LIMIT,572032,0,0,19,15
5,8,2.721548e6,-1.0939711206643596,-0.8619484131774695,TIME_LIMIT,572069,0,0,16,8
5,8,2.721902e6,-1.0939711206643596,-0.8619484131774695,TIME_LIMIT,572099,0,0,13,16
5,8,2.722069e6,-1.0939685733826938,-0.8619484131774695,TIME_LIMIT,572135,0,0,5,11
5,8,2.722245e6,-1.0939685733826938,-0.8619484131774695,TIME_LIMIT,572167,0,0,11,22
5,8,2.722378e6,-1.0939669120752207,-0.8619484131774695,TIME_LIMIT,572192,0,0,18,11
5,8,2.722443e6,-1.0939669120752207,-0.8619484131774695,TIME_LIMIT,572210,0,0,12,3
5,8,2.722631e6,-1.0939652749826445,-0.8619484131774695,TIME_LIMIT,572248,0,0,16,14
5,8,2.722726e6,-1.0939652749826445,-0.8619484131774695,TIME_LIMIT,572273,0,0,18,9
5,8,2.722816e6,-1.0939640744769887,-0.8619484131774695,TIME_LIMIT,572300,0,0,7,7
5,8,2.72295e6,-1.0939640744769887,-0.8619484131774695,TIME_LIMIT,572328,0,0,14,6
5,8,2.723098e6,-1.0939624053439914,-0.8619484131774695,TIME_LIMIT,572352,0,0,13,9
5,8,2.723242e6,-1.0939624053439914,-0.8619484131774695,TIME_LIMIT,572374,0,0,3,14
5,8,2.723408e6,-1.093951419921075,-0.8619484131774695,TIME_LIMIT,572402,0,0,16,4
5,8,2.723481e6,-1.093951419921075,-0.8619484131774695,TIME_LIMIT,572419,0,0,3,3
5,8,2.723619e6,-1.0939513736236792,-0.8619484131774695,TIME_LIMIT,572435,0,0,4,3
5,8,2.723739e6,-1.0939513736236792,-0.8619484131774695,TIME_LIMIT,572455,0,0,15,5
5,8,2.723818e6,-1.0939430475381153,-0.8619484131774695,TIME_LIMIT,572477,0,0,11,7
5,8,2.723984e6,-1.0939430475381153,-0.8619484131774695,TIME_LIMIT,572506,0,0,16,16
5,8,2.724045e6,-1.0939313567457487,-0.8619484131774695,TIME_LIMIT,572534,0,0,9,9
5,8,2.724217e6,-1.0939313567457487,-0.8619484131774695,TIME_LIMIT,572565,0,0,19,22
5,8,2.724306e6,-1.093929679838212,-0.8619484131774695,TIME_LIMIT,572587,0,0,12,10
5,8,2.724433e6,-1.093929679838212,-0.8619484131774695,TIME_LIMIT,572610,0,0,13,6
5,8,2.724529e6,-1.093929074741739,-0.8619484131774695,TIME_LIMIT,572632,0,0,12,1
5,8,2.724716e6,-1.093929074741739,-0.8619484131774695,TIME_LIMIT,572654,0,0,10,11
5,8,2.724899e6,-1.0939215129098625,-0.8619484131774695,TIME_LIMIT,572678,0,0,6,3
5,8,2.725002e6,-1.0939215129098625,-0.8619484131774695,TIME_LIMIT,572700,0,0,9,10
5,8,2.725165e6,-1.093915376068604,-0.8619484131774695,TIME_LIMIT,572730,0,0,7,4
5,8,2.72532e6,-1.093915376068604,-0.8619484131774695,TIME_LIMIT,572753,0,0,9,5
5,8,2.725488e6,-1.0939111167692652,-0.8619484131774695,TIME_LIMIT,572778,0,0,11,6
5,8,2.725648e6,-1.0939111167692652,-0.8619484131774695,TIME_LIMIT,572806,0,0,12,18
5,8,2.725721e6,-1.093910788881011,-0.8619484131774695,TIME_LIMIT,572841,0,0,13,6
5,8,2.725809e6,-1.093910788881011,-0.8619484131774695,TIME_LIMIT,572860,0,0,16,9
5,8,2.725975e6,-1.0939041054489702,-0.8619484131774695,TIME_LIMIT,572874,0,0,10,2
5,8,2.726028e6,-1.0939041054489702,-0.8619484131774695,TIME_LIMIT,572893,0,0,15,34
5,8,2.726291e6,-1.0938993807148742,-0.8619484131774695,TIME_LIMIT,572932,0,0,5,10
5,8,2.726504e6,-1.0938993807148742,-0.8619484131774695,TIME_LIMIT,572956,0,0,12,14
5,8,2.726602e6,-1.09389566554177,-0.8619484131774695,TIME_LIMIT,572979,0,0,13,4
5,8,2.726707e6,-1.09389566554177,-0.8619484131774695,TIME_LIMIT,572996,0,0,16,20
5,8,2.726829e6,-1.0938950274023058,-0.8619484131774695,TIME_LIMIT,573030,0,0,11,14
5,8,2.727036e6,-1.0938950274023058,-0.8619484131774695,TIME_LIMIT,573056,0,0,18,7
5,8,2.727127e6,-1.0938898081353658,-0.8619484131774695,TIME_LIMIT,573080,0,0,21,3
5,8,2.727332e6,-1.0938898081353658,-0.8619484131774695,TIME_LIMIT,573113,0,0,15,26
5,8,2.727439e6,-1.0938855711887905,-0.8619484131774695,TIME_LIMIT,573144,0,0,16,10
5,8,2.727583e6,-1.0938855711887905,-0.8619484131774695,TIME_LIMIT,573169,0,0,10,10
5,8,2.727671e6,-1.093885459943904,-0.8619484131774695,TIME_LIMIT,573189,0,0,7,7
5,8,2.727839e6,-1.093885459943904,-0.8619484131774695,TIME_LIMIT,573216,0,0,16,19
5,8,2.727957e6,-1.093879443999149,-0.8619484131774695,TIME_LIMIT,573248,0,0,4,10
5,8,2.728057e6,-1.093879443999149,-0.8619484131774695,TIME_LIMIT,573272,0,0,16,24
5,8,2.728192e6,-1.0938782485118694,-0.8619484131774695,TIME_LIMIT,573307,0,0,9,8
5,8,2.728378e6,-1.0938782485118694,-0.8619484131774695,TIME_LIMIT,573331,0,0,14,9
5,8,2.728504e6,-1.093874441501275,-0.8619484131774695,TIME_LIMIT,573351,0,0,6,2
5,8,2.728578e6,-1.093874441501275,-0.8619484131774695,TIME_LIMIT,573370,0,0,9,13
5,8,2.728654e6,-1.0938545999034104,-0.8619484131774695,TIME_LIMIT,573393,0,0,9,6
5,8,2.728786e6,-1.0938545999034104,-0.8619484131774695,TIME_LIMIT,573415,0,0,10,15
5,8,2.728872e6,-1.0938530677475924,-0.8619484131774695,TIME_LIMIT,573440,0,0,13,5
5,8,2.729086e6,-1.0938530677475924,-0.8619484131774695,TIME_LIMIT,573469,0,0,19,20
5,8,2.729201e6,-1.0938466234756792,-0.8619484131774695,TIME_LIMIT,573494,0,0,10,14
5,8,2.729276e6,-1.0938466234756792,-0.8619484131774695,TIME_LIMIT,573514,0,0,11,6
5,8,2.729302e6,-1.0938435813068208,-0.8619484131774695,TIME_LIMIT,573522,0,0,4,5
5,8,2.729437e6,-1.0938435813068208,-0.8619484131774695,TIME_LIMIT,573547,0,0,13,21
5,8,2.729593e6,-1.093842781269543,-0.8619484131774695,TIME_LIMIT,573575,0,0,13,3
5,8,2.729805e6,-1.093842781269543,-0.8619484131774695,TIME_LIMIT,573599,0,0,21,15
5,8,2.729994e6,-1.093842001013401,-0.8619484131774695,TIME_LIMIT,573633,0,0,9,11
5,8,2.730122e6,-1.093842001013401,-0.8619484131774695,TIME_LIMIT,573655,0,0,13,9
5,8,2.7303e6,-1.093841662066241,-0.8619484131774695,TIME_LIMIT,573685,0,0,10,6
5,8,2.730379e6,-1.093841662066241,-0.8619484131774695,TIME_LIMIT,573701,0,0,8,8
5,8,2.730491e6,-1.093841094798408,-0.8619484131774695,TIME_LIMIT,573712,0,0,4,3
5,8,2.730611e6,-1.093841094798408,-0.8619484131774695,TIME_LIMIT,573736,0,0,20,18
5,8,2.730873e6,-1.0938409016107504,-0.8619484131774695,TIME_LIMIT,573774,0,0,11,13
5,8,2.730988e6,-1.0938409016107504,-0.8619484131774695,TIME_LIMIT,573795,0,0,4,4
5,8,2.731102e6,-1.093834672326723,-0.8619484131774695,TIME_LIMIT,573820,0,0,13,10
5,8,2.731188e6,-1.093834672326723,-0.8619484131774695,TIME_LIMIT,573843,0,0,10,10
5,8,2.731256e6,-1.0938334760940354,-0.8619484131774695,TIME_LIMIT,573861,0,0,6,5
5,8,2.731468e6,-1.0938334760940354,-0.8619484131774695,TIME_LIMIT,573885,0,0,6,14
5,8,2.731608e6,-1.0938326782895365,-0.8619484131774695,TIME_LIMIT,573916,0,0,11,7
5,8,2.731785e6,-1.0938326782895365,-0.8619484131774695,TIME_LIMIT,573939,0,0,15,11
5,8,2.732001e6,-1.0938245435595721,-0.8619484131774695,TIME_LIMIT,573972,0,0,13,9
5,8,2.732206e6,-1.0938245435595721,-0.8619484131774695,TIME_LIMIT,573994,0,0,6,12
5,8,2.732416e6,-1.093822882663751,-0.8619484131774695,TIME_LIMIT,574020,0,0,8,8
5,8,2.732537e6,-1.093822882663751,-0.8619484131774695,TIME_LIMIT,574039,0,0,18,17
5,8,2.732604e6,-1.093821016202662,-0.8619484131774695,TIME_LIMIT,574064,0,0,8,4
5,8,2.732694e6,-1.093821016202662,-0.8619484131774695,TIME_LIMIT,574085,0,0,10,5
5,8,2.732737e6,-1.09381926790922,-0.8619484131774695,TIME_LIMIT,574104,0,0,4,1
5,8,2.732949e6,-1.09381926790922,-0.8619484131774695,TIME_LIMIT,574134,0,0,21,24
5,8,2.733161e6,-1.0938150710582688,-0.8619484131774695,TIME_LIMIT,574161,0,0,15,19
5,8,2.73327e6,-1.0938150710582688,-0.8619484131774695,TIME_LIMIT,574188,0,0,11,14
5,8,2.733339e6,-1.0938129758693838,-0.8619484131774695,TIME_LIMIT,574209,0,0,14,9
5,8,2.733481e6,-1.0938129758693838,-0.8619484131774695,TIME_LIMIT,574239,0,0,17,17
5,8,2.733687e6,-1.093811661516197,-0.8619484131774695,TIME_LIMIT,574270,0,0,11,5
5,8,2.733755e6,-1.093811661516197,-0.8619484131774695,TIME_LIMIT,574293,0,0,9,8
5,8,2.733876e6,-1.0938106356436665,-0.8619484131774695,TIME_LIMIT,574322,0,0,12,6
5,8,2.73394e6,-1.0938106356436665,-0.8619484131774695,TIME_LIMIT,574337,0,0,7,5
5,8,2.734024e6,-1.0938082039105341,-0.8619484131774695,TIME_LIMIT,574356,0,0,11,3
5,8,2.734237e6,-1.0938082039105341,-0.8619484131774695,TIME_LIMIT,574384,0,0,13,25
5,8,2.734455e6,-1.0938005330933975,-0.8619484131774695,TIME_LIMIT,574406,0,0,7,8
5,8,2.734678e6,-1.0938005330933975,-0.8619484131774695,TIME_LIMIT,574420,0,0,16,15
5,8,2.734821e6,-1.093795124202693,-0.8619484131774695,TIME_LIMIT,574447,0,0,6,5
5,8,2.734938e6,-1.093795124202693,-0.8619484131774695,TIME_LIMIT,574469,0,0,16,15
5,8,2.735043e6,-1.093790967000745,-0.8619484131774695,TIME_LIMIT,574494,0,0,13,15
5,8,2.735155e6,-1.093790967000745,-0.8619484131774695,TIME_LIMIT,574514,0,0,8,15
5,8,2.73538e6,-1.0937875664099663,-0.8619484131774695,TIME_LIMIT,574550,0,0,15,11
5,8,2.735546e6,-1.0937875664099663,-0.8619484131774695,TIME_LIMIT,574573,0,0,15,7
5,8,2.735604e6,-1.0937757746532109,-0.8619484131774695,TIME_LIMIT,574589,0,0,5,0
5,8,2.735811e6,-1.0937757746532109,-0.8619484131774695,TIME_LIMIT,574604,0,0,11,10
5,8,2.735967e6,-1.0937745192044348,-0.8619484131774695,TIME_LIMIT,574637,0,0,8,5
5,8,2.73618e6,-1.0937745192044348,-0.8619484131774695,TIME_LIMIT,574655,0,0,20,21
5,8,2.736367e6,-1.0937691510188594,-0.8619484131774695,TIME_LIMIT,574691,0,0,15,10
5,8,2.7365e6,-1.0937691510188594,-0.8619484131774695,TIME_LIMIT,574714,0,0,9,3
5,8,2.736597e6,-1.0937664002850185,-0.8619484131774695,TIME_LIMIT,574734,0,0,9,10
5,8,2.736693e6,-1.0937664002850185,-0.8619484131774695,TIME_LIMIT,574750,0,0,14,13
5,8,2.736819e6,-1.0937638076743235,-0.8619484131774695,TIME_LIMIT,574781,0,0,14,7
5,8,2.737151e6,-1.0937638076743235,-0.8619484131774695,TIME_LIMIT,574797,0,0,14,14
5,8,2.737259e6,-1.0937618917485818,-0.8619484131774695,TIME_LIMIT,574823,0,0,6,5
5,8,2.737334e6,-1.0937618917485818,-0.8619484131774695,TIME_LIMIT,574846,0,0,9,7
5,8,2.737412e6,-1.0937579821343588,-0.8619484131774695,TIME_LIMIT,574863,0,0,6,4
5,8,2.737507e6,-1.0937579821343588,-0.8619484131774695,TIME_LIMIT,574882,0,0,4,5
5,8,2.737543e6,-1.0937569240905853,-0.8619484131774695,TIME_LIMIT,574892,0,0,3,3
5,8,2.737637e6,-1.0937569240905853,-0.8619484131774695,TIME_LIMIT,574912,0,0,11,15
5,8,2.737702e6,-1.093756775236736,-0.8619484131774695,TIME_LIMIT,574941,0,0,9,7
5,8,2.73782e6,-1.093756775236736,-0.8619484131774695,TIME_LIMIT,574963,0,0,11,9
5,8,2.738003e6,-1.0937554080512277,-0.8619484131774695,TIME_LIMIT,574992,0,0,10,3
5,8,2.738121e6,-1.0937554080512277,-0.8619484131774695,TIME_LIMIT,575020,0,0,11,9
5,8,2.738192e6,-1.0937538487147092,-0.8619484131774695,TIME_LIMIT,575039,0,0,7,8
5,8,2.738277e6,-1.0937538487147092,-0.8619484131774695,TIME_LIMIT,575055,0,0,7,14
5,8,2.738373e6,-1.093749235940912,-0.8619484131774695,TIME_LIMIT,575083,0,0,13,2
5,8,2.738558e6,-1.093749235940912,-0.8619484131774695,TIME_LIMIT,575108,0,0,21,23
5,8,2.738781e6,-1.093748908574429,-0.8619484131774695,TIME_LIMIT,575147,0,0,12,11
5,8,2.738845e6,-1.093748908574429,-0.8619484131774695,TIME_LIMIT,575171,0,0,11,7
5,8,2.738955e6,-1.0937471653145288,-0.8619484131774695,TIME_LIMIT,575191,0,0,7,5
5,8,2.739031e6,-1.0937471653145288,-0.8619484131774695,TIME_LIMIT,575216,0,0,6,15
5,8,2.739203e6,-1.0937460981554272,-0.8619484131774695,TIME_LIMIT,575237,0,0,10,4
5,8,2.739349e6,-1.0937460981554272,-0.8619484131774695,TIME_LIMIT,575261,0,0,10,12
5,8,2.739529e6,-1.0937371402292833,-0.8619484131774695,TIME_LIMIT,575297,0,0,7,11
5,8,2.739626e6,-1.0937371402292833,-0.8619484131774695,TIME_LIMIT,575317,0,0,14,14
5,8,2.739749e6,-1.0937356132914053,-0.8619484131774695,TIME_LIMIT,575343,0,0,7,7
5,8,2.739919e6,-1.0937356132914053,-0.8619484131774695,TIME_LIMIT,575367,0,0,15,27
5,8,2.740171e6,-1.0937336674634828,-0.8619484131774695,TIME_LIMIT,575399,0,0,13,15
5,8,2.740295e6,-1.0937336674634828,-0.8619484131774695,TIME_LIMIT,575416,0,0,7,6
5,8,2.740341e6,-1.0937330702626602,-0.8619484131774695,TIME_LIMIT,575431,0,0,9,0
5,8,2.740488e6,-1.0937330702626602,-0.8619484131774695,TIME_LIMIT,575460,0,0,14,11
5,8,2.740836e6,-1.0937311927968065,-0.8619484131774695,TIME_LIMIT,575498,0,0,12,14
5,8,2.740966e6,-1.0937311927968065,-0.8619484131774695,TIME_LIMIT,575516,0,0,13,10
5,8,2.741049e6,-1.0937306631973063,-0.8619484131774695,TIME_LIMIT,575538,0,0,8,6
5,8,2.741192e6,-1.0937306631973063,-0.8619484131774695,TIME_LIMIT,575559,0,0,13,9
5,8,2.741289e6,-1.0937295149480428,-0.8619484131774695,TIME_LIMIT,575580,0,0,10,1
5,8,2.741372e6,-1.0937295149480428,-0.8619484131774695,TIME_LIMIT,575597,0,0,7,6
5,8,2.74144e6,-1.0937261217316618,-0.8619484131774695,TIME_LIMIT,575610,0,0,5,1
5,8,2.741629e6,-1.0937261217316618,-0.8619484131774695,TIME_LIMIT,575638,0,0,22,29
5,8,2.741708e6,-1.093715521926229,-0.8619484131774695,TIME_LIMIT,575677,0,0,22,7
5,8,2.741868e6,-1.093715521926229,-0.8619484131774695,TIME_LIMIT,575704,0,0,13,8
5,8,2.741958e6,-1.0937077049456834,-0.8619484131774695,TIME_LIMIT,575726,0,0,5,5
5,8,2.742164e6,-1.0937077049456834,-0.8619484131774695,TIME_LIMIT,575749,0,0,14,14
5,8,2.742368e6,-1.0937074078998283,-0.8619484131774695,TIME_LIMIT,575782,0,0,12,3
5,8,2.742432e6,-1.0937074078998283,-0.8619484131774695,TIME_LIMIT,575807,0,0,17,15
5,8,2.742552e6,-1.093700323218384,-0.8619484131774695,TIME_LIMIT,575837,0,0,10,15
5,8,2.742636e6,-1.093700323218384,-0.8619484131774695,TIME_LIMIT,575858,0,0,7,8
5,8,2.742744e6,-1.0936996552302944,-0.8619484131774695,TIME_LIMIT,575882,0,0,10,5
5,8,2.74282e6,-1.0936996552302944,-0.8619484131774695,TIME_LIMIT,575905,0,0,9,7
5,8,2.742898e6,-1.093696151354432,-0.8619484131774695,TIME_LIMIT,575925,0,0,8,7
5,8,2.743012e6,-1.093696151354432,-0.8619484131774695,TIME_LIMIT,575953,0,0,7,23
5,8,2.743188e6,-1.0936939093291218,-0.8619484131774695,TIME_LIMIT,575992,0,0,10,6
5,8,2.743371e6,-1.0936939093291218,-0.8619484131774695,TIME_LIMIT,576019,0,0,25,24
5,8,2.743604e6,-1.0936869666339941,-0.8619484131774695,TIME_LIMIT,576056,0,0,17,11
5,8,2.743819e6,-1.0936869666339941,-0.8619484131774695,TIME_LIMIT,576089,0,0,25,17
5,8,2.744014e6,-1.0936826167802125,-0.8619484131774695,TIME_LIMIT,576112,0,0,14,9
5,8,2.744228e6,-1.0936826167802125,-0.8619484131774695,TIME_LIMIT,576140,0,0,15,16
5,8,2.744418e6,-1.0936781303176506,-0.8619484131774695,TIME_LIMIT,576174,0,0,21,21
5,8,2.744493e6,-1.0936781303176506,-0.8619484131774695,TIME_LIMIT,576190,0,0,13,9
5,8,2.744603e6,-1.0936692141321578,-0.8619484131774695,TIME_LIMIT,576223,0,0,8,8
5,8,2.744711e6,-1.0936692141321578,-0.8619484131774695,TIME_LIMIT,576250,0,0,12,22
5,8,2.744856e6,-1.0936677348041213,-0.8619484131774695,TIME_LIMIT,576284,0,0,16,7
5,8,2.744961e6,-1.0936677348041213,-0.8619484131774695,TIME_LIMIT,576299,0,0,17,14
5,8,2.745088e6,-1.0936647318046973,-0.8619484131774695,TIME_LIMIT,576335,0,0,11,9
5,8,2.745368e6,-1.0936647318046973,-0.8619484131774695,TIME_LIMIT,576361,0,0,14,17
5,8,2.745494e6,-1.093664550032237,-0.8619484131774695,TIME_LIMIT,576384,0,0,12,5
5,8,2.745543e6,-1.093664550032237,-0.8619484131774695,TIME_LIMIT,576407,0,0,12,9
5,8,2.745599e6,-1.0936645232231634,-0.8619484131774695,TIME_LIMIT,576423,0,0,7,2
5,8,2.745726e6,-1.0936645232231634,-0.8619484131774695,TIME_LIMIT,576452,0,0,18,26
5,8,2.746022e6,-1.0936561172916637,-0.8619484131774695,TIME_LIMIT,576490,0,0,18,15
5,8,2.746227e6,-1.0936561172916637,-0.8619484131774695,TIME_LIMIT,576519,0,0,11,9
5,8,2.746274e6,-1.0936505137465895,-0.8619484131774695,TIME_LIMIT,576539,0,0,9,3
5,8,2.746414e6,-1.0936505137465895,-0.8619484131774695,TIME_LIMIT,576564,0,0,18,10
5,8,2.746502e6,-1.0936503483690585,-0.8619484131774695,TIME_LIMIT,576587,0,0,12,9
5,8,2.746715e6,-1.0936503483690585,-0.8619484131774695,TIME_LIMIT,576615,0,0,8,13
5,8,2.746836e6,-1.0936475193008197,-0.8619484131774695,TIME_LIMIT,576644,0,0,14,18
5,8,2.74704e6,-1.0936475193008197,-0.8619484131774695,TIME_LIMIT,576668,0,0,18,17
5,8,2.747114e6,-1.093647057471718,-0.8619484131774695,TIME_LIMIT,576687,0,0,16,6
5,8,2.747222e6,-1.093647057471718,-0.8619484131774695,TIME_LIMIT,576716,0,0,2,7
5,8,2.747281e6,-1.093643622389743,-0.8619484131774695,TIME_LIMIT,576727,0,0,5,8
5,8,2.747421e6,-1.093643622389743,-0.8619484131774695,TIME_LIMIT,576751,0,0,13,14
5,8,2.747491e6,-1.0936407806298216,-0.8619484131774695,TIME_LIMIT,576770,0,0,11,3
5,8,2.747612e6,-1.0936407806298216,-0.8619484131774695,TIME_LIMIT,576792,0,0,11,14
5,8,2.74776e6,-1.0936355918237797,-0.8619484131774695,TIME_LIMIT,576819,0,0,10,8
5,8,2.747877e6,-1.0936355918237797,-0.8619484131774695,TIME_LIMIT,576841,0,0,12,6
5,8,2.748086e6,-1.0936340201866124,-0.8619484131774695,TIME_LIMIT,576864,0,0,14,12
5,8,2.748186e6,-1.0936340201866124,-0.8619484131774695,TIME_LIMIT,576883,0,0,10,9
5,8,2.748306e6,-1.0936326912233043,-0.8619484131774695,TIME_LIMIT,576912,0,0,6,5
5,8,2.748426e6,-1.0936326912233043,-0.8619484131774695,TIME_LIMIT,576938,0,0,15,16
5,8,2.748578e6,-1.09362954884101,-0.8619484131774695,TIME_LIMIT,576971,0,0,10,4
5,8,2.74879e6,-1.09362954884101,-0.8619484131774695,TIME_LIMIT,576999,0,0,15,8
5,8,2.748929e6,-1.0936265113703794,-0.8619484131774695,TIME_LIMIT,577029,0,0,6,8
5,8,2.749076e6,-1.0936265113703794,-0.8619484131774695,TIME_LIMIT,577056,0,0,17,10
5,8,2.749141e6,-1.0936194183900787,-0.8619484131774695,TIME_LIMIT,577079,0,0,11,11
5,8,2.749287e6,-1.0936194183900787,-0.8619484131774695,TIME_LIMIT,577108,0,0,16,10
5,8,2.749453e6,-1.093616379938619,-0.8619484131774695,TIME_LIMIT,577130,0,0,15,9
5,8,2.749562e6,-1.093616379938619,-0.8619484131774695,TIME_LIMIT,577160,0,0,17,7
5,8,2.749626e6,-1.0936107280191196,-0.8619484131774695,TIME_LIMIT,577177,0,0,8,8
5,8,2.749854e6,-1.0936107280191196,-0.8619484131774695,TIME_LIMIT,577204,0,0,18,9
5,8,2.750066e6,-1.093609196877956,-0.8619484131774695,TIME_LIMIT,577227,0,0,14,6
5,8,2.750241e6,-1.093609196877956,-0.8619484131774695,TIME_LIMIT,577245,0,0,5,2
5,8,2.750312e6,-1.0936069314568229,-0.8619484131774695,TIME_LIMIT,577262,0,0,7,5
5,8,2.750455e6,-1.0936069314568229,-0.8619484131774695,TIME_LIMIT,577284,0,0,9,14
5,8,2.750545e6,-1.0936050430474307,-0.8619484131774695,TIME_LIMIT,577310,0,0,11,6
5,8,2.750725e6,-1.0936050430474307,-0.8619484131774695,TIME_LIMIT,577333,0,0,12,31
5,8,2.750859e6,-1.0936041862456307,-0.8619484131774695,TIME_LIMIT,577357,0,0,5,9
5,8,2.750907e6,-1.0936041862456307,-0.8619484131774695,TIME_LIMIT,577374,0,0,10,9
5,8,2.751004e6,-1.0936003359416082,-0.8619484131774695,TIME_LIMIT,577391,0,0,6,6
5,8,2.751129e6,-1.0936003359416082,-0.8619484131774695,TIME_LIMIT,577415,0,0,19,18
5,8,2.75125e6,-1.093592134736674,-0.8619484131774695,TIME_LIMIT,577450,0,0,11,5
5,8,2.751402e6,-1.093592134736674,-0.8619484131774695,TIME_LIMIT,577479,0,0,7,8
5,8,2.751482e6,-1.093587657223555,-0.8619484131774695,TIME_LIMIT,577500,0,0,4,4
5,8,2.751693e6,-1.093587657223555,-0.8619484131774695,TIME_LIMIT,577517,0,0,12,11
5,8,2.75185e6,-1.0935831504668174,-0.8619484131774695,TIME_LIMIT,577546,0,0,12,8
5,8,2.75193e6,-1.0935831504668174,-0.8619484131774695,TIME_LIMIT,577564,0,0,19,14
5,8,2.752056e6,-1.093579002681153,-0.8619484131774695,TIME_LIMIT,577596,0,0,13,12
5,8,2.752173e6,-1.093579002681153,-0.8619484131774695,TIME_LIMIT,577623,0,0,11,6
5,8,2.752259e6,-1.0935786057935448,-0.8619484131774695,TIME_LIMIT,577645,0,0,6,4
5,8,2.752462e6,-1.0935786057935448,-0.8619484131774695,TIME_LIMIT,577668,0,0,16,32
5,8,2.752734e6,-1.0935784615822692,-0.8619484131774695,TIME_LIMIT,577706,0,0,8,10
5,8,2.752778e6,-1.0935784615822692,-0.8619484131774695,TIME_LIMIT,577723,0,0,8,6
5,8,2.752832e6,-1.0935722885990327,-0.8619484131774695,TIME_LIMIT,577743,0,0,5,3
5,8,2.752917e6,-1.0935722885990327,-0.8619484131774695,TIME_LIMIT,577758,0,0,8,5
5,8,2.752956e6,-1.093569750667229,-0.8619484131774695,TIME_LIMIT,577776,0,0,7,1
5,8,2.753138e6,-1.093569750667229,-0.8619484131774695,TIME_LIMIT,577804,0,0,19,19
5,8,2.753255e6,-1.0935618137943224,-0.8619484131774695,TIME_LIMIT,577835,0,0,13,7
5,8,2.753458e6,-1.0935618137943224,-0.8619484131774695,TIME_LIMIT,577859,0,0,19,31
5,8,2.753638e6,-1.0935560960943018,-0.8619484131774695,TIME_LIMIT,577895,0,0,15,14
5,8,2.753749e6,-1.0935560960943018,-0.8619484131774695,TIME_LIMIT,577924,0,0,11,18
5,8,2.753829e6,-1.093554593994181,-0.8619484131774695,TIME_LIMIT,577947,0,0,8,10
5,8,2.753957e6,-1.093554593994181,-0.8619484131774695,TIME_LIMIT,577969,0,0,9,20
5,8,2.754105e6,-1.0935528618837151,-0.8619484131774695,TIME_LIMIT,577992,0,0,10,12
5,8,2.754231e6,-1.0935528618837151,-0.8619484131774695,TIME_LIMIT,578015,0,0,16,16
5,8,2.75435e6,-1.0935474735229493,-0.8619484131774695,TIME_LIMIT,578044,0,0,11,7
5,8,2.754415e6,-1.0935474735229493,-0.8619484131774695,TIME_LIMIT,578062,0,0,16,6
5,8,2.754487e6,-1.0935409218746053,-0.8619484131774695,TIME_LIMIT,578082,0,0,8,1
5,8,2.754596e6,-1.0935409218746053,-0.8619484131774695,TIME_LIMIT,578101,0,0,12,6
5,8,2.754665e6,-1.0935390422278641,-0.8619484131774695,TIME_LIMIT,578123,0,0,4,3
5,8,2.754783e6,-1.0935390422278641,-0.8619484131774695,TIME_LIMIT,578150,0,0,19,20
5,8,2.754907e6,-1.0935386150501178,-0.8619484131774695,TIME_LIMIT,578180,0,0,11,5
5,8,2.755006e6,-1.0935386150501178,-0.8619484131774695,TIME_LIMIT,578195,0,0,10,4
5,8,2.755104e6,-1.0935340932221245,-0.8619484131774695,TIME_LIMIT,578214,0,0,11,3
5,8,2.755229e6,-1.0935340932221245,-0.8619484131774695,TIME_LIMIT,578238,0,0,12,24
5,8,2.75536e6,-1.0935322972170014,-0.8619484131774695,TIME_LIMIT,578264,0,0,17,13
5,8,2.755463e6,-1.0935322972170014,-0.8619484131774695,TIME_LIMIT,578286,0,0,10,12
5,8,2.755567e6,-1.0935284342480374,-0.8619484131774695,TIME_LIMIT,578315,0,0,9,7
5,8,2.755685e6,-1.0935284342480374,-0.8619484131774695,TIME_LIMIT,578349,0,0,5,10
5,8,2.755848e6,-1.093527110859441,-0.8619484131774695,TIME_LIMIT,578380,0,0,11,13
5,8,2.755929e6,-1.093527110859441,-0.8619484131774695,TIME_LIMIT,578399,0,0,14,6
5,8,2.756089e6,-1.0935217777319786,-0.8619484131774695,TIME_LIMIT,578420,0,0,7,4
5,8,2.75618e6,-1.0935217777319786,-0.8619484131774695,TIME_LIMIT,578440,0,0,13,14
5,8,2.756337e6,-1.093521469441031,-0.8619484131774695,TIME_LIMIT,578474,0,0,6,6
5,8,2.756443e6,-1.093521469441031,-0.8619484131774695,TIME_LIMIT,578490,0,0,15,16
5,8,2.756524e6,-1.0935213406890123,-0.8619484131774695,TIME_LIMIT,578513,0,0,11,9
5,8,2.756656e6,-1.0935213406890123,-0.8619484131774695,TIME_LIMIT,578532,0,0,8,20
5,8,2.756871e6,-1.0935148527239618,-0.8619484131774695,TIME_LIMIT,578570,0,0,18,10
5,8,2.756979e6,-1.0935148527239618,-0.8619484131774695,TIME_LIMIT,578592,0,0,14,19
5,8,2.757108e6,-1.0935121310243168,-0.8619484131774695,TIME_LIMIT,578625,0,0,7,20
5,8,2.757231e6,-1.0935121310243168,-0.8619484131774695,TIME_LIMIT,578653,0,0,8,13
5,8,2.757453e6,-1.0935117292370764,-0.8619484131774695,TIME_LIMIT,578677,0,0,17,11
5,8,2.757614e6,-1.0935117292370764,-0.8619484131774695,TIME_LIMIT,578696,0,0,15,22
5,8,2.757878e6,-1.0935108080620983,-0.8619484131774695,TIME_LIMIT,578729,0,0,10,11
5,8,2.75792e6,-1.0935108080620983,-0.8619484131774695,TIME_LIMIT,578747,0,0,6,5
5,8,2.757947e6,-1.093504475657657,-0.8619484131774695,TIME_LIMIT,578756,0,0,3,7
5,8,2.758061e6,-1.093504475657657,-0.8619484131774695,TIME_LIMIT,578784,0,0,8,11
5,8,2.758165e6,-1.0935033724708547,-0.8619484131774695,TIME_LIMIT,578809,0,0,14,7
5,8,2.758286e6,-1.0935033724708547,-0.8619484131774695,TIME_LIMIT,578833,0,0,13,8
5,8,2.758383e6,-1.0935006721452676,-0.8619484131774695,TIME_LIMIT,578853,0,0,14,5
5,8,2.758441e6,-1.0935006721452676,-0.8619484131774695,TIME_LIMIT,578876,0,0,8,6
5,8,2.758486e6,-1.0934974561658053,-0.8619484131774695,TIME_LIMIT,578895,0,0,11,6
5,8,2.758588e6,-1.0934974561658053,-0.8619484131774695,TIME_LIMIT,578924,0,0,24,17
5,8,2.758709e6,-1.0934948838903198,-0.8619484131774695,TIME_LIMIT,578958,0,0,12,13
5,8,2.758889e6,-1.0934948838903198,-0.8619484131774695,TIME_LIMIT,578990,0,0,23,23
5,8,2.758998e6,-1.0934836056655692,-0.8619484131774695,TIME_LIMIT,579022,0,0,17,18
5,8,2.759106e6,-1.0934836056655692,-0.8619484131774695,TIME_LIMIT,579047,0,0,4,18
5,8,2.759215e6,-1.0934784244841578,-0.8619484131774695,TIME_LIMIT,579074,0,0,10,9
5,8,2.759372e6,-1.0934784244841578,-0.8619484131774695,TIME_LIMIT,579099,0,0,17,19
5,8,2.759622e6,-1.0934775323018755,-0.8619484131774695,TIME_LIMIT,579137,0,0,11,10
5,8,2.759744e6,-1.0934775323018755,-0.8619484131774695,TIME_LIMIT,579163,0,0,18,11
5,8,2.759809e6,-1.0934749500738734,-0.8619484131774695,TIME_LIMIT,579190,0,0,13,4
5,8,2.759977e6,-1.0934749500738734,-0.8619484131774695,TIME_LIMIT,579220,0,0,20,14
5,8,2.760092e6,-1.0934701702022278,-0.8619484131774695,TIME_LIMIT,579248,0,0,17,9
5,8,2.760197e6,-1.0934701702022278,-0.8619484131774695,TIME_LIMIT,579275,0,0,12,17
5,8,2.760313e6,-1.0934614313598554,-0.8619484131774695,TIME_LIMIT,579296,0,0,11,9
5,8,2.760572e6,-1.0934614313598554,-0.8619484131774695,TIME_LIMIT,579325,0,0,15,22
5,8,2.760669e6,-1.0934570976013727,-0.8619484131774695,TIME_LIMIT,579349,0,0,11,4
5,8,2.760829e6,-1.0934570976013727,-0.8619484131774695,TIME_LIMIT,579373,0,0,12,20
5,8,2.760955e6,-1.0934543408535065,-0.8619484131774695,TIME_LIMIT,579412,0,0,12,11
5,8,2.76105e6,-1.0934543408535065,-0.8619484131774695,TIME_LIMIT,579433,0,0,9,15
5,8,2.761142e6,-1.0934366483960556,-0.8619484131774695,TIME_LIMIT,579461,0,0,5,9
5,8,2.761355e6,-1.0934366483960556,-0.8619484131774695,TIME_LIMIT,579489,0,0,18,14
5,8,2.761546e6,-1.0934363557898124,-0.8619484131774695,TIME_LIMIT,579514,0,0,18,7
5,8,2.761787e6,-1.0934363557898124,-0.8619484131774695,TIME_LIMIT,579547,0,0,20,9
5,8,2.761866e6,-1.0934333838473171,-0.8619484131774695,TIME_LIMIT,579566,0,0,11,2
5,8,2.762009e6,-1.0934333838473171,-0.8619484131774695,TIME_LIMIT,579593,0,0,21,21
5,8,2.762162e6,-1.0934330464301638,-0.8619484131774695,TIME_LIMIT,579623,0,0,15,12
5,8,2.762248e6,-1.0934330464301638,-0.8619484131774695,TIME_LIMIT,579641,0,0,8,2
5,8,2.762317e6,-1.0934266091144247,-0.8619484131774695,TIME_LIMIT,579667,0,0,8,9
5,8,2.762368e6,-1.0934266091144247,-0.8619484131774695,TIME_LIMIT,579690,0,0,15,21
5,8,2.762529e6,-1.0934261034583224,-0.8619484131774695,TIME_LIMIT,579727,0,0,12,11
5,8,2.762684e6,-1.0934261034583224,-0.8619484131774695,TIME_LIMIT,579753,0,0,23,17
5,8,2.762885e6,-1.0934232646559598,-0.8619484131774695,TIME_LIMIT,579778,0,0,8,4
5,8,2.763022e6,-1.0934232646559598,-0.8619484131774695,TIME_LIMIT,579808,0,0,22,9
5,8,2.763112e6,-1.0934202469901668,-0.8619484131774695,TIME_LIMIT,579830,0,0,6,3
5,8,2.763227e6,-1.0934202469901668,-0.8619484131774695,TIME_LIMIT,579850,0,0,5,9
5,8,2.763333e6,-1.0934196775352993,-0.8619484131774695,TIME_LIMIT,579877,0,0,4,5
5,8,2.763546e6,-1.0934196775352993,-0.8619484131774695,TIME_LIMIT,579898,0,0,10,9
5,8,2.763604e6,-1.093412705597379,-0.8619484131774695,TIME_LIMIT,579921,0,0,8,7
5,8,2.763735e6,-1.093412705597379,-0.8619484131774695,TIME_LIMIT,579934,0,0,3,6
5,8,2.763776e6,-1.0934124668538903,-0.8619484131774695,TIME_LIMIT,579951,0,0,9,3
5,8,2.76399e6,-1.0934124668538903,-0.8619484131774695,TIME_LIMIT,579972,0,0,14,21
5,8,2.764202e6,-1.0934065923388387,-0.8619484131774695,TIME_LIMIT,580012,0,0,13,18
5,8,2.764382e6,-1.0934065923388387,-0.8619484131774695,TIME_LIMIT,580034,0,0,9,13
5,8,2.764567e6,-1.0934049557173342,-0.8619484131774695,TIME_LIMIT,580056,0,0,10,3
5,8,2.764736e6,-1.0934049557173342,-0.8619484131774695,TIME_LIMIT,580090,0,0,12,6
5,8,2.764798e6,-1.0933981239992159,-0.8619484131774695,TIME_LIMIT,580112,0,0,8,3
5,8,2.764872e6,-1.0933981239992159,-0.8619484131774695,TIME_LIMIT,580130,0,0,5,8
5,8,2.764956e6,-1.0933943360998182,-0.8619484131774695,TIME_LIMIT,580151,0,0,2,5
5,8,2.765089e6,-1.0933943360998182,-0.8619484131774695,TIME_LIMIT,580179,0,0,15,8
5,8,2.765186e6,-1.0933929763380723,-0.8619484131774695,TIME_LIMIT,580199,0,0,14,15
5,8,2.765332e6,-1.0933929763380723,-0.8619484131774695,TIME_LIMIT,580232,0,0,22,11
5,8,2.76542e6,-1.0933919850452514,-0.8619484131774695,TIME_LIMIT,580256,0,0,21,10
5,8,2.765585e6,-1.0933919850452514,-0.8619484131774695,TIME_LIMIT,580282,0,0,12,8
5,8,2.765636e6,-1.0933887397585367,-0.8619484131774695,TIME_LIMIT,580299,0,0,11,5
5,8,2.765847e6,-1.0933887397585367,-0.8619484131774695,TIME_LIMIT,580319,0,0,9,4
5,8,2.765981e6,-1.0933886914260107,-0.8619484131774695,TIME_LIMIT,580345,0,0,9,7
5,8,2.766111e6,-1.0933886914260107,-0.8619484131774695,TIME_LIMIT,580376,0,0,14,18
5,8,2.766343e6,-1.0933853312460795,-0.8619484131774695,TIME_LIMIT,580407,0,0,13,16
5,8,2.766533e6,-1.0933853312460795,-0.8619484131774695,TIME_LIMIT,580422,0,0,6,3
5,8,2.766563e6,-1.0933850155474718,-0.8619484131774695,TIME_LIMIT,580430,0,0,3,4
5,8,2.766776e6,-1.0933850155474718,-0.8619484131774695,TIME_LIMIT,580449,0,0,19,27
5,8,2.766989e6,-1.0933847046230534,-0.8619484131774695,TIME_LIMIT,580492,0,0,16,16
5,8,2.767126e6,-1.0933847046230534,-0.8619484131774695,TIME_LIMIT,580510,0,0,11,14
5,8,2.767242e6,-1.0933846820394053,-0.8619484131774695,TIME_LIMIT,580548,0,0,14,9
5,8,2.767344e6,-1.0933846820394053,-0.8619484131774695,TIME_LIMIT,580562,0,0,12,8
5,8,2.767458e6,-1.0933834209070266,-0.8619484131774695,TIME_LIMIT,580575,0,0,4,4
5,8,2.767571e6,-1.0933834209070266,-0.8619484131774695,TIME_LIMIT,580604,0,0,19,14
5,8,2.767777e6,-1.0933761339317771,-0.8619484131774695,TIME_LIMIT,580626,0,0,11,7
5,8,2.767867e6,-1.0933761339317771,-0.8619484131774695,TIME_LIMIT,580636,0,0,8,8
5,8,2.768032e6,-1.0933659940108484,-0.8619484131774695,TIME_LIMIT,580667,0,0,7,7
5,8,2.768145e6,-1.0933659940108484,-0.8619484131774695,TIME_LIMIT,580688,0,0,13,6
5,8,2.768242e6,-1.093360375374488,-0.8619484131774695,TIME_LIMIT,580705,0,0,9,6
5,8,2.768346e6,-1.093360375374488,-0.8619484131774695,TIME_LIMIT,580722,0,0,10,9
5,8,2.768445e6,-1.0933538970226235,-0.8619484131774695,TIME_LIMIT,580754,0,0,14,6
5,8,2.768542e6,-1.0933538970226235,-0.8619484131774695,TIME_LIMIT,580777,0,0,13,15
5,8,2.768633e6,-1.0933531256183397,-0.8619484131774695,TIME_LIMIT,580800,0,0,8,5
5,8,2.768845e6,-1.0933531256183397,-0.8619484131774695,TIME_LIMIT,580826,0,0,16,20
5,8,2.769034e6,-1.0933472237222093,-0.8619484131774695,TIME_LIMIT,580855,0,0,17,6
5,8,2.769161e6,-1.0933472237222093,-0.8619484131774695,TIME_LIMIT,580875,0,0,10,7
5,8,2.76921e6,-1.0933421136388715,-0.8619484131774695,TIME_LIMIT,580896,0,0,7,2
5,8,2.769381e6,-1.0933421136388715,-0.8619484131774695,TIME_LIMIT,580922,0,0,13,7
5,8,2.769577e6,-1.0933355914245022,-0.8619484131774695,TIME_LIMIT,580953,0,0,12,7
5,8,2.769694e6,-1.0933355914245022,-0.8619484131774695,TIME_LIMIT,580981,0,0,20,10
5,8,2.769811e6,-1.0933269086386033,-0.8619484131774695,TIME_LIMIT,581003,0,0,9,7
5,8,2.769961e6,-1.0933269086386033,-0.8619484131774695,TIME_LIMIT,581034,0,0,15,12
5,8,2.770065e6,-1.093322994017164,-0.8619484131774695,TIME_LIMIT,581059,0,0,8,9
5,8,2.770195e6,-1.093322994017164,-0.8619484131774695,TIME_LIMIT,581088,0,0,4,11
5,8,2.770279e6,-1.0933229043446078,-0.8619484131774695,TIME_LIMIT,581110,0,0,7,4
5,8,2.77047e6,-1.0933229043446078,-0.8619484131774695,TIME_LIMIT,581133,0,0,12,20
5,8,2.770525e6,-1.0933203754004768,-0.8619484131774695,TIME_LIMIT,581162,0,0,13,7
5,8,2.770629e6,-1.0933203754004768,-0.8619484131774695,TIME_LIMIT,581185,0,0,18,21
5,8,2.770844e6,-1.0932998432417846,-0.8619484131774695,TIME_LIMIT,581223,0,0,16,13
5,8,2.77104e6,-1.0932998432417846,-0.8619484131774695,TIME_LIMIT,581249,0,0,21,18
5,8,2.771125e6,-1.0932991432147938,-0.8619484131774695,TIME_LIMIT,581275,0,0,12,5
5,8,2.771184e6,-1.0932991432147938,-0.8619484131774695,TIME_LIMIT,581300,0,0,14,9
5,8,2.771249e6,-1.093293556366935,-0.8619484131774695,TIME_LIMIT,581316,0,0,8,4
5,8,2.771419e6,-1.093293556366935,-0.8619484131774695,TIME_LIMIT,581335,0,0,14,14
5,8,2.771546e6,-1.0932913481474233,-0.8619484131774695,TIME_LIMIT,581359,0,0,6,1
5,8,2.771666e6,-1.0932913481474233,-0.8619484131774695,TIME_LIMIT,581382,0,0,15,29
5,8,2.771808e6,-1.0932900259103584,-0.8619484131774695,TIME_LIMIT,581418,0,0,8,13
5,8,2.772021e6,-1.0932900259103584,-0.8619484131774695,TIME_LIMIT,581444,0,0,8,18
5,8,2.77215e6,-1.0932754930541204,-0.8619484131774695,TIME_LIMIT,581482,0,0,18,8
5,8,2.772207e6,-1.0932754930541204,-0.8619484131774695,TIME_LIMIT,581504,0,0,11,9
5,8,2.772284e6,-1.0932732264854401,-0.8619484131774695,TIME_LIMIT,581518,0,0,3,3
5,8,2.772331e6,-1.0932732264854401,-0.8619484131774695,TIME_LIMIT,581539,0,0,16,18
5,8,2.772544e6,-1.0932725813444315,-0.8619484131774695,TIME_LIMIT,581571,0,0,15,11
5,8,2.77265e6,-1.0932725813444315,-0.8619484131774695,TIME_LIMIT,581591,0,0,10,10
5,8,2.772737e6,-1.0932693574785266,-0.8619484131774695,TIME_LIMIT,581621,0,0,5,9
5,8,2.772839e6,-1.0932693574785266,-0.8619484131774695,TIME_LIMIT,581649,0,0,20,23
5,8,2.773037e6,-1.0932565747346665,-0.8619484131774695,TIME_LIMIT,581686,0,0,8,6
5,8,2.773093e6,-1.0932565747346665,-0.8619484131774695,TIME_LIMIT,581704,0,0,9,7
5,8,2.773184e6,-1.093254812187595,-0.8619484131774695,TIME_LIMIT,581732,0,0,9,5
5,8,2.773296e6,-1.093254812187595,-0.8619484131774695,TIME_LIMIT,581760,0,0,12,25
5,8,2.77351e6,-1.0932529681647376,-0.8619484131774695,TIME_LIMIT,581798,0,0,14,16
5,8,2.773588e6,-1.0932529681647376,-0.8619484131774695,TIME_LIMIT,581825,0,0,9,6
5,8,2.773678e6,-1.0932508256704971,-0.8619484131774695,TIME_LIMIT,581846,0,0,13,9
5,8,2.773882e6,-1.0932508256704971,-0.8619484131774695,TIME_LIMIT,581871,0,0,19,19
5,8,2.77403e6,-1.0932494939123467,-0.8619484131774695,TIME_LIMIT,581903,0,0,18,13
5,8,2.774139e6,-1.0932494939123467,-0.8619484131774695,TIME_LIMIT,581932,0,0,10,15
5,8,2.774286e6,-1.0932466429899281,-0.8619484131774695,TIME_LIMIT,581961,0,0,16,5
5,8,2.774411e6,-1.0932466429899281,-0.8619484131774695,TIME_LIMIT,581987,0,0,7,14
5,8,2.774484e6,-1.0932391337778307,-0.8619484131774695,TIME_LIMIT,582013,0,0,12,3
5,8,2.774696e6,-1.0932391337778307,-0.8619484131774695,TIME_LIMIT,582043,0,0,16,27
5,8,2.774811e6,-1.093238651406975,-0.8619484131774695,TIME_LIMIT,582074,0,0,8,5
5,8,2.774949e6,-1.093238651406975,-0.8619484131774695,TIME_LIMIT,582101,0,0,15,13
5,8,2.775107e6,-1.093235638338871,-0.8619484131774695,TIME_LIMIT,582122,0,0,6,7
5,8,2.7753e6,-1.093235638338871,-0.8619484131774695,TIME_LIMIT,582149,0,0,12,10
5,8,2.77535e6,-1.0932348834245749,-0.8619484131774695,TIME_LIMIT,582162,0,0,9,2
5,8,2.775609e6,-1.0932348834245749,-0.8619484131774695,TIME_LIMIT,582186,0,0,15,25
5,8,2.775824e6,-1.0932347424896742,-0.8619484131774695,TIME_LIMIT,582214,0,0,9,8
5,8,2.776009e6,-1.0932347424896742,-0.8619484131774695,TIME_LIMIT,582242,0,0,13,14
5,8,2.776203e6,-1.0932303512463801,-0.8619484131774695,TIME_LIMIT,582258,0,0,17,6
5,8,2.776417e6,-1.0932303512463801,-0.8619484131774695,TIME_LIMIT,582278,0,0,17,25
5,8,2.776632e6,-1.0932272319558067,-0.8619484131774695,TIME_LIMIT,582316,0,0,17,15
5,8,2.776789e6,-1.0932272319558067,-0.8619484131774695,TIME_LIMIT,582332,0,0,6,12
5,8,2.776873e6,-1.0932259077855484,-0.8619484131774695,TIME_LIMIT,582358,0,0,10,3
5,8,2.777021e6,-1.0932259077855484,-0.8619484131774695,TIME_LIMIT,582389,0,0,7,11
5,8,2.777131e6,-1.0932240267949054,-0.8619484131774695,TIME_LIMIT,582409,0,0,10,8
5,8,2.777316e6,-1.0932240267949054,-0.8619484131774695,TIME_LIMIT,582443,0,0,18,11
5,8,2.777515e6,-1.093223877723219,-0.8619484131774695,TIME_LIMIT,582467,0,0,11,10
5,8,2.777725e6,-1.093223877723219,-0.8619484131774695,TIME_LIMIT,582487,0,0,10,14
5,8,2.777841e6,-1.093223050185036,-0.8619484131774695,TIME_LIMIT,582523,0,0,10,6
5,8,2.77803e6,-1.093223050185036,-0.8619484131774695,TIME_LIMIT,582546,0,0,19,25
5,8,2.778263e6,-1.0932222519514556,-0.8619484131774695,TIME_LIMIT,582583,0,0,14,18
5,8,2.778476e6,-1.0932222519514556,-0.8619484131774695,TIME_LIMIT,582605,0,0,18,23
5,8,2.778604e6,-1.093219075385925,-0.8619484131774695,TIME_LIMIT,582641,0,0,14,10
5,8,2.77872e6,-1.093219075385925,-0.8619484131774695,TIME_LIMIT,582656,0,0,11,11
5,8,2.778898e6,-1.093218520036339,-0.8619484131774695,TIME_LIMIT,582679,0,0,10,2
5,8,2.779045e6,-1.093218520036339,-0.8619484131774695,TIME_LIMIT,582710,0,0,10,12
5,8,2.779257e6,-1.0932162320604966,-0.8619484131774695,TIME_LIMIT,582733,0,0,11,9
5,8,2.779424e6,-1.0932162320604966,-0.8619484131774695,TIME_LIMIT,582761,0,0,9,12
5,8,2.77958e6,-1.093194202864703,-0.8619484131774695,TIME_LIMIT,582789,0,0,8,8
5,8,2.779659e6,-1.093194202864703,-0.8619484131774695,TIME_LIMIT,582808,0,0,16,14
5,8,2.779823e6,-1.0931897000843334,-0.8619484131774695,TIME_LIMIT,582840,0,0,4,8
5,8,2.780027e6,-1.0931897000843334,-0.8619484131774695,TIME_LIMIT,582870,0,0,20,19
5,8,2.780241e6,-1.0931831588136816,-0.8619484131774695,TIME_LIMIT,582895,0,0,14,8
5,8,2.780314e6,-1.0931831588136816,-0.8619484131774695,TIME_LIMIT,582911,0,0,13,7
5,8,2.780459e6,-1.0931801155551502,-0.8619484131774695,TIME_LIMIT,582935,0,0,4,5
5,8,2.780667e6,-1.0931801155551502,-0.8619484131774695,TIME_LIMIT,582957,0,0,19,34
5,8,2.780774e6,-1.093179085603463,-0.8619484131774695,TIME_LIMIT,582984,0,0,12,12
5,8,2.780833e6,-1.093179085603463,-0.8619484131774695,TIME_LIMIT,583002,0,0,14,7
5,8,2.780921e6,-1.093174761085134,-0.8619484131774695,TIME_LIMIT,583020,0,0,9,5
5,8,2.781134e6,-1.093174761085134,-0.8619484131774695,TIME_LIMIT,583046,0,0,12,5
5,8,2.781309e6,-1.0931717889444332,-0.8619484131774695,TIME_LIMIT,583070,0,0,9,10
5,8,2.781527e6,-1.0931717889444332,-0.8619484131774695,TIME_LIMIT,583100,0,0,16,12
5,8,2.781637e6,-1.0931700002190894,-0.8619484131774695,TIME_LIMIT,583127,0,0,14,8
5,8,2.781747e6,-1.0931700002190894,-0.8619484131774695,TIME_LIMIT,583147,0,0,10,10
5,8,2.781861e6,-1.0931637664554588,-0.8619484131774695,TIME_LIMIT,583176,0,0,13,6
5,8,2.782018e6,-1.0931637664554588,-0.8619484131774695,TIME_LIMIT,583198,0,0,10,8
5,8,2.782082e6,-1.0931629164225722,-0.8619484131774695,TIME_LIMIT,583222,0,0,12,5
5,8,2.782283e6,-1.0931629164225722,-0.8619484131774695,TIME_LIMIT,583243,0,0,16,16
5,8,2.782403e6,-1.0931619609003698,-0.8619484131774695,TIME_LIMIT,583273,0,0,12,10
5,8,2.782497e6,-1.0931619609003698,-0.8619484131774695,TIME_LIMIT,583297,0,0,12,13
5,8,2.782642e6,-1.0931550620764934,-0.8619484131774695,TIME_LIMIT,583323,0,0,7,2
5,8,2.782675e6,-1.0931550620764934,-0.8619484131774695,TIME_LIMIT,583337,0,0,5,7
5,8,2.782769e6,-1.0931485155324,-0.8619484131774695,TIME_LIMIT,583360,0,0,8,3
5,8,2.782883e6,-1.0931485155324,-0.8619484131774695,TIME_LIMIT,583376,0,0,12,6
5,8,2.782928e6,-1.093148458814431,-0.8619484131774695,TIME_LIMIT,583392,0,0,1,5
5,8,2.78298e6,-1.093148458814431,-0.8619484131774695,TIME_LIMIT,583407,0,0,4,9
5,8,2.783058e6,-1.0931472530436204,-0.8619484131774695,TIME_LIMIT,583424,0,0,7,0
5,8,2.783171e6,-1.0931472530436204,-0.8619484131774695,TIME_LIMIT,583442,0,0,14,10
5,8,2.783258e6,-1.0931458333390756,-0.8619484131774695,TIME_LIMIT,583470,0,0,10,5
5,8,2.783419e6,-1.0931458333390756,-0.8619484131774695,TIME_LIMIT,583491,0,0,12,11
5,8,2.783643e6,-1.09314295712325,-0.8619484131774695,TIME_LIMIT,583524,0,0,5,9
5,8,2.783722e6,-1.09314295712325,-0.8619484131774695,TIME_LIMIT,583544,0,0,12,7
5,8,2.783824e6,-1.0931387535285895,-0.8619484131774695,TIME_LIMIT,583565,0,0,8,3
5,8,2.783944e6,-1.0931387535285895,-0.8619484131774695,TIME_LIMIT,583587,0,0,12,21
5,8,2.784169e6,-1.0931363842605109,-0.8619484131774695,TIME_LIMIT,583620,0,0,12,10
5,8,2.78434e6,-1.0931363842605109,-0.8619484131774695,TIME_LIMIT,583645,0,0,21,25
5,8,2.784539e6,-1.09313261884322,-0.8619484131774695,TIME_LIMIT,583680,0,0,10,10
5,8,2.784761e6,-1.09313261884322,-0.8619484131774695,TIME_LIMIT,583716,0,0,8,19
5,8,2.784885e6,-1.0931223889016624,-0.8619484131774695,TIME_LIMIT,583745,0,0,15,17
5,8,2.785003e6,-1.0931223889016624,-0.8619484131774695,TIME_LIMIT,583771,0,0,10,11
5,8,2.785118e6,-1.0931215290024925,-0.8619484131774695,TIME_LIMIT,583792,0,0,17,7
5,8,2.785248e6,-1.0931215290024925,-0.8619484131774695,TIME_LIMIT,583815,0,0,19,16
5,8,2.785352e6,-1.093120649549364,-0.8619484131774695,TIME_LIMIT,583855,0,0,9,8
5,8,2.785474e6,-1.093120649549364,-0.8619484131774695,TIME_LIMIT,583879,0,0,13,5
5,8,2.785644e6,-1.0931148301636617,-0.8619484131774695,TIME_LIMIT,583913,0,0,1,6
5,8,2.785855e6,-1.0931148301636617,-0.8619484131774695,TIME_LIMIT,583939,0,0,16,33
5,8,2.785987e6,-1.0931143883704677,-0.8619484131774695,TIME_LIMIT,583974,0,0,15,9
5,8,2.786267e6,-1.0931143883704677,-0.8619484131774695,TIME_LIMIT,584000,0,0,10,25
5,8,2.786409e6,-1.093113993005544,-0.8619484131774695,TIME_LIMIT,584029,0,0,10,13
5,8,2.786523e6,-1.093113993005544,-0.8619484131774695,TIME_LIMIT,584058,0,0,10,6
5,8,2.786588e6,-1.093107170724819,-0.8619484131774695,TIME_LIMIT,584080,0,0,6,2
5,8,2.786803e6,-1.093107170724819,-0.8619484131774695,TIME_LIMIT,584102,0,0,13,12
5,8,2.787015e6,-1.0931038365945587,-0.8619484131774695,TIME_LIMIT,584138,0,0,15,10
5,8,2.787094e6,-1.0931038365945587,-0.8619484131774695,TIME_LIMIT,584159,0,0,5,9
5,8,2.787148e6,-1.0930982513270746,-0.8619484131774695,TIME_LIMIT,584179,0,0,2,3
5,8,2.787228e6,-1.0930982513270746,-0.8619484131774695,TIME_LIMIT,584194,0,0,7,5
5,8,2.787256e6,-1.0930972391096856,-0.8619484131774695,TIME_LIMIT,584206,0,0,4,1
5,8,2.787409e6,-1.0930972391096856,-0.8619484131774695,TIME_LIMIT,584232,0,0,9,19
5,8,2.787732e6,-1.0930940527256803,-0.8619484131774695,TIME_LIMIT,584267,0,0,14,12
5,8,2.787892e6,-1.0930940527256803,-0.8619484131774695,TIME_LIMIT,584295,0,0,15,22
5,8,2.787974e6,-1.0930939301210163,-0.8619484131774695,TIME_LIMIT,584317,0,0,10,10
5,8,2.788101e6,-1.0930939301210163,-0.8619484131774695,TIME_LIMIT,584345,0,0,12,11
5,8,2.788161e6,-1.0930883995363403,-0.8619484131774695,TIME_LIMIT,584362,0,0,6,7
5,8,2.788285e6,-1.0930883995363403,-0.8619484131774695,TIME_LIMIT,584387,0,0,10,10
5,8,2.788378e6,-1.093084506499497,-0.8619484131774695,TIME_LIMIT,584412,0,0,13,2
5,8,2.788528e6,-1.093084506499497,-0.8619484131774695,TIME_LIMIT,584438,0,0,14,3
5,8,2.788736e6,-1.0930814097280601,-0.8619484131774695,TIME_LIMIT,584456,0,0,7,6
5,8,2.788818e6,-1.0930814097280601,-0.8619484131774695,TIME_LIMIT,584477,0,0,13,3
5,8,2.788911e6,-1.093076633481564,-0.8619484131774695,TIME_LIMIT,584502,0,0,7,2
5,8,2.789036e6,-1.093076633481564,-0.8619484131774695,TIME_LIMIT,584520,0,0,5,6
5,8,2.789163e6,-1.0930721394094616,-0.8619484131774695,TIME_LIMIT,584537,0,0,3,4
5,8,2.789308e6,-1.0930721394094616,-0.8619484131774695,TIME_LIMIT,584562,0,0,14,17
5,8,2.789368e6,-1.0930696790719432,-0.8619484131774695,TIME_LIMIT,584590,0,0,5,6
5,8,2.789473e6,-1.0930696790719432,-0.8619484131774695,TIME_LIMIT,584614,0,0,7,9
5,8,2.789586e6,-1.0930682415082202,-0.8619484131774695,TIME_LIMIT,584642,0,0,9,7
5,8,2.789689e6,-1.0930682415082202,-0.8619484131774695,TIME_LIMIT,584659,0,0,7,6
5,8,2.789713e6,-1.093064174628491,-0.8619484131774695,TIME_LIMIT,584668,0,0,4,1
5,8,2.789881e6,-1.093064174628491,-0.8619484131774695,TIME_LIMIT,584695,0,0,14,10
5,8,2.789927e6,-1.0930626716943745,-0.8619484131774695,TIME_LIMIT,584713,0,0,11,2
5,8,2.790026e6,-1.0930626716943745,-0.8619484131774695,TIME_LIMIT,584737,0,0,17,24
5,8,2.790184e6,-1.0930472710272978,-0.8619484131774695,TIME_LIMIT,584758,0,0,14,3
5,8,2.790283e6,-1.0930472710272978,-0.8619484131774695,TIME_LIMIT,584782,0,0,9,8
5,8,2.790361e6,-1.0930386142889803,-0.8619484131774695,TIME_LIMIT,584800,0,0,9,2
5,8,2.790447e6,-1.0930386142889803,-0.8619484131774695,TIME_LIMIT,584825,0,0,9,10
5,8,2.790568e6,-1.093028360836975,-0.8619484131774695,TIME_LIMIT,584856,0,0,8,7
5,8,2.790782e6,-1.093028360836975,-0.8619484131774695,TIME_LIMIT,584883,0,0,15,24
5,8,2.790913e6,-1.0930266574907783,-0.8619484131774695,TIME_LIMIT,584909,0,0,14,5
5,8,2.791016e6,-1.0930266574907783,-0.8619484131774695,TIME_LIMIT,584931,0,0,16,4
5,8,2.791061e6,-1.0930223934668186,-0.8619484131774695,TIME_LIMIT,584948,0,0,4,4
5,8,2.79115e6,-1.0930223934668186,-0.8619484131774695,TIME_LIMIT,584965,0,0,10,11
5,8,2.791326e6,-1.0930222908126002,-0.8619484131774695,TIME_LIMIT,584987,0,0,6,9
5,8,2.791475e6,-1.0930222908126002,-0.8619484131774695,TIME_LIMIT,585015,0,0,26,19
5,8,2.791698e6,-1.0930133500969919,-0.8619484131774695,TIME_LIMIT,585047,0,0,14,17
5,8,2.791921e6,-1.0930133500969919,-0.8619484131774695,TIME_LIMIT,585076,0,0,21,11
5,8,2.792141e6,-1.0930072621619247,-0.8619484131774695,TIME_LIMIT,585114,0,0,13,11
5,8,2.792269e6,-1.0930072621619247,-0.8619484131774695,TIME_LIMIT,585138,0,0,9,15
5,8,2.792396e6,-1.0930050778913234,-0.8619484131774695,TIME_LIMIT,585166,0,0,6,3
5,8,2.792543e6,-1.0930050778913234,-0.8619484131774695,TIME_LIMIT,585192,0,0,21,8
5,8,2.792638e6,-1.092995703414838,-0.8619484131774695,TIME_LIMIT,585218,0,0,8,4
5,8,2.792815e6,-1.092995703414838,-0.8619484131774695,TIME_LIMIT,585240,0,0,8,9
5,8,2.7929e6,-1.092995461535443,-0.8619484131774695,TIME_LIMIT,585269,0,0,14,5
5,8,2.793053e6,-1.092995461535443,-0.8619484131774695,TIME_LIMIT,585290,0,0,13,6
5,8,2.793169e6,-1.0929881017422467,-0.8619484131774695,TIME_LIMIT,585319,0,0,14,5
5,8,2.793425e6,-1.0929881017422467,-0.8619484131774695,TIME_LIMIT,585344,0,0,18,20
5,8,2.793677e6,-1.0929831358992965,-0.8619484131774695,TIME_LIMIT,585375,0,0,15,18
5,8,2.793791e6,-1.0929831358992965,-0.8619484131774695,TIME_LIMIT,585397,0,0,20,15
5,8,2.794046e6,-1.0929812953553937,-0.8619484131774695,TIME_LIMIT,585427,0,0,10,7
5,8,2.794203e6,-1.0929812953553937,-0.8619484131774695,TIME_LIMIT,585453,0,0,11,14
5,8,2.794304e6,-1.0929775335255472,-0.8619484131774695,TIME_LIMIT,585488,0,0,9,4
5,8,2.794375e6,-1.0929775335255472,-0.8619484131774695,TIME_LIMIT,585508,0,0,10,8
5,8,2.794471e6,-1.0929771827431676,-0.8619484131774695,TIME_LIMIT,585527,0,0,7,9
5,8,2.794536e6,-1.0929771827431676,-0.8619484131774695,TIME_LIMIT,585548,0,0,7,4
5,8,2.794612e6,-1.0929759700553885,-0.8619484131774695,TIME_LIMIT,585564,0,0,3,3
5,8,2.794748e6,-1.0929759700553885,-0.8619484131774695,TIME_LIMIT,585587,0,0,15,12
5,8,2.794839e6,-1.0929756775125612,-0.8619484131774695,TIME_LIMIT,585613,0,0,13,11
5,8,2.794966e6,-1.0929756775125612,-0.8619484131774695,TIME_LIMIT,585638,0,0,8,14
5,8,2.795048e6,-1.0929674519217119,-0.8619484131774695,TIME_LIMIT,585670,0,0,6,7
5,8,2.795173e6,-1.0929674519217119,-0.8619484131774695,TIME_LIMIT,585693,0,0,9,13
5,8,2.795275e6,-1.0929638017004808,-0.8619484131774695,TIME_LIMIT,585716,0,0,6,5
5,8,2.795399e6,-1.0929638017004808,-0.8619484131774695,TIME_LIMIT,585742,0,0,10,8
5,8,2.795521e6,-1.0929614915133983,-0.8619484131774695,TIME_LIMIT,585765,0,0,13,10
5,8,2.795717e6,-1.0929614915133983,-0.8619484131774695,TIME_LIMIT,585792,0,0,17,21
5,8,2.795931e6,-1.0929610013584456,-0.8619484131774695,TIME_LIMIT,585832,0,0,14,8
5,8,2.796025e6,-1.0929610013584456,-0.8619484131774695,TIME_LIMIT,585855,0,0,7,8
5,8,2.796093e6,-1.0929592442977394,-0.8619484131774695,TIME_LIMIT,585872,0,0,2,3
5,8,2.796211e6,-1.0929592442977394,-0.8619484131774695,TIME_LIMIT,585895,0,0,19,14
5,8,2.796263e6,-1.0929557853537617,-0.8619484131774695,TIME_LIMIT,585917,0,0,4,0
5,8,2.796437e6,-1.0929557853537617,-0.8619484131774695,TIME_LIMIT,585940,0,0,11,13
5,8,2.796548e6,-1.0929548031173244,-0.8619484131774695,TIME_LIMIT,585964,0,0,12,5
5,8,2.796729e6,-1.0929548031173244,-0.8619484131774695,TIME_LIMIT,585991,0,0,8,14
5,8,2.796885e6,-1.0929534126262368,-0.8619484131774695,TIME_LIMIT,586019,0,0,13,13
5,8,2.796975e6,-1.0929534126262368,-0.8619484131774695,TIME_LIMIT,586045,0,0,12,9
5,8,2.797033e6,-1.0929428293080359,-0.8619484131774695,TIME_LIMIT,586069,0,0,6,5
5,8,2.797131e6,-1.0929428293080359,-0.8619484131774695,TIME_LIMIT,586092,0,0,16,16
5,8,2.797305e6,-1.0929401113937565,-0.8619484131774695,TIME_LIMIT,586128,0,0,7,6
5,8,2.797537e6,-1.0929401113937565,-0.8619484131774695,TIME_LIMIT,586147,0,0,15,22
5,8,2.797727e6,-1.0929344037130848,-0.8619484131774695,TIME_LIMIT,586185,0,0,14,9
5,8,2.797808e6,-1.0929344037130848,-0.8619484131774695,TIME_LIMIT,586205,0,0,17,13
5,8,2.797935e6,-1.0929335336778432,-0.8619484131774695,TIME_LIMIT,586237,0,0,11,7
5,8,2.798088e6,-1.0929335336778432,-0.8619484131774695,TIME_LIMIT,586258,0,0,17,20
5,8,2.798211e6,-1.0929318701751582,-0.8619484131774695,TIME_LIMIT,586297,0,0,5,11
5,8,2.798321e6,-1.0929318701751582,-0.8619484131774695,TIME_LIMIT,586319,0,0,18,16
5,8,2.798469e6,-1.0929278958126116,-0.8619484131774695,TIME_LIMIT,586351,0,0,10,2
5,8,2.79864e6,-1.0929278958126116,-0.8619484131774695,TIME_LIMIT,586377,0,0,8,15
5,8,2.798937e6,-1.0929271155525857,-0.8619484131774695,TIME_LIMIT,586410,0,0,14,15
5,8,2.799067e6,-1.0929271155525857,-0.8619484131774695,TIME_LIMIT,586439,0,0,15,8
5,8,2.799177e6,-1.0929266148916317,-0.8619484131774695,TIME_LIMIT,586463,0,0,12,15
5,8,2.799374e6,-1.0929266148916317,-0.8619484131774695,TIME_LIMIT,586485,0,0,17,16
5,8,2.799524e6,-1.092926086870591,-0.8619484131774695,TIME_LIMIT,586510,0,0,10,3
5,8,2.799557e6,-1.092926086870591,-0.8619484131774695,TIME_LIMIT,586523,0,0,10,8
5,8,2.799592e6,-1.0929253356054904,-0.8619484131774695,TIME_LIMIT,586535,0,0,4,1
5,8,2.79972e6,-1.0929253356054904,-0.8619484131774695,TIME_LIMIT,586567,0,0,13,15
5,8,2.799927e6,-1.0929050177914874,-0.8619484131774695,TIME_LIMIT,586605,0,0,11,9
5,8,2.800139e6,-1.0929050177914874,-0.8619484131774695,TIME_LIMIT,586623,0,0,15,22
5,8,2.800345e6,-1.092903647919102,-0.8619484131774695,TIME_LIMIT,586657,0,0,6,9
5,8,2.80044e6,-1.092903647919102,-0.8619484131774695,TIME_LIMIT,586674,0,0,9,16
5,8,2.800556e6,-1.0928982052405285,-0.8619484131774695,TIME_LIMIT,586704,0,0,7,7
5,8,2.800761e6,-1.0928982052405285,-0.8619484131774695,TIME_LIMIT,586732,0,0,16,10
5,8,2.800945e6,-1.0928939393533859,-0.8619484131774695,TIME_LIMIT,586771,0,0,10,10
5,8,2.801008e6,-1.0928939393533859,-0.8619484131774695,TIME_LIMIT,586796,0,0,16,9
5,8,2.80113e6,-1.092888260760273,-0.8619484131774695,TIME_LIMIT,586816,0,0,14,13
5,8,2.801194e6,-1.092888260760273,-0.8619484131774695,TIME_LIMIT,586841,0,0,7,10
5,8,2.801487e6,-1.0928875678287358,-0.8619484131774695,TIME_LIMIT,586863,0,0,12,11
5,8,2.801603e6,-1.0928875678287358,-0.8619484131774695,TIME_LIMIT,586889,0,0,9,5
5,8,2.801634e6,-1.0928860591260117,-0.8619484131774695,TIME_LIMIT,586903,0,0,5,3
5,8,2.801797e6,-1.0928860591260117,-0.8619484131774695,TIME_LIMIT,586933,0,0,11,22
5,8,2.802017e6,-1.0928851575830762,-0.8619484131774695,TIME_LIMIT,586958,0,0,11,10
5,8,2.802231e6,-1.0928851575830762,-0.8619484131774695,TIME_LIMIT,586993,0,0,23,14
5,8,2.802538e6,-1.092883069595527,-0.8619484131774695,TIME_LIMIT,587019,0,0,15,16
5,8,2.802711e6,-1.092883069595527,-0.8619484131774695,TIME_LIMIT,587044,0,0,14,16
5,8,2.802782e6,-1.0928824358130131,-0.8619484131774695,TIME_LIMIT,587069,0,0,8,6
5,8,2.802963e6,-1.0928824358130131,-0.8619484131774695,TIME_LIMIT,587090,0,0,9,7
5,8,2.803046e6,-1.0928813785134017,-0.8619484131774695,TIME_LIMIT,587115,0,0,7,4
5,8,2.80314e6,-1.0928813785134017,-0.8619484131774695,TIME_LIMIT,587140,0,0,10,15
5,8,2.80349e6,-1.0928805102508292,-0.8619484131774695,TIME_LIMIT,587169,0,0,12,17
5,8,2.803554e6,-1.0928805102508292,-0.8619484131774695,TIME_LIMIT,587196,0,0,10,10
5,8,2.803668e6,-1.0928761409357715,-0.8619484131774695,TIME_LIMIT,587226,0,0,6,7
5,8,2.80387e6,-1.0928761409357715,-0.8619484131774695,TIME_LIMIT,587251,0,0,12,26
5,8,2.804043e6,-1.0928698486651687,-0.8619484131774695,TIME_LIMIT,587284,0,0,9,9
5,8,2.804108e6,-1.0928698486651687,-0.8619484131774695,TIME_LIMIT,587302,0,0,11,8
5,8,2.804178e6,-1.092868017386317,-0.8619484131774695,TIME_LIMIT,587325,0,0,9,6
5,8,2.804252e6,-1.092868017386317,-0.8619484131774695,TIME_LIMIT,587342,0,0,11,6
5,8,2.804307e6,-1.0928634299053985,-0.8619484131774695,TIME_LIMIT,587364,0,0,4,6
5,8,2.804537e6,-1.0928634299053985,-0.8619484131774695,TIME_LIMIT,587385,0,0,5,8
5,8,2.804597e6,-1.092862013612962,-0.8619484131774695,TIME_LIMIT,587396,0,0,3,1
5,8,2.80467e6,-1.092862013612962,-0.8619484131774695,TIME_LIMIT,587419,0,0,5,12
5,8,2.804771e6,-1.0928553719562972,-0.8619484131774695,TIME_LIMIT,587438,0,0,7,8
5,8,2.805011e6,-1.0928553719562972,-0.8619484131774695,TIME_LIMIT,587464,0,0,10,6
5,8,2.805055e6,-1.0928511500863185,-0.8619484131774695,TIME_LIMIT,587479,0,0,2,1
5,8,2.805142e6,-1.0928511500863185,-0.8619484131774695,TIME_LIMIT,587504,0,0,7,3
5,8,2.805223e6,-1.0928481919156512,-0.8619484131774695,TIME_LIMIT,587512,0,0,3,2
5,8,2.805368e6,-1.0928481919156512,-0.8619484131774695,TIME_LIMIT,587536,0,0,12,11
5,8,2.805494e6,-1.0928449132788498,-0.8619484131774695,TIME_LIMIT,587550,0,0,7,3
5,8,2.805602e6,-1.0928449132788498,-0.8619484131774695,TIME_LIMIT,587579,0,0,12,4
5,8,2.805723e6,-1.092842808210325,-0.8619484131774695,TIME_LIMIT,587603,0,0,14,7
5,8,2.806026e6,-1.092842808210325,-0.8619484131774695,TIME_LIMIT,587627,0,0,11,22
5,8,2.806133e6,-1.0928417792437495,-0.8619484131774695,TIME_LIMIT,587653,0,0,15,12
5,8,2.806337e6,-1.0928417792437495,-0.8619484131774695,TIME_LIMIT,587674,0,0,12,7
5,8,2.806429e6,-1.0928415468450332,-0.8619484131774695,TIME_LIMIT,587697,0,0,15,14
5,8,2.806549e6,-1.0928415468450332,-0.8619484131774695,TIME_LIMIT,587723,0,0,10,19
5,8,2.806648e6,-1.092827228970036,-0.8619484131774695,TIME_LIMIT,587747,0,0,6,14
5,8,2.80686e6,-1.092827228970036,-0.8619484131774695,TIME_LIMIT,587772,0,0,18,6
5,8,2.806975e6,-1.092827203262021,-0.8619484131774695,TIME_LIMIT,587798,0,0,4,4
5,8,2.807033e6,-1.092827203262021,-0.8619484131774695,TIME_LIMIT,587815,0,0,14,14
5,8,2.80714e6,-1.0928250782457778,-0.8619484131774695,TIME_LIMIT,587840,0,0,6,7
5,8,2.807296e6,-1.0928250782457778,-0.8619484131774695,TIME_LIMIT,587866,0,0,7,5
5,8,2.807348e6,-1.0928212875884618,-0.8619484131774695,TIME_LIMIT,587881,0,0,4,4
5,8,2.807525e6,-1.0928212875884618,-0.8619484131774695,TIME_LIMIT,587905,0,0,12,9
5,8,2.807596e6,-1.0928071281933218,-0.8619484131774695,TIME_LIMIT,587930,0,0,17,8
5,8,2.80767e6,-1.0928071281933218,-0.8619484131774695,TIME_LIMIT,587942,0,0,14,15
5,8,2.807742e6,-1.0928038804361675,-0.8619484131774695,TIME_LIMIT,587968,0,0,8,4
5,8,2.807794e6,-1.0928038804361675,-0.8619484131774695,TIME_LIMIT,587984,0,0,11,12
5,8,2.807869e6,-1.0928018116851728,-0.8619484131774695,TIME_LIMIT,588007,0,0,11,8
5,8,2.807926e6,-1.0928018116851728,-0.8619484131774695,TIME_LIMIT,588032,0,0,13,7
5,8,2.808034e6,-1.0928015238984243,-0.8619484131774695,TIME_LIMIT,588047,0,0,6,5
5,8,2.808098e6,-1.0928015238984243,-0.8619484131774695,TIME_LIMIT,588062,0,0,5,6
5,8,2.808121e6,-1.092792748371462,-0.8619484131774695,TIME_LIMIT,588070,0,0,2,1
5,8,2.808334e6,-1.092792748371462,-0.8619484131774695,TIME_LIMIT,588095,0,0,18,10
5,8,2.808478e6,-1.092784664155086,-0.8619484131774695,TIME_LIMIT,588126,0,0,17,10
5,8,2.808612e6,-1.092784664155086,-0.8619484131774695,TIME_LIMIT,588151,0,0,17,5
5,8,2.808705e6,-1.0927795071332023,-0.8619484131774695,TIME_LIMIT,588168,0,0,8,5
5,8,2.808875e6,-1.0927795071332023,-0.8619484131774695,TIME_LIMIT,588197,0,0,19,15
5,8,2.809098e6,-1.0927777367611804,-0.8619484131774695,TIME_LIMIT,588225,0,0,13,5
5,8,2.809336e6,-1.0927777367611804,-0.8619484131774695,TIME_LIMIT,588251,0,0,17,11
5,8,2.809417e6,-1.0927758019587634,-0.8619484131774695,TIME_LIMIT,588271,0,0,15,3
5,8,2.809508e6,-1.0927758019587634,-0.8619484131774695,TIME_LIMIT,588289,0,0,17,14
5,8,2.809601e6,-1.0927751510451793,-0.8619484131774695,TIME_LIMIT,588320,0,0,7,6
5,8,2.809742e6,-1.0927751510451793,-0.8619484131774695,TIME_LIMIT,588342,0,0,20,28
5,8,2.809878e6,-1.0927719877663864,-0.8619484131774695,TIME_LIMIT,588380,0,0,15,11
5,8,2.809975e6,-1.0927719877663864,-0.8619484131774695,TIME_LIMIT,588406,0,0,11,10
5,8,2.810139e6,-1.0927678667477778,-0.8619484131774695,TIME_LIMIT,588436,0,0,14,5
5,8,2.810296e6,-1.0927678667477778,-0.8619484131774695,TIME_LIMIT,588466,0,0,20,14
5,8,2.810453e6,-1.0927644552029205,-0.8619484131774695,TIME_LIMIT,588492,0,0,8,5
5,8,2.810587e6,-1.0927644552029205,-0.8619484131774695,TIME_LIMIT,588518,0,0,15,18
5,8,2.810797e6,-1.0927612772592137,-0.8619484131774695,TIME_LIMIT,588549,0,0,21,11
5,8,2.810987e6,-1.0927612772592137,-0.8619484131774695,TIME_LIMIT,588574,0,0,16,7
5,8,2.811156e6,-1.0927569550056702,-0.8619484131774695,TIME_LIMIT,588588,0,0,8,7
5,8,2.811369e6,-1.0927569550056702,-0.8619484131774695,TIME_LIMIT,588611,0,0,15,14
5,8,2.811459e6,-1.0927564500991662,-0.8619484131774695,TIME_LIMIT,588633,0,0,10,8
5,8,2.811574e6,-1.0927564500991662,-0.8619484131774695,TIME_LIMIT,588658,0,0,9,19
5,8,2.811633e6,-1.0927555297114804,-0.8619484131774695,TIME_LIMIT,588681,0,0,6,5
5,8,2.811846e6,-1.0927555297114804,-0.8619484131774695,TIME_LIMIT,588707,0,0,19,22
5,8,2.812059e6,-1.0927551755748826,-0.8619484131774695,TIME_LIMIT,588735,0,0,19,14
5,8,2.812238e6,-1.0927551755748826,-0.8619484131774695,TIME_LIMIT,588769,0,0,15,15
5,8,2.812398e6,-1.0927547614831754,-0.8619484131774695,TIME_LIMIT,588791,0,0,6,12
5,8,2.812548e6,-1.0927547614831754,-0.8619484131774695,TIME_LIMIT,588818,0,0,22,16
5,8,2.812718e6,-1.0927479563452536,-0.8619484131774695,TIME_LIMIT,588852,0,0,11,3
5,8,2.8129e6,-1.0927479563452536,-0.8619484131774695,TIME_LIMIT,588884,0,0,12,20
5,8,2.813131e6,-1.0927462414123443,-0.8619484131774695,TIME_LIMIT,588916,0,0,10,13
5,8,2.813251e6,-1.0927462414123443,-0.8619484131774695,TIME_LIMIT,588938,0,0,24,12
5,8,2.81348e6,-1.0927452044922958,-0.8619484131774695,TIME_LIMIT,588975,0,0,15,7
5,8,2.813707e6,-1.0927452044922958,-0.8619484131774695,TIME_LIMIT,589001,0,0,11,10
5,8,2.813918e6,-1.092742150875869,-0.8619484131774695,TIME_LIMIT,589021,0,0,9,7
5,8,2.814132e6,-1.092742150875869,-0.8619484131774695,TIME_LIMIT,589048,0,0,20,16
5,8,2.814345e6,-1.0927420837199282,-0.8619484131774695,TIME_LIMIT,589075,0,0,12,15
5,8,2.814443e6,-1.0927420837199282,-0.8619484131774695,TIME_LIMIT,589098,0,0,10,9
5,8,2.814505e6,-1.0927407048194278,-0.8619484131774695,TIME_LIMIT,589114,0,0,7,3
5,8,2.81471e6,-1.0927407048194278,-0.8619484131774695,TIME_LIMIT,589142,0,0,14,10
5,8,2.81479e6,-1.0927404030818928,-0.8619484131774695,TIME_LIMIT,589164,0,0,8,4
5,8,2.814891e6,-1.0927404030818928,-0.8619484131774695,TIME_LIMIT,589189,0,0,18,16
5,8,2.815005e6,-1.0927389502414955,-0.8619484131774695,TIME_LIMIT,589219,0,0,10,6
5,8,2.815057e6,-1.0927389502414955,-0.8619484131774695,TIME_LIMIT,589242,0,0,15,17
5,8,2.815261e6,-1.0927335600911032,-0.8619484131774695,TIME_LIMIT,589273,0,0,12,14
5,8,2.815337e6,-1.0927335600911032,-0.8619484131774695,TIME_LIMIT,589296,0,0,16,9
5,8,2.815406e6,-1.092733386880958,-0.8619484131774695,TIME_LIMIT,589318,0,0,6,1
5,8,2.815638e6,-1.092733386880958,-0.8619484131774695,TIME_LIMIT,589348,0,0,17,20
5,8,2.815834e6,-1.0927298447736968,-0.8619484131774695,TIME_LIMIT,589370,0,0,14,8
5,8,2.815999e6,-1.0927298447736968,-0.8619484131774695,TIME_LIMIT,589398,0,0,18,28
5,8,2.816162e6,-1.0927289369862079,-0.8619484131774695,TIME_LIMIT,589430,0,0,19,6
5,8,2.816273e6,-1.0927289369862079,-0.8619484131774695,TIME_LIMIT,589453,0,0,4,15
5,8,2.816456e6,-1.0927248442678326,-0.8619484131774695,TIME_LIMIT,589486,0,0,7,9
5,8,2.816656e6,-1.0927248442678326,-0.8619484131774695,TIME_LIMIT,589508,0,0,15,29
5,8,2.816864e6,-1.0927218136850552,-0.8619484131774695,TIME_LIMIT,589543,0,0,15,18
5,8,2.81692e6,-1.0927218136850552,-0.8619484131774695,TIME_LIMIT,589558,0,0,12,9
5,8,2.817032e6,-1.092720500870503,-0.8619484131774695,TIME_LIMIT,589581,0,0,4,6
5,8,2.817154e6,-1.092720500870503,-0.8619484131774695,TIME_LIMIT,589605,0,0,15,12
5,8,2.817231e6,-1.092707185227755,-0.8619484131774695,TIME_LIMIT,589624,0,0,11,5
5,8,2.817295e6,-1.092707185227755,-0.8619484131774695,TIME_LIMIT,589646,0,0,10,19
5,8,2.817458e6,-1.092706085316891,-0.8619484131774695,TIME_LIMIT,589668,0,0,12,10
5,8,2.817627e6,-1.092706085316891,-0.8619484131774695,TIME_LIMIT,589704,0,0,17,22
5,8,2.817821e6,-1.0927013281430034,-0.8619484131774695,TIME_LIMIT,589728,0,0,19,9
5,8,2.818011e6,-1.0927013281430034,-0.8619484131774695,TIME_LIMIT,589761,0,0,12,7
5,8,2.818143e6,-1.092696754142402,-0.8619484131774695,TIME_LIMIT,589786,0,0,6,12
5,8,2.8184e6,-1.092696754142402,-0.8619484131774695,TIME_LIMIT,589807,0,0,10,16
5,8,2.818487e6,-1.0926944559650744,-0.8619484131774695,TIME_LIMIT,589823,0,0,6,1
5,8,2.818591e6,-1.0926944559650744,-0.8619484131774695,TIME_LIMIT,589846,0,0,10,15
5,8,2.818738e6,-1.0926926303344238,-0.8619484131774695,TIME_LIMIT,589883,0,0,9,6
5,8,2.818771e6,-1.0926926303344238,-0.8619484131774695,TIME_LIMIT,589897,0,0,6,7
5,8,2.818811e6,-1.0926921161740224,-0.8619484131774695,TIME_LIMIT,589911,0,0,5,0
5,8,2.819023e6,-1.0926921161740224,-0.8619484131774695,TIME_LIMIT,589933,0,0,21,17
5,8,2.819173e6,-1.0926920580274677,-0.8619484131774695,TIME_LIMIT,589975,0,0,16,16
5,8,2.819323e6,-1.0926920580274677,-0.8619484131774695,TIME_LIMIT,589996,0,0,10,14
5,8,2.819416e6,-1.0926902488585413,-0.8619484131774695,TIME_LIMIT,590016,0,0,11,5
5,8,2.819601e6,-1.0926902488585413,-0.8619484131774695,TIME_LIMIT,590042,0,0,16,20
5,8,2.81979e6,-1.0926887639102392,-0.8619484131774695,TIME_LIMIT,590083,0,0,11,9
5,8,2.819867e6,-1.0926887639102392,-0.8619484131774695,TIME_LIMIT,590100,0,0,5,5
5,8,2.819918e6,-1.092686986639663,-0.8619484131774695,TIME_LIMIT,590123,0,0,6,3
5,8,2.820044e6,-1.092686986639663,-0.8619484131774695,TIME_LIMIT,590145,0,0,10,16
5,8,2.820176e6,-1.0926775803403925,-0.8619484131774695,TIME_LIMIT,590171,0,0,4,3
5,8,2.820388e6,-1.0926775803403925,-0.8619484131774695,TIME_LIMIT,590193,0,0,12,15
5,8,2.82057e6,-1.0926741743689785,-0.8619484131774695,TIME_LIMIT,590219,0,0,13,7
5,8,2.820746e6,-1.0926741743689785,-0.8619484131774695,TIME_LIMIT,590237,0,0,6,4
5,8,2.820806e6,-1.0926690092684197,-0.8619484131774695,TIME_LIMIT,590259,0,0,6,7
5,8,2.820934e6,-1.0926690092684197,-0.8619484131774695,TIME_LIMIT,590284,0,0,11,19
5,8,2.821037e6,-1.092664791789641,-0.8619484131774695,TIME_LIMIT,590307,0,0,9,10
5,8,2.821143e6,-1.092664791789641,-0.8619484131774695,TIME_LIMIT,590328,0,0,11,9
5,8,2.821259e6,-1.0926645841025846,-0.8619484131774695,TIME_LIMIT,590362,0,0,9,7
5,8,2.821311e6,-1.0926645841025846,-0.8619484131774695,TIME_LIMIT,590375,0,0,8,2
5,8,2.821348e6,-1.0926621568437138,-0.8619484131774695,TIME_LIMIT,590388,0,0,4,3
5,8,2.82138e6,-1.0926621568437138,-0.8619484131774695,TIME_LIMIT,590406,0,0,6,3
5,8,2.821442e6,-1.0926621055529315,-0.8619484131774695,TIME_LIMIT,590413,0,0,4,3
5,8,2.821628e6,-1.0926621055529315,-0.8619484131774695,TIME_LIMIT,590437,0,0,17,16
5,8,2.821794e6,-1.0926590876943152,-0.8619484131774695,TIME_LIMIT,590472,0,0,14,10
5,8,2.821921e6,-1.0926590876943152,-0.8619484131774695,TIME_LIMIT,590501,0,0,24,18
5,8,2.822064e6,-1.0926571549102992,-0.8619484131774695,TIME_LIMIT,590530,0,0,9,9
5,8,2.8223e6,-1.0926571549102992,-0.8619484131774695,TIME_LIMIT,590551,0,0,13,15
5,8,2.82253e6,-1.0926446261279081,-0.8619484131774695,TIME_LIMIT,590590,0,0,18,8
5,8,2.822624e6,-1.0926446261279081,-0.8619484131774695,TIME_LIMIT,590609,0,0,10,6
5,8,2.822682e6,-1.09264130739132,-0.8619484131774695,TIME_LIMIT,590625,0,0,7,1
5,8,2.822767e6,-1.09264130739132,-0.8619484131774695,TIME_LIMIT,590646,0,0,10,3
5,8,2.822841e6,-1.092641056626631,-0.8619484131774695,TIME_LIMIT,590655,0,0,1,5
5,8,2.823043e6,-1.092641056626631,-0.8619484131774695,TIME_LIMIT,590682,0,0,5,13
5,8,2.823239e6,-1.0926296258180035,-0.8619484131774695,TIME_LIMIT,590720,0,0,9,7
5,8,2.823336e6,-1.0926296258180035,-0.8619484131774695,TIME_LIMIT,590738,0,0,13,10
5,8,2.823489e6,-1.0926291086174547,-0.8619484131774695,TIME_LIMIT,590761,0,0,10,4
5,8,2.823701e6,-1.0926291086174547,-0.8619484131774695,TIME_LIMIT,590781,0,0,16,13
5,8,2.823878e6,-1.0926284011001905,-0.8619484131774695,TIME_LIMIT,590819,0,0,17,14
5,8,2.824148e6,-1.0926284011001905,-0.8619484131774695,TIME_LIMIT,590845,0,0,14,14
5,8,2.824255e6,-1.092627016104439,-0.8619484131774695,TIME_LIMIT,590870,0,0,11,9
5,8,2.824325e6,-1.092627016104439,-0.8619484131774695,TIME_LIMIT,590890,0,0,11,15
5,8,2.824448e6,-1.0926058968535395,-0.8619484131774695,TIME_LIMIT,590915,0,0,14,6
5,8,2.824627e6,-1.0926058968535395,-0.8619484131774695,TIME_LIMIT,590934,0,0,7,4
5,8,2.824669e6,-1.0926046876312996,-0.8619484131774695,TIME_LIMIT,590950,0,0,5,5
5,8,2.824793e6,-1.0926046876312996,-0.8619484131774695,TIME_LIMIT,590973,0,0,12,18
5,8,2.825001e6,-1.0926026840904444,-0.8619484131774695,TIME_LIMIT,591007,0,0,8,9
5,8,2.825106e6,-1.0926026840904444,-0.8619484131774695,TIME_LIMIT,591033,0,0,12,0
5,8,2.825181e6,-1.092602595932632,-0.8619484131774695,TIME_LIMIT,591049,0,0,7,6
5,8,2.825293e6,-1.092602595932632,-0.8619484131774695,TIME_LIMIT,591076,0,0,18,13
5,8,2.825423e6,-1.0926010781309083,-0.8619484131774695,TIME_LIMIT,591106,0,0,6,10
5,8,2.825529e6,-1.0926010781309083,-0.8619484131774695,TIME_LIMIT,591123,0,0,11,15
5,8,2.825636e6,-1.0925970888205372,-0.8619484131774695,TIME_LIMIT,591144,0,0,9,5
5,8,2.825771e6,-1.0925970888205372,-0.8619484131774695,TIME_LIMIT,591171,0,0,14,12
5,8,2.825929e6,-1.0925957805469548,-0.8619484131774695,TIME_LIMIT,591192,0,0,10,5
5,8,2.826012e6,-1.0925957805469548,-0.8619484131774695,TIME_LIMIT,591208,0,0,4,4
5,8,2.826041e6,-1.0925936223912418,-0.8619484131774695,TIME_LIMIT,591223,0,0,6,2
5,8,2.826141e6,-1.0925936223912418,-0.8619484131774695,TIME_LIMIT,591244,0,0,15,6
5,8,2.826246e6,-1.0925895148236044,-0.8619484131774695,TIME_LIMIT,591268,0,0,11,1
5,8,2.826413e6,-1.0925895148236044,-0.8619484131774695,TIME_LIMIT,591297,0,0,14,11
5,8,2.826515e6,-1.0925861592676518,-0.8619484131774695,TIME_LIMIT,591320,0,0,11,5
5,8,2.826726e6,-1.0925861592676518,-0.8619484131774695,TIME_LIMIT,591347,0,0,7,14
5,8,2.82683e6,-1.0925729545149794,-0.8619484131774695,TIME_LIMIT,591366,0,0,9,9
5,8,2.826999e6,-1.0925729545149794,-0.8619484131774695,TIME_LIMIT,591386,0,0,20,30
5,8,2.827181e6,-1.092572085804211,-0.8619484131774695,TIME_LIMIT,591427,0,0,13,18
5,8,2.827303e6,-1.092572085804211,-0.8619484131774695,TIME_LIMIT,591444,0,0,12,16
5,8,2.827366e6,-1.0925713271750168,-0.8619484131774695,TIME_LIMIT,591469,0,0,8,6
5,8,2.827481e6,-1.0925713271750168,-0.8619484131774695,TIME_LIMIT,591491,0,0,19,24
5,8,2.827785e6,-1.0925700310372242,-0.8619484131774695,TIME_LIMIT,591527,0,0,12,19
5,8,2.827893e6,-1.0925700310372242,-0.8619484131774695,TIME_LIMIT,591553,0,0,15,12
5,8,2.827964e6,-1.0925685902102158,-0.8619484131774695,TIME_LIMIT,591583,0,0,3,8
5,8,2.828067e6,-1.0925685902102158,-0.8619484131774695,TIME_LIMIT,591605,0,0,4,5
5,8,2.828109e6,-1.0925647293301681,-0.8619484131774695,TIME_LIMIT,591625,0,0,3,1
5,8,2.828282e6,-1.0925647293301681,-0.8619484131774695,TIME_LIMIT,591655,0,0,19,10
5,8,2.828348e6,-1.0925608032446386,-0.8619484131774695,TIME_LIMIT,591674,0,0,13,12
5,8,2.828471e6,-1.0925608032446386,-0.8619484131774695,TIME_LIMIT,591689,0,0,9,9
5,8,2.82854e6,-1.092560212054611,-0.8619484131774695,TIME_LIMIT,591711,0,0,9,5
5,8,2.82863e6,-1.092560212054611,-0.8619484131774695,TIME_LIMIT,591734,0,0,7,12
5,8,2.82871e6,-1.0925502908697402,-0.8619484131774695,TIME_LIMIT,591757,0,0,4,6
5,8,2.828794e6,-1.0925502908697402,-0.8619484131774695,TIME_LIMIT,591770,0,0,19,24
5,8,2.828905e6,-1.0925427269857133,-0.8619484131774695,TIME_LIMIT,591804,0,0,15,5
5,8,2.828944e6,-1.0925427269857133,-0.8619484131774695,TIME_LIMIT,591820,0,0,11,6
5,8,2.829045e6,-1.0925415655455986,-0.8619484131774695,TIME_LIMIT,591851,0,0,11,9
5,8,2.82926e6,-1.0925415655455986,-0.8619484131774695,TIME_LIMIT,591878,0,0,9,16
5,8,2.829387e6,-1.0925282032229295,-0.8619484131774695,TIME_LIMIT,591908,0,0,12,2
5,8,2.829435e6,-1.0925282032229295,-0.8619484131774695,TIME_LIMIT,591930,0,0,10,20
5,8,2.829753e6,-1.092509452434339,-0.8619484131774695,TIME_LIMIT,591959,0,0,6,4
5,8,2.829964e6,-1.092509452434339,-0.8619484131774695,TIME_LIMIT,591984,0,0,20,42
5,8,2.830124e6,-1.092506093645532,-0.8619484131774695,TIME_LIMIT,592026,0,0,15,14
5,8,2.830206e6,-1.092506093645532,-0.8619484131774695,TIME_LIMIT,592049,0,0,10,13
5,8,2.830257e6,-1.0925045605756378,-0.8619484131774695,TIME_LIMIT,592065,0,0,9,2
5,8,2.830367e6,-1.0925045605756378,-0.8619484131774695,TIME_LIMIT,592082,0,0,10,12
5,8,2.830492e6,-1.0925025134821966,-0.8619484131774695,TIME_LIMIT,592111,0,0,4,6
5,8,2.830698e6,-1.0925025134821966,-0.8619484131774695,TIME_LIMIT,592138,0,0,10,12
5,8,2.830802e6,-1.0924966150380853,-0.8619484131774695,TIME_LIMIT,592170,0,0,14,8
5,8,2.830906e6,-1.0924966150380853,-0.8619484131774695,TIME_LIMIT,592194,0,0,5,18
5,8,2.83102e6,-1.0924911837595122,-0.8619484131774695,TIME_LIMIT,592223,0,0,9,5
5,8,2.831173e6,-1.0924911837595122,-0.8619484131774695,TIME_LIMIT,592244,0,0,15,5
5,8,2.831291e6,-1.0924908477061128,-0.8619484131774695,TIME_LIMIT,592261,0,0,5,2
5,8,2.831429e6,-1.0924908477061128,-0.8619484131774695,TIME_LIMIT,592291,0,0,12,15
5,8,2.831702e6,-1.0924841208009883,-0.8619484131774695,TIME_LIMIT,592325,0,0,11,8
5,8,2.831935e6,-1.0924841208009883,-0.8619484131774695,TIME_LIMIT,592343,0,0,17,20
5,8,2.83221e6,-1.092483181785357,-0.8619484131774695,TIME_LIMIT,592379,0,0,13,8
5,8,2.832318e6,-1.092483181785357,-0.8619484131774695,TIME_LIMIT,592401,0,0,14,6
5,8,2.83248e6,-1.0924805225214969,-0.8619484131774695,TIME_LIMIT,592433,0,0,12,10
5,8,2.832608e6,-1.0924805225214969,-0.8619484131774695,TIME_LIMIT,592458,0,0,11,7
5,8,2.83265e6,-1.0924793555971013,-0.8619484131774695,TIME_LIMIT,592472,0,0,10,8
5,8,2.832804e6,-1.0924793555971013,-0.8619484131774695,TIME_LIMIT,592499,0,0,9,15
5,8,2.832976e6,-1.0924756292155862,-0.8619484131774695,TIME_LIMIT,592526,0,0,10,9
5,8,2.833041e6,-1.0924756292155862,-0.8619484131774695,TIME_LIMIT,592547,0,0,14,18
5,8,2.833259e6,-1.0924724042842362,-0.8619484131774695,TIME_LIMIT,592574,0,0,8,7
5,8,2.833342e6,-1.0924724042842362,-0.8619484131774695,TIME_LIMIT,592597,0,0,8,6
5,8,2.833499e6,-1.0924655038810753,-0.8619484131774695,TIME_LIMIT,592617,0,0,9,7
5,8,2.833668e6,-1.0924655038810753,-0.8619484131774695,TIME_LIMIT,592646,0,0,8,18
5,8,2.833859e6,-1.0924649550467893,-0.8619484131774695,TIME_LIMIT,592674,0,0,12,6
5,8,2.834006e6,-1.0924649550467893,-0.8619484131774695,TIME_LIMIT,592696,0,0,15,22
5,8,2.834133e6,-1.0924648978257938,-0.8619484131774695,TIME_LIMIT,592731,0,0,13,18
5,8,2.834195e6,-1.0924648978257938,-0.8619484131774695,TIME_LIMIT,592750,0,0,12,14
5,8,2.834318e6,-1.0924593844592643,-0.8619484131774695,TIME_LIMIT,592782,0,0,11,9
5,8,2.834487e6,-1.0924593844592643,-0.8619484131774695,TIME_LIMIT,592806,0,0,19,6
5,8,2.834547e6,-1.092459009087591,-0.8619484131774695,TIME_LIMIT,592830,0,0,14,3
5,8,2.834757e6,-1.092459009087591,-0.8619484131774695,TIME_LIMIT,592857,0,0,16,18
5,8,2.835013e6,-1.0924490348118452,-0.8619484131774695,TIME_LIMIT,592878,0,0,16,9
5,8,2.835124e6,-1.0924490348118452,-0.8619484131774695,TIME_LIMIT,592904,0,0,18,14
5,8,2.835251e6,-1.0924433874049402,-0.8619484131774695,TIME_LIMIT,592925,0,0,10,9
5,8,2.835458e6,-1.0924433874049402,-0.8619484131774695,TIME_LIMIT,592952,0,0,9,3
5,8,2.835538e6,-1.0924334326474372,-0.8619484131774695,TIME_LIMIT,592971,0,0,7,4
5,8,2.835751e6,-1.0924334326474372,-0.8619484131774695,TIME_LIMIT,593000,0,0,7,17
5,8,2.836015e6,-1.0924333939905781,-0.8619484131774695,TIME_LIMIT,593028,0,0,18,15
5,8,2.836197e6,-1.0924333939905781,-0.8619484131774695,TIME_LIMIT,593055,0,0,15,8
5,8,2.83639e6,-1.092432608919946,-0.8619484131774695,TIME_LIMIT,593083,0,0,14,7
5,8,2.836636e6,-1.092432608919946,-0.8619484131774695,TIME_LIMIT,593106,0,0,22,25
5,8,2.836824e6,-1.092431016512625,-0.8619484131774695,TIME_LIMIT,593147,0,0,18,24
5,8,2.83695e6,-1.092431016512625,-0.8619484131774695,TIME_LIMIT,593171,0,0,17,10
5,8,2.837079e6,-1.0924236090926094,-0.8619484131774695,TIME_LIMIT,593196,0,0,7,5
5,8,2.837174e6,-1.0924236090926094,-0.8619484131774695,TIME_LIMIT,593220,0,0,8,7
5,8,2.837249e6,-1.0924221991579506,-0.8619484131774695,TIME_LIMIT,593236,0,0,6,3
5,8,2.837448e6,-1.0924221991579506,-0.8619484131774695,TIME_LIMIT,593255,0,0,16,18
5,8,2.837614e6,-1.0924216807601337,-0.8619484131774695,TIME_LIMIT,593289,0,0,15,11
5,8,2.837726e6,-1.0924216807601337,-0.8619484131774695,TIME_LIMIT,593308,0,0,10,7
5,8,2.837838e6,-1.092415521557655,-0.8619484131774695,TIME_LIMIT,593333,0,0,8,11
5,8,2.837994e6,-1.092415521557655,-0.8619484131774695,TIME_LIMIT,593362,0,0,17,12
5,8,2.838071e6,-1.0924144439224435,-0.8619484131774695,TIME_LIMIT,593381,0,0,10,4
5,8,2.838152e6,-1.0924144439224435,-0.8619484131774695,TIME_LIMIT,593392,0,0,7,10
5,8,2.838266e6,-1.092413754347886,-0.8619484131774695,TIME_LIMIT,593412,0,0,9,4
5,8,2.838488e6,-1.092413754347886,-0.8619484131774695,TIME_LIMIT,593443,0,0,12,16
5,8,2.838581e6,-1.0924131533130728,-0.8619484131774695,TIME_LIMIT,593468,0,0,9,14
5,8,2.83867e6,-1.0924131533130728,-0.8619484131774695,TIME_LIMIT,593492,0,0,14,14
5,8,2.838734e6,-1.0924121329220726,-0.8619484131774695,TIME_LIMIT,593514,0,0,8,2
5,8,2.838917e6,-1.0924121329220726,-0.8619484131774695,TIME_LIMIT,593533,0,0,23,27
5,8,2.83913e6,-1.0924089738819103,-0.8619484131774695,TIME_LIMIT,593569,0,0,13,12
5,8,2.839313e6,-1.0924089738819103,-0.8619484131774695,TIME_LIMIT,593597,0,0,13,14
5,8,2.839431e6,-1.0923999646130054,-0.8619484131774695,TIME_LIMIT,593622,0,0,10,4
5,8,2.839628e6,-1.0923999646130054,-0.8619484131774695,TIME_LIMIT,593649,0,0,15,11
5,8,2.839731e6,-1.0923989986236524,-0.8619484131774695,TIME_LIMIT,593670,0,0,15,7
5,8,2.839907e6,-1.0923989986236524,-0.8619484131774695,TIME_LIMIT,593695,0,0,14,8
5,8,2.839976e6,-1.0923925033588608,-0.8619484131774695,TIME_LIMIT,593713,0,0,9,2
5,8,2.840084e6,-1.0923925033588608,-0.8619484131774695,TIME_LIMIT,593736,0,0,4,6
5,8,2.840126e6,-1.0923913591310992,-0.8619484131774695,TIME_LIMIT,593751,0,0,1,5
5,8,2.840268e6,-1.0923913591310992,-0.8619484131774695,TIME_LIMIT,593774,0,0,24,21
5,8,2.840403e6,-1.092391150229573,-0.8619484131774695,TIME_LIMIT,593810,0,0,20,5
5,8,2.840513e6,-1.092391150229573,-0.8619484131774695,TIME_LIMIT,593834,0,0,12,7
5,8,2.840629e6,-1.0923897175686974,-0.8619484131774695,TIME_LIMIT,593849,0,0,8,3
5,8,2.840727e6,-1.0923897175686974,-0.8619484131774695,TIME_LIMIT,593871,0,0,16,5
5,8,2.840883e6,-1.0923873470820045,-0.8619484131774695,TIME_LIMIT,593904,0,0,14,7
5,8,2.840968e6,-1.0923873470820045,-0.8619484131774695,TIME_LIMIT,593919,0,0,6,5
5,8,2.841092e6,-1.0923797201802152,-0.8619484131774695,TIME_LIMIT,593942,0,0,7,5
5,8,2.841258e6,-1.0923797201802152,-0.8619484131774695,TIME_LIMIT,593967,0,0,15,20
5,8,2.841311e6,-1.0923779283055266,-0.8619484131774695,TIME_LIMIT,593986,0,0,4,6
5,8,2.841499e6,-1.0923779283055266,-0.8619484131774695,TIME_LIMIT,594007,0,0,12,23
5,8,2.841608e6,-1.0923727276916118,-0.8619484131774695,TIME_LIMIT,594033,0,0,7,5
5,8,2.841778e6,-1.0923727276916118,-0.8619484131774695,TIME_LIMIT,594061,0,0,17,5
5,8,2.841912e6,-1.0923687130690454,-0.8619484131774695,TIME_LIMIT,594082,0,0,15,7
5,8,2.842088e6,-1.0923687130690454,-0.8619484131774695,TIME_LIMIT,594103,0,0,11,21
5,8,2.842142e6,-1.092361692584737,-0.8619484131774695,TIME_LIMIT,594131,0,0,6,6
5,8,2.842353e6,-1.092361692584737,-0.8619484131774695,TIME_LIMIT,594152,0,0,7,31
5,8,2.842607e6,-1.0923516005703786,-0.8619484131774695,TIME_LIMIT,594194,0,0,23,11
5,8,2.842728e6,-1.0923516005703786,-0.8619484131774695,TIME_LIMIT,594211,0,0,13,15
5,8,2.842855e6,-1.092346672208227,-0.8619484131774695,TIME_LIMIT,594231,0,0,5,5
5,8,2.843016e6,-1.092346672208227,-0.8619484131774695,TIME_LIMIT,594259,0,0,9,11
5,8,2.843193e6,-1.092346367840948,-0.8619484131774695,TIME_LIMIT,594286,0,0,10,8
5,8,2.843337e6,-1.092346367840948,-0.8619484131774695,TIME_LIMIT,594315,0,0,16,22
5,8,2.843581e6,-1.0923431902775231,-0.8619484131774695,TIME_LIMIT,594349,0,0,6,9
5,8,2.84379e6,-1.0923431902775231,-0.8619484131774695,TIME_LIMIT,594375,0,0,17,28
5,8,2.843984e6,-1.0923412202103537,-0.8619484131774695,TIME_LIMIT,594409,0,0,11,4
5,8,2.844105e6,-1.0923412202103537,-0.8619484131774695,TIME_LIMIT,594436,0,0,12,16
5,8,2.844202e6,-1.0923411272403842,-0.8619484131774695,TIME_LIMIT,594455,0,0,12,7
5,8,2.844303e6,-1.0923411272403842,-0.8619484131774695,TIME_LIMIT,594481,0,0,7,6
5,8,2.844401e6,-1.0923370327504398,-0.8619484131774695,TIME_LIMIT,594495,0,0,7,5
5,8,2.844505e6,-1.0923370327504398,-0.8619484131774695,TIME_LIMIT,594519,0,0,12,11
5,8,2.844591e6,-1.09233550661666,-0.8619484131774695,TIME_LIMIT,594546,0,0,11,2
5,8,2.844905e6,-1.09233550661666,-0.8619484131774695,TIME_LIMIT,594572,0,0,14,8
5,8,2.844967e6,-1.0923353725472706,-0.8619484131774695,TIME_LIMIT,594589,0,0,7,4
5,8,2.845096e6,-1.0923353725472706,-0.8619484131774695,TIME_LIMIT,594610,0,0,14,5
5,8,2.845224e6,-1.0923349258542985,-0.8619484131774695,TIME_LIMIT,594631,0,0,9,8
5,8,2.845316e6,-1.0923349258542985,-0.8619484131774695,TIME_LIMIT,594650,0,0,20,5
5,8,2.8455e6,-1.092333253380298,-0.8619484131774695,TIME_LIMIT,594687,0,0,9,5
5,8,2.845711e6,-1.092333253380298,-0.8619484131774695,TIME_LIMIT,594715,0,0,12,12
5,8,2.845925e6,-1.0923327470116555,-0.8619484131774695,TIME_LIMIT,594735,0,0,16,5
5,8,2.846127e6,-1.0923327470116555,-0.8619484131774695,TIME_LIMIT,594755,0,0,17,13
5,8,2.846227e6,-1.0923253609629224,-0.8619484131774695,TIME_LIMIT,594782,0,0,11,6
5,8,2.846369e6,-1.0923253609629224,-0.8619484131774695,TIME_LIMIT,594804,0,0,9,7
5,8,2.846419e6,-1.092324057395539,-0.8619484131774695,TIME_LIMIT,594819,0,0,8,6
5,8,2.846672e6,-1.092324057395539,-0.8619484131774695,TIME_LIMIT,594845,0,0,11,11
5,8,2.846837e6,-1.0923231115903818,-0.8619484131774695,TIME_LIMIT,594859,0,0,7,8
5,8,2.846914e6,-1.0923231115903818,-0.8619484131774695,TIME_LIMIT,594881,0,0,11,10
5,8,2.847014e6,-1.0923229639964045,-0.8619484131774695,TIME_LIMIT,594906,0,0,10,5
5,8,2.847108e6,-1.0923229639964045,-0.8619484131774695,TIME_LIMIT,594927,0,0,15,15
5,8,2.847267e6,-1.092322506260564,-0.8619484131774695,TIME_LIMIT,594963,0,0,14,3
5,8,2.847463e6,-1.092322506260564,-0.8619484131774695,TIME_LIMIT,594992,0,0,12,13
5,8,2.847746e6,-1.0923194888270975,-0.8619484131774695,TIME_LIMIT,595018,0,0,13,11
5,8,2.847862e6,-1.0923194888270975,-0.8619484131774695,TIME_LIMIT,595041,0,0,8,28
5,8,2.848071e6,-1.0923193116671053,-0.8619484131774695,TIME_LIMIT,595075,0,0,13,13
5,8,2.848163e6,-1.0923193116671053,-0.8619484131774695,TIME_LIMIT,595093,0,0,10,9
5,8,2.848345e6,-1.0923111524326616,-0.8619484131774695,TIME_LIMIT,595125,0,0,13,11
5,8,2.848444e6,-1.0923111524326616,-0.8619484131774695,TIME_LIMIT,595149,0,0,16,18
5,8,2.848576e6,-1.0923106866306251,-0.8619484131774695,TIME_LIMIT,595172,0,0,13,9
5,8,2.848678e6,-1.0923106866306251,-0.8619484131774695,TIME_LIMIT,595195,0,0,7,10
5,8,2.848798e6,-1.0923029968693658,-0.8619484131774695,TIME_LIMIT,595224,0,0,20,10
5,8,2.849019e6,-1.0923029968693658,-0.8619484131774695,TIME_LIMIT,595249,0,0,19,29
5,8,2.849243e6,-1.0922990099676806,-0.8619484131774695,TIME_LIMIT,595289,0,0,9,11
5,8,2.849507e6,-1.0922990099676806,-0.8619484131774695,TIME_LIMIT,595303,0,0,13,17
5,8,2.84975e6,-1.0922899674138802,-0.8619484131774695,TIME_LIMIT,595332,0,0,7,9
5,8,2.849962e6,-1.0922899674138802,-0.8619484131774695,TIME_LIMIT,595357,0,0,14,23
5,8,2.850193e6,-1.0922796456237935,-0.8619484131774695,TIME_LIMIT,595392,0,0,11,9
5,8,2.850315e6,-1.0922796456237935,-0.8619484131774695,TIME_LIMIT,595418,0,0,15,3
5,8,2.850436e6,-1.0922793903359902,-0.8619484131774695,TIME_LIMIT,595435,0,0,7,6
5,8,2.850542e6,-1.0922793903359902,-0.8619484131774695,TIME_LIMIT,595455,0,0,6,4
5,8,2.850617e6,-1.0922770577154697,-0.8619484131774695,TIME_LIMIT,595472,0,0,4,5
5,8,2.85072e6,-1.0922770577154697,-0.8619484131774695,TIME_LIMIT,595494,0,0,15,12
5,8,2.850793e6,-1.092274607223238,-0.8619484131774695,TIME_LIMIT,595520,0,0,10,9
5,8,2.850925e6,-1.092274607223238,-0.8619484131774695,TIME_LIMIT,595538,0,0,7,7
5,8,2.850966e6,-1.0922736220506883,-0.8619484131774695,TIME_LIMIT,595553,0,0,7,2
5,8,2.851092e6,-1.0922736220506883,-0.8619484131774695,TIME_LIMIT,595579,0,0,15,15
5,8,2.851298e6,-1.0922720438810587,-0.8619484131774695,TIME_LIMIT,595608,0,0,8,10
5,8,2.851511e6,-1.0922720438810587,-0.8619484131774695,TIME_LIMIT,595632,0,0,12,13
5,8,2.851744e6,-1.0922696730820334,-0.8619484131774695,TIME_LIMIT,595663,0,0,11,4
5,8,2.851809e6,-1.0922696730820334,-0.8619484131774695,TIME_LIMIT,595688,0,0,11,11
5,8,2.851919e6,-1.0922669701189252,-0.8619484131774695,TIME_LIMIT,595712,0,0,8,4
5,8,2.851975e6,-1.0922669701189252,-0.8619484131774695,TIME_LIMIT,595731,0,0,14,2
5,8,2.852088e6,-1.0922666403496604,-0.8619484131774695,TIME_LIMIT,595751,0,0,11,4
5,8,2.852211e6,-1.0922666403496604,-0.8619484131774695,TIME_LIMIT,595772,0,0,15,8
5,8,2.85229e6,-1.0922572449092494,-0.8619484131774695,TIME_LIMIT,595797,0,0,6,5
5,8,2.85241e6,-1.0922572449092494,-0.8619484131774695,TIME_LIMIT,595819,0,0,10,12
5,8,2.852462e6,-1.0922511088852473,-0.8619484131774695,TIME_LIMIT,595838,0,0,12,4
5,8,2.852583e6,-1.0922511088852473,-0.8619484131774695,TIME_LIMIT,595864,0,0,13,11
5,8,2.852725e6,-1.092247728561357,-0.8619484131774695,TIME_LIMIT,595888,0,0,13,9
5,8,2.853006e6,-1.092247728561357,-0.8619484131774695,TIME_LIMIT,595913,0,0,18,20
5,8,2.853215e6,-1.0922432751897504,-0.8619484131774695,TIME_LIMIT,595952,0,0,16,7
5,8,2.853283e6,-1.0922432751897504,-0.8619484131774695,TIME_LIMIT,595970,0,0,18,7
5,8,2.853328e6,-1.0922424917905196,-0.8619484131774695,TIME_LIMIT,595986,0,0,6,2
5,8,2.853368e6,-1.0922424917905196,-0.8619484131774695,TIME_LIMIT,596001,0,0,9,8
5,8,2.853507e6,-1.092242013721731,-0.8619484131774695,TIME_LIMIT,596021,0,0,5,1
5,8,2.853617e6,-1.092242013721731,-0.8619484131774695,TIME_LIMIT,596044,0,0,6,8
5,8,2.853734e6,-1.0922414442832766,-0.8619484131774695,TIME_LIMIT,596074,0,0,8,6
5,8,2.853826e6,-1.0922414442832766,-0.8619484131774695,TIME_LIMIT,596093,0,0,16,12
5,8,2.854025e6,-1.0922327073768714,-0.8619484131774695,TIME_LIMIT,596124,0,0,11,9
5,8,2.854179e6,-1.0922327073768714,-0.8619484131774695,TIME_LIMIT,596151,0,0,14,15
5,8,2.854324e6,-1.0922311771951232,-0.8619484131774695,TIME_LIMIT,596173,0,0,13,12
5,8,2.854494e6,-1.0922311771951232,-0.8619484131774695,TIME_LIMIT,596199,0,0,21,21
5,8,2.854631e6,-1.0922225152145808,-0.8619484131774695,TIME_LIMIT,596229,0,0,17,7
5,8,2.854778e6,-1.0922225152145808,-0.8619484131774695,TIME_LIMIT,596253,0,0,16,13
5,8,2.854961e6,-1.09221958444343,-0.8619484131774695,TIME_LIMIT,596290,0,0,17,7
5,8,2.855198e6,-1.09221958444343,-0.8619484131774695,TIME_LIMIT,596313,0,0,23,22
5,8,2.855442e6,-1.092217449063457,-0.8619484131774695,TIME_LIMIT,596349,0,0,13,14
5,8,2.855671e6,-1.092217449063457,-0.8619484131774695,TIME_LIMIT,596378,0,0,11,12
5,8,2.85586e6,-1.0922081968216433,-0.8619484131774695,TIME_LIMIT,596407,0,0,20,9
5,8,2.855931e6,-1.0922081968216433,-0.8619484131774695,TIME_LIMIT,596427,0,0,9,7
5,8,2.855998e6,-1.0922041387860444,-0.8619484131774695,TIME_LIMIT,596442,0,0,6,5
5,8,2.856096e6,-1.0922041387860444,-0.8619484131774695,TIME_LIMIT,596463,0,0,10,5
5,8,2.856155e6,-1.0922009175098595,-0.8619484131774695,TIME_LIMIT,596485,0,0,9,5
5,8,2.856334e6,-1.0922009175098595,-0.8619484131774695,TIME_LIMIT,596511,0,0,16,11
5,8,2.856538e6,-1.0921949448332795,-0.8619484131774695,TIME_LIMIT,596548,0,0,15,7
5,8,2.856669e6,-1.0921949448332795,-0.8619484131774695,TIME_LIMIT,596568,0,0,12,17
5,8,2.856803e6,-1.0921889512137362,-0.8619484131774695,TIME_LIMIT,596597,0,0,10,7
5,8,2.857006e6,-1.0921889512137362,-0.8619484131774695,TIME_LIMIT,596625,0,0,19,14
5,8,2.85712e6,-1.0921841867411,-0.8619484131774695,TIME_LIMIT,596655,0,0,19,10
5,8,2.857246e6,-1.0921841867411,-0.8619484131774695,TIME_LIMIT,596686,0,0,12,12
5,8,2.857474e6,-1.09218131267124,-0.8619484131774695,TIME_LIMIT,596717,0,0,9,4
5,8,2.857579e6,-1.09218131267124,-0.8619484131774695,TIME_LIMIT,596735,0,0,16,20
5,8,2.857698e6,-1.0921723596148634,-0.8619484131774695,TIME_LIMIT,596762,0,0,9,6
5,8,2.857874e6,-1.0921723596148634,-0.8619484131774695,TIME_LIMIT,596789,0,0,15,13
5,8,2.857989e6,-1.0921680639961349,-0.8619484131774695,TIME_LIMIT,596808,0,0,10,12
5,8,2.858198e6,-1.0921680639961349,-0.8619484131774695,TIME_LIMIT,596833,0,0,17,24
5,8,2.858332e6,-1.092166801081241,-0.8619484131774695,TIME_LIMIT,596863,0,0,8,7
5,8,2.85848e6,-1.092166801081241,-0.8619484131774695,TIME_LIMIT,596887,0,0,15,18
5,8,2.858584e6,-1.092158186211727,-0.8619484131774695,TIME_LIMIT,596919,0,0,3,6
5,8,2.858676e6,-1.092158186211727,-0.8619484131774695,TIME_LIMIT,596939,0,0,9,4
5,8,2.858784e6,-1.0921550025316638,-0.8619484131774695,TIME_LIMIT,596957,0,0,7,4
5,8,2.858911e6,-1.0921550025316638,-0.8619484131774695,TIME_LIMIT,596981,0,0,13,10
5,8,2.859066e6,-1.0921544327794916,-0.8619484131774695,TIME_LIMIT,596997,0,0,11,7
5,8,2.859134e6,-1.0921544327794916,-0.8619484131774695,TIME_LIMIT,597015,0,0,10,13
5,8,2.859242e6,-1.0921536705147867,-0.8619484131774695,TIME_LIMIT,597040,0,0,6,8
5,8,2.859454e6,-1.0921536705147867,-0.8619484131774695,TIME_LIMIT,597071,0,0,7,14
5,8,2.859665e6,-1.092151893210656,-0.8619484131774695,TIME_LIMIT,597099,0,0,8,9
5,8,2.859897e6,-1.092151893210656,-0.8619484131774695,TIME_LIMIT,597125,0,0,8,15
5,8,2.860129e6,-1.0921388603789857,-0.8619484131774695,TIME_LIMIT,597150,0,0,10,13
5,8,2.860246e6,-1.0921388603789857,-0.8619484131774695,TIME_LIMIT,597180,0,0,17,8
5,8,2.860371e6,-1.0921374977466847,-0.8619484131774695,TIME_LIMIT,597199,0,0,14,11
5,8,2.86049e6,-1.0921374977466847,-0.8619484131774695,TIME_LIMIT,597224,0,0,6,12
5,8,2.860586e6,-1.0921370346013175,-0.8619484131774695,TIME_LIMIT,597246,0,0,12,9
5,8,2.860654e6,-1.0921370346013175,-0.8619484131774695,TIME_LIMIT,597264,0,0,12,10
5,8,2.860845e6,-1.0921366617221793,-0.8619484131774695,TIME_LIMIT,597285,0,0,7,5
5,8,2.861041e6,-1.0921366617221793,-0.8619484131774695,TIME_LIMIT,597310,0,0,18,7
5,8,2.86108e6,-1.0921308544772184,-0.8619484131774695,TIME_LIMIT,597329,0,0,11,8
5,8,2.861314e6,-1.0921308544772184,-0.8619484131774695,TIME_LIMIT,597350,0,0,9,5
5,8,2.861339e6,-1.0921286754724242,-0.8619484131774695,TIME_LIMIT,597360,0,0,3,0
5,8,2.861476e6,-1.0921286754724242,-0.8619484131774695,TIME_LIMIT,597384,0,0,16,7
5,8,2.861564e6,-1.0921244116270885,-0.8619484131774695,TIME_LIMIT,597401,0,0,6,7
5,8,2.861661e6,-1.0921244116270885,-0.8619484131774695,TIME_LIMIT,597421,0,0,13,10
5,8,2.861785e6,-1.0921199720770156,-0.8619484131774695,TIME_LIMIT,597451,0,0,15,3
5,8,2.861903e6,-1.0921199720770156,-0.8619484131774695,TIME_LIMIT,597474,0,0,5,9
5,8,2.86197e6,-1.0921062873886176,-0.8619484131774695,TIME_LIMIT,597493,0,0,5,3
5,8,2.862081e6,-1.0921062873886176,-0.8619484131774695,TIME_LIMIT,597520,0,0,9,14
5,8,2.86222e6,-1.0921023621666732,-0.8619484131774695,TIME_LIMIT,597541,0,0,14,8
5,8,2.862322e6,-1.0921023621666732,-0.8619484131774695,TIME_LIMIT,597557,0,0,10,8
5,8,2.862435e6,-1.0921001607362357,-0.8619484131774695,TIME_LIMIT,597577,0,0,10,5
5,8,2.862566e6,-1.0921001607362357,-0.8619484131774695,TIME_LIMIT,597601,0,0,16,13
5,8,2.862788e6,-1.0920906021171846,-0.8619484131774695,TIME_LIMIT,597636,0,0,14,7
5,8,2.862828e6,-1.0920906021171846,-0.8619484131774695,TIME_LIMIT,597652,0,0,10,4
5,8,2.862899e6,-1.09207633379105,-0.8619484131774695,TIME_LIMIT,597677,0,0,7,2
5,8,2.863008e6,-1.09207633379105,-0.8619484131774695,TIME_LIMIT,597699,0,0,8,9
5,8,2.863082e6,-1.0920753695797032,-0.8619484131774695,TIME_LIMIT,597717,0,0,9,5
5,8,2.863163e6,-1.0920753695797032,-0.8619484131774695,TIME_LIMIT,597733,0,0,7,13
5,8,2.863286e6,-1.092071810539644,-0.8619484131774695,TIME_LIMIT,597757,0,0,12,2
5,8,2.863499e6,-1.092071810539644,-0.8619484131774695,TIME_LIMIT,597790,0,0,19,22
5,8,2.863706e6,-1.0920581926224804,-0.8619484131774695,TIME_LIMIT,597823,0,0,16,13
5,8,2.863922e6,-1.0920581926224804,-0.8619484131774695,TIME_LIMIT,597852,0,0,22,9
5,8,2.864071e6,-1.0920580679108605,-0.8619484131774695,TIME_LIMIT,597879,0,0,16,16
5,8,2.864179e6,-1.0920580679108605,-0.8619484131774695,TIME_LIMIT,597895,0,0,8,7
5,8,2.864225e6,-1.0920565546327734,-0.8619484131774695,TIME_LIMIT,597915,0,0,6,4
5,8,2.864349e6,-1.0920565546327734,-0.8619484131774695,TIME_LIMIT,597934,0,0,10,12
5,8,2.864405e6,-1.0920540278147781,-0.8619484131774695,TIME_LIMIT,597954,0,0,6,5
5,8,2.864551e6,-1.0920540278147781,-0.8619484131774695,TIME_LIMIT,597972,0,0,10,9
5,8,2.864735e6,-1.092050700176257,-0.8619484131774695,TIME_LIMIT,598008,0,0,12,9
5,8,2.864946e6,-1.092050700176257,-0.8619484131774695,TIME_LIMIT,598034,0,0,12,14
5,8,2.865037e6,-1.0920461746834513,-0.8619484131774695,TIME_LIMIT,598062,0,0,10,7
5,8,2.865227e6,-1.0920461746834513,-0.8619484131774695,TIME_LIMIT,598096,0,0,20,26
5,8,2.865295e6,-1.0920453384223325,-0.8619484131774695,TIME_LIMIT,598127,0,0,10,11
5,8,2.865429e6,-1.0920453384223325,-0.8619484131774695,TIME_LIMIT,598151,0,0,17,19
5,8,2.86557e6,-1.0920451772677375,-0.8619484131774695,TIME_LIMIT,598174,0,0,10,10
5,8,2.865679e6,-1.0920451772677375,-0.8619484131774695,TIME_LIMIT,598196,0,0,12,11
5,8,2.865874e6,-1.092044322730687,-0.8619484131774695,TIME_LIMIT,598230,0,0,9,9
5,8,2.866068e6,-1.092044322730687,-0.8619484131774695,TIME_LIMIT,598251,0,0,14,19
5,8,2.86621e6,-1.092043691399462,-0.8619484131774695,TIME_LIMIT,598281,0,0,10,9
5,8,2.86638e6,-1.092043691399462,-0.8619484131774695,TIME_LIMIT,598304,0,0,15,8
5,8,2.866507e6,-1.0920368923534864,-0.8619484131774695,TIME_LIMIT,598330,0,0,12,5
5,8,2.866644e6,-1.0920368923534864,-0.8619484131774695,TIME_LIMIT,598359,0,0,14,10
5,8,2.866877e6,-1.0920367575863588,-0.8619484131774695,TIME_LIMIT,598384,0,0,13,8
5,8,2.866979e6,-1.0920367575863588,-0.8619484131774695,TIME_LIMIT,598402,0,0,11,13
5,8,2.867075e6,-1.0920292166424137,-0.8619484131774695,TIME_LIMIT,598434,0,0,6,4
5,8,2.867286e6,-1.0920292166424137,-0.8619484131774695,TIME_LIMIT,598452,0,0,14,9
5,8,2.867393e6,-1.0920247697532608,-0.8619484131774695,TIME_LIMIT,598481,0,0,12,4
5,8,2.867571e6,-1.0920247697532608,-0.8619484131774695,TIME_LIMIT,598502,0,0,12,8
5,8,2.867722e6,-1.0920192320536612,-0.8619484131774695,TIME_LIMIT,598529,0,0,5,4
5,8,2.86782e6,-1.0920192320536612,-0.8619484131774695,TIME_LIMIT,598550,0,0,8,8
5,8,2.867883e6,-1.0920191090734481,-0.8619484131774695,TIME_LIMIT,598580,0,0,12,5
5,8,2.868048e6,-1.0920191090734481,-0.8619484131774695,TIME_LIMIT,598598,0,0,9,19
5,8,2.868128e6,-1.092012354270306,-0.8619484131774695,TIME_LIMIT,598626,0,0,9,3
5,8,2.868337e6,-1.092012354270306,-0.8619484131774695,TIME_LIMIT,598659,0,0,13,21
5,8,2.868564e6,-1.0920049738382407,-0.8619484131774695,TIME_LIMIT,598687,0,0,13,10
5,8,2.868596e6,-1.0920049738382407,-0.8619484131774695,TIME_LIMIT,598704,0,0,8,3
5,8,2.868663e6,-1.0920044552249808,-0.8619484131774695,TIME_LIMIT,598724,0,0,5,3
5,8,2.868746e6,-1.0920044552249808,-0.8619484131774695,TIME_LIMIT,598748,0,0,19,25
5,8,2.868891e6,-1.0920019845895026,-0.8619484131774695,TIME_LIMIT,598784,0,0,11,10
5,8,2.869085e6,-1.0920019845895026,-0.8619484131774695,TIME_LIMIT,598805,0,0,12,7
5,8,2.869187e6,-1.09200127588654,-0.8619484131774695,TIME_LIMIT,598826,0,0,10,4
5,8,2.869232e6,-1.09200127588654,-0.8619484131774695,TIME_LIMIT,598845,0,0,4,13
5,8,2.869365e6,-1.0919988765635469,-0.8619484131774695,TIME_LIMIT,598869,0,0,8,7
5,8,2.869455e6,-1.0919988765635469,-0.8619484131774695,TIME_LIMIT,598888,0,0,9,10
5,8,2.869499e6,-1.0919950261922264,-0.8619484131774695,TIME_LIMIT,598899,0,0,4,1
5,8,2.869548e6,-1.0919950261922264,-0.8619484131774695,TIME_LIMIT,598920,0,0,11,15
5,8,2.86963e6,-1.0919931787591204,-0.8619484131774695,TIME_LIMIT,598946,0,0,4,4
5,8,2.86969e6,-1.0919931787591204,-0.8619484131774695,TIME_LIMIT,598967,0,0,5,3
5,8,2.869772e6,-1.0919929590172286,-0.8619484131774695,TIME_LIMIT,598984,0,0,10,4
5,8,2.869892e6,-1.0919929590172286,-0.8619484131774695,TIME_LIMIT,599014,0,0,15,11
5,8,2.870068e6,-1.091990545845923,-0.8619484131774695,TIME_LIMIT,599042,0,0,8,11
5,8,2.870197e6,-1.091990545845923,-0.8619484131774695,TIME_LIMIT,599064,0,0,16,22
5,8,2.870311e6,-1.0919893263893687,-0.8619484131774695,TIME_LIMIT,599097,0,0,9,6
5,8,2.870543e6,-1.0919893263893687,-0.8619484131774695,TIME_LIMIT,599124,0,0,20,30
5,8,2.870765e6,-1.091988750632376,-0.8619484131774695,TIME_LIMIT,599162,0,0,15,14
5,8,2.870844e6,-1.091988750632376,-0.8619484131774695,TIME_LIMIT,599179,0,0,15,19
5,8,2.871076e6,-1.0919885109892422,-0.8619484131774695,TIME_LIMIT,599213,0,0,11,12
5,8,2.871305e6,-1.0919885109892422,-0.8619484131774695,TIME_LIMIT,599238,0,0,15,19
5,8,2.871536e6,-1.0919873997631537,-0.8619484131774695,TIME_LIMIT,599268,0,0,10,7
5,8,2.871745e6,-1.0919873997631537,-0.8619484131774695,TIME_LIMIT,599290,0,0,3,23
5,8,2.871921e6,-1.0919785745420998,-0.8619484131774695,TIME_LIMIT,599320,0,0,12,8
5,8,2.872154e6,-1.0919785745420998,-0.8619484131774695,TIME_LIMIT,599336,0,0,12,13
5,8,2.872421e6,-1.091977019607553,-0.8619484131774695,TIME_LIMIT,599366,0,0,11,8
5,8,2.872515e6,-1.091977019607553,-0.8619484131774695,TIME_LIMIT,599391,0,0,12,6
5,8,2.872586e6,-1.0919764572908053,-0.8619484131774695,TIME_LIMIT,599406,0,0,8,7
5,8,2.872646e6,-1.0919764572908053,-0.8619484131774695,TIME_LIMIT,599426,0,0,10,6
5,8,2.872779e6,-1.0919725408969834,-0.8619484131774695,TIME_LIMIT,599453,0,0,9,5
5,8,2.872886e6,-1.0919725408969834,-0.8619484131774695,TIME_LIMIT,599473,0,0,8,11
5,8,2.872919e6,-1.091965621348571,-0.8619484131774695,TIME_LIMIT,599489,0,0,2,2
5,8,2.873056e6,-1.091965621348571,-0.8619484131774695,TIME_LIMIT,599513,0,0,11,14
5,8,2.873152e6,-1.0919564442049479,-0.8619484131774695,TIME_LIMIT,599539,0,0,16,9
5,8,2.873188e6,-1.0919564442049479,-0.8619484131774695,TIME_LIMIT,599556,0,0,6,5
5,8,2.873257e6,-1.091955401851326,-0.8619484131774695,TIME_LIMIT,599564,0,0,2,3
5,8,2.873357e6,-1.091955401851326,-0.8619484131774695,TIME_LIMIT,599585,0,0,6,4
5,8,2.873404e6,-1.09195304062876,-0.8619484131774695,TIME_LIMIT,599600,0,0,5,2
5,8,2.873617e6,-1.09195304062876,-0.8619484131774695,TIME_LIMIT,599632,0,0,17,9
5,8,2.873829e6,-1.0919520167123977,-0.8619484131774695,TIME_LIMIT,599648,0,0,16,8
5,8,2.873965e6,-1.0919520167123977,-0.8619484131774695,TIME_LIMIT,599681,0,0,11,11
5,8,2.874069e6,-1.0919516618854959,-0.8619484131774695,TIME_LIMIT,599704,0,0,11,10
5,8,2.874241e6,-1.0919516618854959,-0.8619484131774695,TIME_LIMIT,599731,0,0,18,28
5,8,2.874431e6,-1.0919300305127557,-0.8619484131774695,TIME_LIMIT,599772,0,0,23,5
5,8,2.874512e6,-1.0919300305127557,-0.8619484131774695,TIME_LIMIT,599794,0,0,13,7
5,8,2.874601e6,-1.091924092330387,-0.8619484131774695,TIME_LIMIT,599814,0,0,9,5
5,8,2.874656e6,-1.091924092330387,-0.8619484131774695,TIME_LIMIT,599830,0,0,10,8
5,8,2.874753e6,-1.091922686270344,-0.8619484131774695,TIME_LIMIT,599853,0,0,3,2
5,8,2.874852e6,-1.091922686270344,-0.8619484131774695,TIME_LIMIT,599873,0,0,6,5
5,8,2.874898e6,-1.0919133677199184,-0.8619484131774695,TIME_LIMIT,599885,0,0,2,3
5,8,2.875011e6,-1.0919133677199184,-0.8619484131774695,TIME_LIMIT,599913,0,0,15,8
5,8,2.875094e6,-1.091906783275289,-0.8619484131774695,TIME_LIMIT,599931,0,0,7,6
5,8,2.875306e6,-1.091906783275289,-0.8619484131774695,TIME_LIMIT,599955,0,0,18,11
5,8,2.875516e6,-1.091900715826624,-0.8619484131774695,TIME_LIMIT,599979,0,0,12,12
5,8,2.875614e6,-1.091900715826624,-0.8619484131774695,TIME_LIMIT,599999,0,0,18,8
5,8,2.875736e6,-1.0918974191195079,-0.8619484131774695,TIME_LIMIT,600023,0,0,12,7
5,8,2.875788e6,-1.0918974191195079,-0.8619484131774695,TIME_LIMIT,600047,0,0,11,11
5,8,2.875935e6,-1.0918939246538766,-0.8619484131774695,TIME_LIMIT,600079,0,0,10,11
5,8,2.876042e6,-1.0918939246538766,-0.8619484131774695,TIME_LIMIT,600104,0,0,16,7
5,8,2.876162e6,-1.0918935847850766,-0.8619484131774695,TIME_LIMIT,600131,0,0,18,9
5,8,2.876304e6,-1.0918935847850766,-0.8619484131774695,TIME_LIMIT,600153,0,0,7,10
5,8,2.876368e6,-1.0918900512106493,-0.8619484131774695,TIME_LIMIT,600178,0,0,7,6
5,8,2.876485e6,-1.0918900512106493,-0.8619484131774695,TIME_LIMIT,600201,0,0,21,30
5,8,2.876688e6,-1.0918889591887153,-0.8619484131774695,TIME_LIMIT,600233,0,0,13,9
5,8,2.876809e6,-1.0918889591887153,-0.8619484131774695,TIME_LIMIT,600262,0,0,14,13
5,8,2.877005e6,-1.0918881385776888,-0.8619484131774695,TIME_LIMIT,600291,0,0,6,6
5,8,2.877117e6,-1.0918881385776888,-0.8619484131774695,TIME_LIMIT,600310,0,0,8,12
5,8,2.877197e6,-1.0918824024510205,-0.8619484131774695,TIME_LIMIT,600325,0,0,5,4
5,8,2.877359e6,-1.0918824024510205,-0.8619484131774695,TIME_LIMIT,600348,0,0,18,17
5,8,2.877496e6,-1.0918803900197112,-0.8619484131774695,TIME_LIMIT,600376,0,0,21,8
5,8,2.877609e6,-1.0918803900197112,-0.8619484131774695,TIME_LIMIT,600398,0,0,13,6
5,8,2.877731e6,-1.0918686613151865,-0.8619484131774695,TIME_LIMIT,600417,0,0,9,7
5,8,2.87788e6,-1.0918686613151865,-0.8619484131774695,TIME_LIMIT,600439,0,0,20,21
5,8,2.877962e6,-1.0918644751589621,-0.8619484131774695,TIME_LIMIT,600469,0,0,11,10
5,8,2.87802e6,-1.0918644751589621,-0.8619484131774695,TIME_LIMIT,600489,0,0,12,6
5,8,2.878088e6,-1.0918570149438875,-0.8619484131774695,TIME_LIMIT,600501,0,0,5,2
5,8,2.878191e6,-1.0918570149438875,-0.8619484131774695,TIME_LIMIT,600525,0,0,6,10
5,8,2.878351e6,-1.0918520774762381,-0.8619484131774695,TIME_LIMIT,600551,0,0,5,6
5,8,2.878469e6,-1.0918520774762381,-0.8619484131774695,TIME_LIMIT,600574,0,0,13,14
5,8,2.878614e6,-1.0918495915168944,-0.8619484131774695,TIME_LIMIT,600600,0,0,14,10
5,8,2.878843e6,-1.0918495915168944,-0.8619484131774695,TIME_LIMIT,600626,0,0,13,13
5,8,2.87899e6,-1.0918444797212261,-0.8619484131774695,TIME_LIMIT,600656,0,0,11,16
5,8,2.87914e6,-1.0918444797212261,-0.8619484131774695,TIME_LIMIT,600685,0,0,17,7
5,8,2.87924e6,-1.0918436118197554,-0.8619484131774695,TIME_LIMIT,600704,0,0,12,9
5,8,2.879298e6,-1.0918436118197554,-0.8619484131774695,TIME_LIMIT,600719,0,0,11,11
5,8,2.879467e6,-1.0918341850341469,-0.8619484131774695,TIME_LIMIT,600739,0,0,8,3
5,8,2.879602e6,-1.0918341850341469,-0.8619484131774695,TIME_LIMIT,600766,0,0,17,12
5,8,2.879717e6,-1.0918331517218913,-0.8619484131774695,TIME_LIMIT,600791,0,0,13,6
5,8,2.879908e6,-1.0918331517218913,-0.8619484131774695,TIME_LIMIT,600816,0,0,8,9
5,8,2.879957e6,-1.091829788701916,-0.8619484131774695,TIME_LIMIT,600833,0,0,5,6
5,8,2.880169e6,-1.091829788701916,-0.8619484131774695,TIME_LIMIT,600851,0,0,10,34
5,8,2.880332e6,-1.0918255604373885,-0.8619484131774695,TIME_LIMIT,600890,0,0,6,10
5,8,2.880555e6,-1.0918255604373885,-0.8619484131774695,TIME_LIMIT,600918,0,0,10,10
5,8,2.880657e6,-1.0918223627312211,-0.8619484131774695,TIME_LIMIT,600939,0,0,12,2
5,8,2.880804e6,-1.0918223627312211,-0.8619484131774695,TIME_LIMIT,600965,0,0,21,19
5,8,2.881002e6,-1.0918184421637016,-0.8619484131774695,TIME_LIMIT,600999,0,0,12,8
5,8,2.881236e6,-1.0918184421637016,-0.8619484131774695,TIME_LIMIT,601014,0,0,8,9
5,8,2.881373e6,-1.0918160761974585,-0.8619484131774695,TIME_LIMIT,601043,0,0,13,3
5,8,2.881422e6,-1.0918160761974585,-0.8619484131774695,TIME_LIMIT,601062,0,0,8,14
5,8,2.881513e6,-1.0918159558018354,-0.8619484131774695,TIME_LIMIT,601090,0,0,7,7
5,8,2.88159e6,-1.0918159558018354,-0.8619484131774695,TIME_LIMIT,601118,0,0,17,5
5,8,2.881713e6,-1.0918131239920634,-0.8619484131774695,TIME_LIMIT,601145,0,0,6,5
5,8,2.881795e6,-1.0918131239920634,-0.8619484131774695,TIME_LIMIT,601164,0,0,15,5
5,8,2.881942e6,-1.091809390999348,-0.8619484131774695,TIME_LIMIT,601184,0,0,9,4
5,8,2.882101e6,-1.091809390999348,-0.8619484131774695,TIME_LIMIT,601209,0,0,12,8
5,8,2.882249e6,-1.0918078029595855,-0.8619484131774695,TIME_LIMIT,601232,0,0,13,9
5,8,2.88239e6,-1.0918078029595855,-0.8619484131774695,TIME_LIMIT,601260,0,0,7,15
5,8,2.882526e6,-1.091801213490626,-0.8619484131774695,TIME_LIMIT,601287,0,0,12,3
5,8,2.882621e6,-1.091801213490626,-0.8619484131774695,TIME_LIMIT,601311,0,0,7,7
5,8,2.882806e6,-1.0917993066448486,-0.8619484131774695,TIME_LIMIT,601341,0,0,7,2
5,8,2.882859e6,-1.0917993066448486,-0.8619484131774695,TIME_LIMIT,601358,0,0,8,7
5,8,2.883021e6,-1.091797921680267,-0.8619484131774695,TIME_LIMIT,601381,0,0,7,5
5,8,2.883107e6,-1.091797921680267,-0.8619484131774695,TIME_LIMIT,601397,0,0,11,6
5,8,2.883209e6,-1.0917965974615624,-0.8619484131774695,TIME_LIMIT,601421,0,0,7,6
5,8,2.883382e6,-1.0917965974615624,-0.8619484131774695,TIME_LIMIT,601446,0,0,9,7
5,8,2.883461e6,-1.0917955862718085,-0.8619484131774695,TIME_LIMIT,601465,0,0,5,4
5,8,2.88357e6,-1.0917955862718085,-0.8619484131774695,TIME_LIMIT,601482,0,0,11,8
5,8,2.883614e6,-1.0917808532665778,-0.8619484131774695,TIME_LIMIT,601507,0,0,8,5
5,8,2.883707e6,-1.0917808532665778,-0.8619484131774695,TIME_LIMIT,601530,0,0,15,16
5,8,2.883831e6,-1.0917780250677753,-0.8619484131774695,TIME_LIMIT,601555,0,0,11,7
5,8,2.884013e6,-1.0917780250677753,-0.8619484131774695,TIME_LIMIT,601577,0,0,20,16
5,8,2.884246e6,-1.0917700349378043,-0.8619484131774695,TIME_LIMIT,601616,0,0,6,10
5,8,2.88433e6,-1.0917700349378043,-0.8619484131774695,TIME_LIMIT,601635,0,0,11,3
5,8,2.884382e6,-1.0917700072395722,-0.8619484131774695,TIME_LIMIT,601648,0,0,5,0
5,8,2.884519e6,-1.0917700072395722,-0.8619484131774695,TIME_LIMIT,601672,0,0,9,6
5,8,2.884651e6,-1.0917676166898493,-0.8619484131774695,TIME_LIMIT,601702,0,0,16,2
5,8,2.884742e6,-1.0917676166898493,-0.8619484131774695,TIME_LIMIT,601726,0,0,15,22
5,8,2.884883e6,-1.0917659541295945,-0.8619484131774695,TIME_LIMIT,601743,0,0,8,10
5,8,2.884969e6,-1.0917659541295945,-0.8619484131774695,TIME_LIMIT,601772,0,0,13,15
5,8,2.885132e6,-1.0917621911910005,-0.8619484131774695,TIME_LIMIT,601798,0,0,15,10
5,8,2.885292e6,-1.0917621911910005,-0.8619484131774695,TIME_LIMIT,601821,0,0,20,13
5,8,2.885598e6,-1.091758051871412,-0.8619484131774695,TIME_LIMIT,601853,0,0,12,13
5,8,2.885733e6,-1.091758051871412,-0.8619484131774695,TIME_LIMIT,601878,0,0,17,14
5,8,2.885857e6,-1.091755631647601,-0.8619484131774695,TIME_LIMIT,601905,0,0,13,6
5,8,2.885903e6,-1.091755631647601,-0.8619484131774695,TIME_LIMIT,601923,0,0,7,6
5,8,2.885968e6,-1.0917397095494081,-0.8619484131774695,TIME_LIMIT,601940,0,0,7,3
5,8,2.886112e6,-1.0917397095494081,-0.8619484131774695,TIME_LIMIT,601970,0,0,6,17
5,8,2.886261e6,-1.0917381510596686,-0.8619484131774695,TIME_LIMIT,601993,0,0,8,8
5,8,2.886471e6,-1.0917381510596686,-0.8619484131774695,TIME_LIMIT,602023,0,0,17,27
5,8,2.886628e6,-1.0917361141849264,-0.8619484131774695,TIME_LIMIT,602048,0,0,14,7
5,8,2.886673e6,-1.0917361141849264,-0.8619484131774695,TIME_LIMIT,602070,0,0,8,3
5,8,2.886732e6,-1.0917338407120896,-0.8619484131774695,TIME_LIMIT,602081,0,0,4,5
5,8,2.886816e6,-1.0917338407120896,-0.8619484131774695,TIME_LIMIT,602104,0,0,8,3
5,8,2.886901e6,-1.09173358183551,-0.8619484131774695,TIME_LIMIT,602126,0,0,14,8
5,8,2.886988e6,-1.09173358183551,-0.8619484131774695,TIME_LIMIT,602150,0,0,17,13
5,8,2.887153e6,-1.0917312802334056,-0.8619484131774695,TIME_LIMIT,602179,0,0,7,9
5,8,2.88727e6,-1.0917312802334056,-0.8619484131774695,TIME_LIMIT,602206,0,0,10,18
5,8,2.887418e6,-1.091730219863256,-0.8619484131774695,TIME_LIMIT,602244,0,0,10,8
5,8,2.887644e6,-1.091730219863256,-0.8619484131774695,TIME_LIMIT,602271,0,0,7,18
5,8,2.88778e6,-1.0917243344916838,-0.8619484131774695,TIME_LIMIT,602303,0,0,3,10
5,8,2.887852e6,-1.0917243344916838,-0.8619484131774695,TIME_LIMIT,602321,0,0,7,13
5,8,2.887982e6,-1.0917242193779664,-0.8619484131774695,TIME_LIMIT,602348,0,0,3,8
5,8,2.88809e6,-1.0917242193779664,-0.8619484131774695,TIME_LIMIT,602368,0,0,20,22
5,8,2.888232e6,-1.0917134020679158,-0.8619484131774695,TIME_LIMIT,602404,0,0,17,13
5,8,2.888368e6,-1.0917134020679158,-0.8619484131774695,TIME_LIMIT,602434,0,0,23,14
5,8,2.888589e6,-1.0917096524689514,-0.8619484131774695,TIME_LIMIT,602458,0,0,11,11
5,8,2.88876e6,-1.0917096524689514,-0.8619484131774695,TIME_LIMIT,602487,0,0,15,14
5,8,2.888883e6,-1.091706685061176,-0.8619484131774695,TIME_LIMIT,602518,0,0,17,17
5,8,2.888997e6,-1.091706685061176,-0.8619484131774695,TIME_LIMIT,602546,0,0,12,16
5,8,2.889102e6,-1.0917039521842102,-0.8619484131774695,TIME_LIMIT,602565,0,0,15,14
5,8,2.889191e6,-1.0917039521842102,-0.8619484131774695,TIME_LIMIT,602584,0,0,5,7
5,8,2.889265e6,-1.0916892639775768,-0.8619484131774695,TIME_LIMIT,602611,0,0,10,2
5,8,2.889437e6,-1.0916892639775768,-0.8619484131774695,TIME_LIMIT,602637,0,0,19,13
5,8,2.889512e6,-1.0916811238862816,-0.8619484131774695,TIME_LIMIT,602667,0,0,10,7
5,8,2.889679e6,-1.0916811238862816,-0.8619484131774695,TIME_LIMIT,602692,0,0,12,6
5,8,2.889873e6,-1.091679522579032,-0.8619484131774695,TIME_LIMIT,602734,0,0,17,12
5,8,2.889963e6,-1.091679522579032,-0.8619484131774695,TIME_LIMIT,602754,0,0,11,6
5,8,2.890043e6,-1.0916743557220743,-0.8619484131774695,TIME_LIMIT,602782,0,0,7,4
5,8,2.890144e6,-1.0916743557220743,-0.8619484131774695,TIME_LIMIT,602801,0,0,8,7
5,8,2.890201e6,-1.091673113809423,-0.8619484131774695,TIME_LIMIT,602819,0,0,5,4
5,8,2.890415e6,-1.091673113809423,-0.8619484131774695,TIME_LIMIT,602851,0,0,5,26
5,8,2.890627e6,-1.0916641776655396,-0.8619484131774695,TIME_LIMIT,602884,0,0,9,11
5,8,2.890838e6,-1.0916641776655396,-0.8619484131774695,TIME_LIMIT,602906,0,0,19,28
5,8,2.891066e6,-1.0916629088693308,-0.8619484131774695,TIME_LIMIT,602942,0,0,13,15
5,8,2.891131e6,-1.0916629088693308,-0.8619484131774695,TIME_LIMIT,602965,0,0,9,7
5,8,2.891163e6,-1.091658964352499,-0.8619484131774695,TIME_LIMIT,602978,0,0,3,9
5,8,2.891327e6,-1.091658964352499,-0.8619484131774695,TIME_LIMIT,603009,0,0,11,16
5,8,2.891377e6,-1.0916581663340006,-0.8619484131774695,TIME_LIMIT,603023,0,0,5,9
5,8,2.891542e6,-1.0916581663340006,-0.8619484131774695,TIME_LIMIT,603054,0,0,9,12
5,8,2.891707e6,-1.0916575765950471,-0.8619484131774695,TIME_LIMIT,603083,0,0,5,11
5,8,2.891872e6,-1.0916575765950471,-0.8619484131774695,TIME_LIMIT,603101,0,0,10,7
5,8,2.891957e6,-1.091654124889617,-0.8619484131774695,TIME_LIMIT,603128,0,0,7,6
5,8,2.892138e6,-1.091654124889617,-0.8619484131774695,TIME_LIMIT,603154,0,0,17,20
5,8,2.892421e6,-1.0916487508185115,-0.8619484131774695,TIME_LIMIT,603191,0,0,12,9
5,8,2.89258e6,-1.0916487508185115,-0.8619484131774695,TIME_LIMIT,603216,0,0,10,16
5,8,2.89271e6,-1.091646769956697,-0.8619484131774695,TIME_LIMIT,603248,0,0,14,10
5,8,2.892921e6,-1.091646769956697,-0.8619484131774695,TIME_LIMIT,603275,0,0,23,16
5,8,2.893107e6,-1.0916448363979714,-0.8619484131774695,TIME_LIMIT,603307,0,0,12,10
5,8,2.893245e6,-1.0916448363979714,-0.8619484131774695,TIME_LIMIT,603328,0,0,14,12
5,8,2.893426e6,-1.0916376373669534,-0.8619484131774695,TIME_LIMIT,603369,0,0,11,10
5,8,2.893591e6,-1.0916376373669534,-0.8619484131774695,TIME_LIMIT,603390,0,0,20,35
5,8,2.893826e6,-1.0916343147037573,-0.8619484131774695,TIME_LIMIT,603434,0,0,14,9
5,8,2.893921e6,-1.0916343147037573,-0.8619484131774695,TIME_LIMIT,603454,0,0,9,15
5,8,2.893985e6,-1.0916339974663156,-0.8619484131774695,TIME_LIMIT,603471,0,0,11,5
5,8,2.894078e6,-1.0916339974663156,-0.8619484131774695,TIME_LIMIT,603494,0,0,19,26
5,8,2.894288e6,-1.0916290315367498,-0.8619484131774695,TIME_LIMIT,603528,0,0,10,8
5,8,2.894411e6,-1.0916290315367498,-0.8619484131774695,TIME_LIMIT,603557,0,0,13,7
5,8,2.8946e6,-1.0916287125370636,-0.8619484131774695,TIME_LIMIT,603594,0,0,13,16
5,8,2.894809e6,-1.0916287125370636,-0.8619484131774695,TIME_LIMIT,603619,0,0,15,31
5,8,2.895037e6,-1.0916247752173762,-0.8619484131774695,TIME_LIMIT,603659,0,0,16,18
5,8,2.895097e6,-1.0916247752173762,-0.8619484131774695,TIME_LIMIT,603674,0,0,8,10
5,8,2.895224e6,-1.0916147541491943,-0.8619484131774695,TIME_LIMIT,603703,0,0,3,7
5,8,2.895332e6,-1.0916147541491943,-0.8619484131774695,TIME_LIMIT,603724,0,0,5,13
5,8,2.895427e6,-1.0916105922102148,-0.8619484131774695,TIME_LIMIT,603756,0,0,8,10
5,8,2.895477e6,-1.0916105922102148,-0.8619484131774695,TIME_LIMIT,603768,0,0,9,14
5,8,2.895548e6,-1.0915948674544047,-0.8619484131774695,TIME_LIMIT,603787,0,0,5,1
5,8,2.895729e6,-1.0915948674544047,-0.8619484131774695,TIME_LIMIT,603812,0,0,20,24
5,8,2.895894e6,-1.0915937832713762,-0.8619484131774695,TIME_LIMIT,603844,0,0,10,4
5,8,2.895998e6,-1.0915937832713762,-0.8619484131774695,TIME_LIMIT,603866,0,0,10,10
5,8,2.896241e6,-1.091591322802988,-0.8619484131774695,TIME_LIMIT,603899,0,0,9,9
5,8,2.896336e6,-1.091591322802988,-0.8619484131774695,TIME_LIMIT,603913,0,0,12,5
5,8,2.896366e6,-1.0915903398323392,-0.8619484131774695,TIME_LIMIT,603925,0,0,6,2
5,8,2.896589e6,-1.0915903398323392,-0.8619484131774695,TIME_LIMIT,603949,0,0,10,14
5,8,2.896724e6,-1.0915903247682859,-0.8619484131774695,TIME_LIMIT,603973,0,0,7,5
5,8,2.896934e6,-1.0915903247682859,-0.8619484131774695,TIME_LIMIT,603990,0,0,10,6
5,8,2.897139e6,-1.091588398457497,-0.8619484131774695,TIME_LIMIT,604020,0,0,10,5
5,8,2.897242e6,-1.091588398457497,-0.8619484131774695,TIME_LIMIT,604040,0,0,9,19
5,8,2.897393e6,-1.091585405560343,-0.8619484131774695,TIME_LIMIT,604073,0,0,15,9
5,8,2.897502e6,-1.091585405560343,-0.8619484131774695,TIME_LIMIT,604091,0,0,11,18
5,8,2.897588e6,-1.0915841514694657,-0.8619484131774695,TIME_LIMIT,604122,0,0,10,11
5,8,2.89767e6,-1.0915841514694657,-0.8619484131774695,TIME_LIMIT,604141,0,0,12,3
5,8,2.897747e6,-1.0915781010545005,-0.8619484131774695,TIME_LIMIT,604172,0,0,9,3
5,8,2.897859e6,-1.0915781010545005,-0.8619484131774695,TIME_LIMIT,604197,0,0,8,7
5,8,2.897979e6,-1.0915773796393315,-0.8619484131774695,TIME_LIMIT,604218,0,0,9,3
5,8,2.898158e6,-1.0915773796393315,-0.8619484131774695,TIME_LIMIT,604247,0,0,21,20
5,8,2.898274e6,-1.0915759563360772,-0.8619484131774695,TIME_LIMIT,604271,0,0,8,14
5,8,2.898387e6,-1.0915759563360772,-0.8619484131774695,TIME_LIMIT,604291,0,0,14,14
5,8,2.898499e6,-1.0915740935208382,-0.8619484131774695,TIME_LIMIT,604322,0,0,8,7
5,8,2.898729e6,-1.0915740935208382,-0.8619484131774695,TIME_LIMIT,604347,0,0,19,16
5,8,2.898865e6,-1.0915736669720626,-0.8619484131774695,TIME_LIMIT,604373,0,0,14,8
5,8,2.89894e6,-1.0915736669720626,-0.8619484131774695,TIME_LIMIT,604391,0,0,6,5
5,8,2.898969e6,-1.091573482239947,-0.8619484131774695,TIME_LIMIT,604410,0,0,9,1
5,8,2.899172e6,-1.091573482239947,-0.8619484131774695,TIME_LIMIT,604440,0,0,11,21
5,8,2.899472e6,-1.0915730558073595,-0.8619484131774695,TIME_LIMIT,604481,0,0,12,12
5,8,2.899613e6,-1.0915730558073595,-0.8619484131774695,TIME_LIMIT,604501,0,0,7,8
5,8,2.899726e6,-1.0915690301354888,-0.8619484131774695,TIME_LIMIT,604531,0,0,12,8
5,8,2.899796e6,-1.0915690301354888,-0.8619484131774695,TIME_LIMIT,604549,0,0,9,2
5,8,2.899825e6,-1.091567157682444,-0.8619484131774695,TIME_LIMIT,604559,0,0,2,1
5,8,2.89997e6,-1.091567157682444,-0.8619484131774695,TIME_LIMIT,604584,0,0,9,21
5,8,2.900171e6,-1.0915582467256901,-0.8619484131774695,TIME_LIMIT,604624,0,0,8,8
5,8,2.900299e6,-1.0915582467256901,-0.8619484131774695,TIME_LIMIT,604647,0,0,6,8
5,8,2.90039e6,-1.0915547421991885,-0.8619484131774695,TIME_LIMIT,604670,0,0,3,5
5,8,2.900534e6,-1.0915547421991885,-0.8619484131774695,TIME_LIMIT,604698,0,0,13,9
5,8,2.900664e6,-1.091543175546225,-0.8619484131774695,TIME_LIMIT,604731,0,0,4,11
5,8,2.900877e6,-1.091543175546225,-0.8619484131774695,TIME_LIMIT,604759,0,0,12,12
5,8,2.901069e6,-1.0915364709847593,-0.8619484131774695,TIME_LIMIT,604783,0,0,5,15
5,8,2.901249e6,-1.0915364709847593,-0.8619484131774695,TIME_LIMIT,604800,0,0,12,9
5,8,2.901343e6,-1.0915320001282365,-0.8619484131774695,TIME_LIMIT,604820,0,0,10,5
5,8,2.9014e6,-1.0915320001282365,-0.8619484131774695,TIME_LIMIT,604839,0,0,14,10
5,8,2.901548e6,-1.0915296870835411,-0.8619484131774695,TIME_LIMIT,604863,0,0,7,2
5,8,2.901639e6,-1.0915296870835411,-0.8619484131774695,TIME_LIMIT,604891,0,0,17,10
5,8,2.90175e6,-1.0915289204387053,-0.8619484131774695,TIME_LIMIT,604914,0,0,12,11
5,8,2.901852e6,-1.0915289204387053,-0.8619484131774695,TIME_LIMIT,604936,0,0,6,18
5,8,2.902038e6,-1.0915267034710179,-0.8619484131774695,TIME_LIMIT,604954,0,0,12,11
5,8,2.902155e6,-1.0915267034710179,-0.8619484131774695,TIME_LIMIT,604976,0,0,14,19
5,8,2.902406e6,-1.0915258214815724,-0.8619484131774695,TIME_LIMIT,605017,0,0,16,9
5,8,2.90252e6,-1.0915258214815724,-0.8619484131774695,TIME_LIMIT,605042,0,0,14,11
5,8,2.902639e6,-1.0915185518304895,-0.8619484131774695,TIME_LIMIT,605078,0,0,9,9
5,8,2.902812e6,-1.0915185518304895,-0.8619484131774695,TIME_LIMIT,605106,0,0,9,11
5,8,2.902951e6,-1.0915179516486126,-0.8619484131774695,TIME_LIMIT,605132,0,0,8,4
5,8,2.903163e6,-1.0915179516486126,-0.8619484131774695,TIME_LIMIT,605157,0,0,12,10
5,8,2.903258e6,-1.0915175250208062,-0.8619484131774695,TIME_LIMIT,605180,0,0,12,3
5,8,2.903431e6,-1.0915175250208062,-0.8619484131774695,TIME_LIMIT,605206,0,0,7,7
5,8,2.9036e6,-1.0915137625717763,-0.8619484131774695,TIME_LIMIT,605233,0,0,14,8
5,8,2.903811e6,-1.0915137625717763,-0.8619484131774695,TIME_LIMIT,605265,0,0,25,16
5,8,2.903955e6,-1.091504864156314,-0.8619484131774695,TIME_LIMIT,605302,0,0,10,7
5,8,2.904128e6,-1.091504864156314,-0.8619484131774695,TIME_LIMIT,605330,0,0,20,28
5,8,2.904365e6,-1.0914959133325963,-0.8619484131774695,TIME_LIMIT,605375,0,0,22,11
5,8,2.904549e6,-1.0914959133325963,-0.8619484131774695,TIME_LIMIT,605403,0,0,9,11
5,8,2.904647e6,-1.0914930183985407,-0.8619484131774695,TIME_LIMIT,605421,0,0,11,3
5,8,2.904858e6,-1.0914930183985407,-0.8619484131774695,TIME_LIMIT,605443,0,0,14,7
5,8,2.905094e6,-1.0914911042784774,-0.8619484131774695,TIME_LIMIT,605462,0,0,14,8
5,8,2.905203e6,-1.0914911042784774,-0.8619484131774695,TIME_LIMIT,605486,0,0,13,12
5,8,2.905406e6,-1.091489834440425,-0.8619484131774695,TIME_LIMIT,605518,0,0,16,9
5,8,2.905491e6,-1.091489834440425,-0.8619484131774695,TIME_LIMIT,605542,0,0,10,8
5,8,2.905592e6,-1.0914831074057734,-0.8619484131774695,TIME_LIMIT,605556,0,0,11,4
5,8,2.905685e6,-1.0914831074057734,-0.8619484131774695,TIME_LIMIT,605578,0,0,13,11
5,8,2.905729e6,-1.0914821991627197,-0.8619484131774695,TIME_LIMIT,605595,0,0,5,2
5,8,2.905921e6,-1.0914821991627197,-0.8619484131774695,TIME_LIMIT,605623,0,0,8,13
5,8,2.906116e6,-1.0914807949608014,-0.8619484131774695,TIME_LIMIT,605648,0,0,12,11
5,8,2.906305e6,-1.0914807949608014,-0.8619484131774695,TIME_LIMIT,605672,0,0,12,12
5,8,2.906403e6,-1.0914807359110381,-0.8619484131774695,TIME_LIMIT,605698,0,0,15,9
5,8,2.906467e6,-1.0914807359110381,-0.8619484131774695,TIME_LIMIT,605718,0,0,13,7
5,8,2.906581e6,-1.0914739189396134,-0.8619484131774695,TIME_LIMIT,605731,0,0,4,3
5,8,2.906674e6,-1.0914739189396134,-0.8619484131774695,TIME_LIMIT,605743,0,0,9,11
5,8,2.906709e6,-1.091470930249091,-0.8619484131774695,TIME_LIMIT,605759,0,0,5,4
5,8,2.906985e6,-1.091470930249091,-0.8619484131774695,TIME_LIMIT,605788,0,0,14,15
5,8,2.907091e6,-1.09145940086179,-0.8619484131774695,TIME_LIMIT,605806,0,0,5,5
5,8,2.907207e6,-1.09145940086179,-0.8619484131774695,TIME_LIMIT,605826,0,0,14,12
5,8,2.907289e6,-1.0914503155205324,-0.8619484131774695,TIME_LIMIT,605848,0,0,5,7
5,8,2.907463e6,-1.0914503155205324,-0.8619484131774695,TIME_LIMIT,605876,0,0,8,15
5,8,2.907599e6,-1.0914495126689854,-0.8619484131774695,TIME_LIMIT,605899,0,0,8,8
5,8,2.907681e6,-1.0914495126689854,-0.8619484131774695,TIME_LIMIT,605916,0,0,11,7
5,8,2.907717e6,-1.0914481585715854,-0.8619484131774695,TIME_LIMIT,605935,0,0,4,2
5,8,2.907831e6,-1.0914481585715854,-0.8619484131774695,TIME_LIMIT,605958,0,0,13,12
5,8,2.907948e6,-1.0914456054018062,-0.8619484131774695,TIME_LIMIT,605996,0,0,12,12
5,8,2.908045e6,-1.0914456054018062,-0.8619484131774695,TIME_LIMIT,606021,0,0,13,11
5,8,2.90813e6,-1.0914416569223413,-0.8619484131774695,TIME_LIMIT,606044,0,0,5,9
5,8,2.908345e6,-1.0914416569223413,-0.8619484131774695,TIME_LIMIT,606069,0,0,13,11
5,8,2.908522e6,-1.0914416183843476,-0.8619484131774695,TIME_LIMIT,606100,0,0,13,15
5,8,2.908661e6,-1.0914416183843476,-0.8619484131774695,TIME_LIMIT,606125,0,0,13,11
5,8,2.908773e6,-1.0914375245877643,-0.8619484131774695,TIME_LIMIT,606156,0,0,9,5
5,8,2.908863e6,-1.0914375245877643,-0.8619484131774695,TIME_LIMIT,606175,0,0,5,10
5,8,2.908936e6,-1.0914316675324143,-0.8619484131774695,TIME_LIMIT,606194,0,0,4,4
5,8,2.908984e6,-1.0914316675324143,-0.8619484131774695,TIME_LIMIT,606214,0,0,9,4
5,8,2.909087e6,-1.0914314160548715,-0.8619484131774695,TIME_LIMIT,606237,0,0,8,5
5,8,2.909261e6,-1.0914314160548715,-0.8619484131774695,TIME_LIMIT,606263,0,0,15,7
5,8,2.909431e6,-1.0914290214122286,-0.8619484131774695,TIME_LIMIT,606296,0,0,15,4
5,8,2.909653e6,-1.0914290214122286,-0.8619484131774695,TIME_LIMIT,606317,0,0,12,8
5,8,2.909829e6,-1.0914278658839192,-0.8619484131774695,TIME_LIMIT,606342,0,0,15,8
5,8,2.909936e6,-1.0914278658839192,-0.8619484131774695,TIME_LIMIT,606363,0,0,10,4
5,8,2.910051e6,-1.0914200470546231,-0.8619484131774695,TIME_LIMIT,606381,0,0,11,10
5,8,2.910164e6,-1.0914200470546231,-0.8619484131774695,TIME_LIMIT,606414,0,0,25,7
5,8,2.910333e6,-1.091419932647887,-0.8619484131774695,TIME_LIMIT,606438,0,0,11,6
5,8,2.910534e6,-1.091419932647887,-0.8619484131774695,TIME_LIMIT,606469,0,0,9,17
5,8,2.910863e6,-1.0914167850465177,-0.8619484131774695,TIME_LIMIT,606509,0,0,11,11
5,8,2.911075e6,-1.0914167850465177,-0.8619484131774695,TIME_LIMIT,606535,0,0,20,15
5,8,2.911287e6,-1.0914009483095313,-0.8619484131774695,TIME_LIMIT,606560,0,0,18,14
5,8,2.911395e6,-1.0914009483095313,-0.8619484131774695,TIME_LIMIT,606578,0,0,14,16
5,8,2.911596e6,-1.0913970093429457,-0.8619484131774695,TIME_LIMIT,606608,0,0,12,5
5,8,2.911685e6,-1.0913970093429457,-0.8619484131774695,TIME_LIMIT,606634,0,0,13,11
5,8,2.911831e6,-1.091396912294125,-0.8619484131774695,TIME_LIMIT,606664,0,0,5,6
5,8,2.911914e6,-1.091396912294125,-0.8619484131774695,TIME_LIMIT,606688,0,0,14,5
5,8,2.91197e6,-1.0913954507229926,-0.8619484131774695,TIME_LIMIT,606709,0,0,13,3
5,8,2.912125e6,-1.0913954507229926,-0.8619484131774695,TIME_LIMIT,606735,0,0,12,11
5,8,2.91223e6,-1.0913883621222993,-0.8619484131774695,TIME_LIMIT,606764,0,0,3,6
5,8,2.912356e6,-1.0913883621222993,-0.8619484131774695,TIME_LIMIT,606789,0,0,16,16
5,8,2.912436e6,-1.0913852976567795,-0.8619484131774695,TIME_LIMIT,606810,0,0,11,10
5,8,2.912543e6,-1.0913852976567795,-0.8619484131774695,TIME_LIMIT,606838,0,0,9,16
5,8,2.91261e6,-1.091382585334344,-0.8619484131774695,TIME_LIMIT,606863,0,0,11,11
5,8,2.912742e6,-1.091382585334344,-0.8619484131774695,TIME_LIMIT,606881,0,0,11,18
5,8,2.912792e6,-1.0913747879835327,-0.8619484131774695,TIME_LIMIT,606899,0,0,9,3
5,8,2.912968e6,-1.0913747879835327,-0.8619484131774695,TIME_LIMIT,606921,0,0,11,13
5,8,2.913093e6,-1.0913715757474955,-0.8619484131774695,TIME_LIMIT,606940,0,0,9,6
5,8,2.913298e6,-1.0913715757474955,-0.8619484131774695,TIME_LIMIT,606968,0,0,16,26
5,8,2.913398e6,-1.091357809683063,-0.8619484131774695,TIME_LIMIT,606992,0,0,17,14
5,8,2.913498e6,-1.091357809683063,-0.8619484131774695,TIME_LIMIT,607016,0,0,17,7
5,8,2.913602e6,-1.0913570036390654,-0.8619484131774695,TIME_LIMIT,607045,0,0,7,2
5,8,2.913659e6,-1.0913570036390654,-0.8619484131774695,TIME_LIMIT,607064,0,0,12,5
5,8,2.913754e6,-1.0913565904244233,-0.8619484131774695,TIME_LIMIT,607092,0,0,6,6
5,8,2.913878e6,-1.0913565904244233,-0.8619484131774695,TIME_LIMIT,607120,0,0,13,15
5,8,2.913995e6,-1.091354250584772,-0.8619484131774695,TIME_LIMIT,607154,0,0,10,9
5,8,2.914234e6,-1.091354250584772,-0.8619484131774695,TIME_LIMIT,607177,0,0,19,13
5,8,2.914378e6,-1.0913529751774134,-0.8619484131774695,TIME_LIMIT,607203,0,0,5,9
5,8,2.914497e6,-1.0913529751774134,-0.8619484131774695,TIME_LIMIT,607228,0,0,10,7
5,8,2.914596e6,-1.0913339825739077,-0.8619484131774695,TIME_LIMIT,607249,0,0,9,5
5,8,2.914648e6,-1.0913339825739077,-0.8619484131774695,TIME_LIMIT,607260,0,0,3,4
5,8,2.914671e6,-1.0913326769750054,-0.8619484131774695,TIME_LIMIT,607268,0,0,1,0
5,8,2.914804e6,-1.0913326769750054,-0.8619484131774695,TIME_LIMIT,607290,0,0,18,20
5,8,2.915006e6,-1.0913306833812126,-0.8619484131774695,TIME_LIMIT,607319,0,0,13,5
5,8,2.915087e6,-1.0913306833812126,-0.8619484131774695,TIME_LIMIT,607338,0,0,12,9
5,8,2.915185e6,-1.0913299171534094,-0.8619484131774695,TIME_LIMIT,607359,0,0,11,3
5,8,2.915216e6,-1.0913299171534094,-0.8619484131774695,TIME_LIMIT,607373,0,0,9,6
5,8,2.915334e6,-1.0913288975537379,-0.8619484131774695,TIME_LIMIT,607399,0,0,9,8
5,8,2.915381e6,-1.0913288975537379,-0.8619484131774695,TIME_LIMIT,607418,0,0,6,20
5,8,2.915579e6,-1.091328864164937,-0.8619484131774695,TIME_LIMIT,607448,0,0,12,7
5,8,2.915767e6,-1.091328864164937,-0.8619484131774695,TIME_LIMIT,607475,0,0,11,19
5,8,2.916013e6,-1.0913251700705462,-0.8619484131774695,TIME_LIMIT,607502,0,0,9,7
5,8,2.916062e6,-1.0913251700705462,-0.8619484131774695,TIME_LIMIT,607522,0,0,11,10
5,8,2.916139e6,-1.0913219604591253,-0.8619484131774695,TIME_LIMIT,607545,0,0,6,2
5,8,2.916279e6,-1.0913219604591253,-0.8619484131774695,TIME_LIMIT,607576,0,0,10,11
5,8,2.91633e6,-1.0913208447316096,-0.8619484131774695,TIME_LIMIT,607597,0,0,10,4
5,8,2.916423e6,-1.0913208447316096,-0.8619484131774695,TIME_LIMIT,607619,0,0,14,10
5,8,2.916526e6,-1.0913185013766211,-0.8619484131774695,TIME_LIMIT,607642,0,0,6,4
5,8,2.916595e6,-1.0913185013766211,-0.8619484131774695,TIME_LIMIT,607665,0,0,13,7
5,8,2.916709e6,-1.0913167574987253,-0.8619484131774695,TIME_LIMIT,607682,0,0,12,9
5,8,2.91689e6,-1.0913167574987253,-0.8619484131774695,TIME_LIMIT,607707,0,0,17,17
5,8,2.916954e6,-1.0913125478714851,-0.8619484131774695,TIME_LIMIT,607730,0,0,9,5
5,8,2.917077e6,-1.0913125478714851,-0.8619484131774695,TIME_LIMIT,607740,0,0,9,7
5,8,2.91712e6,-1.0913074078646785,-0.8619484131774695,TIME_LIMIT,607754,0,0,6,0
5,8,2.917152e6,-1.0913074078646785,-0.8619484131774695,TIME_LIMIT,607770,0,0,6,5
5,8,2.917211e6,-1.0913017105368588,-0.8619484131774695,TIME_LIMIT,607793,0,0,5,5
5,8,2.917399e6,-1.0913017105368588,-0.8619484131774695,TIME_LIMIT,607817,0,0,19,12
5,8,2.917612e6,-1.0912942786879585,-0.8619484131774695,TIME_LIMIT,607848,0,0,9,11
5,8,2.917779e6,-1.0912942786879585,-0.8619484131774695,TIME_LIMIT,607879,0,0,17,7
5,8,2.917894e6,-1.0912793869943234,-0.8619484131774695,TIME_LIMIT,607897,0,0,9,14
5,8,2.918119e6,-1.0912793869943234,-0.8619484131774695,TIME_LIMIT,607923,0,0,10,16
5,8,2.918291e6,-1.0912787827189137,-0.8619484131774695,TIME_LIMIT,607955,0,0,16,15
5,8,2.918414e6,-1.0912787827189137,-0.8619484131774695,TIME_LIMIT,607983,0,0,20,13
5,8,2.918585e6,-1.0912695353041748,-0.8619484131774695,TIME_LIMIT,608022,0,0,16,13
5,8,2.918698e6,-1.0912695353041748,-0.8619484131774695,TIME_LIMIT,608046,0,0,12,15
5,8,2.918902e6,-1.0912684605568772,-0.8619484131774695,TIME_LIMIT,608074,0,0,8,12
5,8,2.919283e6,-1.0912684605568772,-0.8619484131774695,TIME_LIMIT,608093,0,0,12,8
5,8,2.919383e6,-1.091265721528634,-0.8619484131774695,TIME_LIMIT,608118,0,0,13,2
5,8,2.919446e6,-1.091265721528634,-0.8619484131774695,TIME_LIMIT,608134,0,0,10,6
5,8,2.919502e6,-1.0912616200950418,-0.8619484131774695,TIME_LIMIT,608161,0,0,10,6
5,8,2.919654e6,-1.0912616200950418,-0.8619484131774695,TIME_LIMIT,608191,0,0,14,14
5,8,2.919823e6,-1.0912599802333731,-0.8619484131774695,TIME_LIMIT,608209,0,0,15,10
5,8,2.919942e6,-1.0912599802333731,-0.8619484131774695,TIME_LIMIT,608228,0,0,8,6
5,8,2.920017e6,-1.0912547215722732,-0.8619484131774695,TIME_LIMIT,608246,0,0,6,3
5,8,2.920094e6,-1.0912547215722732,-0.8619484131774695,TIME_LIMIT,608263,0,0,7,7
5,8,2.920143e6,-1.0912509612645585,-0.8619484131774695,TIME_LIMIT,608284,0,0,3,7
5,8,2.920291e6,-1.0912509612645585,-0.8619484131774695,TIME_LIMIT,608316,0,0,19,18
5,8,2.920404e6,-1.0912493423392968,-0.8619484131774695,TIME_LIMIT,608338,0,0,21,12
5,8,2.920595e6,-1.0912493423392968,-0.8619484131774695,TIME_LIMIT,608362,0,0,14,7
5,8,2.920687e6,-1.0912486650818132,-0.8619484131774695,TIME_LIMIT,608379,0,0,10,7
5,8,2.920832e6,-1.0912486650818132,-0.8619484131774695,TIME_LIMIT,608407,0,0,15,26
5,8,2.920902e6,-1.0912473775160607,-0.8619484131774695,TIME_LIMIT,608432,0,0,7,10
5,8,2.920991e6,-1.0912473775160607,-0.8619484131774695,TIME_LIMIT,608456,0,0,13,7
5,8,2.921146e6,-1.091237314461309,-0.8619484131774695,TIME_LIMIT,608492,0,0,12,7
5,8,2.921346e6,-1.091237314461309,-0.8619484131774695,TIME_LIMIT,608527,0,0,12,15
5,8,2.921446e6,-1.0912355581962467,-0.8619484131774695,TIME_LIMIT,608548,0,0,11,13
5,8,2.921637e6,-1.0912355581962467,-0.8619484131774695,TIME_LIMIT,608575,0,0,12,14
5,8,2.92174e6,-1.091233823312144,-0.8619484131774695,TIME_LIMIT,608599,0,0,15,11
5,8,2.921964e6,-1.091233823312144,-0.8619484131774695,TIME_LIMIT,608619,0,0,8,15
5,8,2.922097e6,-1.0912335340485066,-0.8619484131774695,TIME_LIMIT,608644,0,0,12,7
5,8,2.922203e6,-1.0912335340485066,-0.8619484131774695,TIME_LIMIT,608664,0,0,18,24
5,8,2.922328e6,-1.0912329304890656,-0.8619484131774695,TIME_LIMIT,608700,0,0,12,10
5,8,2.922428e6,-1.0912329304890656,-0.8619484131774695,TIME_LIMIT,608718,0,0,19,15
5,8,2.922501e6,-1.0912188696258265,-0.8619484131774695,TIME_LIMIT,608755,0,0,9,5
5,8,2.922592e6,-1.0912188696258265,-0.8619484131774695,TIME_LIMIT,608775,0,0,12,20
5,8,2.922644e6,-1.0912141552307077,-0.8619484131774695,TIME_LIMIT,608796,0,0,9,4
5,8,2.922856e6,-1.0912141552307077,-0.8619484131774695,TIME_LIMIT,608821,0,0,10,14
5,8,2.923006e6,-1.0912109518170525,-0.8619484131774695,TIME_LIMIT,608852,0,0,20,8
5,8,2.923175e6,-1.0912109518170525,-0.8619484131774695,TIME_LIMIT,608875,0,0,23,12
5,8,2.923277e6,-1.0912099129045743,-0.8619484131774695,TIME_LIMIT,608905,0,0,11,6
5,8,2.923368e6,-1.0912099129045743,-0.8619484131774695,TIME_LIMIT,608923,0,0,14,4
5,8,2.923428e6,-1.0912079190797073,-0.8619484131774695,TIME_LIMIT,608945,0,0,6,9
5,8,2.923546e6,-1.0912079190797073,-0.8619484131774695,TIME_LIMIT,608969,0,0,14,16
5,8,2.923751e6,-1.0912008440831023,-0.8619484131774695,TIME_LIMIT,609008,0,0,11,11
5,8,2.923838e6,-1.0912008440831023,-0.8619484131774695,TIME_LIMIT,609030,0,0,17,8
5,8,2.923882e6,-1.0911999965659458,-0.8619484131774695,TIME_LIMIT,609052,0,0,7,2
5,8,2.924026e6,-1.0911999965659458,-0.8619484131774695,TIME_LIMIT,609081,0,0,16,11
5,8,2.924247e6,-1.0911961798530863,-0.8619484131774695,TIME_LIMIT,609109,0,0,10,7
5,8,2.924468e6,-1.0911961798530863,-0.8619484131774695,TIME_LIMIT,609128,0,0,14,23
5,8,2.924779e6,-1.0911948862909542,-0.8619484131774695,TIME_LIMIT,609162,0,0,11,11
5,8,2.924934e6,-1.0911948862909542,-0.8619484131774695,TIME_LIMIT,609190,0,0,18,16
5,8,2.925065e6,-1.0911850011490818,-0.8619484131774695,TIME_LIMIT,609211,0,0,11,11
5,8,2.925278e6,-1.0911850011490818,-0.8619484131774695,TIME_LIMIT,609239,0,0,23,21
5,8,2.925609e6,-1.09118088919231,-0.8619484131774695,TIME_LIMIT,609278,0,0,17,10
5,8,2.925728e6,-1.09118088919231,-0.8619484131774695,TIME_LIMIT,609304,0,0,14,10
5,8,2.925905e6,-1.0911803285334267,-0.8619484131774695,TIME_LIMIT,609321,0,0,13,14
5,8,2.92598e6,-1.0911803285334267,-0.8619484131774695,TIME_LIMIT,609342,0,0,8,6
5,8,2.926065e6,-1.0911733270880868,-0.8619484131774695,TIME_LIMIT,609364,0,0,6,5
5,8,2.926275e6,-1.0911733270880868,-0.8619484131774695,TIME_LIMIT,609402,0,0,23,19
5,8,2.926468e6,-1.0911712064856767,-0.8619484131774695,TIME_LIMIT,609430,0,0,16,11
5,8,2.92669e6,-1.0911712064856767,-0.8619484131774695,TIME_LIMIT,609456,0,0,10,6
5,8,2.926776e6,-1.0911664999220174,-0.8619484131774695,TIME_LIMIT,609477,0,0,5,10
5,8,2.926894e6,-1.0911664999220174,-0.8619484131774695,TIME_LIMIT,609504,0,0,15,12
5,8,2.927001e6,-1.0911594845072092,-0.8619484131774695,TIME_LIMIT,609529,0,0,8,6
5,8,2.927207e6,-1.0911594845072092,-0.8619484131774695,TIME_LIMIT,609555,0,0,14,15
5,8,2.927289e6,-1.091157370298549,-0.8619484131774695,TIME_LIMIT,609580,0,0,13,8
5,8,2.927392e6,-1.091157370298549,-0.8619484131774695,TIME_LIMIT,609596,0,0,7,7
5,8,2.927418e6,-1.0911562142257207,-0.8619484131774695,TIME_LIMIT,609604,0,0,4,4
5,8,2.927485e6,-1.0911562142257207,-0.8619484131774695,TIME_LIMIT,609620,0,0,3,2
5,8,2.927522e6,-1.0911555099090124,-0.8619484131774695,TIME_LIMIT,609633,0,0,4,2
5,8,2.927619e6,-1.0911555099090124,-0.8619484131774695,TIME_LIMIT,609656,0,0,10,8
5,8,2.927683e6,-1.091149192921972,-0.8619484131774695,TIME_LIMIT,609679,0,0,4,3
5,8,2.927817e6,-1.091149192921972,-0.8619484131774695,TIME_LIMIT,609703,0,0,19,19
5,8,2.927989e6,-1.0911447471904485,-0.8619484131774695,TIME_LIMIT,609736,0,0,9,6
5,8,2.928164e6,-1.0911447471904485,-0.8619484131774695,TIME_LIMIT,609759,0,0,19,12
5,8,2.928332e6,-1.0911436584035723,-0.8619484131774695,TIME_LIMIT,609784,0,0,7,7
5,8,2.928491e6,-1.0911436584035723,-0.8619484131774695,TIME_LIMIT,609808,0,0,12,16
5,8,2.928561e6,-1.0911346062011869,-0.8619484131774695,TIME_LIMIT,609833,0,0,12,2
5,8,2.928727e6,-1.0911346062011869,-0.8619484131774695,TIME_LIMIT,609858,0,0,21,19
5,8,2.9289e6,-1.0911306552590943,-0.8619484131774695,TIME_LIMIT,609895,0,0,21,8
5,8,2.928977e6,-1.0911306552590943,-0.8619484131774695,TIME_LIMIT,609917,0,0,15,11
5,8,2.929089e6,-1.0911277462037612,-0.8619484131774695,TIME_LIMIT,609949,0,0,8,6
5,8,2.929172e6,-1.0911277462037612,-0.8619484131774695,TIME_LIMIT,609971,0,0,11,9
5,8,2.929239e6,-1.091127495560386,-0.8619484131774695,TIME_LIMIT,609995,0,0,9,5
5,8,2.929389e6,-1.091127495560386,-0.8619484131774695,TIME_LIMIT,610014,0,0,4,5
5,8,2.929441e6,-1.0911261941911399,-0.8619484131774695,TIME_LIMIT,610035,0,0,8,7
5,8,2.929521e6,-1.0911261941911399,-0.8619484131774695,TIME_LIMIT,610055,0,0,11,6
5,8,2.929566e6,-1.0911249209516174,-0.8619484131774695,TIME_LIMIT,610071,0,0,9,5
5,8,2.929749e6,-1.0911249209516174,-0.8619484131774695,TIME_LIMIT,610097,0,0,16,9
5,8,2.929948e6,-1.0911209188395152,-0.8619484131774695,TIME_LIMIT,610136,0,0,13,13
5,8,2.930009e6,-1.0911209188395152,-0.8619484131774695,TIME_LIMIT,610152,0,0,11,10
5,8,2.930044e6,-1.091119721409057,-0.8619484131774695,TIME_LIMIT,610164,0,0,5,5
5,8,2.930149e6,-1.091119721409057,-0.8619484131774695,TIME_LIMIT,610184,0,0,11,15
5,8,2.930248e6,-1.091113483551127,-0.8619484131774695,TIME_LIMIT,610203,0,0,5,4
5,8,2.930458e6,-1.091113483551127,-0.8619484131774695,TIME_LIMIT,610229,0,0,8,8
5,8,2.930601e6,-1.0911107548119472,-0.8619484131774695,TIME_LIMIT,610256,0,0,16,4
5,8,2.930711e6,-1.0911107548119472,-0.8619484131774695,TIME_LIMIT,610277,0,0,10,8
5,8,2.93086e6,-1.091097595248127,-0.8619484131774695,TIME_LIMIT,610298,0,0,9,5
5,8,2.931024e6,-1.091097595248127,-0.8619484131774695,TIME_LIMIT,610319,0,0,5,8
5,8,2.931173e6,-1.0910906599233496,-0.8619484131774695,TIME_LIMIT,610340,0,0,5,5
5,8,2.931285e6,-1.0910906599233496,-0.8619484131774695,TIME_LIMIT,610368,0,0,16,15
5,8,2.931405e6,-1.0910846088885555,-0.8619484131774695,TIME_LIMIT,610402,0,0,16,10
5,8,2.931598e6,-1.0910846088885555,-0.8619484131774695,TIME_LIMIT,610423,0,0,10,17
5,8,2.931834e6,-1.091082035283821,-0.8619484131774695,TIME_LIMIT,610460,0,0,7,8
5,8,2.931953e6,-1.091082035283821,-0.8619484131774695,TIME_LIMIT,610486,0,0,18,10
5,8,2.932041e6,-1.0910802547047402,-0.8619484131774695,TIME_LIMIT,610509,0,0,11,5
5,8,2.93216e6,-1.0910802547047402,-0.8619484131774695,TIME_LIMIT,610531,0,0,10,17
5,8,2.932274e6,-1.0910802229545387,-0.8619484131774695,TIME_LIMIT,610568,0,0,10,6
5,8,2.932408e6,-1.0910802229545387,-0.8619484131774695,TIME_LIMIT,610596,0,0,11,8
5,8,2.932524e6,-1.0910744972076059,-0.8619484131774695,TIME_LIMIT,610612,0,0,7,7
5,8,2.932665e6,-1.0910744972076059,-0.8619484131774695,TIME_LIMIT,610638,0,0,17,14
5,8,2.932737e6,-1.0910731398011242,-0.8619484131774695,TIME_LIMIT,610652,0,0,2,2
5,8,2.932807e6,-1.0910731398011242,-0.8619484131774695,TIME_LIMIT,610675,0,0,14,17
5,8,2.932908e6,-1.0910724355539174,-0.8619484131774695,TIME_LIMIT,610696,0,0,5,1
5,8,2.933014e6,-1.0910724355539174,-0.8619484131774695,TIME_LIMIT,610717,0,0,12,11
5,8,2.93309e6,-1.0910672156516183,-0.8619484131774695,TIME_LIMIT,610742,0,0,10,2
5,8,2.933302e6,-1.0910672156516183,-0.8619484131774695,TIME_LIMIT,610767,0,0,14,15
5,8,2.933396e6,-1.091050788816235,-0.8619484131774695,TIME_LIMIT,610788,0,0,14,6
5,8,2.933542e6,-1.091050788816235,-0.8619484131774695,TIME_LIMIT,610812,0,0,21,26
5,8,2.933741e6,-1.0910458286462583,-0.8619484131774695,TIME_LIMIT,610857,0,0,12,8
5,8,2.933836e6,-1.0910458286462583,-0.8619484131774695,TIME_LIMIT,610883,0,0,16,12
5,8,2.933909e6,-1.0910417726207393,-0.8619484131774695,TIME_LIMIT,610907,0,0,7,2
5,8,2.933997e6,-1.0910417726207393,-0.8619484131774695,TIME_LIMIT,610928,0,0,13,8
5,8,2.934072e6,-1.0910323986790553,-0.8619484131774695,TIME_LIMIT,610942,0,0,12,8
5,8,2.934285e6,-1.0910323986790553,-0.8619484131774695,TIME_LIMIT,610974,0,0,13,11
5,8,2.934398e6,-1.0910298152899358,-0.8619484131774695,TIME_LIMIT,610996,0,0,9,10
5,8,2.934476e6,-1.0910298152899358,-0.8619484131774695,TIME_LIMIT,611020,0,0,8,6
5,8,2.934603e6,-1.0910282987962594,-0.8619484131774695,TIME_LIMIT,611041,0,0,11,9
5,8,2.934745e6,-1.0910282987962594,-0.8619484131774695,TIME_LIMIT,611069,0,0,15,16
5,8,2.934946e6,-1.0910202042818977,-0.8619484131774695,TIME_LIMIT,611093,0,0,11,5
5,8,2.935101e6,-1.0910202042818977,-0.8619484131774695,TIME_LIMIT,611118,0,0,11,14
5,8,2.935217e6,-1.0910198480409774,-0.8619484131774695,TIME_LIMIT,611141,0,0,7,14
5,8,2.935416e6,-1.0910198480409774,-0.8619484131774695,TIME_LIMIT,611168,0,0,22,18
5,8,2.935589e6,-1.0910180006721237,-0.8619484131774695,TIME_LIMIT,611202,0,0,8,5
5,8,2.935722e6,-1.0910180006721237,-0.8619484131774695,TIME_LIMIT,611220,0,0,9,7
5,8,2.935841e6,-1.091017013948655,-0.8619484131774695,TIME_LIMIT,611246,0,0,8,4
5,8,2.936032e6,-1.091017013948655,-0.8619484131774695,TIME_LIMIT,611268,0,0,20,19
5,8,2.936195e6,-1.0910147208242709,-0.8619484131774695,TIME_LIMIT,611294,0,0,12,9
5,8,2.936363e6,-1.0910147208242709,-0.8619484131774695,TIME_LIMIT,611316,0,0,8,17
5,8,2.936435e6,-1.0910127941362284,-0.8619484131774695,TIME_LIMIT,611348,0,0,18,5
5,8,2.936542e6,-1.0910127941362284,-0.8619484131774695,TIME_LIMIT,611368,0,0,21,21
5,8,2.936713e6,-1.0910121020472887,-0.8619484131774695,TIME_LIMIT,611410,0,0,11,7
5,8,2.936842e6,-1.0910121020472887,-0.8619484131774695,TIME_LIMIT,611432,0,0,12,13
5,8,2.936968e6,-1.0910072069316548,-0.8619484131774695,TIME_LIMIT,611465,0,0,5,7
5,8,2.937105e6,-1.0910072069316548,-0.8619484131774695,TIME_LIMIT,611486,0,0,22,17
5,8,2.937409e6,-1.0910028181271207,-0.8619484131774695,TIME_LIMIT,611527,0,0,13,16
5,8,2.937584e6,-1.0910028181271207,-0.8619484131774695,TIME_LIMIT,611558,0,0,10,23
5,8,2.937835e6,-1.090996860583191,-0.8619484131774695,TIME_LIMIT,611592,0,0,11,15
5,8,2.93803e6,-1.090996860583191,-0.8619484131774695,TIME_LIMIT,611615,0,0,13,14
5,8,2.938097e6,-1.0909940819246566,-0.8619484131774695,TIME_LIMIT,611637,0,0,11,3
5,8,2.938203e6,-1.0909940819246566,-0.8619484131774695,TIME_LIMIT,611660,0,0,19,23
5,8,2.93847e6,-1.0909816510132924,-0.8619484131774695,TIME_LIMIT,611700,0,0,11,6
5,8,2.938578e6,-1.0909816510132924,-0.8619484131774695,TIME_LIMIT,611725,0,0,16,9
5,8,2.93878e6,-1.0909797732345239,-0.8619484131774695,TIME_LIMIT,611752,0,0,8,5
5,8,2.938991e6,-1.0909797732345239,-0.8619484131774695,TIME_LIMIT,611779,0,0,15,18
5,8,2.939201e6,-1.0909738471464698,-0.8619484131774695,TIME_LIMIT,611808,0,0,13,9
5,8,2.939314e6,-1.0909738471464698,-0.8619484131774695,TIME_LIMIT,611833,0,0,13,23
5,8,2.939456e6,-1.090968475336366,-0.8619484131774695,TIME_LIMIT,611855,0,0,14,15
5,8,2.939526e6,-1.090968475336366,-0.8619484131774695,TIME_LIMIT,611882,0,0,13,14
5,8,2.939613e6,-1.0909643381175322,-0.8619484131774695,TIME_LIMIT,611904,0,0,11,7
5,8,2.939724e6,-1.0909643381175322,-0.8619484131774695,TIME_LIMIT,611930,0,0,10,14
5,8,2.939871e6,-1.0909624051892126,-0.8619484131774695,TIME_LIMIT,611956,0,0,12,12
5,8,2.940081e6,-1.0909624051892126,-0.8619484131774695,TIME_LIMIT,611979,0,0,10,12
5,8,2.940196e6,-1.0909617704953951,-0.8619484131774695,TIME_LIMIT,612008,0,0,8,8
5,8,2.940328e6,-1.0909617704953951,-0.8619484131774695,TIME_LIMIT,612038,0,0,17,20
5,8,2.940389e6,-1.0909596375863355,-0.8619484131774695,TIME_LIMIT,612062,0,0,13,3
5,8,2.940612e6,-1.0909596375863355,-0.8619484131774695,TIME_LIMIT,612085,0,0,16,14
5,8,2.940734e6,-1.0909585070366412,-0.8619484131774695,TIME_LIMIT,612118,0,0,8,11
5,8,2.940862e6,-1.0909585070366412,-0.8619484131774695,TIME_LIMIT,612140,0,0,15,5
5,8,2.940952e6,-1.0909555060882337,-0.8619484131774695,TIME_LIMIT,612158,0,0,7,5
5,8,2.941078e6,-1.0909555060882337,-0.8619484131774695,TIME_LIMIT,612182,0,0,12,6
5,8,2.94111e6,-1.0909552480225297,-0.8619484131774695,TIME_LIMIT,612196,0,0,8,3
5,8,2.941161e6,-1.0909552480225297,-0.8619484131774695,TIME_LIMIT,612212,0,0,7,5
5,8,2.941217e6,-1.0909519379998032,-0.8619484131774695,TIME_LIMIT,612225,0,0,5,6
5,8,2.941389e6,-1.0909519379998032,-0.8619484131774695,TIME_LIMIT,612249,0,0,10,4
5,8,2.941505e6,-1.090951807202978,-0.8619484131774695,TIME_LIMIT,612273,0,0,13,4
5,8,2.941613e6,-1.090951807202978,-0.8619484131774695,TIME_LIMIT,612298,0,0,12,6
5,8,2.941766e6,-1.0909475520302805,-0.8619484131774695,TIME_LIMIT,612316,0,0,10,8
5,8,2.941884e6,-1.0909475520302805,-0.8619484131774695,TIME_LIMIT,612340,0,0,7,14
5,8,2.941961e6,-1.0909440676262108,-0.8619484131774695,TIME_LIMIT,612361,0,0,10,5
5,8,2.942053e6,-1.0909440676262108,-0.8619484131774695,TIME_LIMIT,612381,0,0,13,5
5,8,2.942311e6,-1.0909431128336249,-0.8619484131774695,TIME_LIMIT,612417,0,0,15,10
5,8,2.942355e6,-1.0909431128336249,-0.8619484131774695,TIME_LIMIT,612433,0,0,3,3
5,8,2.942436e6,-1.090942265962105,-0.8619484131774695,TIME_LIMIT,612455,0,0,4,1
5,8,2.942596e6,-1.090942265962105,-0.8619484131774695,TIME_LIMIT,612483,0,0,10,18
5,8,2.942808e6,-1.0909390358925957,-0.8619484131774695,TIME_LIMIT,612517,0,0,6,14
5,8,2.942891e6,-1.0909390358925957,-0.8619484131774695,TIME_LIMIT,612543,0,0,9,18
5,8,2.943028e6,-1.0909361188925464,-0.8619484131774695,TIME_LIMIT,612574,0,0,14,13
5,8,2.943159e6,-1.0909361188925464,-0.8619484131774695,TIME_LIMIT,612594,0,0,13,12
5,8,2.943194e6,-1.0909356421245717,-0.8619484131774695,TIME_LIMIT,612610,0,0,6,5
5,8,2.943322e6,-1.0909356421245717,-0.8619484131774695,TIME_LIMIT,612638,0,0,5,6
5,8,2.943418e6,-1.0909319320366166,-0.8619484131774695,TIME_LIMIT,612655,0,0,8,7
5,8,2.943539e6,-1.0909319320366166,-0.8619484131774695,TIME_LIMIT,612676,0,0,15,21
5,8,2.943691e6,-1.0909238593426862,-0.8619484131774695,TIME_LIMIT,612710,0,0,6,7
5,8,2.943882e6,-1.0909238593426862,-0.8619484131774695,TIME_LIMIT,612736,0,0,20,21
5,8,2.944077e6,-1.0909149798850595,-0.8619484131774695,TIME_LIMIT,612757,0,0,16,17
5,8,2.944176e6,-1.0909149798850595,-0.8619484131774695,TIME_LIMIT,612779,0,0,8,4
5,8,2.944337e6,-1.090909314618298,-0.8619484131774695,TIME_LIMIT,612807,0,0,16,7
5,8,2.944538e6,-1.090909314618298,-0.8619484131774695,TIME_LIMIT,612833,0,0,14,8
5,8,2.944798e6,-1.090895025238527,-0.8619484131774695,TIME_LIMIT,612854,0,0,15,14
5,8,2.944859e6,-1.090895025238527,-0.8619484131774695,TIME_LIMIT,612872,0,0,11,10
5,8,2.944918e6,-1.0908942451168724,-0.8619484131774695,TIME_LIMIT,612899,0,0,10,4
5,8,2.945158e6,-1.0908942451168724,-0.8619484131774695,TIME_LIMIT,612923,0,0,14,27
5,8,2.945364e6,-1.0908909852186732,-0.8619484131774695,TIME_LIMIT,612955,0,0,6,7
5,8,2.945455e6,-1.0908909852186732,-0.8619484131774695,TIME_LIMIT,612977,0,0,11,7
5,8,2.945489e6,-1.0908903602798212,-0.8619484131774695,TIME_LIMIT,612991,0,0,6,6
5,8,2.945617e6,-1.0908903602798212,-0.8619484131774695,TIME_LIMIT,613018,0,0,18,18
5,8,2.945838e6,-1.090885739015023,-0.8619484131774695,TIME_LIMIT,613053,0,0,12,13
5,8,2.94606e6,-1.090885739015023,-0.8619484131774695,TIME_LIMIT,613076,0,0,16,11
5,8,2.94622e6,-1.0908840362159693,-0.8619484131774695,TIME_LIMIT,613097,0,0,7,6
5,8,2.946427e6,-1.0908840362159693,-0.8619484131774695,TIME_LIMIT,613127,0,0,16,8
5,8,2.946496e6,-1.09088261657718,-0.8619484131774695,TIME_LIMIT,613152,0,0,11,6
5,8,2.946698e6,-1.09088261657718,-0.8619484131774695,TIME_LIMIT,613181,0,0,10,22
5,8,2.946822e6,-1.090879122680163,-0.8619484131774695,TIME_LIMIT,613207,0,0,5,4
5,8,2.947032e6,-1.090879122680163,-0.8619484131774695,TIME_LIMIT,613228,0,0,22,12
5,8,2.947189e6,-1.0908766891907864,-0.8619484131774695,TIME_LIMIT,613269,0,0,19,16
5,8,2.947294e6,-1.0908766891907864,-0.8619484131774695,TIME_LIMIT,613289,0,0,14,9
5,8,2.947378e6,-1.090869795161161,-0.8619484131774695,TIME_LIMIT,613312,0,0,5,8
5,8,2.947448e6,-1.090869795161161,-0.8619484131774695,TIME_LIMIT,613326,0,0,12,7
5,8,2.947689e6,-1.090866549667182,-0.8619484131774695,TIME_LIMIT,613356,0,0,11,5
5,8,2.947786e6,-1.090866549667182,-0.8619484131774695,TIME_LIMIT,613381,0,0,11,7
5,8,2.947981e6,-1.090865227393607,-0.8619484131774695,TIME_LIMIT,613405,0,0,11,13
5,8,2.948068e6,-1.090865227393607,-0.8619484131774695,TIME_LIMIT,613423,0,0,11,10
5,8,2.948154e6,-1.0908573404094326,-0.8619484131774695,TIME_LIMIT,613444,0,0,7,4
5,8,2.948278e6,-1.0908573404094326,-0.8619484131774695,TIME_LIMIT,613465,0,0,16,9
5,8,2.948404e6,-1.090856067712544,-0.8619484131774695,TIME_LIMIT,613489,0,0,6,7
5,8,2.948534e6,-1.090856067712544,-0.8619484131774695,TIME_LIMIT,613505,0,0,12,5
5,8,2.948607e6,-1.0908538959230025,-0.8619484131774695,TIME_LIMIT,613525,0,0,5,2
5,8,2.948732e6,-1.0908538959230025,-0.8619484131774695,TIME_LIMIT,613546,0,0,13,9
5,8,2.94879e6,-1.0908511365978462,-0.8619484131774695,TIME_LIMIT,613570,0,0,5,5
5,8,2.9489e6,-1.0908511365978462,-0.8619484131774695,TIME_LIMIT,613592,0,0,19,18
5,8,2.949102e6,-1.09084764637889,-0.8619484131774695,TIME_LIMIT,613629,0,0,12,10
5,8,2.949311e6,-1.09084764637889,-0.8619484131774695,TIME_LIMIT,613658,0,0,17,13
5,8,2.949414e6,-1.0908476229041022,-0.8619484131774695,TIME_LIMIT,613679,0,0,12,8
5,8,2.949465e6,-1.0908476229041022,-0.8619484131774695,TIME_LIMIT,613701,0,0,17,17
5,8,2.94967e6,-1.090842027085346,-0.8619484131774695,TIME_LIMIT,613737,0,0,4,8
5,8,2.949797e6,-1.090842027085346,-0.8619484131774695,TIME_LIMIT,613757,0,0,16,15
5,8,2.949969e6,-1.0908401711233244,-0.8619484131774695,TIME_LIMIT,613786,0,0,8,8
5,8,2.950076e6,-1.0908401711233244,-0.8619484131774695,TIME_LIMIT,613810,0,0,15,6
5,8,2.950209e6,-1.0908216014249166,-0.8619484131774695,TIME_LIMIT,613842,0,0,3,6
5,8,2.950388e6,-1.0908216014249166,-0.8619484131774695,TIME_LIMIT,613868,0,0,18,18
5,8,2.950496e6,-1.0908191212820968,-0.8619484131774695,TIME_LIMIT,613899,0,0,15,6
5,8,2.950641e6,-1.0908191212820968,-0.8619484131774695,TIME_LIMIT,613924,0,0,16,11
5,8,2.95083e6,-1.0908186686375858,-0.8619484131774695,TIME_LIMIT,613940,0,0,9,13
5,8,2.951012e6,-1.0908186686375858,-0.8619484131774695,TIME_LIMIT,613962,0,0,20,14
5,8,2.951117e6,-1.0908177788633506,-0.8619484131774695,TIME_LIMIT,613990,0,0,5,8
5,8,2.951241e6,-1.0908177788633506,-0.8619484131774695,TIME_LIMIT,614020,0,0,10,12
5,8,2.951347e6,-1.0908177365947735,-0.8619484131774695,TIME_LIMIT,614038,0,0,7,9
5,8,2.951544e6,-1.0908177365947735,-0.8619484131774695,TIME_LIMIT,614059,0,0,13,9
5,8,2.951617e6,-1.0908150645147918,-0.8619484131774695,TIME_LIMIT,614080,0,0,7,3
5,8,2.951734e6,-1.0908150645147918,-0.8619484131774695,TIME_LIMIT,614104,0,0,13,4
5,8,2.951867e6,-1.0908089543099877,-0.8619484131774695,TIME_LIMIT,614126,0,0,13,6
5,8,2.952061e6,-1.0908089543099877,-0.8619484131774695,TIME_LIMIT,614147,0,0,7,8
5,8,2.952143e6,-1.0908080634156203,-0.8619484131774695,TIME_LIMIT,614164,0,0,11,2
5,8,2.952219e6,-1.0908080634156203,-0.8619484131774695,TIME_LIMIT,614187,0,0,19,17
5,8,2.952424e6,-1.090800359597079,-0.8619484131774695,TIME_LIMIT,614212,0,0,5,11
5,8,2.952606e6,-1.090800359597079,-0.8619484131774695,TIME_LIMIT,614246,0,0,19,15
5,8,2.952732e6,-1.0907994915534664,-0.8619484131774695,TIME_LIMIT,614270,0,0,12,16
5,8,2.952852e6,-1.0907994915534664,-0.8619484131774695,TIME_LIMIT,614282,0,0,8,11
5,8,2.952942e6,-1.0907994733108328,-0.8619484131774695,TIME_LIMIT,614303,0,0,6,4
5,8,2.953071e6,-1.0907994733108328,-0.8619484131774695,TIME_LIMIT,614324,0,0,9,12
5,8,2.9532e6,-1.0907992975627987,-0.8619484131774695,TIME_LIMIT,614346,0,0,11,12
5,8,2.953305e6,-1.0907992975627987,-0.8619484131774695,TIME_LIMIT,614366,0,0,7,4
5,8,2.953357e6,-1.090795803349397,-0.8619484131774695,TIME_LIMIT,614387,0,0,6,6
5,8,2.953494e6,-1.090795803349397,-0.8619484131774695,TIME_LIMIT,614410,0,0,18,6
5,8,2.953659e6,-1.0907922577300848,-0.8619484131774695,TIME_LIMIT,614442,0,0,9,3
5,8,2.953821e6,-1.0907922577300848,-0.8619484131774695,TIME_LIMIT,614465,0,0,6,8
5,8,2.954023e6,-1.0907858841754692,-0.8619484131774695,TIME_LIMIT,614495,0,0,6,4
5,8,2.954174e6,-1.0907858841754692,-0.8619484131774695,TIME_LIMIT,614518,0,0,17,12
5,8,2.95435e6,-1.090778473547783,-0.8619484131774695,TIME_LIMIT,614554,0,0,12,5
5,8,2.954431e6,-1.090778473547783,-0.8619484131774695,TIME_LIMIT,614569,0,0,7,9
5,8,2.954531e6,-1.090773930983488,-0.8619484131774695,TIME_LIMIT,614593,0,0,7,5
5,8,2.954647e6,-1.090773930983488,-0.8619484131774695,TIME_LIMIT,614608,0,0,6,12
5,8,2.954707e6,-1.0907694542687594,-0.8619484131774695,TIME_LIMIT,614631,0,0,9,1
5,8,2.954818e6,-1.0907694542687594,-0.8619484131774695,TIME_LIMIT,614655,0,0,5,12
5,8,2.954992e6,-1.0907670927021598,-0.8619484131774695,TIME_LIMIT,614674,0,0,10,4
5,8,2.955185e6,-1.0907670927021598,-0.8619484131774695,TIME_LIMIT,614698,0,0,12,14
5,8,2.955407e6,-1.0907614998892,-0.8619484131774695,TIME_LIMIT,614735,0,0,21,12
5,8,2.95548e6,-1.0907614998892,-0.8619484131774695,TIME_LIMIT,614750,0,0,7,12
5,8,2.955566e6,-1.0907592624693172,-0.8619484131774695,TIME_LIMIT,614774,0,0,11,4
5,8,2.955694e6,-1.0907592624693172,-0.8619484131774695,TIME_LIMIT,614798,0,0,11,17
5,8,2.955813e6,-1.09075714655836,-0.8619484131774695,TIME_LIMIT,614821,0,0,10,6
5,8,2.95595e6,-1.09075714655836,-0.8619484131774695,TIME_LIMIT,614841,0,0,11,18
5,8,2.956127e6,-1.0907563377763134,-0.8619484131774695,TIME_LIMIT,614871,0,0,10,7
5,8,2.95623e6,-1.0907563377763134,-0.8619484131774695,TIME_LIMIT,614896,0,0,25,22
5,8,2.956438e6,-1.0907547456552358,-0.8619484131774695,TIME_LIMIT,614924,0,0,8,5
5,8,2.956541e6,-1.0907547456552358,-0.8619484131774695,TIME_LIMIT,614946,0,0,11,16
5,8,2.956657e6,-1.090747066379315,-0.8619484131774695,TIME_LIMIT,614982,0,0,16,18
5,8,2.95684e6,-1.090747066379315,-0.8619484131774695,TIME_LIMIT,615010,0,0,19,15
5,8,2.956953e6,-1.0907440724527249,-0.8619484131774695,TIME_LIMIT,615030,0,0,11,6
5,8,2.957163e6,-1.0907440724527249,-0.8619484131774695,TIME_LIMIT,615053,0,0,8,7
5,8,2.957273e6,-1.0907343844409192,-0.8619484131774695,TIME_LIMIT,615078,0,0,6,6
5,8,2.957481e6,-1.0907343844409192,-0.8619484131774695,TIME_LIMIT,615108,0,0,18,13
5,8,2.957693e6,-1.09073184387622,-0.8619484131774695,TIME_LIMIT,615149,0,0,13,20
5,8,2.957801e6,-1.09073184387622,-0.8619484131774695,TIME_LIMIT,615176,0,0,8,8
5,8,2.95792e6,-1.0907312704970367,-0.8619484131774695,TIME_LIMIT,615202,0,0,8,5
5,8,2.958131e6,-1.0907312704970367,-0.8619484131774695,TIME_LIMIT,615224,0,0,12,15
5,8,2.958372e6,-1.0907286966682979,-0.8619484131774695,TIME_LIMIT,615258,0,0,16,11
5,8,2.958548e6,-1.0907286966682979,-0.8619484131774695,TIME_LIMIT,615287,0,0,16,10
5,8,2.958636e6,-1.0907228537544904,-0.8619484131774695,TIME_LIMIT,615311,0,0,9,1
5,8,2.958731e6,-1.0907228537544904,-0.8619484131774695,TIME_LIMIT,615333,0,0,12,12
5,8,2.958847e6,-1.0907205389529708,-0.8619484131774695,TIME_LIMIT,615363,0,0,2,4
5,8,2.959029e6,-1.0907205389529708,-0.8619484131774695,TIME_LIMIT,615392,0,0,11,22
5,8,2.959127e6,-1.090717302723228,-0.8619484131774695,TIME_LIMIT,615414,0,0,15,7
5,8,2.959287e6,-1.090717302723228,-0.8619484131774695,TIME_LIMIT,615434,0,0,3,5
5,8,2.959333e6,-1.090714141093293,-0.8619484131774695,TIME_LIMIT,615449,0,0,6,4
5,8,2.959544e6,-1.090714141093293,-0.8619484131774695,TIME_LIMIT,615475,0,0,20,30
5,8,2.959738e6,-1.0907115215177081,-0.8619484131774695,TIME_LIMIT,615514,0,0,19,13
5,8,2.959962e6,-1.0907115215177081,-0.8619484131774695,TIME_LIMIT,615540,0,0,13,24
5,8,2.960206e6,-1.0907112497226217,-0.8619484131774695,TIME_LIMIT,615577,0,0,11,15
5,8,2.960433e6,-1.0907112497226217,-0.8619484131774695,TIME_LIMIT,615597,0,0,10,11
5,8,2.960582e6,-1.0907109674941777,-0.8619484131774695,TIME_LIMIT,615634,0,0,10,6
5,8,2.96081e6,-1.0907109674941777,-0.8619484131774695,TIME_LIMIT,615657,0,0,10,26
5,8,2.961018e6,-1.0907098632295023,-0.8619484131774695,TIME_LIMIT,615697,0,0,8,11
5,8,2.961179e6,-1.0907098632295023,-0.8619484131774695,TIME_LIMIT,615722,0,0,8,15
5,8,2.961352e6,-1.0907085631706321,-0.8619484131774695,TIME_LIMIT,615752,0,0,12,8
5,8,2.961477e6,-1.0907085631706321,-0.8619484131774695,TIME_LIMIT,615786,0,0,9,11
5,8,2.961597e6,-1.0907071483214175,-0.8619484131774695,TIME_LIMIT,615811,0,0,16,12
5,8,2.96169e6,-1.0907071483214175,-0.8619484131774695,TIME_LIMIT,615837,0,0,10,7
5,8,2.961776e6,-1.0907053765604342,-0.8619484131774695,TIME_LIMIT,615856,0,0,5,4
5,8,2.961913e6,-1.0907053765604342,-0.8619484131774695,TIME_LIMIT,615879,0,0,17,8
5,8,2.961973e6,-1.0906988555089079,-0.8619484131774695,TIME_LIMIT,615898,0,0,9,3
5,8,2.962104e6,-1.0906988555089079,-0.8619484131774695,TIME_LIMIT,615929,0,0,16,12
5,8,2.962188e6,-1.090695943066427,-0.8619484131774695,TIME_LIMIT,615953,0,0,17,4
5,8,2.962253e6,-1.090695943066427,-0.8619484131774695,TIME_LIMIT,615975,0,0,19,15
5,8,2.962613e6,-1.0906932881901028,-0.8619484131774695,TIME_LIMIT,616008,0,0,10,10
5,8,2.962758e6,-1.0906932881901028,-0.8619484131774695,TIME_LIMIT,616030,0,0,24,29
5,8,2.962955e6,-1.090692868629946,-0.8619484131774695,TIME_LIMIT,616068,0,0,16,12
5,8,2.963062e6,-1.090692868629946,-0.8619484131774695,TIME_LIMIT,616088,0,0,8,17
5,8,2.963123e6,-1.0906901065661865,-0.8619484131774695,TIME_LIMIT,616116,0,0,13,10
5,8,2.963314e6,-1.0906901065661865,-0.8619484131774695,TIME_LIMIT,616139,0,0,15,26
5,8,2.963524e6,-1.09068904887943,-0.8619484131774695,TIME_LIMIT,616171,0,0,5,9
5,8,2.963635e6,-1.09068904887943,-0.8619484131774695,TIME_LIMIT,616192,0,0,21,7
5,8,2.96386e6,-1.0906826274671824,-0.8619484131774695,TIME_LIMIT,616222,0,0,15,9
5,8,2.964091e6,-1.0906826274671824,-0.8619484131774695,TIME_LIMIT,616243,0,0,18,17
5,8,2.96423e6,-1.090678469952646,-0.8619484131774695,TIME_LIMIT,616273,0,0,9,5
5,8,2.96447e6,-1.090678469952646,-0.8619484131774695,TIME_LIMIT,616305,0,0,16,19
5,8,2.964589e6,-1.090677627262894,-0.8619484131774695,TIME_LIMIT,616325,0,0,11,11
5,8,2.964657e6,-1.090677627262894,-0.8619484131774695,TIME_LIMIT,616347,0,0,17,15
5,8,2.964815e6,-1.0906714995165188,-0.8619484131774695,TIME_LIMIT,616375,0,0,13,6
5,8,2.964956e6,-1.0906714995165188,-0.8619484131774695,TIME_LIMIT,616395,0,0,9,17
5,8,2.965074e6,-1.0906689389151591,-0.8619484131774695,TIME_LIMIT,616419,0,0,16,20
5,8,2.965277e6,-1.0906689389151591,-0.8619484131774695,TIME_LIMIT,616441,0,0,16,15
5,8,2.965444e6,-1.0906659096849798,-0.8619484131774695,TIME_LIMIT,616473,0,0,15,5
5,8,2.965593e6,-1.0906659096849798,-0.8619484131774695,TIME_LIMIT,616496,0,0,14,12
5,8,2.965774e6,-1.0906657381274818,-0.8619484131774695,TIME_LIMIT,616518,0,0,4,5
5,8,2.965943e6,-1.0906657381274818,-0.8619484131774695,TIME_LIMIT,616544,0,0,25,22
5,8,2.966112e6,-1.0906597833068847,-0.8619484131774695,TIME_LIMIT,616569,0,0,9,6
5,8,2.966302e6,-1.0906597833068847,-0.8619484131774695,TIME_LIMIT,616594,0,0,7,7
5,8,2.96635e6,-1.0906580793415295,-0.8619484131774695,TIME_LIMIT,616611,0,0,9,2
5,8,2.966442e6,-1.0906580793415295,-0.8619484131774695,TIME_LIMIT,616623,0,0,13,8
5,8,2.966472e6,-1.0906560351646752,-0.8619484131774695,TIME_LIMIT,616641,0,0,5,2
5,8,2.966579e6,-1.0906560351646752,-0.8619484131774695,TIME_LIMIT,616661,0,0,13,8
5,8,2.966678e6,-1.0906530059749664,-0.8619484131774695,TIME_LIMIT,616680,0,0,10,3
5,8,2.966793e6,-1.0906530059749664,-0.8619484131774695,TIME_LIMIT,616708,0,0,20,7
5,8,2.966899e6,-1.0906506282018766,-0.8619484131774695,TIME_LIMIT,616727,0,0,13,5
5,8,2.966999e6,-1.0906506282018766,-0.8619484131774695,TIME_LIMIT,616751,0,0,9,9
5,8,2.967111e6,-1.0906481161480306,-0.8619484131774695,TIME_LIMIT,616773,0,0,5,4
5,8,2.967322e6,-1.0906481161480306,-0.8619484131774695,TIME_LIMIT,616801,0,0,21,21
5,8,2.967515e6,-1.0906424211312769,-0.8619484131774695,TIME_LIMIT,616838,0,0,12,9
5,8,2.967687e6,-1.0906424211312769,-0.8619484131774695,TIME_LIMIT,616858,0,0,5,6
5,8,2.967855e6,-1.0906403670446894,-0.8619484131774695,TIME_LIMIT,616887,0,0,11,6
5,8,2.967993e6,-1.0906403670446894,-0.8619484131774695,TIME_LIMIT,616913,0,0,16,16
5,8,2.968124e6,-1.0906370391455595,-0.8619484131774695,TIME_LIMIT,616943,0,0,18,18
5,8,2.968233e6,-1.0906370391455595,-0.8619484131774695,TIME_LIMIT,616971,0,0,11,11
5,8,2.968295e6,-1.0906334938335145,-0.8619484131774695,TIME_LIMIT,616988,0,0,3,5
5,8,2.968388e6,-1.0906334938335145,-0.8619484131774695,TIME_LIMIT,617009,0,0,9,6
5,8,2.968437e6,-1.090632685696331,-0.8619484131774695,TIME_LIMIT,617032,0,0,4,1
5,8,2.968551e6,-1.090632685696331,-0.8619484131774695,TIME_LIMIT,617052,0,0,18,24
5,8,2.96871e6,-1.0906290106338168,-0.8619484131774695,TIME_LIMIT,617086,0,0,10,13
5,8,2.968778e6,-1.0906290106338168,-0.8619484131774695,TIME_LIMIT,617110,0,0,20,18
5,8,2.968978e6,-1.0906247670438538,-0.8619484131774695,TIME_LIMIT,617147,0,0,16,8
5,8,2.96903e6,-1.0906247670438538,-0.8619484131774695,TIME_LIMIT,617167,0,0,10,5
5,8,2.969144e6,-1.0906242048496377,-0.8619484131774695,TIME_LIMIT,617182,0,0,3,6
5,8,2.969309e6,-1.0906242048496377,-0.8619484131774695,TIME_LIMIT,617203,0,0,13,11
5,8,2.969406e6,-1.0906142268460481,-0.8619484131774695,TIME_LIMIT,617224,0,0,8,3
5,8,2.969617e6,-1.0906142268460481,-0.8619484131774695,TIME_LIMIT,617254,0,0,25,15
5,8,2.969765e6,-1.0906070232300573,-0.8619484131774695,TIME_LIMIT,617281,0,0,19,7
5,8,2.969831e6,-1.0906070232300573,-0.8619484131774695,TIME_LIMIT,617301,0,0,12,13
5,8,2.96994e6,-1.0906067721740813,-0.8619484131774695,TIME_LIMIT,617325,0,0,6,9
5,8,2.969982e6,-1.0906067721740813,-0.8619484131774695,TIME_LIMIT,617343,0,0,8,2
5,8,2.970029e6,-1.0906062191969164,-0.8619484131774695,TIME_LIMIT,617366,0,0,8,4
5,8,2.97007e6,-1.0906062191969164,-0.8619484131774695,TIME_LIMIT,617382,0,0,6,3
5,8,2.970176e6,-1.0906056766274193,-0.8619484131774695,TIME_LIMIT,617400,0,0,4,1
5,8,2.970298e6,-1.0906056766274193,-0.8619484131774695,TIME_LIMIT,617422,0,0,13,17
5,8,2.970344e6,-1.09060350904676,-0.8619484131774695,TIME_LIMIT,617440,0,0,13,6
5,8,2.97043e6,-1.09060350904676,-0.8619484131774695,TIME_LIMIT,617455,0,0,10,8
5,8,2.970484e6,-1.0906003264021886,-0.8619484131774695,TIME_LIMIT,617476,0,0,8,2
5,8,2.970608e6,-1.0906003264021886,-0.8619484131774695,TIME_LIMIT,617499,0,0,15,11
5,8,2.970737e6,-1.0905997648331005,-0.8619484131774695,TIME_LIMIT,617535,0,0,11,6
5,8,2.970816e6,-1.0905997648331005,-0.8619484131774695,TIME_LIMIT,617554,0,0,12,6
5,8,2.970866e6,-1.090596900966641,-0.8619484131774695,TIME_LIMIT,617566,0,0,8,2
5,8,2.970972e6,-1.090596900966641,-0.8619484131774695,TIME_LIMIT,617586,0,0,9,16
5,8,2.97117e6,-1.090594630510858,-0.8619484131774695,TIME_LIMIT,617614,0,0,12,5
5,8,2.971285e6,-1.090594630510858,-0.8619484131774695,TIME_LIMIT,617634,0,0,11,17
5,8,2.971391e6,-1.090588048527543,-0.8619484131774695,TIME_LIMIT,617669,0,0,16,8
5,8,2.971511e6,-1.090588048527543,-0.8619484131774695,TIME_LIMIT,617689,0,0,16,22
5,8,2.97162e6,-1.090584911692207,-0.8619484131774695,TIME_LIMIT,617724,0,0,9,13
5,8,2.971677e6,-1.090584911692207,-0.8619484131774695,TIME_LIMIT,617747,0,0,15,6
5,8,2.971814e6,-1.0905839625240255,-0.8619484131774695,TIME_LIMIT,617768,0,0,10,12
5,8,2.972035e6,-1.0905839625240255,-0.8619484131774695,TIME_LIMIT,617797,0,0,18,12
5,8,2.972256e6,-1.0905836061322471,-0.8619484131774695,TIME_LIMIT,617828,0,0,6,8
5,8,2.972388e6,-1.0905836061322471,-0.8619484131774695,TIME_LIMIT,617858,0,0,22,9
5,8,2.972618e6,-1.0905833125647848,-0.8619484131774695,TIME_LIMIT,617882,0,0,9,11
5,8,2.972814e6,-1.0905833125647848,-0.8619484131774695,TIME_LIMIT,617917,0,0,11,17
5,8,2.972924e6,-1.0905794130656212,-0.8619484131774695,TIME_LIMIT,617941,0,0,18,10
5,8,2.973038e6,-1.0905794130656212,-0.8619484131774695,TIME_LIMIT,617967,0,0,14,14
5,8,2.973104e6,-1.0905716078875058,-0.8619484131774695,TIME_LIMIT,617996,0,0,11,8
5,8,2.973239e6,-1.0905716078875058,-0.8619484131774695,TIME_LIMIT,618016,0,0,12,6
5,8,2.973272e6,-1.0905638189819196,-0.8619484131774695,TIME_LIMIT,618029,0,0,5,4
5,8,2.973392e6,-1.0905638189819196,-0.8619484131774695,TIME_LIMIT,618046,0,0,9,12
5,8,2.973476e6,-1.0905626989454569,-0.8619484131774695,TIME_LIMIT,618061,0,0,7,2
5,8,2.973597e6,-1.0905626989454569,-0.8619484131774695,TIME_LIMIT,618084,0,0,11,4
5,8,2.973724e6,-1.0905624808767027,-0.8619484131774695,TIME_LIMIT,618101,0,0,10,3
5,8,2.973918e6,-1.0905624808767027,-0.8619484131774695,TIME_LIMIT,618131,0,0,10,10
5,8,2.974087e6,-1.090556656008956,-0.8619484131774695,TIME_LIMIT,618155,0,0,11,8
5,8,2.974215e6,-1.090556656008956,-0.8619484131774695,TIME_LIMIT,618174,0,0,18,14
5,8,2.974306e6,-1.090555312764307,-0.8619484131774695,TIME_LIMIT,618201,0,0,7,4
5,8,2.97442e6,-1.090555312764307,-0.8619484131774695,TIME_LIMIT,618220,0,0,8,11
5,8,2.974458e6,-1.0905544465600556,-0.8619484131774695,TIME_LIMIT,618239,0,0,8,5
5,8,2.97455e6,-1.0905544465600556,-0.8619484131774695,TIME_LIMIT,618257,0,0,8,9
5,8,2.97461e6,-1.0905491785931143,-0.8619484131774695,TIME_LIMIT,618265,0,0,1,4
5,8,2.974821e6,-1.0905491785931143,-0.8619484131774695,TIME_LIMIT,618298,0,0,10,7
5,8,2.974953e6,-1.090546934022881,-0.8619484131774695,TIME_LIMIT,618325,0,0,3,12
5,8,2.975068e6,-1.090546934022881,-0.8619484131774695,TIME_LIMIT,618348,0,0,10,6
5,8,2.975107e6,-1.0905360904176824,-0.8619484131774695,TIME_LIMIT,618363,0,0,10,6
5,8,2.97527e6,-1.0905360904176824,-0.8619484131774695,TIME_LIMIT,618389,0,0,14,8
5,8,2.975439e6,-1.090533513138627,-0.8619484131774695,TIME_LIMIT,618417,0,0,10,16
5,8,2.975571e6,-1.090533513138627,-0.8619484131774695,TIME_LIMIT,618437,0,0,11,14
5,8,2.975776e6,-1.0905298450261232,-0.8619484131774695,TIME_LIMIT,618471,0,0,12,4
5,8,2.975913e6,-1.0905298450261232,-0.8619484131774695,TIME_LIMIT,618497,0,0,12,11
5,8,2.976038e6,-1.090529799544592,-0.8619484131774695,TIME_LIMIT,618528,0,0,15,11
5,8,2.976127e6,-1.090529799544592,-0.8619484131774695,TIME_LIMIT,618553,0,0,12,8
5,8,2.976266e6,-1.0905292624683955,-0.8619484131774695,TIME_LIMIT,618588,0,0,12,6
5,8,2.976498e6,-1.0905292624683955,-0.8619484131774695,TIME_LIMIT,618616,0,0,12,11
5,8,2.976636e6,-1.0905253162789477,-0.8619484131774695,TIME_LIMIT,618638,0,0,15,1
5,8,2.976864e6,-1.0905253162789477,-0.8619484131774695,TIME_LIMIT,618663,0,0,23,33
5,8,2.977096e6,-1.0905205936471098,-0.8619484131774695,TIME_LIMIT,618704,0,0,10,10
5,8,2.977301e6,-1.0905205936471098,-0.8619484131774695,TIME_LIMIT,618731,0,0,7,9
5,8,2.977409e6,-1.0905197472471237,-0.8619484131774695,TIME_LIMIT,618757,0,0,18,14
5,8,2.977529e6,-1.0905197472471237,-0.8619484131774695,TIME_LIMIT,618780,0,0,15,20
5,8,2.977672e6,-1.0905156650856704,-0.8619484131774695,TIME_LIMIT,618823,0,0,19,8
5,8,2.977854e6,-1.0905156650856704,-0.8619484131774695,TIME_LIMIT,618849,0,0,19,21
5,8,2.978059e6,-1.090511268499122,-0.8619484131774695,TIME_LIMIT,618890,0,0,15,14
5,8,2.978213e6,-1.090511268499122,-0.8619484131774695,TIME_LIMIT,618911,0,0,18,11
5,8,2.978311e6,-1.0905107319490364,-0.8619484131774695,TIME_LIMIT,618935,0,0,12,4
5,8,2.978425e6,-1.0905107319490364,-0.8619484131774695,TIME_LIMIT,618961,0,0,15,10
5,8,2.978504e6,-1.0905034046517827,-0.8619484131774695,TIME_LIMIT,618985,0,0,16,6
5,8,2.978761e6,-1.0905034046517827,-0.8619484131774695,TIME_LIMIT,619007,0,0,16,25
5,8,2.978971e6,-1.0905032463150264,-0.8619484131774695,TIME_LIMIT,619046,0,0,12,11
5,8,2.979028e6,-1.0905032463150264,-0.8619484131774695,TIME_LIMIT,619067,0,0,14,15
5,8,2.979177e6,-1.090500407254059,-0.8619484131774695,TIME_LIMIT,619092,0,0,14,17
5,8,2.979388e6,-1.090500407254059,-0.8619484131774695,TIME_LIMIT,619116,0,0,6,8
5,8,2.979502e6,-1.09049666889385,-0.8619484131774695,TIME_LIMIT,619142,0,0,11,15
5,8,2.979714e6,-1.09049666889385,-0.8619484131774695,TIME_LIMIT,619165,0,0,20,21
5,8,2.979846e6,-1.090493669505319,-0.8619484131774695,TIME_LIMIT,619191,0,0,7,6
5,8,2.979975e6,-1.090493669505319,-0.8619484131774695,TIME_LIMIT,619208,0,0,17,8
5,8,2.980075e6,-1.0904895076317516,-0.8619484131774695,TIME_LIMIT,619231,0,0,9,7
5,8,2.980172e6,-1.0904895076317516,-0.8619484131774695,TIME_LIMIT,619254,0,0,10,18
5,8,2.980305e6,-1.090489294785248,-0.8619484131774695,TIME_LIMIT,619281,0,0,13,4
5,8,2.980432e6,-1.090489294785248,-0.8619484131774695,TIME_LIMIT,619305,0,0,10,8
5,8,2.980591e6,-1.0904865725251598,-0.8619484131774695,TIME_LIMIT,619326,0,0,11,6
5,8,2.980803e6,-1.0904865725251598,-0.8619484131774695,TIME_LIMIT,619347,0,0,12,23
5,8,2.981035e6,-1.090485491542534,-0.8619484131774695,TIME_LIMIT,619372,0,0,11,14
5,8,2.981178e6,-1.090485491542534,-0.8619484131774695,TIME_LIMIT,619395,0,0,10,12
5,8,2.981286e6,-1.090485374289115,-0.8619484131774695,TIME_LIMIT,619414,0,0,6,6
5,8,2.981411e6,-1.090485374289115,-0.8619484131774695,TIME_LIMIT,619439,0,0,17,18
5,8,2.981601e6,-1.0904726970665446,-0.8619484131774695,TIME_LIMIT,619468,0,0,5,6
5,8,2.981697e6,-1.0904726970665446,-0.8619484131774695,TIME_LIMIT,619488,0,0,14,12
5,8,2.981812e6,-1.0904699080976388,-0.8619484131774695,TIME_LIMIT,619511,0,0,8,4
5,8,2.982011e6,-1.0904699080976388,-0.8619484131774695,TIME_LIMIT,619530,0,0,17,10
5,8,2.98209e6,-1.0904638997584999,-0.8619484131774695,TIME_LIMIT,619561,0,0,13,5
5,8,2.982179e6,-1.0904638997584999,-0.8619484131774695,TIME_LIMIT,619578,0,0,9,17
5,8,2.982253e6,-1.0904616739838207,-0.8619484131774695,TIME_LIMIT,619601,0,0,13,6
5,8,2.982383e6,-1.0904616739838207,-0.8619484131774695,TIME_LIMIT,619628,0,0,20,23
5,8,2.982616e6,-1.0904612826323394,-0.8619484131774695,TIME_LIMIT,619649,0,0,9,15
5,8,2.982736e6,-1.0904612826323394,-0.8619484131774695,TIME_LIMIT,619668,0,0,15,12
5,8,2.982906e6,-1.0904606532629264,-0.8619484131774695,TIME_LIMIT,619692,0,0,11,6
5,8,2.98306e6,-1.0904606532629264,-0.8619484131774695,TIME_LIMIT,619721,0,0,15,12
5,8,2.983135e6,-1.0904582179624083,-0.8619484131774695,TIME_LIMIT,619739,0,0,9,17
5,8,2.983331e6,-1.0904582179624083,-0.8619484131774695,TIME_LIMIT,619765,0,0,11,11
5,8,2.983505e6,-1.0904547047643027,-0.8619484131774695,TIME_LIMIT,619789,0,0,8,6
5,8,2.983605e6,-1.0904547047643027,-0.8619484131774695,TIME_LIMIT,619811,0,0,12,11
5,8,2.983661e6,-1.0904506289339309,-0.8619484131774695,TIME_LIMIT,619835,0,0,16,3
5,8,2.983777e6,-1.0904506289339309,-0.8619484131774695,TIME_LIMIT,619859,0,0,18,11
5,8,2.983848e6,-1.0904501287661694,-0.8619484131774695,TIME_LIMIT,619879,0,0,4,4
5,8,2.983976e6,-1.0904501287661694,-0.8619484131774695,TIME_LIMIT,619898,0,0,7,7
5,8,2.984017e6,-1.090441655990108,-0.8619484131774695,TIME_LIMIT,619918,0,0,7,2
5,8,2.984228e6,-1.090441655990108,-0.8619484131774695,TIME_LIMIT,619950,0,0,9,16
5,8,2.984382e6,-1.0904364918377323,-0.8619484131774695,TIME_LIMIT,619981,0,0,10,13
5,8,2.984575e6,-1.0904364918377323,-0.8619484131774695,TIME_LIMIT,619999,0,0,10,2
5,8,2.984664e6,-1.0904356152862786,-0.8619484131774695,TIME_LIMIT,620024,0,0,14,11
5,8,2.98475e6,-1.0904356152862786,-0.8619484131774695,TIME_LIMIT,620043,0,0,19,11
5,8,2.98488e6,-1.0904296839546652,-0.8619484131774695,TIME_LIMIT,620074,0,0,12,5
5,8,2.985082e6,-1.0904296839546652,-0.8619484131774695,TIME_LIMIT,620097,0,0,12,14
5,8,2.985262e6,-1.0904284900762935,-0.8619484131774695,TIME_LIMIT,620128,0,0,11,7
5,8,2.985358e6,-1.0904284900762935,-0.8619484131774695,TIME_LIMIT,620151,0,0,9,8
5,8,2.985389e6,-1.0904265718317558,-0.8619484131774695,TIME_LIMIT,620169,0,0,3,4
5,8,2.98557e6,-1.0904265718317558,-0.8619484131774695,TIME_LIMIT,620192,0,0,11,6
5,8,2.98573e6,-1.0904216901751251,-0.8619484131774695,TIME_LIMIT,620207,0,0,8,10
5,8,2.985942e6,-1.0904216901751251,-0.8619484131774695,TIME_LIMIT,620233,0,0,9,15
5,8,2.986076e6,-1.0904203016897878,-0.8619484131774695,TIME_LIMIT,620258,0,0,14,4
5,8,2.986146e6,-1.0904203016897878,-0.8619484131774695,TIME_LIMIT,620271,0,0,11,4
5,8,2.986181e6,-1.0904146531683423,-0.8619484131774695,TIME_LIMIT,620288,0,0,7,1
5,8,2.986391e6,-1.0904146531683423,-0.8619484131774695,TIME_LIMIT,620318,0,0,9,13
5,8,2.986582e6,-1.0904112710709737,-0.8619484131774695,TIME_LIMIT,620349,0,0,19,8
5,8,2.986736e6,-1.0904112710709737,-0.8619484131774695,TIME_LIMIT,620372,0,0,9,14
5,8,2.986768e6,-1.0904061691597744,-0.8619484131774695,TIME_LIMIT,620392,0,0,8,1
5,8,2.986866e6,-1.0904061691597744,-0.8619484131774695,TIME_LIMIT,620406,0,0,9,7
5,8,2.986956e6,-1.090397935206832,-0.8619484131774695,TIME_LIMIT,620427,0,0,5,3
5,8,2.987003e6,-1.090397935206832,-0.8619484131774695,TIME_LIMIT,620447,0,0,4,4
5,8,2.987156e6,-1.0903871350164542,-0.8619484131774695,TIME_LIMIT,620454,0,0,2,3
5,8,2.987191e6,-1.0903871350164542,-0.8619484131774695,TIME_LIMIT,620467,0,0,8,7
5,8,2.987234e6,-1.090386550978878,-0.8619484131774695,TIME_LIMIT,620481,0,0,4,3
5,8,2.987491e6,-1.090386550978878,-0.8619484131774695,TIME_LIMIT,620511,0,0,19,18
5,8,2.987633e6,-1.0903819259002727,-0.8619484131774695,TIME_LIMIT,620543,0,0,7,5
5,8,2.987767e6,-1.0903819259002727,-0.8619484131774695,TIME_LIMIT,620570,0,0,8,15
5,8,2.987896e6,-1.0903775002607974,-0.8619484131774695,TIME_LIMIT,620593,0,0,6,8
5,8,2.988083e6,-1.0903775002607974,-0.8619484131774695,TIME_LIMIT,620628,0,0,16,14
5,8,2.988164e6,-1.0903701938356252,-0.8619484131774695,TIME_LIMIT,620653,0,0,6,6
5,8,2.988233e6,-1.0903701938356252,-0.8619484131774695,TIME_LIMIT,620673,0,0,13,5
5,8,2.988357e6,-1.0903696477883562,-0.8619484131774695,TIME_LIMIT,620698,0,0,5,8
5,8,2.988453e6,-1.0903696477883562,-0.8619484131774695,TIME_LIMIT,620721,0,0,13,17
5,8,2.988606e6,-1.090366207629795,-0.8619484131774695,TIME_LIMIT,620747,0,0,9,7
5,8,2.9888e6,-1.090366207629795,-0.8619484131774695,TIME_LIMIT,620773,0,0,14,17
5,8,2.988993e6,-1.0903628686654128,-0.8619484131774695,TIME_LIMIT,620812,0,0,16,13
5,8,2.989089e6,-1.0903628686654128,-0.8619484131774695,TIME_LIMIT,620833,0,0,10,17
5,8,2.989146e6,-1.090362843404672,-0.8619484131774695,TIME_LIMIT,620857,0,0,12,3
5,8,2.989369e6,-1.090362843404672,-0.8619484131774695,TIME_LIMIT,620883,0,0,15,9
5,8,2.989578e6,-1.0903596324441454,-0.8619484131774695,TIME_LIMIT,620921,0,0,18,9
5,8,2.989774e6,-1.0903596324441454,-0.8619484131774695,TIME_LIMIT,620941,0,0,13,15
5,8,2.989851e6,-1.090352776596054,-0.8619484131774695,TIME_LIMIT,620962,0,0,4,4
5,8,2.989999e6,-1.090352776596054,-0.8619484131774695,TIME_LIMIT,620986,0,0,11,16
5,8,2.990166e6,-1.0903521253424013,-0.8619484131774695,TIME_LIMIT,621015,0,0,8,5
5,8,2.990222e6,-1.0903521253424013,-0.8619484131774695,TIME_LIMIT,621038,0,0,15,13
5,8,2.990304e6,-1.0903493228071817,-0.8619484131774695,TIME_LIMIT,621060,0,0,11,7
5,8,2.990437e6,-1.0903493228071817,-0.8619484131774695,TIME_LIMIT,621083,0,0,13,15
5,8,2.99049e6,-1.0903488855659624,-0.8619484131774695,TIME_LIMIT,621108,0,0,7,4
5,8,2.990598e6,-1.0903488855659624,-0.8619484131774695,TIME_LIMIT,621129,0,0,14,16
5,8,2.990705e6,-1.090340679739323,-0.8619484131774695,TIME_LIMIT,621156,0,0,12,1
5,8,2.990817e6,-1.090340679739323,-0.8619484131774695,TIME_LIMIT,621182,0,0,11,6
5,8,2.990919e6,-1.0903383426665667,-0.8619484131774695,TIME_LIMIT,621201,0,0,5,3
5,8,2.991034e6,-1.0903383426665667,-0.8619484131774695,TIME_LIMIT,621215,0,0,8,3
5,8,2.9912e6,-1.0903379604948737,-0.8619484131774695,TIME_LIMIT,621251,0,0,10,9
5,8,2.991305e6,-1.0903379604948737,-0.8619484131774695,TIME_LIMIT,621279,0,0,5,16
5,8,2.991411e6,-1.090337007362068,-0.8619484131774695,TIME_LIMIT,621301,0,0,10,12
5,8,2.991474e6,-1.090337007362068,-0.8619484131774695,TIME_LIMIT,621327,0,0,17,17
5,8,2.991609e6,-1.0903331761036825,-0.8619484131774695,TIME_LIMIT,621350,0,0,14,8
5,8,2.991693e6,-1.0903331761036825,-0.8619484131774695,TIME_LIMIT,621372,0,0,4,7
5,8,2.991748e6,-1.0903300161141087,-0.8619484131774695,TIME_LIMIT,621384,0,0,5,3
5,8,2.991806e6,-1.0903300161141087,-0.8619484131774695,TIME_LIMIT,621399,0,0,3,4
5,8,2.991865e6,-1.0903299534108797,-0.8619484131774695,TIME_LIMIT,621411,0,0,4,2
5,8,2.991932e6,-1.0903299534108797,-0.8619484131774695,TIME_LIMIT,621437,0,0,8,8
5,8,2.992015e6,-1.090308567655677,-0.8619484131774695,TIME_LIMIT,621459,0,0,8,5
5,8,2.992061e6,-1.090308567655677,-0.8619484131774695,TIME_LIMIT,621473,0,0,4,5
5,8,2.99214e6,-1.090308011522217,-0.8619484131774695,TIME_LIMIT,621500,0,0,7,6
5,8,2.992351e6,-1.090308011522217,-0.8619484131774695,TIME_LIMIT,621528,0,0,15,23
5,8,2.992582e6,-1.0903049684323811,-0.8619484131774695,TIME_LIMIT,621565,0,0,11,8
5,8,2.992787e6,-1.0903049684323811,-0.8619484131774695,TIME_LIMIT,621591,0,0,11,11
5,8,2.992941e6,-1.090303113042959,-0.8619484131774695,TIME_LIMIT,621619,0,0,12,8
5,8,2.993044e6,-1.090303113042959,-0.8619484131774695,TIME_LIMIT,621645,0,0,13,11
5,8,2.993158e6,-1.0902994873183849,-0.8619484131774695,TIME_LIMIT,621678,0,0,9,5
5,8,2.993333e6,-1.0902994873183849,-0.8619484131774695,TIME_LIMIT,621699,0,0,9,11
5,8,2.993425e6,-1.0902972873913497,-0.8619484131774695,TIME_LIMIT,621724,0,0,7,5
5,8,2.993569e6,-1.0902972873913497,-0.8619484131774695,TIME_LIMIT,621751,0,0,12,16
5,8,2.993703e6,-1.0902880054856063,-0.8619484131774695,TIME_LIMIT,621786,0,0,14,9
5,8,2.993891e6,-1.0902880054856063,-0.8619484131774695,TIME_LIMIT,621809,0,0,19,12
5,8,2.994071e6,-1.0902852639314915,-0.8619484131774695,TIME_LIMIT,621841,0,0,22,12
5,8,2.994183e6,-1.0902852639314915,-0.8619484131774695,TIME_LIMIT,621864,0,0,14,16
5,8,2.994311e6,-1.0902790420885307,-0.8619484131774695,TIME_LIMIT,621887,0,0,8,6
5,8,2.994358e6,-1.0902790420885307,-0.8619484131774695,TIME_LIMIT,621904,0,0,8,12
5,8,2.994395e6,-1.090274617336724,-0.8619484131774695,TIME_LIMIT,621921,0,0,6,3
5,8,2.994648e6,-1.090274617336724,-0.8619484131774695,TIME_LIMIT,621946,0,0,18,10
5,8,2.994966e6,-1.0902740904718704,-0.8619484131774695,TIME_LIMIT,621968,0,0,9,10
5,8,2.995037e6,-1.0902740904718704,-0.8619484131774695,TIME_LIMIT,621987,0,0,13,15
5,8,2.99513e6,-1.090272972710375,-0.8619484131774695,TIME_LIMIT,622014,0,0,6,5
5,8,2.995247e6,-1.090272972710375,-0.8619484131774695,TIME_LIMIT,622043,0,0,18,9
5,8,2.995454e6,-1.0902695088032162,-0.8619484131774695,TIME_LIMIT,622063,0,0,9,12
5,8,2.995566e6,-1.0902695088032162,-0.8619484131774695,TIME_LIMIT,622085,0,0,14,11
5,8,2.995663e6,-1.0902690134405124,-0.8619484131774695,TIME_LIMIT,622106,0,0,7,8
5,8,2.995874e6,-1.0902690134405124,-0.8619484131774695,TIME_LIMIT,622126,0,0,15,18
5,8,2.996012e6,-1.090267891061531,-0.8619484131774695,TIME_LIMIT,622154,0,0,13,6
5,8,2.996224e6,-1.090267891061531,-0.8619484131774695,TIME_LIMIT,622188,0,0,19,6
5,8,2.996374e6,-1.0902654027528065,-0.8619484131774695,TIME_LIMIT,622210,0,0,10,8
5,8,2.996453e6,-1.0902654027528065,-0.8619484131774695,TIME_LIMIT,622229,0,0,10,4
5,8,2.996546e6,-1.0902572296523032,-0.8619484131774695,TIME_LIMIT,622260,0,0,11,8
5,8,2.996754e6,-1.0902572296523032,-0.8619484131774695,TIME_LIMIT,622288,0,0,10,7
5,8,2.996965e6,-1.0902571946837076,-0.8619484131774695,TIME_LIMIT,622315,0,0,14,12
5,8,2.997123e6,-1.0902571946837076,-0.8619484131774695,TIME_LIMIT,622338,0,0,7,11
5,8,2.997272e6,-1.090250976794539,-0.8619484131774695,TIME_LIMIT,622371,0,0,6,6
5,8,2.997373e6,-1.090250976794539,-0.8619484131774695,TIME_LIMIT,622390,0,0,9,7
5,8,2.997437e6,-1.0902490109823448,-0.8619484131774695,TIME_LIMIT,622414,0,0,7,4
5,8,2.997518e6,-1.0902490109823448,-0.8619484131774695,TIME_LIMIT,622430,0,0,5,10
5,8,2.997791e6,-1.0902472546296398,-0.8619484131774695,TIME_LIMIT,622450,0,0,5,6
5,8,2.99793e6,-1.0902472546296398,-0.8619484131774695,TIME_LIMIT,622472,0,0,15,17
5,8,2.998132e6,-1.0902464971804215,-0.8619484131774695,TIME_LIMIT,622508,0,0,12,11
5,8,2.998227e6,-1.0902464971804215,-0.8619484131774695,TIME_LIMIT,622532,0,0,19,16
5,8,2.998431e6,-1.0902418855560911,-0.8619484131774695,TIME_LIMIT,622564,0,0,10,11
5,8,2.998595e6,-1.0902418855560911,-0.8619484131774695,TIME_LIMIT,622583,0,0,10,18
5,8,2.998668e6,-1.0902412208738113,-0.8619484131774695,TIME_LIMIT,622607,0,0,10,10
5,8,2.99888e6,-1.0902412208738113,-0.8619484131774695,TIME_LIMIT,622635,0,0,13,8
5,8,2.999023e6,-1.0902371437884901,-0.8619484131774695,TIME_LIMIT,622666,0,0,18,13
5,8,2.999246e6,-1.0902371437884901,-0.8619484131774695,TIME_LIMIT,622688,0,0,23,28
5,8,2.999474e6,-1.090231578546792,-0.8619484131774695,TIME_LIMIT,622724,0,0,17,10
5,8,2.999607e6,-1.090231578546792,-0.8619484131774695,TIME_LIMIT,622747,0,0,5,10
5,8,2.999649e6,-1.0902314757047122,-0.8619484131774695,TIME_LIMIT,622760,0,0,5,8
5,8,2.999872e6,-1.0902314757047122,-0.8619484131774695,TIME_LIMIT,622783,0,0,12,13
5,8,2.999934e6,-1.0902314159085114,-0.8619484131774695,TIME_LIMIT,622804,0,0,12,7
5,8,3.000119e6,-1.0902314159085114,-0.8619484131774695,TIME_LIMIT,622828,0,0,13,15
5,8,3.000346e6,-1.0902303658488348,-0.8619484131774695,TIME_LIMIT,622857,0,0,7,8
5,8,3.00037e6,-1.0902303658488348,-0.8619484131774695,TIME_LIMIT,622866,0,0,1,3
5,8,3.000393e6,-1.0902274604246625,-0.8619484131774695,TIME_LIMIT,622871,0,0,1,0
5,8,3.0005e6,-1.0902274604246625,-0.8619484131774695,TIME_LIMIT,622896,0,0,16,18
5,8,3.000601e6,-1.0902269725780718,-0.8619484131774695,TIME_LIMIT,622924,0,0,15,8
5,8,3.000851e6,-1.0902269725780718,-0.8619484131774695,TIME_LIMIT,622952,0,0,19,16
5,8,3.000904e6,-1.0902258758814805,-0.8619484131774695,TIME_LIMIT,622974,0,0,9,10
5,8,3.001013e6,-1.0902258758814805,-0.8619484131774695,TIME_LIMIT,622997,0,0,11,13
5,8,3.001129e6,-1.0902252888996684,-0.8619484131774695,TIME_LIMIT,623028,0,0,4,10
5,8,3.001215e6,-1.0902252888996684,-0.8619484131774695,TIME_LIMIT,623048,0,0,12,6
5,8,3.001284e6,-1.0902197044151016,-0.8619484131774695,TIME_LIMIT,623068,0,0,8,6
5,8,3.001468e6,-1.0902197044151016,-0.8619484131774695,TIME_LIMIT,623097,0,0,13,15
5,8,3.001651e6,-1.090218287680007,-0.8619484131774695,TIME_LIMIT,623122,0,0,10,6
5,8,3.001874e6,-1.090218287680007,-0.8619484131774695,TIME_LIMIT,623145,0,0,17,11
5,8,3.001976e6,-1.0902130524037559,-0.8619484131774695,TIME_LIMIT,623170,0,0,9,5
5,8,3.002134e6,-1.0902130524037559,-0.8619484131774695,TIME_LIMIT,623195,0,0,14,4
5,8,3.00231e6,-1.0902104905120866,-0.8619484131774695,TIME_LIMIT,623225,0,0,9,6
5,8,3.002422e6,-1.0902104905120866,-0.8619484131774695,TIME_LIMIT,623246,0,0,9,16
5,8,3.00254e6,-1.090210085421136,-0.8619484131774695,TIME_LIMIT,623264,0,0,11,5
5,8,3.002615e6,-1.090210085421136,-0.8619484131774695,TIME_LIMIT,623286,0,0,18,15
5,8,3.002814e6,-1.0902065239393803,-0.8619484131774695,TIME_LIMIT,623320,0,0,14,7
5,8,3.002945e6,-1.0902065239393803,-0.8619484131774695,TIME_LIMIT,623345,0,0,11,14
5,8,3.00311e6,-1.0902001518801896,-0.8619484131774695,TIME_LIMIT,623372,0,0,16,6
5,8,3.00323e6,-1.0902001518801896,-0.8619484131774695,TIME_LIMIT,623397,0,0,14,8
5,8,3.003356e6,-1.0901968025939048,-0.8619484131774695,TIME_LIMIT,623412,0,0,9,10
5,8,3.003414e6,-1.0901968025939048,-0.8619484131774695,TIME_LIMIT,623432,0,0,18,15
5,8,3.003526e6,-1.0901858148279853,-0.8619484131774695,TIME_LIMIT,623449,0,0,4,11
5,8,3.00367e6,-1.0901858148279853,-0.8619484131774695,TIME_LIMIT,623475,0,0,17,6
5,8,3.003833e6,-1.0901855339862672,-0.8619484131774695,TIME_LIMIT,623495,0,0,4,6
5,8,3.003897e6,-1.0901855339862672,-0.8619484131774695,TIME_LIMIT,623515,0,0,8,4
5,8,3.003969e6,-1.0901784048053778,-0.8619484131774695,TIME_LIMIT,623535,0,0,13,5
5,8,3.004039e6,-1.0901784048053778,-0.8619484131774695,TIME_LIMIT,623557,0,0,18,7
5,8,3.004128e6,-1.090169220073308,-0.8619484131774695,TIME_LIMIT,623578,0,0,5,2
5,8,3.00418e6,-1.090169220073308,-0.8619484131774695,TIME_LIMIT,623596,0,0,15,22
5,8,3.00441e6,-1.090168232415572,-0.8619484131774695,TIME_LIMIT,623631,0,0,14,9
5,8,3.004515e6,-1.090168232415572,-0.8619484131774695,TIME_LIMIT,623649,0,0,12,9
5,8,3.004563e6,-1.0901646833707548,-0.8619484131774695,TIME_LIMIT,623672,0,0,10,4
5,8,3.004749e6,-1.0901646833707548,-0.8619484131774695,TIME_LIMIT,623700,0,0,15,22
5,8,3.004957e6,-1.090160987951589,-0.8619484131774695,TIME_LIMIT,623735,0,0,11,6
5,8,3.00511e6,-1.090160987951589,-0.8619484131774695,TIME_LIMIT,623763,0,0,17,8
5,8,3.005286e6,-1.0901569529415855,-0.8619484131774695,TIME_LIMIT,623795,0,0,9,4
5,8,3.005364e6,-1.0901569529415855,-0.8619484131774695,TIME_LIMIT,623813,0,0,12,10
5,8,3.005438e6,-1.0901557122066377,-0.8619484131774695,TIME_LIMIT,623830,0,0,6,2
5,8,3.005538e6,-1.0901557122066377,-0.8619484131774695,TIME_LIMIT,623850,0,0,9,7
5,8,3.005604e6,-1.0901536749753808,-0.8619484131774695,TIME_LIMIT,623868,0,0,4,4
5,8,3.005719e6,-1.0901536749753808,-0.8619484131774695,TIME_LIMIT,623891,0,0,16,24
5,8,3.005838e6,-1.0901532886603253,-0.8619484131774695,TIME_LIMIT,623919,0,0,8,6
5,8,3.005894e6,-1.0901532886603253,-0.8619484131774695,TIME_LIMIT,623937,0,0,16,19
5,8,3.006065e6,-1.0901463746279383,-0.8619484131774695,TIME_LIMIT,623970,0,0,8,7
5,8,3.006239e6,-1.0901463746279383,-0.8619484131774695,TIME_LIMIT,623993,0,0,9,11
5,8,3.006319e6,-1.090145242595383,-0.8619484131774695,TIME_LIMIT,624019,0,0,14,5
5,8,3.006398e6,-1.090145242595383,-0.8619484131774695,TIME_LIMIT,624038,0,0,10,5
5,8,3.006547e6,-1.0901441503746647,-0.8619484131774695,TIME_LIMIT,624058,0,0,10,10
5,8,3.006666e6,-1.0901441503746647,-0.8619484131774695,TIME_LIMIT,624080,0,0,15,17
5,8,3.006768e6,-1.0901360986094981,-0.8619484131774695,TIME_LIMIT,624106,0,0,7,3
5,8,3.006984e6,-1.0901360986094981,-0.8619484131774695,TIME_LIMIT,624126,0,0,12,15
5,8,3.00708e6,-1.0901309618511927,-0.8619484131774695,TIME_LIMIT,624153,0,0,10,10
5,8,3.007246e6,-1.0901309618511927,-0.8619484131774695,TIME_LIMIT,624184,0,0,20,14
5,8,3.007421e6,-1.0901237568901292,-0.8619484131774695,TIME_LIMIT,624213,0,0,14,15
5,8,3.007529e6,-1.0901237568901292,-0.8619484131774695,TIME_LIMIT,624243,0,0,15,17
5,8,3.007663e6,-1.0901235193122962,-0.8619484131774695,TIME_LIMIT,624273,0,0,9,6
5,8,3.007846e6,-1.0901235193122962,-0.8619484131774695,TIME_LIMIT,624294,0,0,6,14
5,8,3.007895e6,-1.0901224252555175,-0.8619484131774695,TIME_LIMIT,624313,0,0,9,1
5,8,3.008029e6,-1.0901224252555175,-0.8619484131774695,TIME_LIMIT,624338,0,0,5,7
5,8,3.008252e6,-1.090121182445115,-0.8619484131774695,TIME_LIMIT,624366,0,0,12,15
5,8,3.00834e6,-1.090121182445115,-0.8619484131774695,TIME_LIMIT,624387,0,0,6,8
5,8,3.008407e6,-1.0901187095414682,-0.8619484131774695,TIME_LIMIT,624404,0,0,9,4
5,8,3.008618e6,-1.0901187095414682,-0.8619484131774695,TIME_LIMIT,624428,0,0,18,18
5,8,3.008762e6,-1.090117259006798,-0.8619484131774695,TIME_LIMIT,624465,0,0,7,6
5,8,3.008792e6,-1.090117259006798,-0.8619484131774695,TIME_LIMIT,624478,0,0,6,4
5,8,3.008828e6,-1.0901156972529282,-0.8619484131774695,TIME_LIMIT,624485,0,0,3,2
5,8,3.008917e6,-1.0901156972529282,-0.8619484131774695,TIME_LIMIT,624513,0,0,18,14
5,8,3.009117e6,-1.0901124138249274,-0.8619484131774695,TIME_LIMIT,624543,0,0,19,8
5,8,3.009209e6,-1.0901124138249274,-0.8619484131774695,TIME_LIMIT,624575,0,0,17,8
5,8,3.009447e6,-1.0901087589488743,-0.8619484131774695,TIME_LIMIT,624597,0,0,8,7
5,8,3.009545e6,-1.0901087589488743,-0.8619484131774695,TIME_LIMIT,624622,0,0,18,11
5,8,3.009706e6,-1.0901076091136583,-0.8619484131774695,TIME_LIMIT,624649,0,0,15,7
5,8,3.009912e6,-1.0901076091136583,-0.8619484131774695,TIME_LIMIT,624675,0,0,21,22
5,8,3.010059e6,-1.0901064413449117,-0.8619484131774695,TIME_LIMIT,624705,0,0,8,7
5,8,3.010181e6,-1.0901064413449117,-0.8619484131774695,TIME_LIMIT,624728,0,0,12,15
5,8,3.010301e6,-1.0901039941460822,-0.8619484131774695,TIME_LIMIT,624760,0,0,4,7
5,8,3.010516e6,-1.0901039941460822,-0.8619484131774695,TIME_LIMIT,624781,0,0,17,36
5,8,3.010686e6,-1.0900977824576223,-0.8619484131774695,TIME_LIMIT,624817,0,0,14,7
5,8,3.01081e6,-1.0900977824576223,-0.8619484131774695,TIME_LIMIT,624848,0,0,19,27
5,8,3.010921e6,-1.0900956139311453,-0.8619484131774695,TIME_LIMIT,624877,0,0,15,13
5,8,3.01099e6,-1.0900956139311453,-0.8619484131774695,TIME_LIMIT,624900,0,0,13,12
5,8,3.011153e6,-1.090093711220272,-0.8619484131774695,TIME_LIMIT,624921,0,0,4,4
5,8,3.011252e6,-1.090093711220272,-0.8619484131774695,TIME_LIMIT,624945,0,0,10,15
5,8,3.011334e6,-1.0900878165097647,-0.8619484131774695,TIME_LIMIT,624966,0,0,15,8
5,8,3.011493e6,-1.0900878165097647,-0.8619484131774695,TIME_LIMIT,624990,0,0,18,17
5,8,3.011533e6,-1.090087246286848,-0.8619484131774695,TIME_LIMIT,625012,0,0,12,5
5,8,3.011643e6,-1.090087246286848,-0.8619484131774695,TIME_LIMIT,625031,0,0,16,14
5,8,3.011777e6,-1.090078713631052,-0.8619484131774695,TIME_LIMIT,625065,0,0,9,13
5,8,3.012052e6,-1.090078713631052,-0.8619484131774695,TIME_LIMIT,625090,0,0,13,23
5,8,3.012251e6,-1.0900782439934555,-0.8619484131774695,TIME_LIMIT,625117,0,0,14,15
5,8,3.012464e6,-1.0900782439934555,-0.8619484131774695,TIME_LIMIT,625154,0,0,16,25
5,8,3.012586e6,-1.0900774433619014,-0.8619484131774695,TIME_LIMIT,625177,0,0,11,11
5,8,3.012666e6,-1.0900774433619014,-0.8619484131774695,TIME_LIMIT,625191,0,0,7,13
5,8,3.012779e6,-1.0900759119391743,-0.8619484131774695,TIME_LIMIT,625214,0,0,10,3
5,8,3.012924e6,-1.0900759119391743,-0.8619484131774695,TIME_LIMIT,625236,0,0,13,16
5,8,3.013044e6,-1.0900710429715037,-0.8619484131774695,TIME_LIMIT,625265,0,0,12,14
5,8,3.013122e6,-1.0900710429715037,-0.8619484131774695,TIME_LIMIT,625280,0,0,6,10
5,8,3.013188e6,-1.0900673746760967,-0.8619484131774695,TIME_LIMIT,625305,0,0,4,4
5,8,3.013269e6,-1.0900673746760967,-0.8619484131774695,TIME_LIMIT,625322,0,0,8,4
5,8,3.013324e6,-1.0900652306295702,-0.8619484131774695,TIME_LIMIT,625342,0,0,5,1
5,8,3.013473e6,-1.0900652306295702,-0.8619484131774695,TIME_LIMIT,625360,0,0,18,17
5,8,3.013622e6,-1.0900617430335302,-0.8619484131774695,TIME_LIMIT,625389,0,0,9,6
5,8,3.013727e6,-1.0900617430335302,-0.8619484131774695,TIME_LIMIT,625411,0,0,16,11
5,8,3.01381e6,-1.0900594362768898,-0.8619484131774695,TIME_LIMIT,625438,0,0,18,6
5,8,3.014019e6,-1.0900594362768898,-0.8619484131774695,TIME_LIMIT,625467,0,0,17,5
5,8,3.014106e6,-1.090053035172448,-0.8619484131774695,TIME_LIMIT,625490,0,0,15,9
5,8,3.014158e6,-1.090053035172448,-0.8619484131774695,TIME_LIMIT,625509,0,0,8,17
5,8,3.014246e6,-1.0900523822958084,-0.8619484131774695,TIME_LIMIT,625529,0,0,9,5
5,8,3.014393e6,-1.0900523822958084,-0.8619484131774695,TIME_LIMIT,625550,0,0,13,14
5,8,3.014523e6,-1.0900506299518864,-0.8619484131774695,TIME_LIMIT,625576,0,0,12,11
5,8,3.014619e6,-1.0900506299518864,-0.8619484131774695,TIME_LIMIT,625597,0,0,12,5
5,8,3.014705e6,-1.0900485716878825,-0.8619484131774695,TIME_LIMIT,625627,0,0,5,5
5,8,3.014867e6,-1.0900485716878825,-0.8619484131774695,TIME_LIMIT,625654,0,0,14,25
5,8,3.015009e6,-1.0900441585751899,-0.8619484131774695,TIME_LIMIT,625681,0,0,16,6
5,8,3.015138e6,-1.0900441585751899,-0.8619484131774695,TIME_LIMIT,625703,0,0,14,9
5,8,3.015175e6,-1.0900337979055466,-0.8619484131774695,TIME_LIMIT,625716,0,0,6,9
5,8,3.015231e6,-1.0900337979055466,-0.8619484131774695,TIME_LIMIT,625732,0,0,11,10
5,8,3.015304e6,-1.0900334276993904,-0.8619484131774695,TIME_LIMIT,625753,0,0,14,6
5,8,3.015464e6,-1.0900334276993904,-0.8619484131774695,TIME_LIMIT,625779,0,0,11,14
5,8,3.015763e6,-1.0900324947881508,-0.8619484131774695,TIME_LIMIT,625819,0,0,8,12
5,8,3.015862e6,-1.0900324947881508,-0.8619484131774695,TIME_LIMIT,625835,0,0,7,6
5,8,3.015951e6,-1.09003232943205,-0.8619484131774695,TIME_LIMIT,625857,0,0,9,5
5,8,3.01617e6,-1.09003232943205,-0.8619484131774695,TIME_LIMIT,625879,0,0,13,6
5,8,3.016277e6,-1.0900277604062478,-0.8619484131774695,TIME_LIMIT,625896,0,0,4,5
5,8,3.01632e6,-1.0900277604062478,-0.8619484131774695,TIME_LIMIT,625911,0,0,8,5
5,8,3.016384e6,-1.0900263057265138,-0.8619484131774695,TIME_LIMIT,625928,0,0,6,3
5,8,3.016593e6,-1.0900263057265138,-0.8619484131774695,TIME_LIMIT,625955,0,0,22,18
5,8,3.016805e6,-1.0900261390664725,-0.8619484131774695,TIME_LIMIT,625978,0,0,14,9
5,8,3.016921e6,-1.0900261390664725,-0.8619484131774695,TIME_LIMIT,625997,0,0,10,10
5,8,3.017153e6,-1.0900168500108878,-0.8619484131774695,TIME_LIMIT,626036,0,0,14,8
5,8,3.017277e6,-1.0900168500108878,-0.8619484131774695,TIME_LIMIT,626056,0,0,7,11
5,8,3.017444e6,-1.0900132903616875,-0.8619484131774695,TIME_LIMIT,626082,0,0,10,5
5,8,3.017655e6,-1.0900132903616875,-0.8619484131774695,TIME_LIMIT,626107,0,0,14,22
5,8,3.01776e6,-1.0900059599839584,-0.8619484131774695,TIME_LIMIT,626144,0,0,11,9
5,8,3.01805e6,-1.0900059599839584,-0.8619484131774695,TIME_LIMIT,626162,0,0,15,22
5,8,3.018168e6,-1.0900030497248006,-0.8619484131774695,TIME_LIMIT,626194,0,0,10,2
5,8,3.018317e6,-1.0900030497248006,-0.8619484131774695,TIME_LIMIT,626222,0,0,5,6
5,8,3.01841e6,-1.0900002547999876,-0.8619484131774695,TIME_LIMIT,626235,0,0,2,1
5,8,3.018605e6,-1.0900002547999876,-0.8619484131774695,TIME_LIMIT,626260,0,0,18,23
5,8,3.018712e6,-1.0899982523308056,-0.8619484131774695,TIME_LIMIT,626284,0,0,12,8
5,8,3.018808e6,-1.0899982523308056,-0.8619484131774695,TIME_LIMIT,626301,0,0,10,22
5,8,3.018937e6,-1.0899964973052467,-0.8619484131774695,TIME_LIMIT,626331,0,0,9,13
5,8,3.019044e6,-1.0899964973052467,-0.8619484131774695,TIME_LIMIT,626347,0,0,8,8
5,8,3.019205e6,-1.0899943928672822,-0.8619484131774695,TIME_LIMIT,626374,0,0,5,6
5,8,3.019286e6,-1.0899943928672822,-0.8619484131774695,TIME_LIMIT,626401,0,0,15,15
5,8,3.019433e6,-1.0899927842968469,-0.8619484131774695,TIME_LIMIT,626418,0,0,8,2
5,8,3.019572e6,-1.0899927842968469,-0.8619484131774695,TIME_LIMIT,626441,0,0,13,14
5,8,3.019719e6,-1.0899825160354233,-0.8619484131774695,TIME_LIMIT,626463,0,0,16,2
5,8,3.019949e6,-1.0899825160354233,-0.8619484131774695,TIME_LIMIT,626486,0,0,15,15
5,8,3.020162e6,-1.0899824045229092,-0.8619484131774695,TIME_LIMIT,626521,0,0,8,15
5,8,3.020373e6,-1.0899824045229092,-0.8619484131774695,TIME_LIMIT,626547,0,0,13,8
5,8,3.020483e6,-1.0899822384335636,-0.8619484131774695,TIME_LIMIT,626569,0,0,11,2
5,8,3.020623e6,-1.0899822384335636,-0.8619484131774695,TIME_LIMIT,626598,0,0,15,3
5,8,3.020705e6,-1.0899777979178014,-0.8619484131774695,TIME_LIMIT,626619,0,0,14,3
5,8,3.020855e6,-1.0899777979178014,-0.8619484131774695,TIME_LIMIT,626641,0,0,8,15
5,8,3.020949e6,-1.0899774562661768,-0.8619484131774695,TIME_LIMIT,626660,0,0,10,4
5,8,3.021005e6,-1.0899774562661768,-0.8619484131774695,TIME_LIMIT,626685,0,0,13,13
5,8,3.021087e6,-1.0899759968846223,-0.8619484131774695,TIME_LIMIT,626713,0,0,12,13
5,8,3.021313e6,-1.0899759968846223,-0.8619484131774695,TIME_LIMIT,626736,0,0,16,19
5,8,3.021555e6,-1.0899711998933403,-0.8619484131774695,TIME_LIMIT,626771,0,0,20,14
5,8,3.021659e6,-1.0899711998933403,-0.8619484131774695,TIME_LIMIT,626792,0,0,11,8
5,8,3.021745e6,-1.0899708272812745,-0.8619484131774695,TIME_LIMIT,626809,0,0,7,4
5,8,3.021802e6,-1.0899708272812745,-0.8619484131774695,TIME_LIMIT,626835,0,0,10,10
5,8,3.022006e6,-1.0899700963833814,-0.8619484131774695,TIME_LIMIT,626853,0,0,11,9
5,8,3.022066e6,-1.0899700963833814,-0.8619484131774695,TIME_LIMIT,626868,0,0,3,4
5,8,3.022101e6,-1.0899679443163146,-0.8619484131774695,TIME_LIMIT,626884,0,0,4,8
5,8,3.02221e6,-1.0899679443163146,-0.8619484131774695,TIME_LIMIT,626908,0,0,13,7
5,8,3.022273e6,-1.0899638856668092,-0.8619484131774695,TIME_LIMIT,626926,0,0,7,2
5,8,3.022481e6,-1.0899638856668092,-0.8619484131774695,TIME_LIMIT,626948,0,0,17,18
5,8,3.022589e6,-1.0899611128509474,-0.8619484131774695,TIME_LIMIT,626969,0,0,14,9
5,8,3.022813e6,-1.0899611128509474,-0.8619484131774695,TIME_LIMIT,626990,0,0,18,19
5,8,3.023044e6,-1.0899572056481253,-0.8619484131774695,TIME_LIMIT,627022,0,0,16,10
5,8,3.023178e6,-1.0899572056481253,-0.8619484131774695,TIME_LIMIT,627041,0,0,8,7
5,8,3.023218e6,-1.089953265907361,-0.8619484131774695,TIME_LIMIT,627057,0,0,6,3
5,8,3.023428e6,-1.089953265907361,-0.8619484131774695,TIME_LIMIT,627085,0,0,17,13
5,8,3.023621e6,-1.0899472074251744,-0.8619484131774695,TIME_LIMIT,627108,0,0,14,11
5,8,3.023765e6,-1.0899472074251744,-0.8619484131774695,TIME_LIMIT,627139,0,0,19,23
5,8,3.023846e6,-1.0899461410023918,-0.8619484131774695,TIME_LIMIT,627161,0,0,14,7
5,8,3.023947e6,-1.0899461410023918,-0.8619484131774695,TIME_LIMIT,627183,0,0,11,5
5,8,3.023998e6,-1.0899339384214994,-0.8619484131774695,TIME_LIMIT,627200,0,0,4,5
5,8,3.024117e6,-1.0899339384214994,-0.8619484131774695,TIME_LIMIT,627221,0,0,9,8
5,8,3.024215e6,-1.0899239079980176,-0.8619484131774695,TIME_LIMIT,627242,0,0,11,2
5,8,3.024426e6,-1.0899239079980176,-0.8619484131774695,TIME_LIMIT,627272,0,0,17,19
5,8,3.024599e6,-1.0899218238920423,-0.8619484131774695,TIME_LIMIT,627295,0,0,15,14
5,8,3.024881e6,-1.0899218238920423,-0.8619484131774695,TIME_LIMIT,627318,0,0,17,10
5,8,3.024964e6,-1.0899191735279674,-0.8619484131774695,TIME_LIMIT,627348,0,0,15,9
5,8,3.025155e6,-1.0899191735279674,-0.8619484131774695,TIME_LIMIT,627378,0,0,17,11
5,8,3.025249e6,-1.0899082755799943,-0.8619484131774695,TIME_LIMIT,627399,0,0,11,10
5,8,3.025395e6,-1.0899082755799943,-0.8619484131774695,TIME_LIMIT,627424,0,0,17,20
5,8,3.025492e6,-1.0899078816350456,-0.8619484131774695,TIME_LIMIT,627452,0,0,12,6
5,8,3.025612e6,-1.0899078816350456,-0.8619484131774695,TIME_LIMIT,627481,0,0,18,12
5,8,3.025746e6,-1.0899070586422372,-0.8619484131774695,TIME_LIMIT,627501,0,0,6,6
5,8,3.025886e6,-1.0899070586422372,-0.8619484131774695,TIME_LIMIT,627530,0,0,12,4
5,8,3.025978e6,-1.0899030038231268,-0.8619484131774695,TIME_LIMIT,627550,0,0,8,8
5,8,3.026191e6,-1.0899030038231268,-0.8619484131774695,TIME_LIMIT,627582,0,0,11,12
5,8,3.026402e6,-1.0899023750819348,-0.8619484131774695,TIME_LIMIT,627608,0,0,6,5
5,8,3.026476e6,-1.0899023750819348,-0.8619484131774695,TIME_LIMIT,627629,0,0,11,2
5,8,3.026545e6,-1.0898975257644978,-0.8619484131774695,TIME_LIMIT,627641,0,0,6,5
5,8,3.026667e6,-1.0898975257644978,-0.8619484131774695,TIME_LIMIT,627670,0,0,16,9
5,8,3.026836e6,-1.0898952914929185,-0.8619484131774695,TIME_LIMIT,627689,0,0,10,11
5,8,3.027001e6,-1.0898952914929185,-0.8619484131774695,TIME_LIMIT,627719,0,0,16,26
5,8,3.027223e6,-1.0898913532204924,-0.8619484131774695,TIME_LIMIT,627752,0,0,15,14
5,8,3.027438e6,-1.0898913532204924,-0.8619484131774695,TIME_LIMIT,627773,0,0,12,9
5,8,3.027603e6,-1.0898875557091514,-0.8619484131774695,TIME_LIMIT,627793,0,0,6,4
5,8,3.027816e6,-1.0898875557091514,-0.8619484131774695,TIME_LIMIT,627827,0,0,12,21
5,8,3.027919e6,-1.0898860096864582,-0.8619484131774695,TIME_LIMIT,627853,0,0,15,6
5,8,3.027979e6,-1.0898860096864582,-0.8619484131774695,TIME_LIMIT,627874,0,0,23,7
5,8,3.028137e6,-1.0898830722312516,-0.8619484131774695,TIME_LIMIT,627904,0,0,8,4
5,8,3.028273e6,-1.0898830722312516,-0.8619484131774695,TIME_LIMIT,627927,0,0,13,21
5,8,3.028417e6,-1.0898808621810367,-0.8619484131774695,TIME_LIMIT,627958,0,0,12,8
5,8,3.028622e6,-1.0898808621810367,-0.8619484131774695,TIME_LIMIT,627983,0,0,12,9
5,8,3.028688e6,-1.0898718126077083,-0.8619484131774695,TIME_LIMIT,628003,0,0,11,11
5,8,3.028844e6,-1.0898718126077083,-0.8619484131774695,TIME_LIMIT,628029,0,0,8,13
5,8,3.029016e6,-1.089871657478951,-0.8619484131774695,TIME_LIMIT,628052,0,0,10,7
5,8,3.029087e6,-1.089871657478951,-0.8619484131774695,TIME_LIMIT,628071,0,0,8,6
5,8,3.02919e6,-1.0898576437083551,-0.8619484131774695,TIME_LIMIT,628094,0,0,7,7
5,8,3.029286e6,-1.0898576437083551,-0.8619484131774695,TIME_LIMIT,628121,0,0,5,6
5,8,3.02933e6,-1.0898537806022173,-0.8619484131774695,TIME_LIMIT,628138,0,0,8,4
5,8,3.029448e6,-1.0898537806022173,-0.8619484131774695,TIME_LIMIT,628155,0,0,13,9
5,8,3.029559e6,-1.0898537747243164,-0.8619484131774695,TIME_LIMIT,628188,0,0,14,7
5,8,3.029623e6,-1.0898537747243164,-0.8619484131774695,TIME_LIMIT,628207,0,0,3,6
5,8,3.029726e6,-1.0898376187090193,-0.8619484131774695,TIME_LIMIT,628229,0,0,2,2
5,8,3.029806e6,-1.0898376187090193,-0.8619484131774695,TIME_LIMIT,628249,0,0,11,11
5,8,3.029882e6,-1.0898373282013627,-0.8619484131774695,TIME_LIMIT,628266,0,0,9,1
5,8,3.03003e6,-1.0898373282013627,-0.8619484131774695,TIME_LIMIT,628288,0,0,19,12
5,8,3.030101e6,-1.0898346889178754,-0.8619484131774695,TIME_LIMIT,628308,0,0,13,6
5,8,3.030214e6,-1.0898346889178754,-0.8619484131774695,TIME_LIMIT,628340,0,0,17,15
5,8,3.03039e6,-1.08983226523537,-0.8619484131774695,TIME_LIMIT,628371,0,0,14,4
5,8,3.030518e6,-1.08983226523537,-0.8619484131774695,TIME_LIMIT,628394,0,0,10,9
5,8,3.030636e6,-1.0898316731436775,-0.8619484131774695,TIME_LIMIT,628410,0,0,6,2
5,8,3.030783e6,-1.0898316731436775,-0.8619484131774695,TIME_LIMIT,628442,0,0,10,14
5,8,3.030938e6,-1.089826530015197,-0.8619484131774695,TIME_LIMIT,628473,0,0,13,7
5,8,3.031087e6,-1.089826530015197,-0.8619484131774695,TIME_LIMIT,628507,0,0,17,13
5,8,3.031189e6,-1.0898260819830483,-0.8619484131774695,TIME_LIMIT,628528,0,0,9,8
5,8,3.031281e6,-1.0898260819830483,-0.8619484131774695,TIME_LIMIT,628546,0,0,11,3
5,8,3.031349e6,-1.0898249140153784,-0.8619484131774695,TIME_LIMIT,628558,0,0,7,5
5,8,3.031438e6,-1.0898249140153784,-0.8619484131774695,TIME_LIMIT,628574,0,0,12,10
5,8,3.031486e6,-1.0898219306147823,-0.8619484131774695,TIME_LIMIT,628590,0,0,7,2
5,8,3.031586e6,-1.0898219306147823,-0.8619484131774695,TIME_LIMIT,628610,0,0,16,13
5,8,3.031771e6,-1.0898217228731466,-0.8619484131774695,TIME_LIMIT,628645,0,0,11,4
5,8,3.031905e6,-1.0898217228731466,-0.8619484131774695,TIME_LIMIT,628669,0,0,6,9
5,8,3.031985e6,-1.0898200453328672,-0.8619484131774695,TIME_LIMIT,628691,0,0,10,3
5,8,3.032119e6,-1.0898200453328672,-0.8619484131774695,TIME_LIMIT,628710,0,0,5,13
5,8,3.032197e6,-1.0898063250578605,-0.8619484131774695,TIME_LIMIT,628724,0,0,5,0
5,8,3.03238e6,-1.0898063250578605,-0.8619484131774695,TIME_LIMIT,628752,0,0,19,15
5,8,3.032538e6,-1.0898046776765673,-0.8619484131774695,TIME_LIMIT,628780,0,0,14,7
5,8,3.032746e6,-1.0898046776765673,-0.8619484131774695,TIME_LIMIT,628802,0,0,11,6
5,8,3.032817e6,-1.089800830369291,-0.8619484131774695,TIME_LIMIT,628819,0,0,3,9
5,8,3.032861e6,-1.089800830369291,-0.8619484131774695,TIME_LIMIT,628839,0,0,9,9
5,8,3.033086e6,-1.089799946116025,-0.8619484131774695,TIME_LIMIT,628869,0,0,8,9
5,8,3.033152e6,-1.089799946116025,-0.8619484131774695,TIME_LIMIT,628888,0,0,9,8
5,8,3.033221e6,-1.089798766849702,-0.8619484131774695,TIME_LIMIT,628900,0,0,4,1
5,8,3.033377e6,-1.089798766849702,-0.8619484131774695,TIME_LIMIT,628928,0,0,19,19
5,8,3.033503e6,-1.0897942727698808,-0.8619484131774695,TIME_LIMIT,628961,0,0,13,13
5,8,3.033575e6,-1.0897942727698808,-0.8619484131774695,TIME_LIMIT,628983,0,0,12,10
5,8,3.033646e6,-1.0897928213595485,-0.8619484131774695,TIME_LIMIT,629003,0,0,15,10
5,8,3.0337e6,-1.0897928213595485,-0.8619484131774695,TIME_LIMIT,629015,0,0,6,4
5,8,3.033775e6,-1.0897886895986626,-0.8619484131774695,TIME_LIMIT,629027,0,0,5,0
5,8,3.033833e6,-1.0897886895986626,-0.8619484131774695,TIME_LIMIT,629049,0,0,12,9
5,8,3.033935e6,-1.0897854617333032,-0.8619484131774695,TIME_LIMIT,629073,0,0,10,10
5,8,3.034049e6,-1.0897854617333032,-0.8619484131774695,TIME_LIMIT,629093,0,0,13,7
5,8,3.034095e6,-1.0897806223559476,-0.8619484131774695,TIME_LIMIT,629119,0,0,14,4
5,8,3.034197e6,-1.0897806223559476,-0.8619484131774695,TIME_LIMIT,629144,0,0,19,11
5,8,3.034326e6,-1.0897762468392018,-0.8619484131774695,TIME_LIMIT,629174,0,0,11,8
5,8,3.034434e6,-1.0897762468392018,-0.8619484131774695,TIME_LIMIT,629201,0,0,9,15
5,8,3.034517e6,-1.0897758313045545,-0.8619484131774695,TIME_LIMIT,629228,0,0,11,7
5,8,3.034729e6,-1.0897758313045545,-0.8619484131774695,TIME_LIMIT,629258,0,0,19,9
5,8,3.034846e6,-1.0897720840833773,-0.8619484131774695,TIME_LIMIT,629287,0,0,6,11
5,8,3.035058e6,-1.0897720840833773,-0.8619484131774695,TIME_LIMIT,629313,0,0,18,18
5,8,3.035146e6,-1.0897719933976262,-0.8619484131774695,TIME_LIMIT,629342,0,0,14,2
5,8,3.035237e6,-1.0897719933976262,-0.8619484131774695,TIME_LIMIT,629368,0,0,9,17
5,8,3.035404e6,-1.0897646206149536,-0.8619484131774695,TIME_LIMIT,629397,0,0,12,13
5,8,3.035499e6,-1.0897646206149536,-0.8619484131774695,TIME_LIMIT,629419,0,0,8,4
5,8,3.035547e6,-1.0897611156511968,-0.8619484131774695,TIME_LIMIT,629435,0,0,10,6
5,8,3.035646e6,-1.0897611156511968,-0.8619484131774695,TIME_LIMIT,629462,0,0,21,9
5,8,3.035858e6,-1.0897575061996272,-0.8619484131774695,TIME_LIMIT,629486,0,0,11,21
5,8,3.035961e6,-1.0897575061996272,-0.8619484131774695,TIME_LIMIT,629510,0,0,10,8
5,8,3.035999e6,-1.0897508739628687,-0.8619484131774695,TIME_LIMIT,629524,0,0,1,0
5,8,3.036054e6,-1.0897508739628687,-0.8619484131774695,TIME_LIMIT,629542,0,0,11,10
5,8,3.03612e6,-1.089748634765549,-0.8619484131774695,TIME_LIMIT,629561,0,0,7,2
5,8,3.036213e6,-1.089748634765549,-0.8619484131774695,TIME_LIMIT,629579,0,0,25,22
5,8,3.036344e6,-1.0897461271200988,-0.8619484131774695,TIME_LIMIT,629619,0,0,7,9
5,8,3.036458e6,-1.0897461271200988,-0.8619484131774695,TIME_LIMIT,629642,0,0,13,3
5,8,3.03654e6,-1.0897402801754394,-0.8619484131774695,TIME_LIMIT,629667,0,0,4,2
5,8,3.036719e6,-1.0897402801754394,-0.8619484131774695,TIME_LIMIT,629690,0,0,16,15
5,8,3.036948e6,-1.0897372959964708,-0.8619484131774695,TIME_LIMIT,629716,0,0,17,8
5,8,3.037054e6,-1.0897372959964708,-0.8619484131774695,TIME_LIMIT,629736,0,0,9,6
5,8,3.037086e6,-1.0897372031835646,-0.8619484131774695,TIME_LIMIT,629754,0,0,7,2
5,8,3.037225e6,-1.0897372031835646,-0.8619484131774695,TIME_LIMIT,629781,0,0,13,14
5,8,3.037319e6,-1.089729815840493,-0.8619484131774695,TIME_LIMIT,629813,0,0,2,12
5,8,3.037369e6,-1.089729815840493,-0.8619484131774695,TIME_LIMIT,629836,0,0,12,22
5,8,3.037484e6,-1.0897198914974442,-0.8619484131774695,TIME_LIMIT,629859,0,0,13,12
5,8,3.037624e6,-1.0897198914974442,-0.8619484131774695,TIME_LIMIT,629885,0,0,20,21
5,8,3.037725e6,-1.0897195588116912,-0.8619484131774695,TIME_LIMIT,629915,0,0,11,4
5,8,3.037867e6,-1.0897195588116912,-0.8619484131774695,TIME_LIMIT,629938,0,0,14,19
5,8,3.037907e6,-1.0897134423588533,-0.8619484131774695,TIME_LIMIT,629954,0,0,6,5
5,8,3.038014e6,-1.0897134423588533,-0.8619484131774695,TIME_LIMIT,629974,0,0,9,8
5,8,3.038194e6,-1.0897119642693565,-0.8619484131774695,TIME_LIMIT,630008,0,0,12,11
5,8,3.038295e6,-1.0897119642693565,-0.8619484131774695,TIME_LIMIT,630025,0,0,8,13
5,8,3.03844e6,-1.089711041941177,-0.8619484131774695,TIME_LIMIT,630046,0,0,5,2
5,8,3.038583e6,-1.089711041941177,-0.8619484131774695,TIME_LIMIT,630067,0,0,19,19
5,8,3.038783e6,-1.0897103275142843,-0.8619484131774695,TIME_LIMIT,630105,0,0,11,6
5,8,3.038883e6,-1.0897103275142843,-0.8619484131774695,TIME_LIMIT,630126,0,0,6,9
5,8,3.038956e6,-1.0897024132032795,-0.8619484131774695,TIME_LIMIT,630146,0,0,6,6
5,8,3.039167e6,-1.0897024132032795,-0.8619484131774695,TIME_LIMIT,630174,0,0,20,14
5,8,3.039315e6,-1.089693952258392,-0.8619484131774695,TIME_LIMIT,630201,0,0,17,11
5,8,3.039424e6,-1.089693952258392,-0.8619484131774695,TIME_LIMIT,630219,0,0,8,12
5,8,3.039545e6,-1.0896931266432937,-0.8619484131774695,TIME_LIMIT,630243,0,0,3,4
5,8,3.039727e6,-1.0896931266432937,-0.8619484131774695,TIME_LIMIT,630273,0,0,14,12
5,8,3.039841e6,-1.0896931050178764,-0.8619484131774695,TIME_LIMIT,630300,0,0,10,3
5,8,3.039899e6,-1.0896931050178764,-0.8619484131774695,TIME_LIMIT,630321,0,0,9,10
5,8,3.040062e6,-1.089690837435477,-0.8619484131774695,TIME_LIMIT,630344,0,0,13,6
5,8,3.040127e6,-1.089690837435477,-0.8619484131774695,TIME_LIMIT,630367,0,0,11,27
5,8,3.040254e6,-1.0896869667846345,-0.8619484131774695,TIME_LIMIT,630404,0,0,12,11
5,8,3.040427e6,-1.0896869667846345,-0.8619484131774695,TIME_LIMIT,630432,0,0,17,15
5,8,3.040557e6,-1.0896810777826804,-0.8619484131774695,TIME_LIMIT,630462,0,0,16,9
5,8,3.040752e6,-1.0896810777826804,-0.8619484131774695,TIME_LIMIT,630483,0,0,13,17
5,8,3.040944e6,-1.0896801615998841,-0.8619484131774695,TIME_LIMIT,630516,0,0,18,6
5,8,3.041072e6,-1.0896801615998841,-0.8619484131774695,TIME_LIMIT,630531,0,0,12,11
5,8,3.041129e6,-1.0896756941173429,-0.8619484131774695,TIME_LIMIT,630550,0,0,9,4
5,8,3.04119e6,-1.0896756941173429,-0.8619484131774695,TIME_LIMIT,630575,0,0,12,7
5,8,3.041368e6,-1.0896725049207663,-0.8619484131774695,TIME_LIMIT,630605,0,0,10,2
5,8,3.04148e6,-1.0896725049207663,-0.8619484131774695,TIME_LIMIT,630628,0,0,13,6
5,8,3.041561e6,-1.0896646710720952,-0.8619484131774695,TIME_LIMIT,630644,0,0,6,2
5,8,3.041736e6,-1.0896646710720952,-0.8619484131774695,TIME_LIMIT,630677,0,0,21,14
5,8,3.04193e6,-1.0896643888433188,-0.8619484131774695,TIME_LIMIT,630708,0,0,10,7
5,8,3.042008e6,-1.0896643888433188,-0.8619484131774695,TIME_LIMIT,630728,0,0,13,10
5,8,3.042141e6,-1.0896635894103333,-0.8619484131774695,TIME_LIMIT,630758,0,0,8,7
5,8,3.042337e6,-1.0896635894103333,-0.8619484131774695,TIME_LIMIT,630781,0,0,7,8
5,8,3.042423e6,-1.08966293873565,-0.8619484131774695,TIME_LIMIT,630799,0,0,10,11
5,8,3.042476e6,-1.08966293873565,-0.8619484131774695,TIME_LIMIT,630816,0,0,8,4
5,8,3.042525e6,-1.0896584375697804,-0.8619484131774695,TIME_LIMIT,630830,0,0,9,5
5,8,3.042645e6,-1.0896584375697804,-0.8619484131774695,TIME_LIMIT,630850,0,0,11,9
5,8,3.042753e6,-1.0896555334692974,-0.8619484131774695,TIME_LIMIT,630881,0,0,7,5
5,8,3.042863e6,-1.0896555334692974,-0.8619484131774695,TIME_LIMIT,630897,0,0,4,4
5,8,3.043053e6,-1.089654526244395,-0.8619484131774695,TIME_LIMIT,630924,0,0,15,7
5,8,3.043158e6,-1.089654526244395,-0.8619484131774695,TIME_LIMIT,630951,0,0,17,15
5,8,3.043286e6,-1.0896541813991902,-0.8619484131774695,TIME_LIMIT,630986,0,0,13,14
5,8,3.043395e6,-1.0896541813991902,-0.8619484131774695,TIME_LIMIT,631002,0,0,8,14
5,8,3.043449e6,-1.0896479678253679,-0.8619484131774695,TIME_LIMIT,631017,0,0,8,0
5,8,3.043558e6,-1.0896479678253679,-0.8619484131774695,TIME_LIMIT,631039,0,0,7,7
5,8,3.043628e6,-1.0896408194582845,-0.8619484131774695,TIME_LIMIT,631064,0,0,9,6
5,8,3.043831e6,-1.0896408194582845,-0.8619484131774695,TIME_LIMIT,631089,0,0,8,13
5,8,3.044043e6,-1.089640815169102,-0.8619484131774695,TIME_LIMIT,631122,0,0,6,11
5,8,3.044259e6,-1.089640815169102,-0.8619484131774695,TIME_LIMIT,631143,0,0,22,30
5,8,3.044415e6,-1.0896354839420734,-0.8619484131774695,TIME_LIMIT,631179,0,0,18,8
5,8,3.044504e6,-1.0896354839420734,-0.8619484131774695,TIME_LIMIT,631197,0,0,10,10
5,8,3.044563e6,-1.089631518856136,-0.8619484131774695,TIME_LIMIT,631216,0,0,12,7
5,8,3.044638e6,-1.089631518856136,-0.8619484131774695,TIME_LIMIT,631234,0,0,6,14
5,8,3.044682e6,-1.0896272767144475,-0.8619484131774695,TIME_LIMIT,631251,0,0,7,2
5,8,3.044782e6,-1.0896272767144475,-0.8619484131774695,TIME_LIMIT,631275,0,0,9,8
5,8,3.044902e6,-1.0896241482401952,-0.8619484131774695,TIME_LIMIT,631299,0,0,11,5
5,8,3.04502e6,-1.0896241482401952,-0.8619484131774695,TIME_LIMIT,631317,0,0,16,10
5,8,3.045106e6,-1.089616907252258,-0.8619484131774695,TIME_LIMIT,631341,0,0,11,2
5,8,3.045283e6,-1.089616907252258,-0.8619484131774695,TIME_LIMIT,631370,0,0,20,13
5,8,3.045361e6,-1.089616670027719,-0.8619484131774695,TIME_LIMIT,631391,0,0,14,7
5,8,3.045438e6,-1.089616670027719,-0.8619484131774695,TIME_LIMIT,631415,0,0,18,13
5,8,3.045609e6,-1.0896143810422019,-0.8619484131774695,TIME_LIMIT,631444,0,0,10,9
5,8,3.045796e6,-1.0896143810422019,-0.8619484131774695,TIME_LIMIT,631467,0,0,7,19
5,8,3.045929e6,-1.0896132372014455,-0.8619484131774695,TIME_LIMIT,631504,0,0,12,11
5,8,3.046049e6,-1.0896132372014455,-0.8619484131774695,TIME_LIMIT,631531,0,0,11,9
5,8,3.04612e6,-1.0896119195157392,-0.8619484131774695,TIME_LIMIT,631545,0,0,7,1
5,8,3.04633e6,-1.0896119195157392,-0.8619484131774695,TIME_LIMIT,631567,0,0,11,15
5,8,3.046507e6,-1.0896063673229313,-0.8619484131774695,TIME_LIMIT,631595,0,0,17,14
5,8,3.046641e6,-1.0896063673229313,-0.8619484131774695,TIME_LIMIT,631614,0,0,8,7
5,8,3.046679e6,-1.089604516210302,-0.8619484131774695,TIME_LIMIT,631630,0,0,8,1
5,8,3.046883e6,-1.089604516210302,-0.8619484131774695,TIME_LIMIT,631654,0,0,11,18
5,8,3.04709e6,-1.0896026480108387,-0.8619484131774695,TIME_LIMIT,631685,0,0,7,9
5,8,3.047204e6,-1.0896026480108387,-0.8619484131774695,TIME_LIMIT,631705,0,0,13,7
5,8,3.047262e6,-1.089601484555664,-0.8619484131774695,TIME_LIMIT,631725,0,0,8,4
5,8,3.047352e6,-1.089601484555664,-0.8619484131774695,TIME_LIMIT,631747,0,0,15,6
5,8,3.047473e6,-1.0896007845508149,-0.8619484131774695,TIME_LIMIT,631764,0,0,12,4
5,8,3.047627e6,-1.0896007845508149,-0.8619484131774695,TIME_LIMIT,631788,0,0,9,6
5,8,3.047707e6,-1.089598392208091,-0.8619484131774695,TIME_LIMIT,631807,0,0,11,5
5,8,3.047862e6,-1.089598392208091,-0.8619484131774695,TIME_LIMIT,631833,0,0,17,12
5,8,3.048038e6,-1.0895950708847124,-0.8619484131774695,TIME_LIMIT,631857,0,0,11,13
5,8,3.048137e6,-1.0895950708847124,-0.8619484131774695,TIME_LIMIT,631874,0,0,20,14
5,8,3.04832e6,-1.0895938864929238,-0.8619484131774695,TIME_LIMIT,631911,0,0,17,3
5,8,3.048458e6,-1.0895938864929238,-0.8619484131774695,TIME_LIMIT,631928,0,0,13,9
5,8,3.048564e6,-1.0895921294033957,-0.8619484131774695,TIME_LIMIT,631951,0,0,10,4
5,8,3.048682e6,-1.0895921294033957,-0.8619484131774695,TIME_LIMIT,631977,0,0,10,14
5,8,3.04885e6,-1.0895905209459018,-0.8619484131774695,TIME_LIMIT,632001,0,0,11,5
5,8,3.04906e6,-1.0895905209459018,-0.8619484131774695,TIME_LIMIT,632024,0,0,12,13
5,8,3.049252e6,-1.0895878016977754,-0.8619484131774695,TIME_LIMIT,632048,0,0,16,6
5,8,3.049356e6,-1.0895878016977754,-0.8619484131774695,TIME_LIMIT,632064,0,0,10,5
5,8,3.049424e6,-1.0895861015472026,-0.8619484131774695,TIME_LIMIT,632075,0,0,3,0
5,8,3.049553e6,-1.0895861015472026,-0.8619484131774695,TIME_LIMIT,632102,0,0,10,7
5,8,3.049658e6,-1.0895842472355453,-0.8619484131774695,TIME_LIMIT,632130,0,0,11,9
5,8,3.049726e6,-1.0895842472355453,-0.8619484131774695,TIME_LIMIT,632151,0,0,5,10
5,8,3.04983e6,-1.0895839136951242,-0.8619484131774695,TIME_LIMIT,632175,0,0,7,12
5,8,3.049956e6,-1.0895839136951242,-0.8619484131774695,TIME_LIMIT,632203,0,0,14,4
5,8,3.050053e6,-1.0895829240948331,-0.8619484131774695,TIME_LIMIT,632228,0,0,11,8
5,8,3.050173e6,-1.0895829240948331,-0.8619484131774695,TIME_LIMIT,632252,0,0,10,11
5,8,3.050354e6,-1.0895777860914861,-0.8619484131774695,TIME_LIMIT,632273,0,0,9,6
5,8,3.050453e6,-1.0895777860914861,-0.8619484131774695,TIME_LIMIT,632300,0,0,23,27
5,8,3.050662e6,-1.0895770706038115,-0.8619484131774695,TIME_LIMIT,632333,0,0,12,11
5,8,3.050744e6,-1.0895770706038115,-0.8619484131774695,TIME_LIMIT,632356,0,0,17,15
5,8,3.0508e6,-1.0895607671029066,-0.8619484131774695,TIME_LIMIT,632377,0,0,3,1
5,8,3.050916e6,-1.0895607671029066,-0.8619484131774695,TIME_LIMIT,632396,0,0,16,15
5,8,3.051105e6,-1.0895600347466445,-0.8619484131774695,TIME_LIMIT,632418,0,0,15,11
5,8,3.05128e6,-1.0895600347466445,-0.8619484131774695,TIME_LIMIT,632436,0,0,15,16
5,8,3.051486e6,-1.0895570514935926,-0.8619484131774695,TIME_LIMIT,632466,0,0,6,2
5,8,3.051684e6,-1.0895570514935926,-0.8619484131774695,TIME_LIMIT,632501,0,0,15,11
5,8,3.051898e6,-1.0895553121583277,-0.8619484131774695,TIME_LIMIT,632531,0,0,17,24
5,8,3.051934e6,-1.0895553121583277,-0.8619484131774695,TIME_LIMIT,632549,0,0,7,7
5,8,3.052014e6,-1.0895457289970356,-0.8619484131774695,TIME_LIMIT,632568,0,0,8,4
5,8,3.052117e6,-1.0895457289970356,-0.8619484131774695,TIME_LIMIT,632588,0,0,8,5
5,8,3.052146e6,-1.0895449153781667,-0.8619484131774695,TIME_LIMIT,632598,0,0,4,5
5,8,3.052326e6,-1.0895449153781667,-0.8619484131774695,TIME_LIMIT,632627,0,0,16,21
5,8,3.052548e6,-1.0895428950939605,-0.8619484131774695,TIME_LIMIT,632659,0,0,11,6
5,8,3.05277e6,-1.0895428950939605,-0.8619484131774695,TIME_LIMIT,632683,0,0,13,17
5,8,3.052952e6,-1.0895423532344384,-0.8619484131774695,TIME_LIMIT,632706,0,0,18,10
5,8,3.053077e6,-1.0895423532344384,-0.8619484131774695,TIME_LIMIT,632736,0,0,18,16
5,8,3.053236e6,-1.0895383340083535,-0.8619484131774695,TIME_LIMIT,632759,0,0,12,13
5,8,3.053334e6,-1.0895383340083535,-0.8619484131774695,TIME_LIMIT,632781,0,0,6,13
5,8,3.053587e6,-1.089537720957984,-0.8619484131774695,TIME_LIMIT,632807,0,0,9,12
5,8,3.053756e6,-1.089537720957984,-0.8619484131774695,TIME_LIMIT,632837,0,0,17,16
5,8,3.053923e6,-1.0895373138793967,-0.8619484131774695,TIME_LIMIT,632866,0,0,11,13
5,8,3.054045e6,-1.0895373138793967,-0.8619484131774695,TIME_LIMIT,632888,0,0,5,25
5,8,3.054186e6,-1.089537023966889,-0.8619484131774695,TIME_LIMIT,632925,0,0,7,7
5,8,3.054398e6,-1.089537023966889,-0.8619484131774695,TIME_LIMIT,632958,0,0,22,12
5,8,3.054557e6,-1.0895353631508846,-0.8619484131774695,TIME_LIMIT,632985,0,0,8,9
5,8,3.054668e6,-1.0895353631508846,-0.8619484131774695,TIME_LIMIT,633005,0,0,10,8
5,8,3.054784e6,-1.0895270230291099,-0.8619484131774695,TIME_LIMIT,633032,0,0,10,11
5,8,3.054984e6,-1.0895270230291099,-0.8619484131774695,TIME_LIMIT,633054,0,0,23,17
5,8,3.055104e6,-1.089521443935276,-0.8619484131774695,TIME_LIMIT,633089,0,0,8,5
5,8,3.055262e6,-1.089521443935276,-0.8619484131774695,TIME_LIMIT,633110,0,0,18,14
5,8,3.055343e6,-1.089520505652906,-0.8619484131774695,TIME_LIMIT,633143,0,0,9,2
5,8,3.055437e6,-1.089520505652906,-0.8619484131774695,TIME_LIMIT,633162,0,0,10,9
5,8,3.05549e6,-1.0895183205247503,-0.8619484131774695,TIME_LIMIT,633178,0,0,4,3
5,8,3.055621e6,-1.0895183205247503,-0.8619484131774695,TIME_LIMIT,633199,0,0,12,15
5,8,3.055733e6,-1.0895170184668743,-0.8619484131774695,TIME_LIMIT,633224,0,0,9,4
5,8,3.055835e6,-1.0895170184668743,-0.8619484131774695,TIME_LIMIT,633251,0,0,16,16
5,8,3.055943e6,-1.0895115370074755,-0.8619484131774695,TIME_LIMIT,633284,0,0,13,11
5,8,3.056072e6,-1.0895115370074755,-0.8619484131774695,TIME_LIMIT,633310,0,0,14,8
5,8,3.05614e6,-1.0894988829919579,-0.8619484131774695,TIME_LIMIT,633325,0,0,3,2
5,8,3.056264e6,-1.0894988829919579,-0.8619484131774695,TIME_LIMIT,633352,0,0,16,14
5,8,3.056422e6,-1.0894920549209077,-0.8619484131774695,TIME_LIMIT,633386,0,0,17,11
5,8,3.056631e6,-1.0894920549209077,-0.8619484131774695,TIME_LIMIT,633409,0,0,21,12
5,8,3.056841e6,-1.0894856840840768,-0.8619484131774695,TIME_LIMIT,633441,0,0,19,8
5,8,3.056953e6,-1.0894856840840768,-0.8619484131774695,TIME_LIMIT,633456,0,0,10,12
5,8,3.057047e6,-1.0894847427241237,-0.8619484131774695,TIME_LIMIT,633478,0,0,6,4
5,8,3.057116e6,-1.0894847427241237,-0.8619484131774695,TIME_LIMIT,633499,0,0,7,11
5,8,3.057232e6,-1.0894741226372875,-0.8619484131774695,TIME_LIMIT,633527,0,0,11,8
5,8,3.057349e6,-1.0894741226372875,-0.8619484131774695,TIME_LIMIT,633552,0,0,13,6
5,8,3.057544e6,-1.089466768136794,-0.8619484131774695,TIME_LIMIT,633584,0,0,18,12
5,8,3.057588e6,-1.089466768136794,-0.8619484131774695,TIME_LIMIT,633606,0,0,12,10
5,8,3.057644e6,-1.0894654319501271,-0.8619484131774695,TIME_LIMIT,633624,0,0,5,5
5,8,3.057749e6,-1.0894654319501271,-0.8619484131774695,TIME_LIMIT,633642,0,0,10,16
5,8,3.057854e6,-1.0894612708736888,-0.8619484131774695,TIME_LIMIT,633666,0,0,8,10
5,8,3.058041e6,-1.0894612708736888,-0.8619484131774695,TIME_LIMIT,633696,0,0,17,8
5,8,3.058252e6,-1.0894598402972906,-0.8619484131774695,TIME_LIMIT,633731,0,0,12,20
5,8,3.058311e6,-1.0894598402972906,-0.8619484131774695,TIME_LIMIT,633754,0,0,6,7
5,8,3.058399e6,-1.0894580942863208,-0.8619484131774695,TIME_LIMIT,633779,0,0,6,3
5,8,3.05848e6,-1.0894580942863208,-0.8619484131774695,TIME_LIMIT,633800,0,0,7,14
5,8,3.058623e6,-1.0894556981194934,-0.8619484131774695,TIME_LIMIT,633826,0,0,9,7
5,8,3.05879e6,-1.0894556981194934,-0.8619484131774695,TIME_LIMIT,633848,0,0,13,12
5,8,3.058877e6,-1.0894556409857632,-0.8619484131774695,TIME_LIMIT,633870,0,0,12,7
5,8,3.058972e6,-1.0894556409857632,-0.8619484131774695,TIME_LIMIT,633891,0,0,8,13
5,8,3.059121e6,-1.0894498357335571,-0.8619484131774695,TIME_LIMIT,633913,0,0,16,14
5,8,3.059269e6,-1.0894498357335571,-0.8619484131774695,TIME_LIMIT,633935,0,0,18,18
5,8,3.059395e6,-1.089449022815741,-0.8619484131774695,TIME_LIMIT,633970,0,0,14,9
5,8,3.059467e6,-1.089449022815741,-0.8619484131774695,TIME_LIMIT,633986,0,0,13,11
5,8,3.059563e6,-1.0894471007733726,-0.8619484131774695,TIME_LIMIT,634010,0,0,9,4
5,8,3.059696e6,-1.0894471007733726,-0.8619484131774695,TIME_LIMIT,634043,0,0,15,11
5,8,3.059861e6,-1.0894455003584618,-0.8619484131774695,TIME_LIMIT,634069,0,0,17,8
5,8,3.059966e6,-1.0894455003584618,-0.8619484131774695,TIME_LIMIT,634088,0,0,5,6
5,8,3.060138e6,-1.089442383342547,-0.8619484131774695,TIME_LIMIT,634117,0,0,11,5
5,8,3.060257e6,-1.089442383342547,-0.8619484131774695,TIME_LIMIT,634140,0,0,9,8
5,8,3.060339e6,-1.089442232016292,-0.8619484131774695,TIME_LIMIT,634162,0,0,4,8
5,8,3.060469e6,-1.089442232016292,-0.8619484131774695,TIME_LIMIT,634185,0,0,11,12
5,8,3.060631e6,-1.0894370241312499,-0.8619484131774695,TIME_LIMIT,634210,0,0,9,5
5,8,3.060723e6,-1.0894370241312499,-0.8619484131774695,TIME_LIMIT,634232,0,0,10,16
5,8,3.060837e6,-1.0894366379738885,-0.8619484131774695,TIME_LIMIT,634267,0,0,9,8
5,8,3.060895e6,-1.0894366379738885,-0.8619484131774695,TIME_LIMIT,634287,0,0,14,16
5,8,3.061127e6,-1.0894327981647054,-0.8619484131774695,TIME_LIMIT,634324,0,0,12,10
5,8,3.061231e6,-1.0894327981647054,-0.8619484131774695,TIME_LIMIT,634346,0,0,15,4
5,8,3.061376e6,-1.0894270267777562,-0.8619484131774695,TIME_LIMIT,634372,0,0,8,4
5,8,3.061561e6,-1.0894270267777562,-0.8619484131774695,TIME_LIMIT,634409,0,0,11,19
5,8,3.061647e6,-1.0894266886867467,-0.8619484131774695,TIME_LIMIT,634437,0,0,18,14
5,8,3.061706e6,-1.0894266886867467,-0.8619484131774695,TIME_LIMIT,634451,0,0,4,8
5,8,3.061889e6,-1.0894176970963303,-0.8619484131774695,TIME_LIMIT,634472,0,0,7,6
5,8,3.061968e6,-1.0894176970963303,-0.8619484131774695,TIME_LIMIT,634490,0,0,11,6
5,8,3.062057e6,-1.0894157904642467,-0.8619484131774695,TIME_LIMIT,634501,0,0,7,6
5,8,3.062236e6,-1.0894157904642467,-0.8619484131774695,TIME_LIMIT,634522,0,0,7,18
5,8,3.062394e6,-1.0894145367373436,-0.8619484131774695,TIME_LIMIT,634550,0,0,12,7
5,8,3.062482e6,-1.0894145367373436,-0.8619484131774695,TIME_LIMIT,634569,0,0,8,10
5,8,3.062622e6,-1.0894120726124021,-0.8619484131774695,TIME_LIMIT,634594,0,0,9,11
5,8,3.062729e6,-1.0894120726124021,-0.8619484131774695,TIME_LIMIT,634619,0,0,14,11
5,8,3.062971e6,-1.0894041363721398,-0.8619484131774695,TIME_LIMIT,634649,0,0,8,5
5,8,3.063017e6,-1.0894041363721398,-0.8619484131774695,TIME_LIMIT,634658,0,0,10,7
5,8,3.063044e6,-1.0894032068873523,-0.8619484131774695,TIME_LIMIT,634671,0,0,4,1
5,8,3.063159e6,-1.0894032068873523,-0.8619484131774695,TIME_LIMIT,634688,0,0,13,21
5,8,3.063401e6,-1.0893963088097254,-0.8619484131774695,TIME_LIMIT,634712,0,0,9,4
5,8,3.063511e6,-1.0893963088097254,-0.8619484131774695,TIME_LIMIT,634729,0,0,8,5
5,8,3.063639e6,-1.0893889076963674,-0.8619484131774695,TIME_LIMIT,634745,0,0,10,7
5,8,3.06378e6,-1.0893889076963674,-0.8619484131774695,TIME_LIMIT,634771,0,0,14,8
5,8,3.06398e6,-1.0893839333497124,-0.8619484131774695,TIME_LIMIT,634800,0,0,8,4
5,8,3.064102e6,-1.0893839333497124,-0.8619484131774695,TIME_LIMIT,634831,0,0,14,19
5,8,3.064256e6,-1.0893812755228562,-0.8619484131774695,TIME_LIMIT,634867,0,0,11,9
5,8,3.064358e6,-1.0893812755228562,-0.8619484131774695,TIME_LIMIT,634891,0,0,14,8
5,8,3.064561e6,-1.0893791838866678,-0.8619484131774695,TIME_LIMIT,634912,0,0,9,3
5,8,3.064617e6,-1.0893791838866678,-0.8619484131774695,TIME_LIMIT,634930,0,0,8,3
5,8,3.064666e6,-1.0893717752709673,-0.8619484131774695,TIME_LIMIT,634943,0,0,4,2
5,8,3.064756e6,-1.0893717752709673,-0.8619484131774695,TIME_LIMIT,634963,0,0,7,2
5,8,3.064915e6,-1.0893666828989739,-0.8619484131774695,TIME_LIMIT,634994,0,0,8,7
5,8,3.065076e6,-1.0893666828989739,-0.8619484131774695,TIME_LIMIT,635029,0,0,18,10
5,8,3.065169e6,-1.0893629248583105,-0.8619484131774695,TIME_LIMIT,635051,0,0,10,11
5,8,3.065221e6,-1.0893629248583105,-0.8619484131774695,TIME_LIMIT,635068,0,0,13,14
5,8,3.065436e6,-1.0893571654492133,-0.8619484131774695,TIME_LIMIT,635096,0,0,12,2
5,8,3.065653e6,-1.0893571654492133,-0.8619484131774695,TIME_LIMIT,635120,0,0,13,20
5,8,3.065971e6,-1.0893557869432389,-0.8619484131774695,TIME_LIMIT,635148,0,0,11,6
5,8,3.066099e6,-1.0893557869432389,-0.8619484131774695,TIME_LIMIT,635173,0,0,9,12
5,8,3.066253e6,-1.0893553432423055,-0.8619484131774695,TIME_LIMIT,635202,0,0,14,10
5,8,3.066335e6,-1.0893553432423055,-0.8619484131774695,TIME_LIMIT,635220,0,0,17,14
5,8,3.06644e6,-1.0893519188519054,-0.8619484131774695,TIME_LIMIT,635242,0,0,10,3
5,8,3.066526e6,-1.0893519188519054,-0.8619484131774695,TIME_LIMIT,635261,0,0,7,6
5,8,3.066632e6,-1.0893351011191905,-0.8619484131774695,TIME_LIMIT,635283,0,0,3,3
5,8,3.066751e6,-1.0893351011191905,-0.8619484131774695,TIME_LIMIT,635304,0,0,14,11
5,8,3.066901e6,-1.0893347479495135,-0.8619484131774695,TIME_LIMIT,635325,0,0,12,7
5,8,3.066953e6,-1.0893347479495135,-0.8619484131774695,TIME_LIMIT,635348,0,0,13,5
5,8,3.067049e6,-1.0893317497791313,-0.8619484131774695,TIME_LIMIT,635371,0,0,15,7
5,8,3.067252e6,-1.0893317497791313,-0.8619484131774695,TIME_LIMIT,635397,0,0,15,25
5,8,3.067478e6,-1.0893225293622912,-0.8619484131774695,TIME_LIMIT,635430,0,0,12,13
5,8,3.06767e6,-1.0893225293622912,-0.8619484131774695,TIME_LIMIT,635450,0,0,15,19
5,8,3.067942e6,-1.08931813231814,-0.8619484131774695,TIME_LIMIT,635482,0,0,14,7
5,8,3.068109e6,-1.08931813231814,-0.8619484131774695,TIME_LIMIT,635506,0,0,13,10
5,8,3.068174e6,-1.0893049349994293,-0.8619484131774695,TIME_LIMIT,635524,0,0,7,6
5,8,3.0684e6,-1.0893049349994293,-0.8619484131774695,TIME_LIMIT,635554,0,0,19,14
5,8,3.068519e6,-1.089302956382103,-0.8619484131774695,TIME_LIMIT,635578,0,0,9,7
5,8,3.068693e6,-1.089302956382103,-0.8619484131774695,TIME_LIMIT,635606,0,0,13,14
5,8,3.068841e6,-1.0893015992392554,-0.8619484131774695,TIME_LIMIT,635639,0,0,9,8
5,8,3.069019e6,-1.0893015992392554,-0.8619484131774695,TIME_LIMIT,635662,0,0,17,14
5,8,3.069227e6,-1.0892977145017366,-0.8619484131774695,TIME_LIMIT,635685,0,0,10,8
5,8,3.0694e6,-1.0892977145017366,-0.8619484131774695,TIME_LIMIT,635715,0,0,12,9
5,8,3.069561e6,-1.0892967738780135,-0.8619484131774695,TIME_LIMIT,635741,0,0,14,8
5,8,3.069708e6,-1.0892967738780135,-0.8619484131774695,TIME_LIMIT,635758,0,0,10,5
5,8,3.069735e6,-1.089296750911822,-0.8619484131774695,TIME_LIMIT,635770,0,0,3,3
5,8,3.069847e6,-1.089296750911822,-0.8619484131774695,TIME_LIMIT,635795,0,0,8,14
5,8,3.069977e6,-1.0892967104355704,-0.8619484131774695,TIME_LIMIT,635824,0,0,10,4
5,8,3.070032e6,-1.0892967104355704,-0.8619484131774695,TIME_LIMIT,635844,0,0,10,7
5,8,3.07014e6,-1.0892951145407632,-0.8619484131774695,TIME_LIMIT,635859,0,0,8,2
5,8,3.070207e6,-1.0892951145407632,-0.8619484131774695,TIME_LIMIT,635874,0,0,12,12
5,8,3.070245e6,-1.0892943160086181,-0.8619484131774695,TIME_LIMIT,635888,0,0,7,3
5,8,3.070355e6,-1.0892943160086181,-0.8619484131774695,TIME_LIMIT,635914,0,0,10,18
5,8,3.070468e6,-1.0892893371668622,-0.8619484131774695,TIME_LIMIT,635942,0,0,15,8
5,8,3.070579e6,-1.0892893371668622,-0.8619484131774695,TIME_LIMIT,635973,0,0,11,22
5,8,3.070738e6,-1.0892881160795205,-0.8619484131774695,TIME_LIMIT,636006,0,0,9,6
5,8,3.07084e6,-1.0892881160795205,-0.8619484131774695,TIME_LIMIT,636027,0,0,9,7
5,8,3.070916e6,-1.0892859517675832,-0.8619484131774695,TIME_LIMIT,636043,0,0,5,3
5,8,3.071008e6,-1.0892859517675832,-0.8619484131774695,TIME_LIMIT,636063,0,0,12,21
5,8,3.071166e6,-1.0892807419250277,-0.8619484131774695,TIME_LIMIT,636097,0,0,17,13
5,8,3.071362e6,-1.0892807419250277,-0.8619484131774695,TIME_LIMIT,636115,0,0,16,26
5,8,3.07155e6,-1.0892789268736496,-0.8619484131774695,TIME_LIMIT,636153,0,0,13,12
5,8,3.071715e6,-1.0892789268736496,-0.8619484131774695,TIME_LIMIT,636180,0,0,7,14
5,8,3.071785e6,-1.0892768187143824,-0.8619484131774695,TIME_LIMIT,636201,0,0,10,10
5,8,3.0719e6,-1.0892768187143824,-0.8619484131774695,TIME_LIMIT,636224,0,0,14,6
5,8,3.072019e6,-1.0892720744074316,-0.8619484131774695,TIME_LIMIT,636255,0,0,8,8
5,8,3.072161e6,-1.0892720744074316,-0.8619484131774695,TIME_LIMIT,636273,0,0,6,6
5,8,3.072262e6,-1.089267740175847,-0.8619484131774695,TIME_LIMIT,636282,0,0,4,5
5,8,3.072378e6,-1.089267740175847,-0.8619484131774695,TIME_LIMIT,636307,0,0,8,11
5,8,3.072489e6,-1.0892612153567813,-0.8619484131774695,TIME_LIMIT,636338,0,0,9,13
5,8,3.072642e6,-1.0892612153567813,-0.8619484131774695,TIME_LIMIT,636363,0,0,18,13
5,8,3.072733e6,-1.0892603664034202,-0.8619484131774695,TIME_LIMIT,636387,0,0,18,5
5,8,3.072859e6,-1.0892603664034202,-0.8619484131774695,TIME_LIMIT,636415,0,0,8,8
5,8,3.072961e6,-1.089258890349226,-0.8619484131774695,TIME_LIMIT,636435,0,0,11,10
5,8,3.073067e6,-1.089258890349226,-0.8619484131774695,TIME_LIMIT,636461,0,0,16,11
5,8,3.073161e6,-1.089256868937475,-0.8619484131774695,TIME_LIMIT,636485,0,0,12,3
5,8,3.073196e6,-1.089256868937475,-0.8619484131774695,TIME_LIMIT,636500,0,0,13,18
5,8,3.073356e6,-1.0892550996550803,-0.8619484131774695,TIME_LIMIT,636529,0,0,12,4
5,8,3.07344e6,-1.0892550996550803,-0.8619484131774695,TIME_LIMIT,636554,0,0,16,5
5,8,3.073489e6,-1.0892509876979513,-0.8619484131774695,TIME_LIMIT,636571,0,0,7,3
5,8,3.073633e6,-1.0892509876979513,-0.8619484131774695,TIME_LIMIT,636594,0,0,9,11
5,8,3.073833e6,-1.0892490266957204,-0.8619484131774695,TIME_LIMIT,636619,0,0,15,7
5,8,3.073896e6,-1.0892490266957204,-0.8619484131774695,TIME_LIMIT,636640,0,0,4,4
5,8,3.073971e6,-1.0892461164088583,-0.8619484131774695,TIME_LIMIT,636656,0,0,8,5
5,8,3.07407e6,-1.0892461164088583,-0.8619484131774695,TIME_LIMIT,636675,0,0,9,4
5,8,3.074102e6,-1.0892457570338623,-0.8619484131774695,TIME_LIMIT,636688,0,0,5,2
5,8,3.074185e6,-1.0892457570338623,-0.8619484131774695,TIME_LIMIT,636709,0,0,6,1
5,8,3.074269e6,-1.089245280503226,-0.8619484131774695,TIME_LIMIT,636727,0,0,12,10
5,8,3.074439e6,-1.089245280503226,-0.8619484131774695,TIME_LIMIT,636757,0,0,23,19
5,8,3.074586e6,-1.0892438134147961,-0.8619484131774695,TIME_LIMIT,636778,0,0,7,9
5,8,3.074758e6,-1.0892438134147961,-0.8619484131774695,TIME_LIMIT,636805,0,0,7,19
5,8,3.074889e6,-1.0892382852055082,-0.8619484131774695,TIME_LIMIT,636845,0,0,11,12
5,8,3.075046e6,-1.0892382852055082,-0.8619484131774695,TIME_LIMIT,636868,0,0,9,10
5,8,3.075111e6,-1.089237283956778,-0.8619484131774695,TIME_LIMIT,636883,0,0,7,7
5,8,3.075302e6,-1.089237283956778,-0.8619484131774695,TIME_LIMIT,636906,0,0,4,7
5,8,3.075407e6,-1.0892368549778433,-0.8619484131774695,TIME_LIMIT,636927,0,0,12,2
5,8,3.075534e6,-1.0892368549778433,-0.8619484131774695,TIME_LIMIT,636952,0,0,14,14
5,8,3.075646e6,-1.0892354094042167,-0.8619484131774695,TIME_LIMIT,636976,0,0,13,9
5,8,3.07574e6,-1.0892354094042167,-0.8619484131774695,TIME_LIMIT,636995,0,0,7,4
5,8,3.075987e6,-1.0892258401590815,-0.8619484131774695,TIME_LIMIT,637012,0,0,3,7
5,8,3.076076e6,-1.0892258401590815,-0.8619484131774695,TIME_LIMIT,637031,0,0,3,3
5,8,3.07625e6,-1.0892231628247449,-0.8619484131774695,TIME_LIMIT,637052,0,0,8,3
5,8,3.076344e6,-1.0892231628247449,-0.8619484131774695,TIME_LIMIT,637071,0,0,14,11
5,8,3.076455e6,-1.089218905092416,-0.8619484131774695,TIME_LIMIT,637095,0,0,12,4
5,8,3.076669e6,-1.089218905092416,-0.8619484131774695,TIME_LIMIT,637122,0,0,22,14
5,8,3.076883e6,-1.08921693624788,-0.8619484131774695,TIME_LIMIT,637147,0,0,5,10
5,8,3.077018e6,-1.08921693624788,-0.8619484131774695,TIME_LIMIT,637170,0,0,16,18
5,8,3.077115e6,-1.0892059012423458,-0.8619484131774695,TIME_LIMIT,637208,0,0,8,5
5,8,3.077302e6,-1.0892059012423458,-0.8619484131774695,TIME_LIMIT,637231,0,0,12,13
5,8,3.077488e6,-1.089205625205585,-0.8619484131774695,TIME_LIMIT,637265,0,0,14,8
5,8,3.077545e6,-1.089205625205585,-0.8619484131774695,TIME_LIMIT,637287,0,0,8,17
5,8,3.07767e6,-1.0891922711608748,-0.8619484131774695,TIME_LIMIT,637324,0,0,9,5
5,8,3.077797e6,-1.0891922711608748,-0.8619484131774695,TIME_LIMIT,637347,0,0,17,26
5,8,3.07793e6,-1.089180014316435,-0.8619484131774695,TIME_LIMIT,637385,0,0,16,12
5,8,3.078047e6,-1.089180014316435,-0.8619484131774695,TIME_LIMIT,637419,0,0,24,12
5,8,3.078281e6,-1.0891798861394841,-0.8619484131774695,TIME_LIMIT,637453,0,0,19,14
5,8,3.078363e6,-1.0891798861394841,-0.8619484131774695,TIME_LIMIT,637472,0,0,12,13
5,8,3.078426e6,-1.0891787845731131,-0.8619484131774695,TIME_LIMIT,637497,0,0,5,4
5,8,3.078629e6,-1.0891787845731131,-0.8619484131774695,TIME_LIMIT,637526,0,0,16,5
5,8,3.078842e6,-1.0891764609796457,-0.8619484131774695,TIME_LIMIT,637555,0,0,5,4
5,8,3.079144e6,-1.0891764609796457,-0.8619484131774695,TIME_LIMIT,637577,0,0,17,14
5,8,3.079213e6,-1.089175225869851,-0.8619484131774695,TIME_LIMIT,637600,0,0,12,15
5,8,3.07933e6,-1.089175225869851,-0.8619484131774695,TIME_LIMIT,637627,0,0,13,16
5,8,3.079433e6,-1.089161858267431,-0.8619484131774695,TIME_LIMIT,637654,0,0,9,6
5,8,3.079635e6,-1.089161858267431,-0.8619484131774695,TIME_LIMIT,637678,0,0,19,22
5,8,3.079862e6,-1.089154385408904,-0.8619484131774695,TIME_LIMIT,637717,0,0,14,5
5,8,3.07999e6,-1.089154385408904,-0.8619484131774695,TIME_LIMIT,637732,0,0,13,16
5,8,3.080149e6,-1.0891461030058687,-0.8619484131774695,TIME_LIMIT,637763,0,0,6,3
5,8,3.080291e6,-1.0891461030058687,-0.8619484131774695,TIME_LIMIT,637781,0,0,15,10
5,8,3.08049e6,-1.089143979264366,-0.8619484131774695,TIME_LIMIT,637817,0,0,10,5
5,8,3.080614e6,-1.089143979264366,-0.8619484131774695,TIME_LIMIT,637838,0,0,11,12
5,8,3.080889e6,-1.0891375209561223,-0.8619484131774695,TIME_LIMIT,637874,0,0,10,7
5,8,3.081018e6,-1.0891375209561223,-0.8619484131774695,TIME_LIMIT,637899,0,0,9,8
5,8,3.081122e6,-1.0891361816280658,-0.8619484131774695,TIME_LIMIT,637916,0,0,10,12
5,8,3.081238e6,-1.0891361816280658,-0.8619484131774695,TIME_LIMIT,637936,0,0,18,19
5,8,3.081435e6,-1.0891336217025924,-0.8619484131774695,TIME_LIMIT,637971,0,0,16,12
5,8,3.08157e6,-1.0891336217025924,-0.8619484131774695,TIME_LIMIT,637998,0,0,8,10
5,8,3.081677e6,-1.0891239889179483,-0.8619484131774695,TIME_LIMIT,638016,0,0,10,11
5,8,3.08178e6,-1.0891239889179483,-0.8619484131774695,TIME_LIMIT,638029,0,0,13,21
5,8,3.081916e6,-1.0891206055000962,-0.8619484131774695,TIME_LIMIT,638061,0,0,10,5
5,8,3.082004e6,-1.0891206055000962,-0.8619484131774695,TIME_LIMIT,638078,0,0,7,2
5,8,3.082061e6,-1.0891198678445413,-0.8619484131774695,TIME_LIMIT,638089,0,0,2,2
5,8,3.082204e6,-1.0891198678445413,-0.8619484131774695,TIME_LIMIT,638115,0,0,16,16
5,8,3.082321e6,-1.089119479522525,-0.8619484131774695,TIME_LIMIT,638146,0,0,6,4
5,8,3.082547e6,-1.089119479522525,-0.8619484131774695,TIME_LIMIT,638171,0,0,18,9
5,8,3.082794e6,-1.0891094287251835,-0.8619484131774695,TIME_LIMIT,638209,0,0,16,11
5,8,3.082877e6,-1.0891094287251835,-0.8619484131774695,TIME_LIMIT,638231,0,0,10,10
5,8,3.082941e6,-1.0891080621084308,-0.8619484131774695,TIME_LIMIT,638246,0,0,3,2
5,8,3.082998e6,-1.0891080621084308,-0.8619484131774695,TIME_LIMIT,638269,0,0,15,14
5,8,3.083099e6,-1.089105445190774,-0.8619484131774695,TIME_LIMIT,638301,0,0,8,5
5,8,3.083302e6,-1.089105445190774,-0.8619484131774695,TIME_LIMIT,638329,0,0,10,9
5,8,3.083392e6,-1.0891032226445594,-0.8619484131774695,TIME_LIMIT,638356,0,0,12,4
5,8,3.083499e6,-1.0891032226445594,-0.8619484131774695,TIME_LIMIT,638375,0,0,9,4
5,8,3.083613e6,-1.089098943847588,-0.8619484131774695,TIME_LIMIT,638394,0,0,11,5
5,8,3.083794e6,-1.089098943847588,-0.8619484131774695,TIME_LIMIT,638422,0,0,12,25
5,8,3.084017e6,-1.0890962692591142,-0.8619484131774695,TIME_LIMIT,638456,0,0,14,8
5,8,3.084226e6,-1.0890962692591142,-0.8619484131774695,TIME_LIMIT,638487,0,0,12,32
5,8,3.084397e6,-1.0890955206738604,-0.8619484131774695,TIME_LIMIT,638527,0,0,9,15
5,8,3.084598e6,-1.0890955206738604,-0.8619484131774695,TIME_LIMIT,638555,0,0,15,10
5,8,3.084744e6,-1.0890936417096655,-0.8619484131774695,TIME_LIMIT,638579,0,0,11,3
5,8,3.084893e6,-1.0890936417096655,-0.8619484131774695,TIME_LIMIT,638608,0,0,17,14
5,8,3.085045e6,-1.089092462496796,-0.8619484131774695,TIME_LIMIT,638626,0,0,12,8
5,8,3.085133e6,-1.089092462496796,-0.8619484131774695,TIME_LIMIT,638646,0,0,6,7
5,8,3.085168e6,-1.0890846033403176,-0.8619484131774695,TIME_LIMIT,638664,0,0,5,3
5,8,3.085381e6,-1.0890846033403176,-0.8619484131774695,TIME_LIMIT,638688,0,0,14,36
5,8,3.085588e6,-1.0890837296922757,-0.8619484131774695,TIME_LIMIT,638728,0,0,15,11
5,8,3.085636e6,-1.0890837296922757,-0.8619484131774695,TIME_LIMIT,638739,0,0,3,3
5,8,3.085686e6,-1.0890785283963131,-0.8619484131774695,TIME_LIMIT,638748,0,0,2,1
5,8,3.085864e6,-1.0890785283963131,-0.8619484131774695,TIME_LIMIT,638772,0,0,16,22
5,8,3.086043e6,-1.0890736288753158,-0.8619484131774695,TIME_LIMIT,638804,0,0,10,8
5,8,3.086253e6,-1.0890736288753158,-0.8619484131774695,TIME_LIMIT,638830,0,0,15,20
5,8,3.086404e6,-1.0890674234767208,-0.8619484131774695,TIME_LIMIT,638858,0,0,14,12
5,8,3.08657e6,-1.0890674234767208,-0.8619484131774695,TIME_LIMIT,638888,0,0,18,15
5,8,3.086636e6,-1.089064951661891,-0.8619484131774695,TIME_LIMIT,638915,0,0,13,10
5,8,3.086848e6,-1.089064951661891,-0.8619484131774695,TIME_LIMIT,638934,0,0,13,9
5,8,3.086948e6,-1.089059695856674,-0.8619484131774695,TIME_LIMIT,638960,0,0,11,5
5,8,3.087048e6,-1.089059695856674,-0.8619484131774695,TIME_LIMIT,638979,0,0,10,18
5,8,3.087207e6,-1.0890551422258725,-0.8619484131774695,TIME_LIMIT,639015,0,0,6,8
5,8,3.087396e6,-1.0890551422258725,-0.8619484131774695,TIME_LIMIT,639039,0,0,10,15
5,8,3.087575e6,-1.0890501513425104,-0.8619484131774695,TIME_LIMIT,639069,0,0,16,10
5,8,3.087747e6,-1.0890501513425104,-0.8619484131774695,TIME_LIMIT,639096,0,0,15,14
5,8,3.087972e6,-1.089048687192295,-0.8619484131774695,TIME_LIMIT,639133,0,0,13,8
5,8,3.088054e6,-1.089048687192295,-0.8619484131774695,TIME_LIMIT,639150,0,0,17,14
5,8,3.088196e6,-1.08904837906931,-0.8619484131774695,TIME_LIMIT,639185,0,0,9,8
5,8,3.088455e6,-1.08904837906931,-0.8619484131774695,TIME_LIMIT,639217,0,0,9,10
5,8,3.088569e6,-1.0890392549242485,-0.8619484131774695,TIME_LIMIT,639237,0,0,8,9
5,8,3.088686e6,-1.0890392549242485,-0.8619484131774695,TIME_LIMIT,639264,0,0,13,10
5,8,3.088846e6,-1.0890344114887829,-0.8619484131774695,TIME_LIMIT,639293,0,0,3,6
5,8,3.088937e6,-1.0890344114887829,-0.8619484131774695,TIME_LIMIT,639318,0,0,9,10
5,8,3.089004e6,-1.0890314163837513,-0.8619484131774695,TIME_LIMIT,639339,0,0,15,1
5,8,3.089171e6,-1.0890314163837513,-0.8619484131774695,TIME_LIMIT,639373,0,0,19,9
5,8,3.089373e6,-1.0890285644769229,-0.8619484131774695,TIME_LIMIT,639404,0,0,17,8
5,8,3.089468e6,-1.0890285644769229,-0.8619484131774695,TIME_LIMIT,639428,0,0,16,13
5,8,3.089591e6,-1.089026932143522,-0.8619484131774695,TIME_LIMIT,639451,0,0,14,7
5,8,3.089712e6,-1.089026932143522,-0.8619484131774695,TIME_LIMIT,639473,0,0,5,5
5,8,3.089849e6,-1.0890257529666925,-0.8619484131774695,TIME_LIMIT,639501,0,0,6,3
5,8,3.090062e6,-1.0890257529666925,-0.8619484131774695,TIME_LIMIT,639517,0,0,15,29
5,8,3.090238e6,-1.0890225351825695,-0.8619484131774695,TIME_LIMIT,639551,0,0,8,6
5,8,3.090359e6,-1.0890225351825695,-0.8619484131774695,TIME_LIMIT,639565,0,0,11,11
5,8,3.090511e6,-1.089019536756147,-0.8619484131774695,TIME_LIMIT,639598,0,0,13,8
5,8,3.090663e6,-1.089019536756147,-0.8619484131774695,TIME_LIMIT,639619,0,0,11,15
5,8,3.090695e6,-1.089016102273534,-0.8619484131774695,TIME_LIMIT,639635,0,0,7,5
5,8,3.090821e6,-1.089016102273534,-0.8619484131774695,TIME_LIMIT,639661,0,0,16,12
5,8,3.090952e6,-1.0890097178730638,-0.8619484131774695,TIME_LIMIT,639697,0,0,15,12
5,8,3.091252e6,-1.0890097178730638,-0.8619484131774695,TIME_LIMIT,639725,0,0,7,27
5,8,3.091566e6,-1.0890064252497722,-0.8619484131774695,TIME_LIMIT,639761,0,0,7,13
5,8,3.091779e6,-1.0890064252497722,-0.8619484131774695,TIME_LIMIT,639781,0,0,14,19
5,8,3.091973e6,-1.0890062163205725,-0.8619484131774695,TIME_LIMIT,639815,0,0,9,6
5,8,3.092149e6,-1.0890062163205725,-0.8619484131774695,TIME_LIMIT,639842,0,0,11,19
5,8,3.09226e6,-1.089002809027905,-0.8619484131774695,TIME_LIMIT,639877,0,0,6,5
5,8,3.092381e6,-1.089002809027905,-0.8619484131774695,TIME_LIMIT,639901,0,0,16,15
5,8,3.09249e6,-1.0890027683438424,-0.8619484131774695,TIME_LIMIT,639933,0,0,13,11
5,8,3.092585e6,-1.0890027683438424,-0.8619484131774695,TIME_LIMIT,639957,0,0,10,12
5,8,3.092624e6,-1.0889989578246635,-0.8619484131774695,TIME_LIMIT,639967,0,0,6,6
5,8,3.092718e6,-1.0889989578246635,-0.8619484131774695,TIME_LIMIT,639986,0,0,13,6
5,8,3.092766e6,-1.0889965441833191,-0.8619484131774695,TIME_LIMIT,640002,0,0,6,1
5,8,3.09288e6,-1.0889965441833191,-0.8619484131774695,TIME_LIMIT,640024,0,0,9,6
5,8,3.092934e6,-1.0889937177406217,-0.8619484131774695,TIME_LIMIT,640038,0,0,5,7
5,8,3.09313e6,-1.0889937177406217,-0.8619484131774695,TIME_LIMIT,640064,0,0,16,10
5,8,3.093341e6,-1.0889908020658015,-0.8619484131774695,TIME_LIMIT,640097,0,0,9,10
5,8,3.093412e6,-1.0889908020658015,-0.8619484131774695,TIME_LIMIT,640113,0,0,4,16
5,8,3.093525e6,-1.0889872338805129,-0.8619484131774695,TIME_LIMIT,640139,0,0,13,4
5,8,3.093587e6,-1.0889872338805129,-0.8619484131774695,TIME_LIMIT,640162,0,0,7,5
5,8,3.093752e6,-1.088986766184197,-0.8619484131774695,TIME_LIMIT,640180,0,0,5,8
5,8,3.093959e6,-1.088986766184197,-0.8619484131774695,TIME_LIMIT,640200,0,0,15,15
5,8,3.094048e6,-1.0889853574078283,-0.8619484131774695,TIME_LIMIT,640222,0,0,5,7
5,8,3.094249e6,-1.0889853574078283,-0.8619484131774695,TIME_LIMIT,640246,0,0,18,15
5,8,3.094387e6,-1.088981844202302,-0.8619484131774695,TIME_LIMIT,640284,0,0,6,5
5,8,3.094584e6,-1.088981844202302,-0.8619484131774695,TIME_LIMIT,640315,0,0,22,29
5,8,3.094851e6,-1.0889805769104688,-0.8619484131774695,TIME_LIMIT,640352,0,0,15,9
5,8,3.094934e6,-1.0889805769104688,-0.8619484131774695,TIME_LIMIT,640374,0,0,16,12
5,8,3.095034e6,-1.0889803795962187,-0.8619484131774695,TIME_LIMIT,640401,0,0,10,8
5,8,3.095194e6,-1.0889803795962187,-0.8619484131774695,TIME_LIMIT,640434,0,0,16,21
5,8,3.095337e6,-1.0889799669997262,-0.8619484131774695,TIME_LIMIT,640459,0,0,16,12
5,8,3.09551e6,-1.0889799669997262,-0.8619484131774695,TIME_LIMIT,640484,0,0,19,28
5,8,3.095633e6,-1.088974048415235,-0.8619484131774695,TIME_LIMIT,640516,0,0,10,13
5,8,3.095713e6,-1.088974048415235,-0.8619484131774695,TIME_LIMIT,640539,0,0,6,12
5,8,3.095826e6,-1.0889697259640099,-0.8619484131774695,TIME_LIMIT,640563,0,0,8,6
5,8,3.095887e6,-1.0889697259640099,-0.8619484131774695,TIME_LIMIT,640578,0,0,4,4
5,8,3.095926e6,-1.088965478216323,-0.8619484131774695,TIME_LIMIT,640585,0,0,4,2
5,8,3.096049e6,-1.088965478216323,-0.8619484131774695,TIME_LIMIT,640608,0,0,12,14
5,8,3.096134e6,-1.088964603941044,-0.8619484131774695,TIME_LIMIT,640629,0,0,13,6
5,8,3.096276e6,-1.088964603941044,-0.8619484131774695,TIME_LIMIT,640659,0,0,20,13
5,8,3.096339e6,-1.0889624782958183,-0.8619484131774695,TIME_LIMIT,640674,0,0,13,18
5,8,3.096429e6,-1.0889624782958183,-0.8619484131774695,TIME_LIMIT,640694,0,0,15,15
5,8,3.096632e6,-1.0889604010314193,-0.8619484131774695,TIME_LIMIT,640726,0,0,10,6
5,8,3.096708e6,-1.0889604010314193,-0.8619484131774695,TIME_LIMIT,640744,0,0,14,11
5,8,3.096817e6,-1.088958271294186,-0.8619484131774695,TIME_LIMIT,640769,0,0,7,7
5,8,3.096887e6,-1.088958271294186,-0.8619484131774695,TIME_LIMIT,640786,0,0,4,7
5,8,3.097157e6,-1.0889451974422424,-0.8619484131774695,TIME_LIMIT,640805,0,0,8,11
5,8,3.097273e6,-1.0889451974422424,-0.8619484131774695,TIME_LIMIT,640825,0,0,12,9
5,8,3.097314e6,-1.0889423668543001,-0.8619484131774695,TIME_LIMIT,640840,0,0,6,3
5,8,3.097528e6,-1.0889423668543001,-0.8619484131774695,TIME_LIMIT,640860,0,0,14,33
5,8,3.097727e6,-1.0889372601129375,-0.8619484131774695,TIME_LIMIT,640895,0,0,15,13
5,8,3.097815e6,-1.0889372601129375,-0.8619484131774695,TIME_LIMIT,640910,0,0,10,14
5,8,3.097922e6,-1.0889367112080088,-0.8619484131774695,TIME_LIMIT,640937,0,0,10,1
5,8,3.097984e6,-1.0889367112080088,-0.8619484131774695,TIME_LIMIT,640961,0,0,4,11
5,8,3.098088e6,-1.0889344480671466,-0.8619484131774695,TIME_LIMIT,640983,0,0,7,5
5,8,3.098165e6,-1.0889344480671466,-0.8619484131774695,TIME_LIMIT,641000,0,0,12,12
5,8,3.09828e6,-1.088932854890671,-0.8619484131774695,TIME_LIMIT,641025,0,0,6,5
5,8,3.098487e6,-1.088932854890671,-0.8619484131774695,TIME_LIMIT,641057,0,0,8,12
5,8,3.098612e6,-1.0889319392721841,-0.8619484131774695,TIME_LIMIT,641080,0,0,14,9
5,8,3.098782e6,-1.0889319392721841,-0.8619484131774695,TIME_LIMIT,641113,0,0,13,12
5,8,3.098946e6,-1.0889283713590976,-0.8619484131774695,TIME_LIMIT,641135,0,0,10,9
5,8,3.099178e6,-1.0889283713590976,-0.8619484131774695,TIME_LIMIT,641165,0,0,16,6
5,8,3.099352e6,-1.0889265079581893,-0.8619484131774695,TIME_LIMIT,641199,0,0,10,6
5,8,3.099447e6,-1.0889265079581893,-0.8619484131774695,TIME_LIMIT,641219,0,0,8,5
5,8,3.099549e6,-1.088917376925037,-0.8619484131774695,TIME_LIMIT,641240,0,0,11,8
5,8,3.099638e6,-1.088917376925037,-0.8619484131774695,TIME_LIMIT,641260,0,0,11,6
5,8,3.099713e6,-1.0889100723737872,-0.8619484131774695,TIME_LIMIT,641282,0,0,6,0
5,8,3.099831e6,-1.0889100723737872,-0.8619484131774695,TIME_LIMIT,641307,0,0,15,11
5,8,3.099881e6,-1.088909565865746,-0.8619484131774695,TIME_LIMIT,641330,0,0,13,5
5,8,3.100092e6,-1.088909565865746,-0.8619484131774695,TIME_LIMIT,641365,0,0,15,14
5,8,3.100304e6,-1.0889076739724182,-0.8619484131774695,TIME_LIMIT,641388,0,0,13,12
5,8,3.100427e6,-1.0889076739724182,-0.8619484131774695,TIME_LIMIT,641419,0,0,22,7
5,8,3.100656e6,-1.0889033533046506,-0.8619484131774695,TIME_LIMIT,641449,0,0,13,7
5,8,3.100865e6,-1.0889033533046506,-0.8619484131774695,TIME_LIMIT,641470,0,0,13,20
5,8,3.101078e6,-1.0888995591296107,-0.8619484131774695,TIME_LIMIT,641508,0,0,19,11
5,8,3.101219e6,-1.0888995591296107,-0.8619484131774695,TIME_LIMIT,641537,0,0,23,28
5,8,3.101348e6,-1.088896604673201,-0.8619484131774695,TIME_LIMIT,641566,0,0,11,3
5,8,3.101461e6,-1.088896604673201,-0.8619484131774695,TIME_LIMIT,641588,0,0,13,10
5,8,3.101605e6,-1.0888923378059672,-0.8619484131774695,TIME_LIMIT,641606,0,0,6,7
5,8,3.101716e6,-1.0888923378059672,-0.8619484131774695,TIME_LIMIT,641636,0,0,16,15
5,8,3.101792e6,-1.0888911518952664,-0.8619484131774695,TIME_LIMIT,641660,0,0,11,3
5,8,3.102001e6,-1.0888911518952664,-0.8619484131774695,TIME_LIMIT,641688,0,0,18,26
5,8,3.102262e6,-1.088887874953516,-0.8619484131774695,TIME_LIMIT,641714,0,0,13,14
5,8,3.102476e6,-1.088887874953516,-0.8619484131774695,TIME_LIMIT,641739,0,0,13,7
5,8,3.10266e6,-1.0888790347933024,-0.8619484131774695,TIME_LIMIT,641763,0,0,17,13
5,8,3.102821e6,-1.0888790347933024,-0.8619484131774695,TIME_LIMIT,641786,0,0,19,23
5,8,3.103122e6,-1.0888764738251708,-0.8619484131774695,TIME_LIMIT,641827,0,0,9,8
5,8,3.103279e6,-1.0888764738251708,-0.8619484131774695,TIME_LIMIT,641849,0,0,17,22
5,8,3.103484e6,-1.088868058539087,-0.8619484131774695,TIME_LIMIT,641882,0,0,13,11
5,8,3.10371e6,-1.088868058539087,-0.8619484131774695,TIME_LIMIT,641904,0,0,13,12
5,8,3.10394e6,-1.0888669757873832,-0.8619484131774695,TIME_LIMIT,641936,0,0,12,11
5,8,3.104129e6,-1.0888669757873832,-0.8619484131774695,TIME_LIMIT,641961,0,0,18,20
5,8,3.104251e6,-1.0888661654943788,-0.8619484131774695,TIME_LIMIT,641986,0,0,19,8
5,8,3.104454e6,-1.0888661654943788,-0.8619484131774695,TIME_LIMIT,642011,0,0,19,19
5,8,3.104574e6,-1.0888644968412295,-0.8619484131774695,TIME_LIMIT,642046,0,0,13,14
5,8,3.104682e6,-1.0888644968412295,-0.8619484131774695,TIME_LIMIT,642066,0,0,13,8
5,8,3.104786e6,-1.0888631843208367,-0.8619484131774695,TIME_LIMIT,642095,0,0,5,4
5,8,3.104924e6,-1.0888631843208367,-0.8619484131774695,TIME_LIMIT,642117,0,0,9,6
5,8,3.10499e6,-1.0888624042882724,-0.8619484131774695,TIME_LIMIT,642133,0,0,12,5
5,8,3.105079e6,-1.0888624042882724,-0.8619484131774695,TIME_LIMIT,642161,0,0,8,12
5,8,3.105229e6,-1.0888593372652795,-0.8619484131774695,TIME_LIMIT,642184,0,0,6,4
5,8,3.105441e6,-1.0888593372652795,-0.8619484131774695,TIME_LIMIT,642208,0,0,17,10
5,8,3.105534e6,-1.0888542290102148,-0.8619484131774695,TIME_LIMIT,642232,0,0,8,9
5,8,3.105762e6,-1.0888542290102148,-0.8619484131774695,TIME_LIMIT,642254,0,0,16,9
5,8,3.105874e6,-1.0888501526214764,-0.8619484131774695,TIME_LIMIT,642286,0,0,7,5
5,8,3.105976e6,-1.0888501526214764,-0.8619484131774695,TIME_LIMIT,642310,0,0,10,7
5,8,3.106186e6,-1.0888374416953872,-0.8619484131774695,TIME_LIMIT,642348,0,0,11,13
5,8,3.106275e6,-1.0888374416953872,-0.8619484131774695,TIME_LIMIT,642374,0,0,8,3
5,8,3.106469e6,-1.0888325677888138,-0.8619484131774695,TIME_LIMIT,642397,0,0,9,6
5,8,3.106584e6,-1.0888325677888138,-0.8619484131774695,TIME_LIMIT,642423,0,0,16,8
5,8,3.106837e6,-1.088830922767192,-0.8619484131774695,TIME_LIMIT,642453,0,0,9,9
5,8,3.107034e6,-1.088830922767192,-0.8619484131774695,TIME_LIMIT,642477,0,0,14,9
5,8,3.1072e6,-1.088828434489725,-0.8619484131774695,TIME_LIMIT,642498,0,0,8,7
5,8,3.107259e6,-1.088828434489725,-0.8619484131774695,TIME_LIMIT,642524,0,0,3,7
5,8,3.1073e6,-1.0888284307182832,-0.8619484131774695,TIME_LIMIT,642536,0,0,3,10
5,8,3.107402e6,-1.0888284307182832,-0.8619484131774695,TIME_LIMIT,642556,0,0,7,10
5,8,3.107547e6,-1.0888209113209053,-0.8619484131774695,TIME_LIMIT,642590,0,0,11,7
5,8,3.107634e6,-1.0888209113209053,-0.8619484131774695,TIME_LIMIT,642616,0,0,15,18
5,8,3.107757e6,-1.0888164831293952,-0.8619484131774695,TIME_LIMIT,642642,0,0,5,5
5,8,3.10797e6,-1.0888164831293952,-0.8619484131774695,TIME_LIMIT,642674,0,0,14,23
5,8,3.108164e6,-1.0888158554403706,-0.8619484131774695,TIME_LIMIT,642698,0,0,13,8
5,8,3.108277e6,-1.0888158554403706,-0.8619484131774695,TIME_LIMIT,642719,0,0,12,20
5,8,3.108351e6,-1.0888111184236147,-0.8619484131774695,TIME_LIMIT,642744,0,0,6,2
5,8,3.10857e6,-1.0888111184236147,-0.8619484131774695,TIME_LIMIT,642772,0,0,14,16
5,8,3.108739e6,-1.0888086401115946,-0.8619484131774695,TIME_LIMIT,642801,0,0,13,10
5,8,3.108824e6,-1.0888086401115946,-0.8619484131774695,TIME_LIMIT,642828,0,0,16,13
5,8,3.108983e6,-1.088805224163562,-0.8619484131774695,TIME_LIMIT,642855,0,0,16,14
5,8,3.109043e6,-1.088805224163562,-0.8619484131774695,TIME_LIMIT,642874,0,0,6,6
5,8,3.109254e6,-1.0888042030949787,-0.8619484131774695,TIME_LIMIT,642899,0,0,10,8
5,8,3.109468e6,-1.0888042030949787,-0.8619484131774695,TIME_LIMIT,642927,0,0,20,19
5,8,3.109681e6,-1.0888022962361148,-0.8619484131774695,TIME_LIMIT,642950,0,0,16,11
5,8,3.109796e6,-1.0888022962361148,-0.8619484131774695,TIME_LIMIT,642973,0,0,13,16
5,8,3.109895e6,-1.088801488032004,-0.8619484131774695,TIME_LIMIT,642994,0,0,12,4
5,8,3.11002e6,-1.088801488032004,-0.8619484131774695,TIME_LIMIT,643014,0,0,6,6
5,8,3.110172e6,-1.0888007562444102,-0.8619484131774695,TIME_LIMIT,643040,0,0,4,7
5,8,3.110308e6,-1.0888007562444102,-0.8619484131774695,TIME_LIMIT,643073,0,0,12,18
5,8,3.110374e6,-1.0887987229503735,-0.8619484131774695,TIME_LIMIT,643093,0,0,13,10
5,8,3.110495e6,-1.0887987229503735,-0.8619484131774695,TIME_LIMIT,643109,0,0,11,16
5,8,3.110532e6,-1.0887983235948413,-0.8619484131774695,TIME_LIMIT,643122,0,0,3,3
5,8,3.110644e6,-1.0887983235948413,-0.8619484131774695,TIME_LIMIT,643152,0,0,14,7
5,8,3.110692e6,-1.0887907876953342,-0.8619484131774695,TIME_LIMIT,643167,0,0,7,15
5,8,3.110897e6,-1.0887907876953342,-0.8619484131774695,TIME_LIMIT,643200,0,0,27,21
5,8,3.111123e6,-1.0887873818147646,-0.8619484131774695,TIME_LIMIT,643235,0,0,12,9
5,8,3.111267e6,-1.0887873818147646,-0.8619484131774695,TIME_LIMIT,643255,0,0,10,14
5,8,3.111511e6,-1.088786156143426,-0.8619484131774695,TIME_LIMIT,643298,0,0,13,12
5,8,3.111594e6,-1.088786156143426,-0.8619484131774695,TIME_LIMIT,643318,0,0,18,16
5,8,3.111752e6,-1.088785964404145,-0.8619484131774695,TIME_LIMIT,643355,0,0,11,20
5,8,3.11181e6,-1.088785964404145,-0.8619484131774695,TIME_LIMIT,643368,0,0,8,7
5,8,3.111894e6,-1.0887811098260203,-0.8619484131774695,TIME_LIMIT,643387,0,0,10,4
5,8,3.112024e6,-1.0887811098260203,-0.8619484131774695,TIME_LIMIT,643408,0,0,18,18
5,8,3.112083e6,-1.0887797279813638,-0.8619484131774695,TIME_LIMIT,643435,0,0,15,6
5,8,3.112306e6,-1.0887797279813638,-0.8619484131774695,TIME_LIMIT,643451,0,0,17,22
5,8,3.112733e6,-1.0887789827097034,-0.8619484131774695,TIME_LIMIT,643479,0,0,12,8
5,8,3.112876e6,-1.0887789827097034,-0.8619484131774695,TIME_LIMIT,643505,0,0,19,31
5,8,3.113101e6,-1.0887733135345266,-0.8619484131774695,TIME_LIMIT,643547,0,0,14,17
5,8,3.113252e6,-1.0887733135345266,-0.8619484131774695,TIME_LIMIT,643572,0,0,14,16
5,8,3.113477e6,-1.0887629111922026,-0.8619484131774695,TIME_LIMIT,643598,0,0,10,12
5,8,3.11357e6,-1.0887629111922026,-0.8619484131774695,TIME_LIMIT,643622,0,0,8,6
5,8,3.113719e6,-1.088755873784977,-0.8619484131774695,TIME_LIMIT,643652,0,0,16,11
5,8,3.113902e6,-1.088755873784977,-0.8619484131774695,TIME_LIMIT,643682,0,0,18,20
5,8,3.114078e6,-1.0887546972945272,-0.8619484131774695,TIME_LIMIT,643710,0,0,12,4
5,8,3.114152e6,-1.0887546972945272,-0.8619484131774695,TIME_LIMIT,643725,0,0,11,24
5,8,3.114251e6,-1.0887543604449634,-0.8619484131774695,TIME_LIMIT,643755,0,0,10,8
5,8,3.114349e6,-1.0887543604449634,-0.8619484131774695,TIME_LIMIT,643780,0,0,4,14
5,8,3.114413e6,-1.0887502128158528,-0.8619484131774695,TIME_LIMIT,643801,0,0,10,5
5,8,3.114537e6,-1.0887502128158528,-0.8619484131774695,TIME_LIMIT,643818,0,0,9,8
5,8,3.114654e6,-1.0887488971713415,-0.8619484131774695,TIME_LIMIT,643837,0,0,4,4
5,8,3.114824e6,-1.0887488971713415,-0.8619484131774695,TIME_LIMIT,643870,0,0,18,9
5,8,3.114886e6,-1.0887460904304227,-0.8619484131774695,TIME_LIMIT,643891,0,0,6,2
5,8,3.114962e6,-1.0887460904304227,-0.8619484131774695,TIME_LIMIT,643913,0,0,19,9
5,8,3.115032e6,-1.088743105823863,-0.8619484131774695,TIME_LIMIT,643937,0,0,7,10
5,8,3.115222e6,-1.088743105823863,-0.8619484131774695,TIME_LIMIT,643966,0,0,8,6
5,8,3.115353e6,-1.088741283890395,-0.8619484131774695,TIME_LIMIT,643992,0,0,13,5
5,8,3.115486e6,-1.088741283890395,-0.8619484131774695,TIME_LIMIT,644014,0,0,13,9
5,8,3.115624e6,-1.0887384238171425,-0.8619484131774695,TIME_LIMIT,644041,0,0,11,5
5,8,3.115856e6,-1.0887384238171425,-0.8619484131774695,TIME_LIMIT,644072,0,0,19,24
5,8,3.115942e6,-1.0887368425418957,-0.8619484131774695,TIME_LIMIT,644102,0,0,10,13
5,8,3.11612e6,-1.0887368425418957,-0.8619484131774695,TIME_LIMIT,644129,0,0,10,19
5,8,3.116301e6,-1.0887345707355625,-0.8619484131774695,TIME_LIMIT,644161,0,0,5,5
5,8,3.116425e6,-1.0887345707355625,-0.8619484131774695,TIME_LIMIT,644186,0,0,10,13
5,8,3.116475e6,-1.0887341755695672,-0.8619484131774695,TIME_LIMIT,644204,0,0,6,3
5,8,3.116687e6,-1.0887341755695672,-0.8619484131774695,TIME_LIMIT,644228,0,0,16,18
5,8,3.116795e6,-1.0887288985221988,-0.8619484131774695,TIME_LIMIT,644260,0,0,11,4
5,8,3.116874e6,-1.0887288985221988,-0.8619484131774695,TIME_LIMIT,644287,0,0,18,8
5,8,3.116987e6,-1.0887287988946295,-0.8619484131774695,TIME_LIMIT,644306,0,0,14,8
5,8,3.11716e6,-1.0887287988946295,-0.8619484131774695,TIME_LIMIT,644334,0,0,15,16
5,8,3.117268e6,-1.088725944765736,-0.8619484131774695,TIME_LIMIT,644359,0,0,8,5
5,8,3.117437e6,-1.088725944765736,-0.8619484131774695,TIME_LIMIT,644392,0,0,10,14
5,8,3.118621e6,-1.088720288088926,-0.8619484131774695,TIME_LIMIT,644414,0,0,13,3
5,8,3.118743e6,-1.088720288088926,-0.8619484131774695,TIME_LIMIT,644443,0,0,16,16
5,8,3.118878e6,-1.0887196465532878,-0.8619484131774695,TIME_LIMIT,644469,0,0,13,10
5,8,3.119096e6,-1.0887196465532878,-0.8619484131774695,TIME_LIMIT,644504,0,0,12,40
5,8,3.119216e6,-1.0887177733145177,-0.8619484131774695,TIME_LIMIT,644539,0,0,12,10
5,8,3.119305e6,-1.0887177733145177,-0.8619484131774695,TIME_LIMIT,644561,0,0,15,17
5,8,3.11949e6,-1.088717053080998,-0.8619484131774695,TIME_LIMIT,644589,0,0,8,5
5,8,3.119589e6,-1.088717053080998,-0.8619484131774695,TIME_LIMIT,644613,0,0,12,14
5,8,3.119822e6,-1.0887166088752722,-0.8619484131774695,TIME_LIMIT,644647,0,0,6,6
5,8,3.119897e6,-1.0887166088752722,-0.8619484131774695,TIME_LIMIT,644672,0,0,21,10
5,8,3.120023e6,-1.0887162047445662,-0.8619484131774695,TIME_LIMIT,644702,0,0,8,3
5,8,3.120167e6,-1.0887162047445662,-0.8619484131774695,TIME_LIMIT,644721,0,0,8,17
5,8,3.12024e6,-1.088713589087448,-0.8619484131774695,TIME_LIMIT,644748,0,0,16,9
5,8,3.120356e6,-1.088713589087448,-0.8619484131774695,TIME_LIMIT,644775,0,0,7,15
5,8,3.120473e6,-1.0887117903701369,-0.8619484131774695,TIME_LIMIT,644805,0,0,14,4
5,8,3.120591e6,-1.0887117903701369,-0.8619484131774695,TIME_LIMIT,644828,0,0,21,17
5,8,3.120811e6,-1.0887115940859409,-0.8619484131774695,TIME_LIMIT,644858,0,0,6,5
5,8,3.120838e6,-1.0887115940859409,-0.8619484131774695,TIME_LIMIT,644866,0,0,1,1
5,8,3.120863e6,-1.0887112817701792,-0.8619484131774695,TIME_LIMIT,644868,0,0,1,0
5,8,3.120935e6,-1.0887112817701792,-0.8619484131774695,TIME_LIMIT,644888,0,0,6,10
5,8,3.121149e6,-1.0887088358312906,-0.8619484131774695,TIME_LIMIT,644921,0,0,8,12
5,8,3.121235e6,-1.0887088358312906,-0.8619484131774695,TIME_LIMIT,644935,0,0,15,11
5,8,3.121364e6,-1.088704573185436,-0.8619484131774695,TIME_LIMIT,644957,0,0,7,2
5,8,3.121538e6,-1.088704573185436,-0.8619484131774695,TIME_LIMIT,644983,0,0,12,11
5,8,3.121616e6,-1.08870435402577,-0.8619484131774695,TIME_LIMIT,645000,0,0,11,4
5,8,3.121841e6,-1.08870435402577,-0.8619484131774695,TIME_LIMIT,645025,0,0,5,9
5,8,3.122035e6,-1.0887002033443927,-0.8619484131774695,TIME_LIMIT,645051,0,0,10,7
5,8,3.122251e6,-1.0887002033443927,-0.8619484131774695,TIME_LIMIT,645073,0,0,13,20
5,8,3.12238e6,-1.088699633851634,-0.8619484131774695,TIME_LIMIT,645100,0,0,12,7
5,8,3.122431e6,-1.088699633851634,-0.8619484131774695,TIME_LIMIT,645120,0,0,9,6
5,8,3.122523e6,-1.088698349343887,-0.8619484131774695,TIME_LIMIT,645136,0,0,11,13
5,8,3.122636e6,-1.088698349343887,-0.8619484131774695,TIME_LIMIT,645158,0,0,13,7
5,8,3.122755e6,-1.0886932564754714,-0.8619484131774695,TIME_LIMIT,645174,0,0,7,2
5,8,3.122866e6,-1.0886932564754714,-0.8619484131774695,TIME_LIMIT,645192,0,0,15,11
5,8,3.123059e6,-1.0886776481821485,-0.8619484131774695,TIME_LIMIT,645215,0,0,15,6
5,8,3.123111e6,-1.0886776481821485,-0.8619484131774695,TIME_LIMIT,645233,0,0,12,7
5,8,3.123195e6,-1.0886742961631384,-0.8619484131774695,TIME_LIMIT,645254,0,0,12,5
5,8,3.123443e6,-1.0886742961631384,-0.8619484131774695,TIME_LIMIT,645283,0,0,13,20
5,8,3.123611e6,-1.0886720740597065,-0.8619484131774695,TIME_LIMIT,645315,0,0,12,9
5,8,3.123837e6,-1.0886720740597065,-0.8619484131774695,TIME_LIMIT,645342,0,0,20,23
5,8,3.124016e6,-1.0886681258351303,-0.8619484131774695,TIME_LIMIT,645382,0,0,12,9
5,8,3.124148e6,-1.0886681258351303,-0.8619484131774695,TIME_LIMIT,645398,0,0,9,10
5,8,3.124201e6,-1.0886653607095178,-0.8619484131774695,TIME_LIMIT,645418,0,0,9,2
5,8,3.124333e6,-1.0886653607095178,-0.8619484131774695,TIME_LIMIT,645443,0,0,15,16
5,8,3.124447e6,-1.088650628860658,-0.8619484131774695,TIME_LIMIT,645468,0,0,16,7
5,8,3.124544e6,-1.088650628860658,-0.8619484131774695,TIME_LIMIT,645480,0,0,4,10
5,8,3.124601e6,-1.0886480071370435,-0.8619484131774695,TIME_LIMIT,645504,0,0,8,6
5,8,3.124723e6,-1.0886480071370435,-0.8619484131774695,TIME_LIMIT,645523,0,0,14,13
5,8,3.124777e6,-1.0886475615250133,-0.8619484131774695,TIME_LIMIT,645547,0,0,9,5
5,8,3.124984e6,-1.0886475615250133,-0.8619484131774695,TIME_LIMIT,645571,0,0,15,12
5,8,3.125189e6,-1.0886467336453893,-0.8619484131774695,TIME_LIMIT,645602,0,0,10,4
5,8,3.12535e6,-1.0886467336453893,-0.8619484131774695,TIME_LIMIT,645624,0,0,15,22
5,8,3.125542e6,-1.0886445856600422,-0.8619484131774695,TIME_LIMIT,645666,0,0,14,9
5,8,3.125613e6,-1.0886445856600422,-0.8619484131774695,TIME_LIMIT,645677,0,0,10,5
5,8,3.125666e6,-1.08864117621688,-0.8619484131774695,TIME_LIMIT,645692,0,0,1,2
5,8,3.125725e6,-1.08864117621688,-0.8619484131774695,TIME_LIMIT,645712,0,0,10,10
5,8,3.125814e6,-1.088638676678433,-0.8619484131774695,TIME_LIMIT,645732,0,0,8,3
5,8,3.125875e6,-1.088638676678433,-0.8619484131774695,TIME_LIMIT,645752,0,0,7,7
5,8,3.126002e6,-1.0886356785193274,-0.8619484131774695,TIME_LIMIT,645775,0,0,5,6
5,8,3.126088e6,-1.0886356785193274,-0.8619484131774695,TIME_LIMIT,645797,0,0,13,5
5,8,3.126217e6,-1.0886351517411028,-0.8619484131774695,TIME_LIMIT,645815,0,0,7,9
5,8,3.126355e6,-1.0886351517411028,-0.8619484131774695,TIME_LIMIT,645840,0,0,9,11
5,8,3.12645e6,-1.0886249675430864,-0.8619484131774695,TIME_LIMIT,645864,0,0,8,7
5,8,3.126667e6,-1.0886249675430864,-0.8619484131774695,TIME_LIMIT,645892,0,0,13,18
5,8,3.126827e6,-1.088624076714091,-0.8619484131774695,TIME_LIMIT,645921,0,0,12,12
5,8,3.12702e6,-1.088624076714091,-0.8619484131774695,TIME_LIMIT,645949,0,0,18,17
5,8,3.127153e6,-1.088623023107615,-0.8619484131774695,TIME_LIMIT,645972,0,0,13,9
5,8,3.127251e6,-1.088623023107615,-0.8619484131774695,TIME_LIMIT,645993,0,0,9,11
5,8,3.127428e6,-1.088613732709284,-0.8619484131774695,TIME_LIMIT,646023,0,0,11,8
5,8,3.127492e6,-1.088613732709284,-0.8619484131774695,TIME_LIMIT,646040,0,0,6,3
5,8,3.127551e6,-1.0886123627528907,-0.8619484131774695,TIME_LIMIT,646055,0,0,5,3
5,8,3.127635e6,-1.0886123627528907,-0.8619484131774695,TIME_LIMIT,646068,0,0,5,3
5,8,3.127715e6,-1.0886099272313239,-0.8619484131774695,TIME_LIMIT,646077,0,0,2,2
5,8,3.127977e6,-1.0886099272313239,-0.8619484131774695,TIME_LIMIT,646099,0,0,9,7
5,8,3.128084e6,-1.088609519480441,-0.8619484131774695,TIME_LIMIT,646118,0,0,8,3
5,8,3.128309e6,-1.088609519480441,-0.8619484131774695,TIME_LIMIT,646143,0,0,11,22
5,8,3.128534e6,-1.088608294283191,-0.8619484131774695,TIME_LIMIT,646171,0,0,14,5
5,8,3.128639e6,-1.088608294283191,-0.8619484131774695,TIME_LIMIT,646192,0,0,16,16
5,8,3.128834e6,-1.08860729631219,-0.8619484131774695,TIME_LIMIT,646224,0,0,8,11
5,8,3.128889e6,-1.08860729631219,-0.8619484131774695,TIME_LIMIT,646238,0,0,9,6
5,8,3.128917e6,-1.0886037147873857,-0.8619484131774695,TIME_LIMIT,646246,0,0,2,2
5,8,3.129001e6,-1.0886037147873857,-0.8619484131774695,TIME_LIMIT,646263,0,0,19,17
5,8,3.129218e6,-1.0885915092477885,-0.8619484131774695,TIME_LIMIT,646299,0,0,13,9
5,8,3.129269e6,-1.0885915092477885,-0.8619484131774695,TIME_LIMIT,646318,0,0,7,7
5,8,3.129339e6,-1.0885865239314674,-0.8619484131774695,TIME_LIMIT,646329,0,0,7,1
5,8,3.1295e6,-1.0885865239314674,-0.8619484131774695,TIME_LIMIT,646354,0,0,11,16
5,8,3.129725e6,-1.0885765999670922,-0.8619484131774695,TIME_LIMIT,646390,0,0,16,5
5,8,3.129949e6,-1.0885765999670922,-0.8619484131774695,TIME_LIMIT,646422,0,0,18,26
5,8,3.130189e6,-1.0885723651130332,-0.8619484131774695,TIME_LIMIT,646454,0,0,16,16
5,8,3.130297e6,-1.0885723651130332,-0.8619484131774695,TIME_LIMIT,646466,0,0,10,4
5,8,3.130341e6,-1.0885713661097478,-0.8619484131774695,TIME_LIMIT,646482,0,0,6,0
5,8,3.130469e6,-1.0885713661097478,-0.8619484131774695,TIME_LIMIT,646510,0,0,17,8
5,8,3.130545e6,-1.0885638770789878,-0.8619484131774695,TIME_LIMIT,646528,0,0,9,8
5,8,3.130657e6,-1.0885638770789878,-0.8619484131774695,TIME_LIMIT,646552,0,0,6,11
5,8,3.130745e6,-1.0885636521681974,-0.8619484131774695,TIME_LIMIT,646574,0,0,15,11
5,8,3.130819e6,-1.0885636521681974,-0.8619484131774695,TIME_LIMIT,646596,0,0,7,10
5,8,3.130933e6,-1.0885561141265612,-0.8619484131774695,TIME_LIMIT,646617,0,0,9,7
5,8,3.130988e6,-1.0885561141265612,-0.8619484131774695,TIME_LIMIT,646632,0,0,16,25
5,8,3.13112e6,-1.088552656926213,-0.8619484131774695,TIME_LIMIT,646666,0,0,13,6
5,8,3.131258e6,-1.088552656926213,-0.8619484131774695,TIME_LIMIT,646684,0,0,10,6
5,8,3.131402e6,-1.0885471654649592,-0.8619484131774695,TIME_LIMIT,646708,0,0,9,8
5,8,3.131574e6,-1.0885471654649592,-0.8619484131774695,TIME_LIMIT,646737,0,0,12,12
5,8,3.131779e6,-1.0885458546380606,-0.8619484131774695,TIME_LIMIT,646769,0,0,15,4
5,8,3.132019e6,-1.0885458546380606,-0.8619484131774695,TIME_LIMIT,646796,0,0,19,14
5,8,3.132246e6,-1.0885418497090185,-0.8619484131774695,TIME_LIMIT,646836,0,0,21,12
5,8,3.13239e6,-1.0885418497090185,-0.8619484131774695,TIME_LIMIT,646852,0,0,8,9
5,8,3.132501e6,-1.0885410649424456,-0.8619484131774695,TIME_LIMIT,646882,0,0,15,3
5,8,3.132729e6,-1.0885410649424456,-0.8619484131774695,TIME_LIMIT,646911,0,0,16,32
5,8,3.132921e6,-1.0885340983303349,-0.8619484131774695,TIME_LIMIT,646945,0,0,21,19
5,8,3.133031e6,-1.0885340983303349,-0.8619484131774695,TIME_LIMIT,646968,0,0,13,13
5,8,3.133145e6,-1.0885253641098402,-0.8619484131774695,TIME_LIMIT,646992,0,0,12,2
5,8,3.133238e6,-1.0885253641098402,-0.8619484131774695,TIME_LIMIT,647015,0,0,14,13
5,8,3.133316e6,-1.0885225635336488,-0.8619484131774695,TIME_LIMIT,647042,0,0,9,9
5,8,3.13344e6,-1.0885225635336488,-0.8619484131774695,TIME_LIMIT,647063,0,0,12,11
5,8,3.133498e6,-1.0885199988990117,-0.8619484131774695,TIME_LIMIT,647086,0,0,8,2
5,8,3.133534e6,-1.0885199988990117,-0.8619484131774695,TIME_LIMIT,647102,0,0,8,9
5,8,3.133639e6,-1.0885180395544214,-0.8619484131774695,TIME_LIMIT,647114,0,0,6,3
5,8,3.133779e6,-1.0885180395544214,-0.8619484131774695,TIME_LIMIT,647133,0,0,11,10
5,8,3.133927e6,-1.0885163498785886,-0.8619484131774695,TIME_LIMIT,647149,0,0,9,4
5,8,3.134112e6,-1.0885163498785886,-0.8619484131774695,TIME_LIMIT,647172,0,0,6,8
5,8,3.134197e6,-1.0885163400959574,-0.8619484131774695,TIME_LIMIT,647205,0,0,10,11
5,8,3.134475e6,-1.0885163400959574,-0.8619484131774695,TIME_LIMIT,647229,0,0,14,10
5,8,3.134579e6,-1.088514845237599,-0.8619484131774695,TIME_LIMIT,647257,0,0,10,7
5,8,3.134748e6,-1.088514845237599,-0.8619484131774695,TIME_LIMIT,647281,0,0,10,16
5,8,3.134877e6,-1.0885137350435166,-0.8619484131774695,TIME_LIMIT,647299,0,0,11,7
5,8,3.134993e6,-1.0885137350435166,-0.8619484131774695,TIME_LIMIT,647325,0,0,10,8
5,8,3.13506e6,-1.088499673021612,-0.8619484131774695,TIME_LIMIT,647343,0,0,9,7
5,8,3.135324e6,-1.088499673021612,-0.8619484131774695,TIME_LIMIT,647368,0,0,7,14
5,8,3.135522e6,-1.0884934326944995,-0.8619484131774695,TIME_LIMIT,647390,0,0,6,6
5,8,3.135639e6,-1.0884934326944995,-0.8619484131774695,TIME_LIMIT,647409,0,0,6,16
5,8,3.135755e6,-1.088493136697568,-0.8619484131774695,TIME_LIMIT,647440,0,0,6,7
5,8,3.135866e6,-1.088493136697568,-0.8619484131774695,TIME_LIMIT,647457,0,0,9,9
5,8,3.13596e6,-1.088491948696095,-0.8619484131774695,TIME_LIMIT,647477,0,0,4,4
5,8,3.136186e6,-1.088491948696095,-0.8619484131774695,TIME_LIMIT,647498,0,0,14,16
5,8,3.136309e6,-1.0884916097387225,-0.8619484131774695,TIME_LIMIT,647523,0,0,15,3
5,8,3.136414e6,-1.0884916097387225,-0.8619484131774695,TIME_LIMIT,647541,0,0,9,5
5,8,3.136457e6,-1.088488827362367,-0.8619484131774695,TIME_LIMIT,647559,0,0,3,3
5,8,3.136547e6,-1.088488827362367,-0.8619484131774695,TIME_LIMIT,647575,0,0,11,3
5,8,3.136635e6,-1.0884877027055642,-0.8619484131774695,TIME_LIMIT,647594,0,0,9,5
5,8,3.136824e6,-1.0884877027055642,-0.8619484131774695,TIME_LIMIT,647615,0,0,14,14
5,8,3.137005e6,-1.0884873458910294,-0.8619484131774695,TIME_LIMIT,647644,0,0,9,9
5,8,3.13712e6,-1.0884873458910294,-0.8619484131774695,TIME_LIMIT,647672,0,0,13,12
5,8,3.137197e6,-1.0884852394958202,-0.8619484131774695,TIME_LIMIT,647686,0,0,4,3
5,8,3.137352e6,-1.0884852394958202,-0.8619484131774695,TIME_LIMIT,647719,0,0,11,6
5,8,3.137485e6,-1.088483713741292,-0.8619484131774695,TIME_LIMIT,647743,0,0,11,5
5,8,3.137627e6,-1.088483713741292,-0.8619484131774695,TIME_LIMIT,647775,0,0,15,12
5,8,3.13772e6,-1.0884818175667568,-0.8619484131774695,TIME_LIMIT,647796,0,0,10,8
5,8,3.137826e6,-1.0884818175667568,-0.8619484131774695,TIME_LIMIT,647824,0,0,12,23
5,8,3.137883e6,-1.0884781636465937,-0.8619484131774695,TIME_LIMIT,647845,0,0,12,11
5,8,3.138023e6,-1.0884781636465937,-0.8619484131774695,TIME_LIMIT,647869,0,0,15,5
5,8,3.138112e6,-1.0884743254411622,-0.8619484131774695,TIME_LIMIT,647894,0,0,10,9
5,8,3.138265e6,-1.0884743254411622,-0.8619484131774695,TIME_LIMIT,647916,0,0,6,9
5,8,3.138334e6,-1.0884704663044018,-0.8619484131774695,TIME_LIMIT,647935,0,0,8,5
5,8,3.138377e6,-1.0884704663044018,-0.8619484131774695,TIME_LIMIT,647952,0,0,15,11
5,8,3.138576e6,-1.0884683045475536,-0.8619484131774695,TIME_LIMIT,647975,0,0,7,5
5,8,3.138623e6,-1.0884683045475536,-0.8619484131774695,TIME_LIMIT,647990,0,0,6,5
5,8,3.138697e6,-1.0884573966454874,-0.8619484131774695,TIME_LIMIT,648009,0,0,7,2
5,8,3.138801e6,-1.0884573966454874,-0.8619484131774695,TIME_LIMIT,648028,0,0,14,12
5,8,3.138902e6,-1.0884414337481478,-0.8619484131774695,TIME_LIMIT,648058,0,0,7,5
5,8,3.138972e6,-1.0884414337481478,-0.8619484131774695,TIME_LIMIT,648081,0,0,13,6
5,8,3.13908e6,-1.0884390581749062,-0.8619484131774695,TIME_LIMIT,648114,0,0,9,7
5,8,3.139266e6,-1.0884390581749062,-0.8619484131774695,TIME_LIMIT,648131,0,0,17,11
5,8,3.139489e6,-1.0884357232750965,-0.8619484131774695,TIME_LIMIT,648158,0,0,9,7
5,8,3.139715e6,-1.0884357232750965,-0.8619484131774695,TIME_LIMIT,648178,0,0,14,19
5,8,3.139923e6,-1.0884348761762674,-0.8619484131774695,TIME_LIMIT,648213,0,0,14,12
5,8,3.140032e6,-1.0884348761762674,-0.8619484131774695,TIME_LIMIT,648240,0,0,20,8
5,8,3.140139e6,-1.0884233991249772,-0.8619484131774695,TIME_LIMIT,648264,0,0,10,2
5,8,3.14033e6,-1.0884233991249772,-0.8619484131774695,TIME_LIMIT,648287,0,0,12,10
5,8,3.140379e6,-1.088420680455389,-0.8619484131774695,TIME_LIMIT,648312,0,0,12,2
5,8,3.14056e6,-1.088420680455389,-0.8619484131774695,TIME_LIMIT,648340,0,0,14,11
5,8,3.140768e6,-1.0884168399177612,-0.8619484131774695,TIME_LIMIT,648376,0,0,12,11
5,8,3.14099e6,-1.0884168399177612,-0.8619484131774695,TIME_LIMIT,648399,0,0,16,9
5,8,3.141138e6,-1.0884160939359184,-0.8619484131774695,TIME_LIMIT,648425,0,0,16,12
5,8,3.14122e6,-1.0884160939359184,-0.8619484131774695,TIME_LIMIT,648450,0,0,17,37
5,8,3.141465e6,-1.0884137350367067,-0.8619484131774695,TIME_LIMIT,648494,0,0,12,13
5,8,3.141576e6,-1.0884137350367067,-0.8619484131774695,TIME_LIMIT,648523,0,0,16,17
5,8,3.141697e6,-1.0884106343260804,-0.8619484131774695,TIME_LIMIT,648561,0,0,14,11
5,8,3.141921e6,-1.0884106343260804,-0.8619484131774695,TIME_LIMIT,648592,0,0,19,18
5,8,3.142147e6,-1.0884028666260264,-0.8619484131774695,TIME_LIMIT,648631,0,0,18,10
5,8,3.142285e6,-1.0884028666260264,-0.8619484131774695,TIME_LIMIT,648656,0,0,19,20
5,8,3.142503e6,-1.0883977744054916,-0.8619484131774695,TIME_LIMIT,648691,0,0,10,10
5,8,3.142628e6,-1.0883977744054916,-0.8619484131774695,TIME_LIMIT,648720,0,0,10,8
5,8,3.142758e6,-1.0883958727056593,-0.8619484131774695,TIME_LIMIT,648742,0,0,6,10
5,8,3.14291e6,-1.0883958727056593,-0.8619484131774695,TIME_LIMIT,648762,0,0,15,4
5,8,3.143117e6,-1.0883941261372334,-0.8619484131774695,TIME_LIMIT,648789,0,0,16,5
5,8,3.143176e6,-1.0883941261372334,-0.8619484131774695,TIME_LIMIT,648807,0,0,9,6
5,8,3.143211e6,-1.0883930730010105,-0.8619484131774695,TIME_LIMIT,648820,0,0,4,1
5,8,3.143358e6,-1.0883930730010105,-0.8619484131774695,TIME_LIMIT,648847,0,0,16,18
5,8,3.143611e6,-1.0883919183800033,-0.8619484131774695,TIME_LIMIT,648880,0,0,14,11
5,8,3.143672e6,-1.0883919183800033,-0.8619484131774695,TIME_LIMIT,648902,0,0,10,6
5,8,3.143775e6,-1.0883917017745344,-0.8619484131774695,TIME_LIMIT,648926,0,0,14,6
5,8,3.14384e6,-1.0883917017745344,-0.8619484131774695,TIME_LIMIT,648950,0,0,21,26
5,8,3.143979e6,-1.0883882493972543,-0.8619484131774695,TIME_LIMIT,648981,0,0,18,8
5,8,3.144187e6,-1.0883882493972543,-0.8619484131774695,TIME_LIMIT,648999,0,0,17,15
5,8,3.144413e6,-1.088387535890173,-0.8619484131774695,TIME_LIMIT,649039,0,0,20,10
5,8,3.144666e6,-1.088387535890173,-0.8619484131774695,TIME_LIMIT,649064,0,0,10,16
5,8,3.144739e6,-1.0883838661350664,-0.8619484131774695,TIME_LIMIT,649079,0,0,6,5
5,8,3.144832e6,-1.0883838661350664,-0.8619484131774695,TIME_LIMIT,649103,0,0,10,3
5,8,3.144878e6,-1.0883754898150877,-0.8619484131774695,TIME_LIMIT,649117,0,0,6,0
5,8,3.144921e6,-1.0883754898150877,-0.8619484131774695,TIME_LIMIT,649133,0,0,5,5
5,8,3.144976e6,-1.0883711132012994,-0.8619484131774695,TIME_LIMIT,649149,0,0,6,2
5,8,3.145115e6,-1.0883711132012994,-0.8619484131774695,TIME_LIMIT,649167,0,0,10,4
5,8,3.145178e6,-1.0883700162891528,-0.8619484131774695,TIME_LIMIT,649180,0,0,7,3
5,8,3.145259e6,-1.0883700162891528,-0.8619484131774695,TIME_LIMIT,649198,0,0,11,7
5,8,3.145376e6,-1.088369013654907,-0.8619484131774695,TIME_LIMIT,649213,0,0,6,6
5,8,3.145562e6,-1.088369013654907,-0.8619484131774695,TIME_LIMIT,649229,0,0,10,21
5,8,3.145628e6,-1.0883658586241052,-0.8619484131774695,TIME_LIMIT,649251,0,0,8,5
5,8,3.145746e6,-1.0883658586241052,-0.8619484131774695,TIME_LIMIT,649270,0,0,18,13
5,8,3.14594e6,-1.0883651129223146,-0.8619484131774695,TIME_LIMIT,649293,0,0,14,6
5,8,3.146069e6,-1.0883651129223146,-0.8619484131774695,TIME_LIMIT,649311,0,0,8,10
5,8,3.146156e6,-1.088364939434274,-0.8619484131774695,TIME_LIMIT,649328,0,0,7,0
5,8,3.146311e6,-1.088364939434274,-0.8619484131774695,TIME_LIMIT,649355,0,0,13,11
5,8,3.146398e6,-1.0883617400875418,-0.8619484131774695,TIME_LIMIT,649374,0,0,14,5
5,8,3.146627e6,-1.0883617400875418,-0.8619484131774695,TIME_LIMIT,649395,0,0,10,9
5,8,3.146715e6,-1.0883613364250047,-0.8619484131774695,TIME_LIMIT,649420,0,0,12,6
5,8,3.146781e6,-1.0883613364250047,-0.8619484131774695,TIME_LIMIT,649435,0,0,15,15
5,8,3.146879e6,-1.0883599575614746,-0.8619484131774695,TIME_LIMIT,649460,0,0,8,7
5,8,3.147033e6,-1.0883599575614746,-0.8619484131774695,TIME_LIMIT,649496,0,0,23,21
5,8,3.14716e6,-1.0883578466095676,-0.8619484131774695,TIME_LIMIT,649520,0,0,18,16
5,8,3.147204e6,-1.0883578466095676,-0.8619484131774695,TIME_LIMIT,649536,0,0,8,7
5,8,3.147232e6,-1.0883531837311073,-0.8619484131774695,TIME_LIMIT,649544,0,0,3,1
5,8,3.147349e6,-1.0883531837311073,-0.8619484131774695,TIME_LIMIT,649561,0,0,10,14
5,8,3.147767e6,-1.0883478223364116,-0.8619484131774695,TIME_LIMIT,649602,0,0,12,10
5,8,3.147854e6,-1.0883478223364116,-0.8619484131774695,TIME_LIMIT,649622,0,0,12,5
5,8,3.147903e6,-1.0883406526080364,-0.8619484131774695,TIME_LIMIT,649633,0,0,8,5
5,8,3.148121e6,-1.0883406526080364,-0.8619484131774695,TIME_LIMIT,649668,0,0,14,17
5,8,3.148265e6,-1.0883398129772348,-0.8619484131774695,TIME_LIMIT,649695,0,0,13,5
5,8,3.148407e6,-1.0883398129772348,-0.8619484131774695,TIME_LIMIT,649712,0,0,7,7
5,8,3.148499e6,-1.0883380556519051,-0.8619484131774695,TIME_LIMIT,649735,0,0,10,5
5,8,3.148614e6,-1.0883380556519051,-0.8619484131774695,TIME_LIMIT,649760,0,0,15,10
5,8,3.14872e6,-1.0883348076369108,-0.8619484131774695,TIME_LIMIT,649787,0,0,3,5
5,8,3.148844e6,-1.0883348076369108,-0.8619484131774695,TIME_LIMIT,649814,0,0,7,14
5,8,3.148976e6,-1.0883318297145383,-0.8619484131774695,TIME_LIMIT,649841,0,0,8,7
5,8,3.149194e6,-1.0883318297145383,-0.8619484131774695,TIME_LIMIT,649869,0,0,9,9
5,8,3.149326e6,-1.0883286959377563,-0.8619484131774695,TIME_LIMIT,649889,0,0,8,4
5,8,3.149413e6,-1.0883286959377563,-0.8619484131774695,TIME_LIMIT,649908,0,0,13,8
5,8,3.149577e6,-1.0883282479736704,-0.8619484131774695,TIME_LIMIT,649923,0,0,7,4
5,8,3.149716e6,-1.0883282479736704,-0.8619484131774695,TIME_LIMIT,649949,0,0,13,11
5,8,3.149763e6,-1.0883141239154441,-0.8619484131774695,TIME_LIMIT,649970,0,0,3,3
5,8,3.149885e6,-1.0883141239154441,-0.8619484131774695,TIME_LIMIT,649995,0,0,7,13
5,8,3.149984e6,-1.0883119813579976,-0.8619484131774695,TIME_LIMIT,650014,0,0,7,4
5,8,3.150037e6,-1.0883119813579976,-0.8619484131774695,TIME_LIMIT,650032,0,0,9,9
5,8,3.150375e6,-1.0883114081929623,-0.8619484131774695,TIME_LIMIT,650063,0,0,13,9
5,8,3.150512e6,-1.0883114081929623,-0.8619484131774695,TIME_LIMIT,650096,0,0,21,20
5,8,3.150613e6,-1.088309627543103,-0.8619484131774695,TIME_LIMIT,650120,0,0,20,13
5,8,3.150759e6,-1.088309627543103,-0.8619484131774695,TIME_LIMIT,650146,0,0,18,21
5,8,3.150948e6,-1.0883079045404203,-0.8619484131774695,TIME_LIMIT,650181,0,0,12,10
5,8,3.151102e6,-1.0883079045404203,-0.8619484131774695,TIME_LIMIT,650206,0,0,14,7
5,8,3.151308e6,-1.0883047061254754,-0.8619484131774695,TIME_LIMIT,650232,0,0,9,3
5,8,3.151492e6,-1.0883047061254754,-0.8619484131774695,TIME_LIMIT,650259,0,0,15,10
5,8,3.151657e6,-1.0882997914048333,-0.8619484131774695,TIME_LIMIT,650280,0,0,15,3
5,8,3.151844e6,-1.0882997914048333,-0.8619484131774695,TIME_LIMIT,650299,0,0,9,10
5,8,3.151901e6,-1.0882911941620446,-0.8619484131774695,TIME_LIMIT,650325,0,0,9,6
5,8,3.152126e6,-1.0882911941620446,-0.8619484131774695,TIME_LIMIT,650354,0,0,14,28
5,8,3.152422e6,-1.0882883218728991,-0.8619484131774695,TIME_LIMIT,650380,0,0,13,19
5,8,3.152617e6,-1.0882883218728991,-0.8619484131774695,TIME_LIMIT,650403,0,0,14,6
5,8,3.152717e6,-1.0882839993438167,-0.8619484131774695,TIME_LIMIT,650422,0,0,5,3
5,8,3.152803e6,-1.0882839993438167,-0.8619484131774695,TIME_LIMIT,650436,0,0,11,19
5,8,3.152929e6,-1.0882760604999548,-0.8619484131774695,TIME_LIMIT,650469,0,0,7,17
5,8,3.15299e6,-1.0882760604999548,-0.8619484131774695,TIME_LIMIT,650486,0,0,4,7
5,8,3.153074e6,-1.0882753482933367,-0.8619484131774695,TIME_LIMIT,650500,0,0,3,2
5,8,3.153328e6,-1.0882753482933367,-0.8619484131774695,TIME_LIMIT,650519,0,0,8,5
5,8,3.153388e6,-1.0882730926925923,-0.8619484131774695,TIME_LIMIT,650539,0,0,10,0
5,8,3.153557e6,-1.0882730926925923,-0.8619484131774695,TIME_LIMIT,650559,0,0,15,9
5,8,3.153725e6,-1.0882706935591764,-0.8619484131774695,TIME_LIMIT,650584,0,0,13,9
5,8,3.15394e6,-1.0882706935591764,-0.8619484131774695,TIME_LIMIT,650606,0,0,16,14
5,8,3.154107e6,-1.0882690654411604,-0.8619484131774695,TIME_LIMIT,650640,0,0,12,13
5,8,3.154342e6,-1.0882690654411604,-0.8619484131774695,TIME_LIMIT,650669,0,0,14,15
5,8,3.154471e6,-1.0882684163016965,-0.8619484131774695,TIME_LIMIT,650696,0,0,6,13
5,8,3.154677e6,-1.0882684163016965,-0.8619484131774695,TIME_LIMIT,650722,0,0,4,18
5,8,3.154873e6,-1.0882680959427007,-0.8619484131774695,TIME_LIMIT,650749,0,0,8,6
5,8,3.155001e6,-1.0882680959427007,-0.8619484131774695,TIME_LIMIT,650774,0,0,13,22
5,8,3.15515e6,-1.0882675476948203,-0.8619484131774695,TIME_LIMIT,650804,0,0,12,8
5,8,3.155271e6,-1.0882675476948203,-0.8619484131774695,TIME_LIMIT,650830,0,0,13,14
5,8,3.155368e6,-1.088265197452594,-0.8619484131774695,TIME_LIMIT,650852,0,0,11,3
5,8,3.155441e6,-1.088265197452594,-0.8619484131774695,TIME_LIMIT,650877,0,0,10,22
5,8,3.15553e6,-1.0882584456190036,-0.8619484131774695,TIME_LIMIT,650900,0,0,5,3
5,8,3.15565e6,-1.0882584456190036,-0.8619484131774695,TIME_LIMIT,650918,0,0,12,9
5,8,3.155787e6,-1.0882553541626971,-0.8619484131774695,TIME_LIMIT,650949,0,0,8,5
5,8,3.155868e6,-1.0882553541626971,-0.8619484131774695,TIME_LIMIT,650972,0,0,11,7
5,8,3.155922e6,-1.088254848254913,-0.8619484131774695,TIME_LIMIT,650988,0,0,6,3
5,8,3.156034e6,-1.088254848254913,-0.8619484131774695,TIME_LIMIT,651012,0,0,15,9
5,8,3.15608e6,-1.0882458368698866,-0.8619484131774695,TIME_LIMIT,651028,0,0,7,9
5,8,3.15624e6,-1.0882458368698866,-0.8619484131774695,TIME_LIMIT,651051,0,0,20,29
5,8,3.156346e6,-1.088245013486696,-0.8619484131774695,TIME_LIMIT,651077,0,0,10,11
5,8,3.156482e6,-1.088245013486696,-0.8619484131774695,TIME_LIMIT,651105,0,0,7,19
5,8,3.156532e6,-1.0882412671785688,-0.8619484131774695,TIME_LIMIT,651123,0,0,5,7
5,8,3.156647e6,-1.0882412671785688,-0.8619484131774695,TIME_LIMIT,651139,0,0,12,10
5,8,3.1567e6,-1.0882383339438078,-0.8619484131774695,TIME_LIMIT,651153,0,0,1,2
5,8,3.15675e6,-1.0882383339438078,-0.8619484131774695,TIME_LIMIT,651172,0,0,6,1
5,8,3.156917e6,-1.0882378829808372,-0.8619484131774695,TIME_LIMIT,651197,0,0,8,8
5,8,3.157006e6,-1.0882378829808372,-0.8619484131774695,TIME_LIMIT,651211,0,0,14,11
5,8,3.157079e6,-1.0882360386810297,-0.8619484131774695,TIME_LIMIT,651237,0,0,9,10
5,8,3.157258e6,-1.0882360386810297,-0.8619484131774695,TIME_LIMIT,651255,0,0,16,15
5,8,3.157465e6,-1.088228746716791,-0.8619484131774695,TIME_LIMIT,651286,0,0,16,7
5,8,3.157604e6,-1.088228746716791,-0.8619484131774695,TIME_LIMIT,651308,0,0,21,13
5,8,3.157723e6,-1.0882261082806184,-0.8619484131774695,TIME_LIMIT,651338,0,0,12,9
5,8,3.157848e6,-1.0882261082806184,-0.8619484131774695,TIME_LIMIT,651362,0,0,5,7
5,8,3.158049e6,-1.0882162545547134,-0.8619484131774695,TIME_LIMIT,651382,0,0,10,10
5,8,3.158275e6,-1.0882162545547134,-0.8619484131774695,TIME_LIMIT,651407,0,0,13,6
5,8,3.15842e6,-1.0882152758776833,-0.8619484131774695,TIME_LIMIT,651438,0,0,13,5
5,8,3.158671e6,-1.0882152758776833,-0.8619484131774695,TIME_LIMIT,651462,0,0,14,14
5,8,3.158719e6,-1.0882109905631459,-0.8619484131774695,TIME_LIMIT,651480,0,0,10,3
5,8,3.15885e6,-1.0882109905631459,-0.8619484131774695,TIME_LIMIT,651505,0,0,12,25
5,8,3.159119e6,-1.0882098216862013,-0.8619484131774695,TIME_LIMIT,651535,0,0,10,8
5,8,3.159207e6,-1.0882098216862013,-0.8619484131774695,TIME_LIMIT,651554,0,0,15,17
5,8,3.159363e6,-1.0882038756122467,-0.8619484131774695,TIME_LIMIT,651582,0,0,7,4
5,8,3.15945e6,-1.0882038756122467,-0.8619484131774695,TIME_LIMIT,651603,0,0,7,5
5,8,3.159536e6,-1.088201440601495,-0.8619484131774695,TIME_LIMIT,651621,0,0,5,3
5,8,3.159598e6,-1.088201440601495,-0.8619484131774695,TIME_LIMIT,651641,0,0,15,13
5,8,3.15972e6,-1.0881884141093465,-0.8619484131774695,TIME_LIMIT,651661,0,0,7,6
5,8,3.15984e6,-1.0881884141093465,-0.8619484131774695,TIME_LIMIT,651685,0,0,12,9
5,8,3.160084e6,-1.0881882155097538,-0.8619484131774695,TIME_LIMIT,651711,0,0,12,10
5,8,3.16031e6,-1.0881882155097538,-0.8619484131774695,TIME_LIMIT,651736,0,0,15,14
5,8,3.160419e6,-1.0881873550207515,-0.8619484131774695,TIME_LIMIT,651758,0,0,15,6
5,8,3.160526e6,-1.0881873550207515,-0.8619484131774695,TIME_LIMIT,651776,0,0,7,8
5,8,3.16056e6,-1.08818470930814,-0.8619484131774695,TIME_LIMIT,651787,0,0,4,2
5,8,3.160642e6,-1.08818470930814,-0.8619484131774695,TIME_LIMIT,651804,0,0,7,3
5,8,3.16071e6,-1.0881845513519104,-0.8619484131774695,TIME_LIMIT,651820,0,0,3,2
5,8,3.160937e6,-1.0881845513519104,-0.8619484131774695,TIME_LIMIT,651859,0,0,20,26
5,8,3.161168e6,-1.0881819274913642,-0.8619484131774695,TIME_LIMIT,651885,0,0,19,28
5,8,3.161264e6,-1.0881819274913642,-0.8619484131774695,TIME_LIMIT,651910,0,0,9,7
5,8,3.161348e6,-1.0881791871466397,-0.8619484131774695,TIME_LIMIT,651925,0,0,7,2
5,8,3.161455e6,-1.0881791871466397,-0.8619484131774695,TIME_LIMIT,651955,0,0,12,12
5,8,3.161661e6,-1.0881783252903303,-0.8619484131774695,TIME_LIMIT,651980,0,0,8,7
5,8,3.161776e6,-1.0881783252903303,-0.8619484131774695,TIME_LIMIT,651997,0,0,8,17
5,8,3.16184e6,-1.0881740824022472,-0.8619484131774695,TIME_LIMIT,652025,0,0,9,5
5,8,3.162051e6,-1.0881740824022472,-0.8619484131774695,TIME_LIMIT,652052,0,0,12,32
5,8,3.162281e6,-1.0881728607401988,-0.8619484131774695,TIME_LIMIT,652094,0,0,5,10
5,8,3.162495e6,-1.0881728607401988,-0.8619484131774695,TIME_LIMIT,652115,0,0,11,8
5,8,3.162546e6,-1.0881578077800513,-0.8619484131774695,TIME_LIMIT,652133,0,0,7,6
5,8,3.162771e6,-1.0881578077800513,-0.8619484131774695,TIME_LIMIT,652156,0,0,13,10
5,8,3.162885e6,-1.0881576115352276,-0.8619484131774695,TIME_LIMIT,652178,0,0,8,14
5,8,3.163128e6,-1.0881576115352276,-0.8619484131774695,TIME_LIMIT,652198,0,0,13,7
5,8,3.163316e6,-1.0881555699314447,-0.8619484131774695,TIME_LIMIT,652228,0,0,12,7
5,8,3.163433e6,-1.0881555699314447,-0.8619484131774695,TIME_LIMIT,652245,0,0,9,19
5,8,3.163483e6,-1.0881535947364822,-0.8619484131774695,TIME_LIMIT,652274,0,0,11,4
5,8,3.163618e6,-1.0881535947364822,-0.8619484131774695,TIME_LIMIT,652303,0,0,19,6
5,8,3.163738e6,-1.088135231806083,-0.8619484131774695,TIME_LIMIT,652329,0,0,12,6
5,8,3.16383e6,-1.088135231806083,-0.8619484131774695,TIME_LIMIT,652344,0,0,7,12
5,8,3.163909e6,-1.0881305943853032,-0.8619484131774695,TIME_LIMIT,652377,0,0,6,11
5,8,3.164135e6,-1.0881305943853032,-0.8619484131774695,TIME_LIMIT,652404,0,0,17,16
5,8,3.164238e6,-1.088129182984348,-0.8619484131774695,TIME_LIMIT,652431,0,0,8,10
5,8,3.164376e6,-1.088129182984348,-0.8619484131774695,TIME_LIMIT,652458,0,0,18,10
5,8,3.164477e6,-1.0881252491920996,-0.8619484131774695,TIME_LIMIT,652482,0,0,16,5
5,8,3.164673e6,-1.0881252491920996,-0.8619484131774695,TIME_LIMIT,652506,0,0,11,11
5,8,3.164755e6,-1.0881244542031894,-0.8619484131774695,TIME_LIMIT,652524,0,0,5,0
5,8,3.164983e6,-1.0881244542031894,-0.8619484131774695,TIME_LIMIT,652541,0,0,10,8
5,8,3.165189e6,-1.0881244029862858,-0.8619484131774695,TIME_LIMIT,652581,0,0,11,7
5,8,3.165247e6,-1.0881244029862858,-0.8619484131774695,TIME_LIMIT,652601,0,0,16,15
5,8,3.165367e6,-1.088121707264528,-0.8619484131774695,TIME_LIMIT,652626,0,0,10,7
5,8,3.165592e6,-1.088121707264528,-0.8619484131774695,TIME_LIMIT,652652,0,0,8,11
5,8,3.165736e6,-1.0881188109376643,-0.8619484131774695,TIME_LIMIT,652675,0,0,15,11
5,8,3.16599e6,-1.0881188109376643,-0.8619484131774695,TIME_LIMIT,652700,0,0,12,23
5,8,3.166209e6,-1.0881161486886484,-0.8619484131774695,TIME_LIMIT,652734,0,0,14,16
5,8,3.166311e6,-1.0881161486886484,-0.8619484131774695,TIME_LIMIT,652753,0,0,5,9
5,8,3.166405e6,-1.0881072986629796,-0.8619484131774695,TIME_LIMIT,652774,0,0,10,8
5,8,3.16657e6,-1.0881072986629796,-0.8619484131774695,TIME_LIMIT,652798,0,0,10,16
5,8,3.166792e6,-1.0881052449333093,-0.8619484131774695,TIME_LIMIT,652840,0,0,18,13
5,8,3.166932e6,-1.0881052449333093,-0.8619484131774695,TIME_LIMIT,652864,0,0,11,20
5,8,3.167149e6,-1.088099851721514,-0.8619484131774695,TIME_LIMIT,652901,0,0,16,13
5,8,3.167352e6,-1.088099851721514,-0.8619484131774695,TIME_LIMIT,652931,0,0,10,9
5,8,3.167438e6,-1.0880969711636483,-0.8619484131774695,TIME_LIMIT,652954,0,0,10,8
5,8,3.167625e6,-1.0880969711636483,-0.8619484131774695,TIME_LIMIT,652979,0,0,9,20
5,8,3.167779e6,-1.0880951510537296,-0.8619484131774695,TIME_LIMIT,653014,0,0,12,8
5,8,3.167986e6,-1.0880951510537296,-0.8619484131774695,TIME_LIMIT,653040,0,0,26,18
5,8,3.168104e6,-1.088094150176938,-0.8619484131774695,TIME_LIMIT,653077,0,0,16,8
5,8,3.168332e6,-1.088094150176938,-0.8619484131774695,TIME_LIMIT,653106,0,0,21,12
5,8,3.168464e6,-1.0880776455076466,-0.8619484131774695,TIME_LIMIT,653130,0,0,14,5
5,8,3.168581e6,-1.0880776455076466,-0.8619484131774695,TIME_LIMIT,653154,0,0,14,32
5,8,3.168898e6,-1.0880725079660876,-0.8619484131774695,TIME_LIMIT,653191,0,0,12,16
5,8,3.169124e6,-1.0880725079660876,-0.8619484131774695,TIME_LIMIT,653214,0,0,15,24
5,8,3.169234e6,-1.088071249961296,-0.8619484131774695,TIME_LIMIT,653249,0,0,7,9
5,8,3.16946e6,-1.088071249961296,-0.8619484131774695,TIME_LIMIT,653278,0,0,17,21
5,8,3.169723e6,-1.088065169972995,-0.8619484131774695,TIME_LIMIT,653298,0,0,11,12
5,8,3.169882e6,-1.088065169972995,-0.8619484131774695,TIME_LIMIT,653321,0,0,13,6
5,8,3.170009e6,-1.0880623377407215,-0.8619484131774695,TIME_LIMIT,653346,0,0,8,2
5,8,3.170187e6,-1.0880623377407215,-0.8619484131774695,TIME_LIMIT,653381,0,0,15,13
5,8,3.17025e6,-1.0880586529155671,-0.8619484131774695,TIME_LIMIT,653399,0,0,6,2
5,8,3.170362e6,-1.0880586529155671,-0.8619484131774695,TIME_LIMIT,653421,0,0,6,24
5,8,3.170478e6,-1.0880524835897487,-0.8619484131774695,TIME_LIMIT,653453,0,0,8,10
5,8,3.17063e6,-1.0880524835897487,-0.8619484131774695,TIME_LIMIT,653474,0,0,12,14
5,8,3.170713e6,-1.0880427394200338,-0.8619484131774695,TIME_LIMIT,653506,0,0,9,8
5,8,3.170914e6,-1.0880427394200338,-0.8619484131774695,TIME_LIMIT,653527,0,0,14,16
5,8,3.171056e6,-1.0880404601165012,-0.8619484131774695,TIME_LIMIT,653555,0,0,9,2
5,8,3.171235e6,-1.0880404601165012,-0.8619484131774695,TIME_LIMIT,653575,0,0,13,8
5,8,3.171288e6,-1.0880351095502936,-0.8619484131774695,TIME_LIMIT,653593,0,0,8,5
5,8,3.171538e6,-1.0880351095502936,-0.8619484131774695,TIME_LIMIT,653624,0,0,21,22
5,8,3.171719e6,-1.0880307072797815,-0.8619484131774695,TIME_LIMIT,653654,0,0,12,17
5,8,3.17184e6,-1.0880307072797815,-0.8619484131774695,TIME_LIMIT,653680,0,0,17,4
5,8,3.171953e6,-1.0880292361053383,-0.8619484131774695,TIME_LIMIT,653700,0,0,3,7
5,8,3.172061e6,-1.0880292361053383,-0.8619484131774695,TIME_LIMIT,653728,0,0,12,13
5,8,3.172158e6,-1.0880278225118682,-0.8619484131774695,TIME_LIMIT,653748,0,0,7,5
5,8,3.17228e6,-1.0880278225118682,-0.8619484131774695,TIME_LIMIT,653771,0,0,13,16
5,8,3.172339e6,-1.0880272261788964,-0.8619484131774695,TIME_LIMIT,653787,0,0,7,6
5,8,3.172605e6,-1.0880272261788964,-0.8619484131774695,TIME_LIMIT,653809,0,0,9,8
5,8,3.172785e6,-1.088025824482612,-0.8619484131774695,TIME_LIMIT,653839,0,0,11,3
5,8,3.173002e6,-1.088025824482612,-0.8619484131774695,TIME_LIMIT,653859,0,0,13,10
5,8,3.173131e6,-1.088024899929564,-0.8619484131774695,TIME_LIMIT,653887,0,0,7,5
5,8,3.173265e6,-1.088024899929564,-0.8619484131774695,TIME_LIMIT,653913,0,0,17,17
5,8,3.173358e6,-1.0880195421783547,-0.8619484131774695,TIME_LIMIT,653935,0,0,7,6
5,8,3.173505e6,-1.0880195421783547,-0.8619484131774695,TIME_LIMIT,653960,0,0,16,17
5,8,3.173695e6,-1.088011667259376,-0.8619484131774695,TIME_LIMIT,653988,0,0,10,5
5,8,3.173906e6,-1.088011667259376,-0.8619484131774695,TIME_LIMIT,654011,0,0,14,3
5,8,3.174047e6,-1.0880004645385082,-0.8619484131774695,TIME_LIMIT,654038,0,0,8,7
5,8,3.174262e6,-1.0880004645385082,-0.8619484131774695,TIME_LIMIT,654064,0,0,10,24
5,8,3.174436e6,-1.0879996589715732,-0.8619484131774695,TIME_LIMIT,654086,0,0,14,9
5,8,3.17461e6,-1.0879996589715732,-0.8619484131774695,TIME_LIMIT,654112,0,0,11,16
5,8,3.174693e6,-1.0879994809759301,-0.8619484131774695,TIME_LIMIT,654136,0,0,11,4
5,8,3.174817e6,-1.0879994809759301,-0.8619484131774695,TIME_LIMIT,654153,0,0,8,11
5,8,3.174865e6,-1.0879993296748824,-0.8619484131774695,TIME_LIMIT,654169,0,0,6,3
5,8,3.174947e6,-1.0879993296748824,-0.8619484131774695,TIME_LIMIT,654186,0,0,9,4
5,8,3.175013e6,-1.0879965429539276,-0.8619484131774695,TIME_LIMIT,654203,0,0,5,1
5,8,3.175068e6,-1.0879965429539276,-0.8619484131774695,TIME_LIMIT,654219,0,0,8,2
5,8,3.175169e6,-1.0879882074633627,-0.8619484131774695,TIME_LIMIT,654237,0,0,7,3
5,8,3.175221e6,-1.0879882074633627,-0.8619484131774695,TIME_LIMIT,654249,0,0,6,3
5,8,3.175254e6,-1.0879853002234319,-0.8619484131774695,TIME_LIMIT,654259,0,0,4,1
5,8,3.175412e6,-1.0879853002234319,-0.8619484131774695,TIME_LIMIT,654283,0,0,10,12
5,8,3.175553e6,-1.0879788821742187,-0.8619484131774695,TIME_LIMIT,654311,0,0,12,9
5,8,3.175751e6,-1.0879788821742187,-0.8619484131774695,TIME_LIMIT,654335,0,0,2,12
5,8,3.175838e6,-1.0879771929330397,-0.8619484131774695,TIME_LIMIT,654357,0,0,12,4
5,8,3.175925e6,-1.0879771929330397,-0.8619484131774695,TIME_LIMIT,654375,0,0,9,16
5,8,3.175992e6,-1.0879730874515698,-0.8619484131774695,TIME_LIMIT,654398,0,0,6,7
5,8,3.176077e6,-1.0879730874515698,-0.8619484131774695,TIME_LIMIT,654420,0,0,10,11
5,8,3.176141e6,-1.08796972588416,-0.8619484131774695,TIME_LIMIT,654448,0,0,8,10
5,8,3.17632e6,-1.08796972588416,-0.8619484131774695,TIME_LIMIT,654470,0,0,11,19
5,8,3.176432e6,-1.0879672655684494,-0.8619484131774695,TIME_LIMIT,654497,0,0,7,10
5,8,3.176535e6,-1.0879672655684494,-0.8619484131774695,TIME_LIMIT,654521,0,0,16,12
5,8,3.17668e6,-1.087965164946099,-0.8619484131774695,TIME_LIMIT,654548,0,0,11,4
5,8,3.176778e6,-1.087965164946099,-0.8619484131774695,TIME_LIMIT,654570,0,0,13,23
5,8,3.176989e6,-1.0879631724291812,-0.8619484131774695,TIME_LIMIT,654599,0,0,8,8
5,8,3.177215e6,-1.0879631724291812,-0.8619484131774695,TIME_LIMIT,654631,0,0,14,16
5,8,3.177446e6,-1.087959546834809,-0.8619484131774695,TIME_LIMIT,654657,0,0,15,12
5,8,3.177561e6,-1.087959546834809,-0.8619484131774695,TIME_LIMIT,654681,0,0,7,6
5,8,3.177635e6,-1.0879590438628433,-0.8619484131774695,TIME_LIMIT,654699,0,0,11,7
5,8,3.177783e6,-1.0879590438628433,-0.8619484131774695,TIME_LIMIT,654724,0,0,13,9
5,8,3.177908e6,-1.0879518404093496,-0.8619484131774695,TIME_LIMIT,654757,0,0,13,7
5,8,3.178021e6,-1.0879518404093496,-0.8619484131774695,TIME_LIMIT,654786,0,0,14,8
5,8,3.178199e6,-1.0879482213449938,-0.8619484131774695,TIME_LIMIT,654804,0,0,4,4
5,8,3.178246e6,-1.0879482213449938,-0.8619484131774695,TIME_LIMIT,654820,0,0,9,12
5,8,3.178337e6,-1.087946509730248,-0.8619484131774695,TIME_LIMIT,654831,0,0,2,3
5,8,3.178564e6,-1.087946509730248,-0.8619484131774695,TIME_LIMIT,654851,0,0,7,28
5,8,3.178721e6,-1.0879433082579686,-0.8619484131774695,TIME_LIMIT,654891,0,0,12,6
5,8,3.178801e6,-1.0879433082579686,-0.8619484131774695,TIME_LIMIT,654913,0,0,10,7
5,8,3.178926e6,-1.0879396918466337,-0.8619484131774695,TIME_LIMIT,654933,0,0,10,7
5,8,3.179058e6,-1.0879396918466337,-0.8619484131774695,TIME_LIMIT,654963,0,0,12,10
5,8,3.179138e6,-1.087938460118215,-0.8619484131774695,TIME_LIMIT,654989,0,0,15,9
5,8,3.179377e6,-1.087938460118215,-0.8619484131774695,TIME_LIMIT,655017,0,0,16,17
5,8,3.179622e6,-1.087936518628136,-0.8619484131774695,TIME_LIMIT,655053,0,0,12,10
5,8,3.179863e6,-1.087936518628136,-0.8619484131774695,TIME_LIMIT,655081,0,0,21,30
5,8,3.18011e6,-1.0879362747325334,-0.8619484131774695,TIME_LIMIT,655122,0,0,17,25
5,8,3.180358e6,-1.0879362747325334,-0.8619484131774695,TIME_LIMIT,655148,0,0,9,10
5,8,3.180433e6,-1.087933546904754,-0.8619484131774695,TIME_LIMIT,655168,0,0,8,1
5,8,3.180494e6,-1.087933546904754,-0.8619484131774695,TIME_LIMIT,655185,0,0,8,6
5,8,3.180626e6,-1.0879211391616552,-0.8619484131774695,TIME_LIMIT,655208,0,0,7,3
5,8,3.180699e6,-1.0879211391616552,-0.8619484131774695,TIME_LIMIT,655229,0,0,17,6
5,8,3.180803e6,-1.0879158248682388,-0.8619484131774695,TIME_LIMIT,655248,0,0,10,3
5,8,3.180912e6,-1.0879158248682388,-0.8619484131774695,TIME_LIMIT,655268,0,0,12,6
5,8,3.180953e6,-1.087909257232928,-0.8619484131774695,TIME_LIMIT,655283,0,0,8,3
5,8,3.181114e6,-1.087909257232928,-0.8619484131774695,TIME_LIMIT,655310,0,0,15,3
5,8,3.181243e6,-1.0879077506240098,-0.8619484131774695,TIME_LIMIT,655328,0,0,13,4
5,8,3.181351e6,-1.0879077506240098,-0.8619484131774695,TIME_LIMIT,655345,0,0,10,5
5,8,3.181467e6,-1.087906634576088,-0.8619484131774695,TIME_LIMIT,655363,0,0,12,6
5,8,3.181662e6,-1.087906634576088,-0.8619484131774695,TIME_LIMIT,655391,0,0,14,19
5,8,3.181914e6,-1.087905440536551,-0.8619484131774695,TIME_LIMIT,655432,0,0,15,4
5,8,3.182035e6,-1.087905440536551,-0.8619484131774695,TIME_LIMIT,655457,0,0,12,8
5,8,3.182151e6,-1.0879049730465735,-0.8619484131774695,TIME_LIMIT,655479,0,0,13,5
5,8,3.18237e6,-1.0879049730465735,-0.8619484131774695,TIME_LIMIT,655499,0,0,16,10
5,8,3.182469e6,-1.0879031356825828,-0.8619484131774695,TIME_LIMIT,655516,0,0,13,5
5,8,3.182612e6,-1.0879031356825828,-0.8619484131774695,TIME_LIMIT,655544,0,0,10,9
5,8,3.182727e6,-1.0879022103503746,-0.8619484131774695,TIME_LIMIT,655567,0,0,11,6
5,8,3.182889e6,-1.0879022103503746,-0.8619484131774695,TIME_LIMIT,655598,0,0,19,27
5,8,3.183106e6,-1.087900515758938,-0.8619484131774695,TIME_LIMIT,655634,0,0,13,22
5,8,3.183188e6,-1.087900515758938,-0.8619484131774695,TIME_LIMIT,655659,0,0,9,7
5,8,3.183294e6,-1.0878978846137695,-0.8619484131774695,TIME_LIMIT,655685,0,0,13,2
5,8,3.183602e6,-1.0878978846137695,-0.8619484131774695,TIME_LIMIT,655707,0,0,12,22
5,8,3.183785e6,-1.0878976651428576,-0.8619484131774695,TIME_LIMIT,655743,0,0,12,13
5,8,3.184011e6,-1.0878976651428576,-0.8619484131774695,TIME_LIMIT,655761,0,0,12,20
5,8,3.184151e6,-1.0878901699577757,-0.8619484131774695,TIME_LIMIT,655798,0,0,8,9
5,8,3.184284e6,-1.0878901699577757,-0.8619484131774695,TIME_LIMIT,655819,0,0,7,8
5,8,3.184368e6,-1.0878868311164374,-0.8619484131774695,TIME_LIMIT,655845,0,0,11,7
5,8,3.184517e6,-1.0878868311164374,-0.8619484131774695,TIME_LIMIT,655868,0,0,9,9
5,8,3.184629e6,-1.087883388978999,-0.8619484131774695,TIME_LIMIT,655887,0,0,6,5
5,8,3.184854e6,-1.087883388978999,-0.8619484131774695,TIME_LIMIT,655909,0,0,18,16
5,8,3.184978e6,-1.0878799449248164,-0.8619484131774695,TIME_LIMIT,655942,0,0,11,4
5,8,3.185538e6,-1.0878799449248164,-0.8619484131774695,TIME_LIMIT,655965,0,0,11,14
5,8,3.185639e6,-1.0878793117875647,-0.8619484131774695,TIME_LIMIT,655983,0,0,9,7
5,8,3.185864e6,-1.0878793117875647,-0.8619484131774695,TIME_LIMIT,656004,0,0,12,9
5,8,3.185934e6,-1.0878758700719342,-0.8619484131774695,TIME_LIMIT,656018,0,0,6,5
5,8,3.18606e6,-1.0878758700719342,-0.8619484131774695,TIME_LIMIT,656038,0,0,6,17
5,8,3.186261e6,-1.0878728585737667,-0.8619484131774695,TIME_LIMIT,656070,0,0,11,8
5,8,3.186366e6,-1.0878728585737667,-0.8619484131774695,TIME_LIMIT,656090,0,0,17,28
5,8,3.186571e6,-1.0878727682230211,-0.8619484131774695,TIME_LIMIT,656134,0,0,12,11
5,8,3.186783e6,-1.0878727682230211,-0.8619484131774695,TIME_LIMIT,656164,0,0,16,19
5,8,3.186901e6,-1.0878689562244528,-0.8619484131774695,TIME_LIMIT,656180,0,0,19,18
5,8,3.187067e6,-1.0878689562244528,-0.8619484131774695,TIME_LIMIT,656212,0,0,12,10
5,8,3.187284e6,-1.0878676625774326,-0.8619484131774695,TIME_LIMIT,656240,0,0,14,12
5,8,3.187432e6,-1.0878676625774326,-0.8619484131774695,TIME_LIMIT,656268,0,0,17,18
5,8,3.187685e6,-1.087866638767148,-0.8619484131774695,TIME_LIMIT,656292,0,0,17,15
5,8,3.18784e6,-1.087866638767148,-0.8619484131774695,TIME_LIMIT,656319,0,0,23,14
5,8,3.187926e6,-1.0878654666168115,-0.8619484131774695,TIME_LIMIT,656343,0,0,11,2
5,8,3.187997e6,-1.0878654666168115,-0.8619484131774695,TIME_LIMIT,656361,0,0,7,5
5,8,3.188032e6,-1.0878647589201895,-0.8619484131774695,TIME_LIMIT,656379,0,0,5,1
5,8,3.188085e6,-1.0878647589201895,-0.8619484131774695,TIME_LIMIT,656396,0,0,9,7
5,8,3.188202e6,-1.0878603071743034,-0.8619484131774695,TIME_LIMIT,656419,0,0,6,2
5,8,3.188385e6,-1.0878603071743034,-0.8619484131774695,TIME_LIMIT,656444,0,0,17,20
5,8,3.188518e6,-1.08785812593892,-0.8619484131774695,TIME_LIMIT,656469,0,0,14,6
5,8,3.188678e6,-1.08785812593892,-0.8619484131774695,TIME_LIMIT,656497,0,0,9,8
5,8,3.188854e6,-1.0878568115289369,-0.8619484131774695,TIME_LIMIT,656526,0,0,20,9
5,8,3.189066e6,-1.0878568115289369,-0.8619484131774695,TIME_LIMIT,656551,0,0,15,13
5,8,3.189176e6,-1.0878543167395736,-0.8619484131774695,TIME_LIMIT,656582,0,0,8,4
5,8,3.189282e6,-1.0878543167395736,-0.8619484131774695,TIME_LIMIT,656605,0,0,15,5
5,8,3.189384e6,-1.0878528335931028,-0.8619484131774695,TIME_LIMIT,656630,0,0,7,17
5,8,3.189483e6,-1.0878528335931028,-0.8619484131774695,TIME_LIMIT,656644,0,0,9,9
5,8,3.18955e6,-1.087851688651981,-0.8619484131774695,TIME_LIMIT,656659,0,0,6,3
5,8,3.189661e6,-1.087851688651981,-0.8619484131774695,TIME_LIMIT,656678,0,0,10,14
5,8,3.189728e6,-1.0878516020880657,-0.8619484131774695,TIME_LIMIT,656703,0,0,4,5
5,8,3.189786e6,-1.0878516020880657,-0.8619484131774695,TIME_LIMIT,656719,0,0,6,13
5,8,3.189878e6,-1.0878471476922371,-0.8619484131774695,TIME_LIMIT,656744,0,0,7,5
5,8,3.189987e6,-1.0878471476922371,-0.8619484131774695,TIME_LIMIT,656763,0,0,12,10
5,8,3.190151e6,-1.0878462398761917,-0.8619484131774695,TIME_LIMIT,656798,0,0,12,5
5,8,3.190326e6,-1.0878462398761917,-0.8619484131774695,TIME_LIMIT,656822,0,0,8,8
5,8,3.190454e6,-1.0878453668290635,-0.8619484131774695,TIME_LIMIT,656841,0,0,9,4
5,8,3.190596e6,-1.0878453668290635,-0.8619484131774695,TIME_LIMIT,656868,0,0,8,16
5,8,3.190714e6,-1.087842772311565,-0.8619484131774695,TIME_LIMIT,656890,0,0,12,3
5,8,3.190797e6,-1.087842772311565,-0.8619484131774695,TIME_LIMIT,656904,0,0,6,4
5,8,3.19083e6,-1.0878408645091104,-0.8619484131774695,TIME_LIMIT,656911,0,0,1,1
5,8,3.190954e6,-1.0878408645091104,-0.8619484131774695,TIME_LIMIT,656935,0,0,9,16
5,8,3.191088e6,-1.087839944783045,-0.8619484131774695,TIME_LIMIT,656966,0,0,14,5
5,8,3.191299e6,-1.087839944783045,-0.8619484131774695,TIME_LIMIT,656998,0,0,19,22
5,8,3.191527e6,-1.0878396674469832,-0.8619484131774695,TIME_LIMIT,657028,0,0,11,16
5,8,3.191778e6,-1.0878396674469832,-0.8619484131774695,TIME_LIMIT,657046,0,0,8,11
5,8,3.19198e6,-1.0878333572699566,-0.8619484131774695,TIME_LIMIT,657082,0,0,11,7
5,8,3.192219e6,-1.0878333572699566,-0.8619484131774695,TIME_LIMIT,657119,0,0,30,18
5,8,3.19236e6,-1.0878286130619164,-0.8619484131774695,TIME_LIMIT,657144,0,0,17,10
5,8,3.192404e6,-1.0878286130619164,-0.8619484131774695,TIME_LIMIT,657163,0,0,17,18
5,8,3.192567e6,-1.0878267477606005,-0.8619484131774695,TIME_LIMIT,657195,0,0,4,7
5,8,3.192792e6,-1.0878267477606005,-0.8619484131774695,TIME_LIMIT,657225,0,0,15,16
5,8,3.192898e6,-1.087826288361759,-0.8619484131774695,TIME_LIMIT,657241,0,0,11,8
5,8,3.19306e6,-1.087826288361759,-0.8619484131774695,TIME_LIMIT,657260,0,0,16,18
5,8,3.193286e6,-1.0878260263738255,-0.8619484131774695,TIME_LIMIT,657292,0,0,13,13
5,8,3.193364e6,-1.0878260263738255,-0.8619484131774695,TIME_LIMIT,657312,0,0,6,10
5,8,3.193452e6,-1.0878195364017684,-0.8619484131774695,TIME_LIMIT,657333,0,0,2,4
5,8,3.193644e6,-1.0878195364017684,-0.8619484131774695,TIME_LIMIT,657360,0,0,22,15
5,8,3.193809e6,-1.0877975205086807,-0.8619484131774695,TIME_LIMIT,657384,0,0,9,7
5,8,3.193991e6,-1.0877975205086807,-0.8619484131774695,TIME_LIMIT,657403,0,0,6,4
5,8,3.194033e6,-1.0877930206043518,-0.8619484131774695,TIME_LIMIT,657421,0,0,9,1
5,8,3.194143e6,-1.0877930206043518,-0.8619484131774695,TIME_LIMIT,657447,0,0,12,12
5,8,3.194238e6,-1.0877900170479196,-0.8619484131774695,TIME_LIMIT,657462,0,0,3,3
5,8,3.194358e6,-1.0877900170479196,-0.8619484131774695,TIME_LIMIT,657492,0,0,7,24
5,8,3.194459e6,-1.0877900020928997,-0.8619484131774695,TIME_LIMIT,657526,0,0,7,10
5,8,3.194684e6,-1.0877900020928997,-0.8619484131774695,TIME_LIMIT,657552,0,0,11,13
5,8,3.194799e6,-1.0877899975289387,-0.8619484131774695,TIME_LIMIT,657573,0,0,14,6
5,8,3.19489e6,-1.0877899975289387,-0.8619484131774695,TIME_LIMIT,657602,0,0,14,12
5,8,3.19501e6,-1.0877897225200321,-0.8619484131774695,TIME_LIMIT,657621,0,0,10,13
5,8,3.195189e6,-1.0877897225200321,-0.8619484131774695,TIME_LIMIT,657648,0,0,16,15
5,8,3.195404e6,-1.087788517044161,-0.8619484131774695,TIME_LIMIT,657682,0,0,9,6
5,8,3.195629e6,-1.087788517044161,-0.8619484131774695,TIME_LIMIT,657707,0,0,18,12
5,8,3.195771e6,-1.087787592718047,-0.8619484131774695,TIME_LIMIT,657732,0,0,16,6
5,8,3.195873e6,-1.087787592718047,-0.8619484131774695,TIME_LIMIT,657753,0,0,7,3
5,8,3.195977e6,-1.0877864257192134,-0.8619484131774695,TIME_LIMIT,657769,0,0,6,8
5,8,3.196081e6,-1.0877864257192134,-0.8619484131774695,TIME_LIMIT,657787,0,0,13,7
5,8,3.19618e6,-1.0877856352229907,-0.8619484131774695,TIME_LIMIT,657802,0,0,7,4
5,8,3.196356e6,-1.0877856352229907,-0.8619484131774695,TIME_LIMIT,657830,0,0,11,19
5,8,3.196568e6,-1.0877845743268215,-0.8619484131774695,TIME_LIMIT,657857,0,0,8,10
5,8,3.196748e6,-1.0877845743268215,-0.8619484131774695,TIME_LIMIT,657891,0,0,10,17
5,8,3.196861e6,-1.087782208769911,-0.8619484131774695,TIME_LIMIT,657915,0,0,13,1
5,8,3.197087e6,-1.087782208769911,-0.8619484131774695,TIME_LIMIT,657942,0,0,14,12
5,8,3.197187e6,-1.0877817257424245,-0.8619484131774695,TIME_LIMIT,657967,0,0,11,7
5,8,3.197326e6,-1.0877817257424245,-0.8619484131774695,TIME_LIMIT,657989,0,0,5,8
5,8,3.197369e6,-1.0877706851884705,-0.8619484131774695,TIME_LIMIT,658005,0,0,6,3
5,8,3.197593e6,-1.0877706851884705,-0.8619484131774695,TIME_LIMIT,658030,0,0,19,16
5,8,3.197841e6,-1.0877692755568642,-0.8619484131774695,TIME_LIMIT,658068,0,0,5,11
5,8,3.197975e6,-1.0877692755568642,-0.8619484131774695,TIME_LIMIT,658087,0,0,13,12
5,8,3.198069e6,-1.0877691079256135,-0.8619484131774695,TIME_LIMIT,658124,0,0,14,5
5,8,3.198308e6,-1.0877691079256135,-0.8619484131774695,TIME_LIMIT,658142,0,0,8,12
5,8,3.198571e6,-1.0877679065472952,-0.8619484131774695,TIME_LIMIT,658172,0,0,11,5
5,8,3.198676e6,-1.0877679065472952,-0.8619484131774695,TIME_LIMIT,658187,0,0,5,13
5,8,3.198722e6,-1.0877657260042408,-0.8619484131774695,TIME_LIMIT,658208,0,0,5,3
5,8,3.198818e6,-1.0877657260042408,-0.8619484131774695,TIME_LIMIT,658228,0,0,2,5
5,8,3.199042e6,-1.0877609113578222,-0.8619484131774695,TIME_LIMIT,658254,0,0,4,5
5,8,3.199093e6,-1.0877609113578222,-0.8619484131774695,TIME_LIMIT,658270,0,0,9,2
5,8,3.199197e6,-1.0877599925859731,-0.8619484131774695,TIME_LIMIT,658292,0,0,7,8
5,8,3.199282e6,-1.0877599925859731,-0.8619484131774695,TIME_LIMIT,658312,0,0,7,4
5,8,3.199398e6,-1.087755788747112,-0.8619484131774695,TIME_LIMIT,658335,0,0,8,6
5,8,3.199566e6,-1.087755788747112,-0.8619484131774695,TIME_LIMIT,658354,0,0,5,9
5,8,3.199696e6,-1.0877542784787346,-0.8619484131774695,TIME_LIMIT,658370,0,0,9,6
5,8,3.19981e6,-1.0877542784787346,-0.8619484131774695,TIME_LIMIT,658394,0,0,16,5
5,8,3.200013e6,-1.0877527082069625,-0.8619484131774695,TIME_LIMIT,658411,0,0,9,5
5,8,3.200413e6,-1.0877527082069625,-0.8619484131774695,TIME_LIMIT,658443,0,0,8,14
5,8,3.200557e6,-1.0877501544501693,-0.8619484131774695,TIME_LIMIT,658476,0,0,9,9
5,8,3.200628e6,-1.0877501544501693,-0.8619484131774695,TIME_LIMIT,658496,0,0,9,13
5,8,3.200773e6,-1.087744808883508,-0.8619484131774695,TIME_LIMIT,658523,0,0,7,7
5,8,3.200891e6,-1.087744808883508,-0.8619484131774695,TIME_LIMIT,658549,0,0,14,21
5,8,3.201046e6,-1.0877432485420935,-0.8619484131774695,TIME_LIMIT,658586,0,0,10,13
5,8,3.201149e6,-1.0877432485420935,-0.8619484131774695,TIME_LIMIT,658608,0,0,7,5
5,8,3.201235e6,-1.0877364694294342,-0.8619484131774695,TIME_LIMIT,658634,0,0,18,4
5,8,3.201392e6,-1.0877364694294342,-0.8619484131774695,TIME_LIMIT,658657,0,0,8,8
5,8,3.201565e6,-1.0877328428067965,-0.8619484131774695,TIME_LIMIT,658680,0,0,10,6
5,8,3.201671e6,-1.0877328428067965,-0.8619484131774695,TIME_LIMIT,658694,0,0,9,5
5,8,3.201795e6,-1.08772832293011,-0.8619484131774695,TIME_LIMIT,658720,0,0,14,3
5,8,3.201879e6,-1.08772832293011,-0.8619484131774695,TIME_LIMIT,658738,0,0,5,12
5,8,3.202107e6,-1.0877271872693268,-0.8619484131774695,TIME_LIMIT,658764,0,0,10,9
5,8,3.202287e6,-1.0877271872693268,-0.8619484131774695,TIME_LIMIT,658789,0,0,15,25
5,8,3.202564e6,-1.0877207229907906,-0.8619484131774695,TIME_LIMIT,658828,0,0,19,11
5,8,3.20275e6,-1.0877207229907906,-0.8619484131774695,TIME_LIMIT,658855,0,0,15,17
5,8,3.202928e6,-1.0877187444049632,-0.8619484131774695,TIME_LIMIT,658901,0,0,14,12
5,8,3.203153e6,-1.0877187444049632,-0.8619484131774695,TIME_LIMIT,658927,0,0,21,37
5,8,3.203382e6,-1.087713459762595,-0.8619484131774695,TIME_LIMIT,658971,0,0,23,10
5,8,3.203622e6,-1.087713459762595,-0.8619484131774695,TIME_LIMIT,659008,0,0,16,14
5,8,3.203753e6,-1.0877110101946164,-0.8619484131774695,TIME_LIMIT,659034,0,0,18,8
5,8,3.203917e6,-1.0877110101946164,-0.8619484131774695,TIME_LIMIT,659063,0,0,10,11
5,8,3.204002e6,-1.0877104829616435,-0.8619484131774695,TIME_LIMIT,659092,0,0,5,7
5,8,3.204205e6,-1.0877104829616435,-0.8619484131774695,TIME_LIMIT,659111,0,0,8,14
5,8,3.204412e6,-1.0877052769735678,-0.8619484131774695,TIME_LIMIT,659147,0,0,11,11
5,8,3.204529e6,-1.0877052769735678,-0.8619484131774695,TIME_LIMIT,659171,0,0,8,27
5,8,3.204663e6,-1.087705144457503,-0.8619484131774695,TIME_LIMIT,659200,0,0,12,10
5,8,3.204809e6,-1.087705144457503,-0.8619484131774695,TIME_LIMIT,659228,0,0,17,8
5,8,3.204929e6,-1.0876998879779063,-0.8619484131774695,TIME_LIMIT,659255,0,0,4,11
5,8,3.205032e6,-1.0876998879779063,-0.8619484131774695,TIME_LIMIT,659273,0,0,12,4
5,8,3.205119e6,-1.0876977569139081,-0.8619484131774695,TIME_LIMIT,659304,0,0,8,6
5,8,3.205345e6,-1.0876977569139081,-0.8619484131774695,TIME_LIMIT,659330,0,0,19,26
5,8,3.205509e6,-1.0876960933745408,-0.8619484131774695,TIME_LIMIT,659366,0,0,9,13
5,8,3.20575e6,-1.0876960933745408,-0.8619484131774695,TIME_LIMIT,659381,0,0,17,18
5,8,3.205941e6,-1.087695763516198,-0.8619484131774695,TIME_LIMIT,659413,0,0,9,4
5,8,3.206059e6,-1.087695763516198,-0.8619484131774695,TIME_LIMIT,659439,0,0,9,9
5,8,3.206138e6,-1.0876938800938034,-0.8619484131774695,TIME_LIMIT,659465,0,0,10,3
5,8,3.20625e6,-1.0876938800938034,-0.8619484131774695,TIME_LIMIT,659483,0,0,7,13
5,8,3.20634e6,-1.087693468039686,-0.8619484131774695,TIME_LIMIT,659506,0,0,10,8
5,8,3.206469e6,-1.087693468039686,-0.8619484131774695,TIME_LIMIT,659529,0,0,15,23
5,8,3.206669e6,-1.087689878217235,-0.8619484131774695,TIME_LIMIT,659567,0,0,13,13
5,8,3.206851e6,-1.087689878217235,-0.8619484131774695,TIME_LIMIT,659591,0,0,13,16
5,8,3.206937e6,-1.0876878046102099,-0.8619484131774695,TIME_LIMIT,659614,0,0,10,3
5,8,3.207053e6,-1.0876878046102099,-0.8619484131774695,TIME_LIMIT,659642,0,0,18,15
5,8,3.207286e6,-1.0876827097717274,-0.8619484131774695,TIME_LIMIT,659660,0,0,9,9
5,8,3.207435e6,-1.0876827097717274,-0.8619484131774695,TIME_LIMIT,659694,0,0,11,17
5,8,3.207569e6,-1.0876745501171858,-0.8619484131774695,TIME_LIMIT,659714,0,0,13,10
5,8,3.207672e6,-1.0876745501171858,-0.8619484131774695,TIME_LIMIT,659733,0,0,12,8
5,8,3.207754e6,-1.0876690762461017,-0.8619484131774695,TIME_LIMIT,659749,0,0,7,5
5,8,3.207953e6,-1.0876690762461017,-0.8619484131774695,TIME_LIMIT,659779,0,0,18,27
5,8,3.208038e6,-1.0876668574341712,-0.8619484131774695,TIME_LIMIT,659808,0,0,17,18
5,8,3.208124e6,-1.0876668574341712,-0.8619484131774695,TIME_LIMIT,659829,0,0,14,9
5,8,3.208246e6,-1.0876560644187152,-0.8619484131774695,TIME_LIMIT,659848,0,0,5,5
5,8,3.208339e6,-1.0876560644187152,-0.8619484131774695,TIME_LIMIT,659869,0,0,10,17
5,8,3.208386e6,-1.0876507750113649,-0.8619484131774695,TIME_LIMIT,659891,0,0,6,1
5,8,3.208515e6,-1.0876507750113649,-0.8619484131774695,TIME_LIMIT,659911,0,0,7,3
5,8,3.208573e6,-1.0876475490283788,-0.8619484131774695,TIME_LIMIT,659930,0,0,5,4
5,8,3.208798e6,-1.0876475490283788,-0.8619484131774695,TIME_LIMIT,659954,0,0,20,28
5,8,3.209038e6,-1.0876466705964407,-0.8619484131774695,TIME_LIMIT,659988,0,0,16,13
5,8,3.209218e6,-1.0876466705964407,-0.8619484131774695,TIME_LIMIT,660014,0,0,10,9
5,8,3.20947e6,-1.087645713055457,-0.8619484131774695,TIME_LIMIT,660041,0,0,10,11
5,8,3.209658e6,-1.087645713055457,-0.8619484131774695,TIME_LIMIT,660067,0,0,16,12
5,8,3.209865e6,-1.0876446285326882,-0.8619484131774695,TIME_LIMIT,660096,0,0,11,8
5,8,3.209941e6,-1.0876446285326882,-0.8619484131774695,TIME_LIMIT,660117,0,0,7,16
5,8,3.210089e6,-1.0876445171325324,-0.8619484131774695,TIME_LIMIT,660141,0,0,15,0
5,8,3.210316e6,-1.0876445171325324,-0.8619484131774695,TIME_LIMIT,660165,0,0,17,18
5,8,3.210421e6,-1.0876299740144062,-0.8619484131774695,TIME_LIMIT,660200,0,0,20,12
5,8,3.210499e6,-1.0876299740144062,-0.8619484131774695,TIME_LIMIT,660221,0,0,13,5
5,8,3.210548e6,-1.0876277739755986,-0.8619484131774695,TIME_LIMIT,660239,0,0,7,6
5,8,3.21069e6,-1.0876277739755986,-0.8619484131774695,TIME_LIMIT,660263,0,0,17,20
5,8,3.210816e6,-1.0876264064274341,-0.8619484131774695,TIME_LIMIT,660295,0,0,11,8
5,8,3.210985e6,-1.0876264064274341,-0.8619484131774695,TIME_LIMIT,660326,0,0,25,15
5,8,3.211138e6,-1.087623183642652,-0.8619484131774695,TIME_LIMIT,660365,0,0,8,8
5,8,3.211227e6,-1.087623183642652,-0.8619484131774695,TIME_LIMIT,660384,0,0,6,18
5,8,3.211264e6,-1.0876223287563724,-0.8619484131774695,TIME_LIMIT,660403,0,0,9,0
5,8,3.211489e6,-1.0876223287563724,-0.8619484131774695,TIME_LIMIT,660429,0,0,17,35
5,8,3.211736e6,-1.0876209843807052,-0.8619484131774695,TIME_LIMIT,660471,0,0,9,8
5,8,3.211951e6,-1.0876209843807052,-0.8619484131774695,TIME_LIMIT,660500,0,0,17,7
5,8,3.212149e6,-1.0876184633497392,-0.8619484131774695,TIME_LIMIT,660520,0,0,14,11
5,8,3.212465e6,-1.0876184633497392,-0.8619484131774695,TIME_LIMIT,660546,0,0,16,19
5,8,3.212582e6,-1.0876182722563263,-0.8619484131774695,TIME_LIMIT,660582,0,0,7,8
5,8,3.212673e6,-1.0876182722563263,-0.8619484131774695,TIME_LIMIT,660597,0,0,4,9
5,8,3.21274e6,-1.0876170782556271,-0.8619484131774695,TIME_LIMIT,660621,0,0,9,4
5,8,3.212964e6,-1.0876170782556271,-0.8619484131774695,TIME_LIMIT,660648,0,0,13,17
5,8,3.213191e6,-1.0876162070110698,-0.8619484131774695,TIME_LIMIT,660674,0,0,18,9
5,8,3.213428e6,-1.0876162070110698,-0.8619484131774695,TIME_LIMIT,660692,0,0,6,6
5,8,3.21361e6,-1.087614862285822,-0.8619484131774695,TIME_LIMIT,660729,0,0,11,8
5,8,3.213674e6,-1.087614862285822,-0.8619484131774695,TIME_LIMIT,660749,0,0,14,18
5,8,3.213787e6,-1.0876064456679035,-0.8619484131774695,TIME_LIMIT,660780,0,0,10,6
5,8,3.213907e6,-1.0876064456679035,-0.8619484131774695,TIME_LIMIT,660805,0,0,19,16
5,8,3.214084e6,-1.087597437950008,-0.8619484131774695,TIME_LIMIT,660840,0,0,12,12
5,8,3.214252e6,-1.087597437950008,-0.8619484131774695,TIME_LIMIT,660866,0,0,20,17
5,8,3.214504e6,-1.0875832848344855,-0.8619484131774695,TIME_LIMIT,660899,0,0,11,6
5,8,3.214707e6,-1.0875832848344855,-0.8619484131774695,TIME_LIMIT,660928,0,0,6,22
5,8,3.214928e6,-1.0875805361703825,-0.8619484131774695,TIME_LIMIT,660965,0,0,10,20
5,8,3.214968e6,-1.0875805361703825,-0.8619484131774695,TIME_LIMIT,660980,0,0,6,3
5,8,3.215005e6,-1.0875728807875227,-0.8619484131774695,TIME_LIMIT,660994,0,0,6,0
5,8,3.215076e6,-1.0875728807875227,-0.8619484131774695,TIME_LIMIT,661010,0,0,8,8
5,8,3.21524e6,-1.0875716955112171,-0.8619484131774695,TIME_LIMIT,661036,0,0,9,5
5,8,3.21534e6,-1.0875716955112171,-0.8619484131774695,TIME_LIMIT,661053,0,0,7,7
5,8,3.215435e6,-1.0875670315577233,-0.8619484131774695,TIME_LIMIT,661071,0,0,7,0
5,8,3.215567e6,-1.0875670315577233,-0.8619484131774695,TIME_LIMIT,661095,0,0,12,12
5,8,3.215702e6,-1.0875666516707836,-0.8619484131774695,TIME_LIMIT,661117,0,0,6,5
5,8,3.215772e6,-1.0875666516707836,-0.8619484131774695,TIME_LIMIT,661141,0,0,12,12
5,8,3.216111e6,-1.087555062588048,-0.8619484131774695,TIME_LIMIT,661179,0,0,16,7
5,8,3.216173e6,-1.087555062588048,-0.8619484131774695,TIME_LIMIT,661198,0,0,14,12
5,8,3.216284e6,-1.0875479725344095,-0.8619484131774695,TIME_LIMIT,661222,0,0,4,3
5,8,3.216408e6,-1.0875479725344095,-0.8619484131774695,TIME_LIMIT,661242,0,0,17,15
5,8,3.216482e6,-1.0875452186600498,-0.8619484131774695,TIME_LIMIT,661270,0,0,12,9
5,8,3.216705e6,-1.0875452186600498,-0.8619484131774695,TIME_LIMIT,661300,0,0,16,18
5,8,3.216846e6,-1.0875451825755018,-0.8619484131774695,TIME_LIMIT,661325,0,0,14,2
5,8,3.217087e6,-1.0875451825755018,-0.8619484131774695,TIME_LIMIT,661349,0,0,8,15
5,8,3.217294e6,-1.0875413120880366,-0.8619484131774695,TIME_LIMIT,661373,0,0,18,8
5,8,3.217352e6,-1.0875413120880366,-0.8619484131774695,TIME_LIMIT,661391,0,0,13,12
5,8,3.217462e6,-1.0875402462446524,-0.8619484131774695,TIME_LIMIT,661416,0,0,10,4
5,8,3.217744e6,-1.0875402462446524,-0.8619484131774695,TIME_LIMIT,661441,0,0,13,15
5,8,3.217879e6,-1.0875373259341692,-0.8619484131774695,TIME_LIMIT,661474,0,0,8,3
5,8,3.217925e6,-1.0875373259341692,-0.8619484131774695,TIME_LIMIT,661495,0,0,13,12
5,8,3.217992e6,-1.087535279739985,-0.8619484131774695,TIME_LIMIT,661513,0,0,4,4
5,8,3.218074e6,-1.087535279739985,-0.8619484131774695,TIME_LIMIT,661535,0,0,10,4
5,8,3.218127e6,-1.087532416588871,-0.8619484131774695,TIME_LIMIT,661546,0,0,6,2
5,8,3.218352e6,-1.087532416588871,-0.8619484131774695,TIME_LIMIT,661566,0,0,17,25
5,8,3.218509e6,-1.0875285262922951,-0.8619484131774695,TIME_LIMIT,661599,0,0,11,6
5,8,3.218605e6,-1.0875285262922951,-0.8619484131774695,TIME_LIMIT,661618,0,0,11,5
5,8,3.218664e6,-1.087521986700751,-0.8619484131774695,TIME_LIMIT,661640,0,0,7,5
5,8,3.218876e6,-1.087521986700751,-0.8619484131774695,TIME_LIMIT,661672,0,0,14,14
5,8,3.218946e6,-1.0875194306037383,-0.8619484131774695,TIME_LIMIT,661690,0,0,10,2
5,8,3.219184e6,-1.0875194306037383,-0.8619484131774695,TIME_LIMIT,661708,0,0,19,22
5,8,3.219429e6,-1.087516027694202,-0.8619484131774695,TIME_LIMIT,661738,0,0,17,12
5,8,3.21946e6,-1.087516027694202,-0.8619484131774695,TIME_LIMIT,661751,0,0,5,2
5,8,3.219508e6,-1.087510481935629,-0.8619484131774695,TIME_LIMIT,661761,0,0,4,2
5,8,3.219728e6,-1.087510481935629,-0.8619484131774695,TIME_LIMIT,661789,0,0,13,18
5,8,3.219956e6,-1.087509769793768,-0.8619484131774695,TIME_LIMIT,661822,0,0,8,8
5,8,3.220074e6,-1.087509769793768,-0.8619484131774695,TIME_LIMIT,661842,0,0,13,11
5,8,3.220213e6,-1.087508998979888,-0.8619484131774695,TIME_LIMIT,661868,0,0,13,5
5,8,3.220424e6,-1.087508998979888,-0.8619484131774695,TIME_LIMIT,661898,0,0,21,19
5,8,3.220626e6,-1.087507177913799,-0.8619484131774695,TIME_LIMIT,661928,0,0,18,12
5,8,3.220712e6,-1.087507177913799,-0.8619484131774695,TIME_LIMIT,661950,0,0,13,10
5,8,3.220802e6,-1.0875070865049334,-0.8619484131774695,TIME_LIMIT,661976,0,0,8,8
5,8,3.221025e6,-1.0875070865049334,-0.8619484131774695,TIME_LIMIT,662000,0,0,16,10
5,8,3.221111e6,-1.0875070022658149,-0.8619484131774695,TIME_LIMIT,662025,0,0,12,6
5,8,3.221216e6,-1.0875070022658149,-0.8619484131774695,TIME_LIMIT,662049,0,0,14,8
5,8,3.221373e6,-1.087491275532448,-0.8619484131774695,TIME_LIMIT,662071,0,0,8,13
5,8,3.221475e6,-1.087491275532448,-0.8619484131774695,TIME_LIMIT,662090,0,0,9,22
5,8,3.221586e6,-1.0874912184465249,-0.8619484131774695,TIME_LIMIT,662113,0,0,6,7
5,8,3.22173e6,-1.0874912184465249,-0.8619484131774695,TIME_LIMIT,662142,0,0,13,15
5,8,3.22181e6,-1.0874889592407821,-0.8619484131774695,TIME_LIMIT,662163,0,0,7,4
5,8,3.221926e6,-1.0874889592407821,-0.8619484131774695,TIME_LIMIT,662185,0,0,6,9
5,8,3.222047e6,-1.087488948956347,-0.8619484131774695,TIME_LIMIT,662212,0,0,10,4
5,8,3.222123e6,-1.087488948956347,-0.8619484131774695,TIME_LIMIT,662231,0,0,15,22
5,8,3.222251e6,-1.0874859680800495,-0.8619484131774695,TIME_LIMIT,662261,0,0,8,8
5,8,3.222372e6,-1.0874859680800495,-0.8619484131774695,TIME_LIMIT,662281,0,0,5,15
5,8,3.222575e6,-1.0874836963068106,-0.8619484131774695,TIME_LIMIT,662304,0,0,13,9
5,8,3.222633e6,-1.0874836963068106,-0.8619484131774695,TIME_LIMIT,662323,0,0,9,10
5,8,3.222772e6,-1.0874794667580066,-0.8619484131774695,TIME_LIMIT,662348,0,0,6,4
5,8,3.222907e6,-1.0874794667580066,-0.8619484131774695,TIME_LIMIT,662370,0,0,13,22
5,8,3.223122e6,-1.0874775067725795,-0.8619484131774695,TIME_LIMIT,662392,0,0,10,4
5,8,3.223349e6,-1.0874775067725795,-0.8619484131774695,TIME_LIMIT,662422,0,0,15,20
5,8,3.223495e6,-1.0874726642769974,-0.8619484131774695,TIME_LIMIT,662445,0,0,13,13
5,8,3.223665e6,-1.0874726642769974,-0.8619484131774695,TIME_LIMIT,662468,0,0,12,19
5,8,3.223883e6,-1.0874704933895827,-0.8619484131774695,TIME_LIMIT,662494,0,0,8,6
5,8,3.223977e6,-1.0874704933895827,-0.8619484131774695,TIME_LIMIT,662517,0,0,13,5
5,8,3.224199e6,-1.0874628294849558,-0.8619484131774695,TIME_LIMIT,662540,0,0,10,7
5,8,3.224445e6,-1.0874628294849558,-0.8619484131774695,TIME_LIMIT,662564,0,0,19,19
5,8,3.224709e6,-1.0874594715868287,-0.8619484131774695,TIME_LIMIT,662589,0,0,15,8
5,8,3.224851e6,-1.0874594715868287,-0.8619484131774695,TIME_LIMIT,662614,0,0,19,18
5,8,3.22512e6,-1.0874582624004687,-0.8619484131774695,TIME_LIMIT,662649,0,0,13,13
5,8,3.225268e6,-1.0874582624004687,-0.8619484131774695,TIME_LIMIT,662673,0,0,14,10
5,8,3.225361e6,-1.087456257991113,-0.8619484131774695,TIME_LIMIT,662696,0,0,5,4
5,8,3.225473e6,-1.087456257991113,-0.8619484131774695,TIME_LIMIT,662717,0,0,13,17
5,8,3.225538e6,-1.0874554198213504,-0.8619484131774695,TIME_LIMIT,662746,0,0,13,4
5,8,3.225659e6,-1.0874554198213504,-0.8619484131774695,TIME_LIMIT,662770,0,0,9,9
5,8,3.225799e6,-1.0874537528281008,-0.8619484131774695,TIME_LIMIT,662790,0,0,10,9
5,8,3.225883e6,-1.0874537528281008,-0.8619484131774695,TIME_LIMIT,662810,0,0,13,9
5,8,3.226009e6,-1.0874497102617524,-0.8619484131774695,TIME_LIMIT,662838,0,0,11,5
5,8,3.226109e6,-1.0874497102617524,-0.8619484131774695,TIME_LIMIT,662853,0,0,15,7
5,8,3.226187e6,-1.0874489647300445,-0.8619484131774695,TIME_LIMIT,662877,0,0,6,4
5,8,3.226277e6,-1.0874489647300445,-0.8619484131774695,TIME_LIMIT,662899,0,0,7,7
5,8,3.226413e6,-1.087444332302709,-0.8619484131774695,TIME_LIMIT,662928,0,0,16,5
5,8,3.226513e6,-1.087444332302709,-0.8619484131774695,TIME_LIMIT,662953,0,0,16,10
5,8,3.226724e6,-1.0874441073432015,-0.8619484131774695,TIME_LIMIT,662974,0,0,15,12
5,8,3.226822e6,-1.0874441073432015,-0.8619484131774695,TIME_LIMIT,662995,0,0,12,15
5,8,3.226895e6,-1.0874378849417967,-0.8619484131774695,TIME_LIMIT,663019,0,0,11,6
5,8,3.227088e6,-1.0874378849417967,-0.8619484131774695,TIME_LIMIT,663040,0,0,19,20
5,8,3.227303e6,-1.0874365992456734,-0.8619484131774695,TIME_LIMIT,663076,0,0,8,6
5,8,3.227535e6,-1.0874365992456734,-0.8619484131774695,TIME_LIMIT,663106,0,0,15,12
5,8,3.227683e6,-1.0874344431507141,-0.8619484131774695,TIME_LIMIT,663138,0,0,14,6
5,8,3.227806e6,-1.0874344431507141,-0.8619484131774695,TIME_LIMIT,663159,0,0,11,5
5,8,3.227957e6,-1.0874299578820936,-0.8619484131774695,TIME_LIMIT,663188,0,0,7,5
5,8,3.228103e6,-1.0874299578820936,-0.8619484131774695,TIME_LIMIT,663216,0,0,13,22
5,8,3.228205e6,-1.0874291204875763,-0.8619484131774695,TIME_LIMIT,663238,0,0,5,9
5,8,3.228278e6,-1.0874291204875763,-0.8619484131774695,TIME_LIMIT,663256,0,0,14,10
5,8,3.228377e6,-1.087424081574583,-0.8619484131774695,TIME_LIMIT,663281,0,0,14,3
5,8,3.228593e6,-1.087424081574583,-0.8619484131774695,TIME_LIMIT,663294,0,0,13,10
5,8,3.228784e6,-1.0874173498826702,-0.8619484131774695,TIME_LIMIT,663325,0,0,12,8
5,8,3.228903e6,-1.0874173498826702,-0.8619484131774695,TIME_LIMIT,663345,0,0,5,5
5,8,3.228957e6,-1.087413530859005,-0.8619484131774695,TIME_LIMIT,663363,0,0,8,3
5,8,3.229078e6,-1.087413530859005,-0.8619484131774695,TIME_LIMIT,663385,0,0,7,15
5,8,3.229296e6,-1.0874037768448759,-0.8619484131774695,TIME_LIMIT,663420,0,0,10,7
5,8,3.22941e6,-1.0874037768448759,-0.8619484131774695,TIME_LIMIT,663435,0,0,13,18
5,8,3.22961e6,-1.0873989859284086,-0.8619484131774695,TIME_LIMIT,663466,0,0,16,8
5,8,3.229744e6,-1.0873989859284086,-0.8619484131774695,TIME_LIMIT,663490,0,0,10,11
5,8,3.229875e6,-1.0873951596001965,-0.8619484131774695,TIME_LIMIT,663513,0,0,11,4
5,8,3.230087e6,-1.0873951596001965,-0.8619484131774695,TIME_LIMIT,663544,0,0,21,14
5,8,3.23033e6,-1.0873947286395294,-0.8619484131774695,TIME_LIMIT,663571,0,0,15,6
5,8,3.230498e6,-1.0873947286395294,-0.8619484131774695,TIME_LIMIT,663599,0,0,23,17
5,8,3.230666e6,-1.0873945891573125,-0.8619484131774695,TIME_LIMIT,663627,0,0,10,9
5,8,3.230762e6,-1.0873945891573125,-0.8619484131774695,TIME_LIMIT,663648,0,0,16,19
5,8,3.230935e6,-1.087392300404522,-0.8619484131774695,TIME_LIMIT,663675,0,0,10,11
5,8,3.23116e6,-1.087392300404522,-0.8619484131774695,TIME_LIMIT,663702,0,0,8,20
5,8,3.231369e6,-1.0873913887199833,-0.8619484131774695,TIME_LIMIT,663727,0,0,12,16
5,8,3.231603e6,-1.0873913887199833,-0.8619484131774695,TIME_LIMIT,663749,0,0,7,13
5,8,3.231736e6,-1.0873912139797786,-0.8619484131774695,TIME_LIMIT,663787,0,0,7,8
5,8,3.23182e6,-1.0873912139797786,-0.8619484131774695,TIME_LIMIT,663806,0,0,14,24
5,8,3.232061e6,-1.0873902597315688,-0.8619484131774695,TIME_LIMIT,663837,0,0,11,8
5,8,3.232285e6,-1.0873902597315688,-0.8619484131774695,TIME_LIMIT,663863,0,0,19,10
5,8,3.232427e6,-1.0873887695427082,-0.8619484131774695,TIME_LIMIT,663888,0,0,10,9
5,8,3.23257e6,-1.0873887695427082,-0.8619484131774695,TIME_LIMIT,663914,0,0,17,13
5,8,3.232716e6,-1.0873855753207655,-0.8619484131774695,TIME_LIMIT,663941,0,0,15,4
5,8,3.232957e6,-1.0873855753207655,-0.8619484131774695,TIME_LIMIT,663968,0,0,19,20
5,8,3.2332e6,-1.087384954452145,-0.8619484131774695,TIME_LIMIT,664002,0,0,16,7
5,8,3.233417e6,-1.087384954452145,-0.8619484131774695,TIME_LIMIT,664029,0,0,13,10
5,8,3.23358e6,-1.0873814138284756,-0.8619484131774695,TIME_LIMIT,664049,0,0,6,3
5,8,3.233699e6,-1.0873814138284756,-0.8619484131774695,TIME_LIMIT,664071,0,0,14,21
5,8,3.23393e6,-1.0873813805877943,-0.8619484131774695,TIME_LIMIT,664102,0,0,15,5
5,8,3.234049e6,-1.0873813805877943,-0.8619484131774695,TIME_LIMIT,664123,0,0,9,3
5,8,3.234094e6,-1.0873803240925786,-0.8619484131774695,TIME_LIMIT,664139,0,0,6,1
5,8,3.234256e6,-1.0873803240925786,-0.8619484131774695,TIME_LIMIT,664162,0,0,10,12
5,8,3.234375e6,-1.0873784058992864,-0.8619484131774695,TIME_LIMIT,664195,0,0,13,9
5,8,3.234546e6,-1.0873784058992864,-0.8619484131774695,TIME_LIMIT,664217,0,0,12,11
5,8,3.234668e6,-1.0873771531307006,-0.8619484131774695,TIME_LIMIT,664237,0,0,9,3
5,8,3.234796e6,-1.0873771531307006,-0.8619484131774695,TIME_LIMIT,664259,0,0,13,11
5,8,3.234866e6,-1.0873770226524013,-0.8619484131774695,TIME_LIMIT,664278,0,0,11,6
5,8,3.235077e6,-1.0873770226524013,-0.8619484131774695,TIME_LIMIT,664304,0,0,13,15
5,8,3.235283e6,-1.0873758520920578,-0.8619484131774695,TIME_LIMIT,664335,0,0,14,14
5,8,3.235537e6,-1.0873758520920578,-0.8619484131774695,TIME_LIMIT,664357,0,0,10,14
5,8,3.235781e6,-1.0873664645314132,-0.8619484131774695,TIME_LIMIT,664391,0,0,11,5
5,8,3.235937e6,-1.0873664645314132,-0.8619484131774695,TIME_LIMIT,664419,0,0,8,13
5,8,3.236078e6,-1.0873633443667414,-0.8619484131774695,TIME_LIMIT,664452,0,0,13,11
5,8,3.23637e6,-1.0873633443667414,-0.8619484131774695,TIME_LIMIT,664479,0,0,15,9
5,8,3.236477e6,-1.0873622086742234,-0.8619484131774695,TIME_LIMIT,664509,0,0,7,5
5,8,3.236624e6,-1.0873622086742234,-0.8619484131774695,TIME_LIMIT,664535,0,0,17,2
5,8,3.236736e6,-1.087360284962557,-0.8619484131774695,TIME_LIMIT,664557,0,0,9,3
5,8,3.236855e6,-1.087360284962557,-0.8619484131774695,TIME_LIMIT,664578,0,0,11,18
5,8,3.236998e6,-1.0873558299277954,-0.8619484131774695,TIME_LIMIT,664607,0,0,16,9
5,8,3.237132e6,-1.0873558299277954,-0.8619484131774695,TIME_LIMIT,664632,0,0,21,14
5,8,3.237225e6,-1.0873543760470206,-0.8619484131774695,TIME_LIMIT,664662,0,0,11,9
5,8,3.237348e6,-1.0873543760470206,-0.8619484131774695,TIME_LIMIT,664683,0,0,20,29
5,8,3.237498e6,-1.0873534246516379,-0.8619484131774695,TIME_LIMIT,664716,0,0,14,9
5,8,3.237555e6,-1.0873534246516379,-0.8619484131774695,TIME_LIMIT,664736,0,0,12,3
5,8,3.237597e6,-1.0873494005798463,-0.8619484131774695,TIME_LIMIT,664756,0,0,6,4
5,8,3.237705e6,-1.0873494005798463,-0.8619484131774695,TIME_LIMIT,664780,0,0,16,28
5,8,3.237874e6,-1.087348544769471,-0.8619484131774695,TIME_LIMIT,664815,0,0,12,14
5,8,3.238036e6,-1.087348544769471,-0.8619484131774695,TIME_LIMIT,664842,0,0,7,7
5,8,3.238221e6,-1.0873484813785348,-0.8619484131774695,TIME_LIMIT,664863,0,0,13,6
5,8,3.238348e6,-1.0873484813785348,-0.8619484131774695,TIME_LIMIT,664884,0,0,7,10
5,8,3.238428e6,-1.087339693489671,-0.8619484131774695,TIME_LIMIT,664907,0,0,6,9
5,8,3.238558e6,-1.087339693489671,-0.8619484131774695,TIME_LIMIT,664934,0,0,19,30
5,8,3.238628e6,-1.0873351815687173,-0.8619484131774695,TIME_LIMIT,664955,0,0,12,10
5,8,3.238853e6,-1.0873351815687173,-0.8619484131774695,TIME_LIMIT,664972,0,0,8,26
5,8,3.239078e6,-1.087331221542903,-0.8619484131774695,TIME_LIMIT,665010,0,0,14,10
5,8,3.239209e6,-1.087331221542903,-0.8619484131774695,TIME_LIMIT,665034,0,0,13,13
5,8,3.239347e6,-1.0873297891814726,-0.8619484131774695,TIME_LIMIT,665062,0,0,6,11
5,8,3.239533e6,-1.0873297891814726,-0.8619484131774695,TIME_LIMIT,665088,0,0,10,9
5,8,3.239684e6,-1.0873294215206393,-0.8619484131774695,TIME_LIMIT,665097,0,0,7,6
5,8,3.239841e6,-1.0873294215206393,-0.8619484131774695,TIME_LIMIT,665123,0,0,18,18
5,8,3.240082e6,-1.0873287959672808,-0.8619484131774695,TIME_LIMIT,665149,0,0,9,8
5,8,3.240247e6,-1.0873287959672808,-0.8619484131774695,TIME_LIMIT,665179,0,0,14,18
5,8,3.240318e6,-1.0873187084830005,-0.8619484131774695,TIME_LIMIT,665200,0,0,10,10
5,8,3.240417e6,-1.0873187084830005,-0.8619484131774695,TIME_LIMIT,665217,0,0,13,7
5,8,3.24046e6,-1.087314824989441,-0.8619484131774695,TIME_LIMIT,665235,0,0,12,2
5,8,3.240684e6,-1.087314824989441,-0.8619484131774695,TIME_LIMIT,665254,0,0,14,14
5,8,3.240891e6,-1.0873129338839798,-0.8619484131774695,TIME_LIMIT,665291,0,0,18,5
5,8,3.240984e6,-1.0873129338839798,-0.8619484131774695,TIME_LIMIT,665302,0,0,11,9
5,8,3.241074e6,-1.087304002180808,-0.8619484131774695,TIME_LIMIT,665320,0,0,7,4
5,8,3.241199e6,-1.087304002180808,-0.8619484131774695,TIME_LIMIT,665350,0,0,23,14
5,8,3.241262e6,-1.0872999541765425,-0.8619484131774695,TIME_LIMIT,665373,0,0,6,4
5,8,3.241365e6,-1.0872999541765425,-0.8619484131774695,TIME_LIMIT,665395,0,0,16,21
5,8,3.241457e6,-1.0872946913164176,-0.8619484131774695,TIME_LIMIT,665414,0,0,9,7
5,8,3.241522e6,-1.0872946913164176,-0.8619484131774695,TIME_LIMIT,665437,0,0,9,9
5,8,3.241685e6,-1.0872906112219105,-0.8619484131774695,TIME_LIMIT,665450,0,0,12,5
5,8,3.2418e6,-1.0872906112219105,-0.8619484131774695,TIME_LIMIT,665473,0,0,14,9
5,8,3.241963e6,-1.0872810073562449,-0.8619484131774695,TIME_LIMIT,665503,0,0,8,6
5,8,3.242188e6,-1.0872810073562449,-0.8619484131774695,TIME_LIMIT,665532,0,0,15,21
5,8,3.242383e6,-1.0872804269980874,-0.8619484131774695,TIME_LIMIT,665566,0,0,12,7
5,8,3.242636e6,-1.0872804269980874,-0.8619484131774695,TIME_LIMIT,665591,0,0,18,16
5,8,3.242839e6,-1.087277287395127,-0.8619484131774695,TIME_LIMIT,665613,0,0,13,8
5,8,3.242965e6,-1.087277287395127,-0.8619484131774695,TIME_LIMIT,665632,0,0,9,3
5,8,3.243037e6,-1.0872770680525314,-0.8619484131774695,TIME_LIMIT,665650,0,0,1,3
5,8,3.243147e6,-1.0872770680525314,-0.8619484131774695,TIME_LIMIT,665666,0,0,7,16
5,8,3.24328e6,-1.0872765918519687,-0.8619484131774695,TIME_LIMIT,665699,0,0,14,8
5,8,3.243442e6,-1.0872765918519687,-0.8619484131774695,TIME_LIMIT,665721,0,0,9,8
5,8,3.243552e6,-1.0872687556542462,-0.8619484131774695,TIME_LIMIT,665737,0,0,8,3
5,8,3.243766e6,-1.0872687556542462,-0.8619484131774695,TIME_LIMIT,665766,0,0,24,23
5,8,3.243995e6,-1.0872684765788567,-0.8619484131774695,TIME_LIMIT,665799,0,0,12,7
5,8,3.244064e6,-1.0872684765788567,-0.8619484131774695,TIME_LIMIT,665812,0,0,13,15
5,8,3.244125e6,-1.0872670626776295,-0.8619484131774695,TIME_LIMIT,665834,0,0,9,4
5,8,3.24424e6,-1.0872670626776295,-0.8619484131774695,TIME_LIMIT,665861,0,0,19,5
5,8,3.244387e6,-1.087265414456779,-0.8619484131774695,TIME_LIMIT,665881,0,0,13,13
5,8,3.244476e6,-1.087265414456779,-0.8619484131774695,TIME_LIMIT,665898,0,0,12,13
5,8,3.244576e6,-1.0872638120880158,-0.8619484131774695,TIME_LIMIT,665925,0,0,10,3
5,8,3.244661e6,-1.0872638120880158,-0.8619484131774695,TIME_LIMIT,665950,0,0,8,5
5,8,3.244711e6,-1.0872596027654042,-0.8619484131774695,TIME_LIMIT,665961,0,0,4,2
5,8,3.244869e6,-1.0872596027654042,-0.8619484131774695,TIME_LIMIT,665975,0,0,17,14
5,8,3.244991e6,-1.0872548797819064,-0.8619484131774695,TIME_LIMIT,666006,0,0,15,4
5,8,3.24512e6,-1.0872548797819064,-0.8619484131774695,TIME_LIMIT,666034,0,0,20,16
5,8,3.245307e6,-1.0872516265074443,-0.8619484131774695,TIME_LIMIT,666059,0,0,8,9
5,8,3.24546e6,-1.0872516265074443,-0.8619484131774695,TIME_LIMIT,666085,0,0,16,4
5,8,3.245571e6,-1.0872504898333557,-0.8619484131774695,TIME_LIMIT,666113,0,0,9,5
5,8,3.245674e6,-1.0872504898333557,-0.8619484131774695,TIME_LIMIT,666129,0,0,7,10
5,8,3.245829e6,-1.087245031458128,-0.8619484131774695,TIME_LIMIT,666155,0,0,12,11
5,8,3.246044e6,-1.087245031458128,-0.8619484131774695,TIME_LIMIT,666175,0,0,10,8
5,8,3.246286e6,-1.0872329662999518,-0.8619484131774695,TIME_LIMIT,666207,0,0,11,8
5,8,3.246371e6,-1.0872329662999518,-0.8619484131774695,TIME_LIMIT,666228,0,0,15,9
5,8,3.246505e6,-1.0872319077754256,-0.8619484131774695,TIME_LIMIT,666249,0,0,10,6
5,8,3.246592e6,-1.0872319077754256,-0.8619484131774695,TIME_LIMIT,666267,0,0,15,14
5,8,3.246876e6,-1.087230482146986,-0.8619484131774695,TIME_LIMIT,666296,0,0,7,7
5,8,3.247073e6,-1.087230482146986,-0.8619484131774695,TIME_LIMIT,666328,0,0,10,22
5,8,3.247281e6,-1.0872292889895516,-0.8619484131774695,TIME_LIMIT,666364,0,0,11,19
5,8,3.247495e6,-1.0872292889895516,-0.8619484131774695,TIME_LIMIT,666393,0,0,14,12
5,8,3.247613e6,-1.0872266482821202,-0.8619484131774695,TIME_LIMIT,666419,0,0,12,6
5,8,3.247671e6,-1.0872266482821202,-0.8619484131774695,TIME_LIMIT,666435,0,0,10,4
5,8,3.247743e6,-1.087225063448647,-0.8619484131774695,TIME_LIMIT,666447,0,0,5,3
5,8,3.247894e6,-1.087225063448647,-0.8619484131774695,TIME_LIMIT,666470,0,0,19,6
5,8,3.247953e6,-1.0872233966262232,-0.8619484131774695,TIME_LIMIT,666494,0,0,8,5
5,8,3.248149e6,-1.0872233966262232,-0.8619484131774695,TIME_LIMIT,666530,0,0,13,6
5,8,3.248358e6,-1.0872192962246117,-0.8619484131774695,TIME_LIMIT,666552,0,0,12,6
5,8,3.24848e6,-1.0872192962246117,-0.8619484131774695,TIME_LIMIT,666575,0,0,15,6
5,8,3.248607e6,-1.0872191917447067,-0.8619484131774695,TIME_LIMIT,666592,0,0,9,1
5,8,3.248675e6,-1.0872191917447067,-0.8619484131774695,TIME_LIMIT,666612,0,0,11,9
5,8,3.248805e6,-1.0872158608837057,-0.8619484131774695,TIME_LIMIT,666636,0,0,14,6
5,8,3.248941e6,-1.0872158608837057,-0.8619484131774695,TIME_LIMIT,666672,0,0,9,5
5,8,3.249031e6,-1.087212183908603,-0.8619484131774695,TIME_LIMIT,666692,0,0,12,3
5,8,3.249096e6,-1.087212183908603,-0.8619484131774695,TIME_LIMIT,666720,0,0,11,4
5,8,3.249324e6,-1.0872098874586926,-0.8619484131774695,TIME_LIMIT,666744,0,0,20,10
5,8,3.249527e6,-1.0872098874586926,-0.8619484131774695,TIME_LIMIT,666774,0,0,15,10
5,8,3.249733e6,-1.0872092939591562,-0.8619484131774695,TIME_LIMIT,666810,0,0,12,8
5,8,3.249973e6,-1.0872092939591562,-0.8619484131774695,TIME_LIMIT,666838,0,0,10,9
5,8,3.250109e6,-1.0872061297582412,-0.8619484131774695,TIME_LIMIT,666878,0,0,15,11
5,8,3.250231e6,-1.0872061297582412,-0.8619484131774695,TIME_LIMIT,666896,0,0,12,11
5,8,3.250272e6,-1.087197442524717,-0.8619484131774695,TIME_LIMIT,666910,0,0,7,2
5,8,3.250338e6,-1.087197442524717,-0.8619484131774695,TIME_LIMIT,666927,0,0,7,7
5,8,3.250374e6,-1.0871961237815795,-0.8619484131774695,TIME_LIMIT,666942,0,0,4,4
5,8,3.25055e6,-1.0871961237815795,-0.8619484131774695,TIME_LIMIT,666965,0,0,12,18
5,8,3.250778e6,-1.0871939715580945,-0.8619484131774695,TIME_LIMIT,667006,0,0,13,17
5,8,3.250946e6,-1.0871939715580945,-0.8619484131774695,TIME_LIMIT,667027,0,0,16,18
5,8,3.251184e6,-1.0871939528712442,-0.8619484131774695,TIME_LIMIT,667063,0,0,9,6
5,8,3.251477e6,-1.0871939528712442,-0.8619484131774695,TIME_LIMIT,667087,0,0,18,24
5,8,3.2517e6,-1.0871923728457245,-0.8619484131774695,TIME_LIMIT,667119,0,0,16,10
5,8,3.251828e6,-1.0871923728457245,-0.8619484131774695,TIME_LIMIT,667142,0,0,13,10
5,8,3.251919e6,-1.087190058733492,-0.8619484131774695,TIME_LIMIT,667174,0,0,13,4
5,8,3.252046e6,-1.087190058733492,-0.8619484131774695,TIME_LIMIT,667198,0,0,6,10
5,8,3.252233e6,-1.087189126934927,-0.8619484131774695,TIME_LIMIT,667229,0,0,19,7
5,8,3.252358e6,-1.087189126934927,-0.8619484131774695,TIME_LIMIT,667252,0,0,14,20
5,8,3.252448e6,-1.0871889082167057,-0.8619484131774695,TIME_LIMIT,667273,0,0,11,12
5,8,3.252563e6,-1.0871889082167057,-0.8619484131774695,TIME_LIMIT,667301,0,0,17,16
5,8,3.252717e6,-1.0871856804622344,-0.8619484131774695,TIME_LIMIT,667329,0,0,17,13
5,8,3.252996e6,-1.0871856804622344,-0.8619484131774695,TIME_LIMIT,667360,0,0,15,17
5,8,3.253117e6,-1.0871856266579722,-0.8619484131774695,TIME_LIMIT,667387,0,0,19,7
5,8,3.253217e6,-1.0871856266579722,-0.8619484131774695,TIME_LIMIT,667407,0,0,14,16
5,8,3.253284e6,-1.0871840135410649,-0.8619484131774695,TIME_LIMIT,667442,0,0,12,11
5,8,3.25351e6,-1.0871840135410649,-0.8619484131774695,TIME_LIMIT,667474,0,0,9,18
5,8,3.253604e6,-1.0871780948856002,-0.8619484131774695,TIME_LIMIT,667495,0,0,6,4
5,8,3.253816e6,-1.0871780948856002,-0.8619484131774695,TIME_LIMIT,667522,0,0,17,17
5,8,3.254062e6,-1.087173306477288,-0.8619484131774695,TIME_LIMIT,667551,0,0,19,8
5,8,3.254164e6,-1.087173306477288,-0.8619484131774695,TIME_LIMIT,667572,0,0,13,15
5,8,3.254271e6,-1.087169282708184,-0.8619484131774695,TIME_LIMIT,667599,0,0,10,6
5,8,3.254421e6,-1.087169282708184,-0.8619484131774695,TIME_LIMIT,667620,0,0,18,15
5,8,3.25463e6,-1.0871632310820867,-0.8619484131774695,TIME_LIMIT,667646,0,0,11,15
5,8,3.254677e6,-1.0871632310820867,-0.8619484131774695,TIME_LIMIT,667664,0,0,8,7
5,8,3.254804e6,-1.0871613173104016,-0.8619484131774695,TIME_LIMIT,667690,0,0,10,6
5,8,3.254873e6,-1.0871613173104016,-0.8619484131774695,TIME_LIMIT,667717,0,0,13,3
5,8,3.254967e6,-1.0871521213110784,-0.8619484131774695,TIME_LIMIT,667728,0,0,5,8
5,8,3.255034e6,-1.0871521213110784,-0.8619484131774695,TIME_LIMIT,667753,0,0,14,6
5,8,3.25512e6,-1.087152020500316,-0.8619484131774695,TIME_LIMIT,667777,0,0,9,4
5,8,3.255183e6,-1.087152020500316,-0.8619484131774695,TIME_LIMIT,667797,0,0,13,14
5,8,3.255404e6,-1.0871455164800903,-0.8619484131774695,TIME_LIMIT,667830,0,0,16,13
5,8,3.255491e6,-1.0871455164800903,-0.8619484131774695,TIME_LIMIT,667846,0,0,2,9
5,8,3.255544e6,-1.0871413778916976,-0.8619484131774695,TIME_LIMIT,667863,0,0,4,3
5,8,3.255688e6,-1.0871413778916976,-0.8619484131774695,TIME_LIMIT,667890,0,0,13,10
5,8,3.255751e6,-1.0871396645500009,-0.8619484131774695,TIME_LIMIT,667920,0,0,8,11
5,8,3.255882e6,-1.0871396645500009,-0.8619484131774695,TIME_LIMIT,667948,0,0,9,8
5,8,3.255959e6,-1.0871373084058815,-0.8619484131774695,TIME_LIMIT,667968,0,0,7,3
5,8,3.256092e6,-1.0871373084058815,-0.8619484131774695,TIME_LIMIT,667995,0,0,17,15
5,8,3.256293e6,-1.0871364545844502,-0.8619484131774695,TIME_LIMIT,668022,0,0,15,13
5,8,3.256508e6,-1.0871364545844502,-0.8619484131774695,TIME_LIMIT,668046,0,0,14,10
5,8,3.256704e6,-1.0871359000577958,-0.8619484131774695,TIME_LIMIT,668069,0,0,7,2
5,8,3.256804e6,-1.0871359000577958,-0.8619484131774695,TIME_LIMIT,668093,0,0,14,9
5,8,3.256926e6,-1.0871304237421544,-0.8619484131774695,TIME_LIMIT,668128,0,0,9,9
5,8,3.257033e6,-1.0871304237421544,-0.8619484131774695,TIME_LIMIT,668145,0,0,15,17
5,8,3.257168e6,-1.0871284700374262,-0.8619484131774695,TIME_LIMIT,668180,0,0,14,7
5,8,3.257344e6,-1.0871284700374262,-0.8619484131774695,TIME_LIMIT,668204,0,0,13,11
5,8,3.257407e6,-1.0871280450422278,-0.8619484131774695,TIME_LIMIT,668224,0,0,10,6
5,8,3.257549e6,-1.0871280450422278,-0.8619484131774695,TIME_LIMIT,668253,0,0,13,16
5,8,3.257686e6,-1.0871244866824405,-0.8619484131774695,TIME_LIMIT,668284,0,0,18,8
5,8,3.257865e6,-1.0871244866824405,-0.8619484131774695,TIME_LIMIT,668307,0,0,19,24
5,8,3.258129e6,-1.0871241764299988,-0.8619484131774695,TIME_LIMIT,668343,0,0,14,7
5,8,3.258256e6,-1.0871241764299988,-0.8619484131774695,TIME_LIMIT,668370,0,0,10,16
5,8,3.258316e6,-1.087115295237195,-0.8619484131774695,TIME_LIMIT,668386,0,0,11,10
5,8,3.258398e6,-1.087115295237195,-0.8619484131774695,TIME_LIMIT,668404,0,0,10,10
5,8,3.258513e6,-1.0871140960453731,-0.8619484131774695,TIME_LIMIT,668428,0,0,5,4
5,8,3.25866e6,-1.0871140960453731,-0.8619484131774695,TIME_LIMIT,668455,0,0,16,21
5,8,3.258872e6,-1.087113268324598,-0.8619484131774695,TIME_LIMIT,668494,0,0,15,11
5,8,3.259114e6,-1.087113268324598,-0.8619484131774695,TIME_LIMIT,668513,0,0,13,16
5,8,3.259326e6,-1.087108599988241,-0.8619484131774695,TIME_LIMIT,668549,0,0,13,8
5,8,3.259437e6,-1.087108599988241,-0.8619484131774695,TIME_LIMIT,668569,0,0,12,7
5,8,3.259591e6,-1.0871072451338955,-0.8619484131774695,TIME_LIMIT,668598,0,0,11,10
5,8,3.259725e6,-1.0871072451338955,-0.8619484131774695,TIME_LIMIT,668621,0,0,11,14
5,8,3.259805e6,-1.0871061608033796,-0.8619484131774695,TIME_LIMIT,668649,0,0,14,11
5,8,3.259968e6,-1.0871061608033796,-0.8619484131774695,TIME_LIMIT,668668,0,0,7,19
5,8,3.260177e6,-1.0871046245615996,-0.8619484131774695,TIME_LIMIT,668696,0,0,4,8
5,8,3.260327e6,-1.0871046245615996,-0.8619484131774695,TIME_LIMIT,668717,0,0,10,12
5,8,3.260549e6,-1.0871039883869091,-0.8619484131774695,TIME_LIMIT,668752,0,0,8,6
5,8,3.260618e6,-1.0871039883869091,-0.8619484131774695,TIME_LIMIT,668771,0,0,11,10
5,8,3.260705e6,-1.0871038116459149,-0.8619484131774695,TIME_LIMIT,668787,0,0,4,1
5,8,3.260829e6,-1.0871038116459149,-0.8619484131774695,TIME_LIMIT,668813,0,0,20,20
5,8,3.260926e6,-1.087099975701011,-0.8619484131774695,TIME_LIMIT,668837,0,0,9,10
5,8,3.260992e6,-1.087099975701011,-0.8619484131774695,TIME_LIMIT,668854,0,0,12,8
5,8,3.261102e6,-1.0870969694921857,-0.8619484131774695,TIME_LIMIT,668876,0,0,6,4
5,8,3.261272e6,-1.0870969694921857,-0.8619484131774695,TIME_LIMIT,668905,0,0,11,20
5,8,3.261489e6,-1.0870917563253857,-0.8619484131774695,TIME_LIMIT,668940,0,0,7,5
5,8,3.261683e6,-1.0870917563253857,-0.8619484131774695,TIME_LIMIT,668964,0,0,10,15
5,8,3.261766e6,-1.0870821618400297,-0.8619484131774695,TIME_LIMIT,668997,0,0,13,6
5,8,3.261868e6,-1.0870821618400297,-0.8619484131774695,TIME_LIMIT,669021,0,0,12,14
5,8,3.262013e6,-1.087079667563528,-0.8619484131774695,TIME_LIMIT,669056,0,0,5,12
5,8,3.262184e6,-1.087079667563528,-0.8619484131774695,TIME_LIMIT,669083,0,0,13,10
5,8,3.262311e6,-1.0870703611310284,-0.8619484131774695,TIME_LIMIT,669103,0,0,5,0
5,8,3.26244e6,-1.0870703611310284,-0.8619484131774695,TIME_LIMIT,669126,0,0,12,6
5,8,3.26256e6,-1.0870675161003827,-0.8619484131774695,TIME_LIMIT,669148,0,0,13,8
5,8,3.262624e6,-1.0870675161003827,-0.8619484131774695,TIME_LIMIT,669165,0,0,8,7
5,8,3.262713e6,-1.0870605189202487,-0.8619484131774695,TIME_LIMIT,669188,0,0,6,3
5,8,3.262872e6,-1.0870605189202487,-0.8619484131774695,TIME_LIMIT,669216,0,0,18,6
5,8,3.263042e6,-1.087055124383653,-0.8619484131774695,TIME_LIMIT,669245,0,0,8,8
5,8,3.263084e6,-1.087055124383653,-0.8619484131774695,TIME_LIMIT,669261,0,0,10,21
5,8,3.263227e6,-1.0870533643580327,-0.8619484131774695,TIME_LIMIT,669299,0,0,11,11
5,8,3.263465e6,-1.0870533643580327,-0.8619484131774695,TIME_LIMIT,669328,0,0,8,24
5,8,3.26362e6,-1.0870502104873605,-0.8619484131774695,TIME_LIMIT,669364,0,0,13,12
5,8,3.263859e6,-1.0870502104873605,-0.8619484131774695,TIME_LIMIT,669388,0,0,18,19
5,8,3.264104e6,-1.0870432647875483,-0.8619484131774695,TIME_LIMIT,669424,0,0,11,5
5,8,3.264183e6,-1.0870432647875483,-0.8619484131774695,TIME_LIMIT,669446,0,0,16,9
5,8,3.264289e6,-1.0870333642458143,-0.8619484131774695,TIME_LIMIT,669474,0,0,11,2
5,8,3.264382e6,-1.0870333642458143,-0.8619484131774695,TIME_LIMIT,669493,0,0,7,5
5,8,3.264444e6,-1.0870246713430474,-0.8619484131774695,TIME_LIMIT,669517,0,0,9,2
5,8,3.264588e6,-1.0870246713430474,-0.8619484131774695,TIME_LIMIT,669543,0,0,19,7
5,8,3.264676e6,-1.087011936924796,-0.8619484131774695,TIME_LIMIT,669564,0,0,8,8
5,8,3.264883e6,-1.087011936924796,-0.8619484131774695,TIME_LIMIT,669590,0,0,27,12
5,8,3.265038e6,-1.0870103615563187,-0.8619484131774695,TIME_LIMIT,669626,0,0,8,11
5,8,3.265186e6,-1.0870103615563187,-0.8619484131774695,TIME_LIMIT,669657,0,0,17,23
5,8,3.265313e6,-1.0870027189904952,-0.8619484131774695,TIME_LIMIT,669688,0,0,14,9
5,8,3.265444e6,-1.0870027189904952,-0.8619484131774695,TIME_LIMIT,669716,0,0,15,11
5,8,3.265543e6,-1.087002098249209,-0.8619484131774695,TIME_LIMIT,669739,0,0,12,7
5,8,3.2657e6,-1.087002098249209,-0.8619484131774695,TIME_LIMIT,669773,0,0,15,13
5,8,3.2659e6,-1.0870020282597603,-0.8619484131774695,TIME_LIMIT,669799,0,0,6,8
5,8,3.26608e6,-1.0870020282597603,-0.8619484131774695,TIME_LIMIT,669824,0,0,6,17
5,8,3.266141e6,-1.0870012683917756,-0.8619484131774695,TIME_LIMIT,669849,0,0,9,4
5,8,3.26622e6,-1.0870012683917756,-0.8619484131774695,TIME_LIMIT,669872,0,0,6,11
5,8,3.266292e6,-1.0869953071455019,-0.8619484131774695,TIME_LIMIT,669892,0,0,11,9
5,8,3.266469e6,-1.0869953071455019,-0.8619484131774695,TIME_LIMIT,669919,0,0,14,23
5,8,3.266606e6,-1.0869945527421399,-0.8619484131774695,TIME_LIMIT,669948,0,0,9,7
5,8,3.266735e6,-1.0869945527421399,-0.8619484131774695,TIME_LIMIT,669973,0,0,5,14
5,8,3.266886e6,-1.0869923011923306,-0.8619484131774695,TIME_LIMIT,669999,0,0,14,9
5,8,3.26709e6,-1.0869923011923306,-0.8619484131774695,TIME_LIMIT,670029,0,0,14,20
5,8,3.26723e6,-1.0869849457132545,-0.8619484131774695,TIME_LIMIT,670057,0,0,3,10
5,8,3.267381e6,-1.0869849457132545,-0.8619484131774695,TIME_LIMIT,670080,0,0,10,12
5,8,3.267531e6,-1.0869847640284935,-0.8619484131774695,TIME_LIMIT,670111,0,0,14,5
5,8,3.267591e6,-1.0869847640284935,-0.8619484131774695,TIME_LIMIT,670127,0,0,13,7
5,8,3.267682e6,-1.0869815354422467,-0.8619484131774695,TIME_LIMIT,670151,0,0,4,4
5,8,3.267773e6,-1.0869815354422467,-0.8619484131774695,TIME_LIMIT,670174,0,0,8,10
5,8,3.267867e6,-1.0869796197399948,-0.8619484131774695,TIME_LIMIT,670185,0,0,7,7
5,8,3.267968e6,-1.0869796197399948,-0.8619484131774695,TIME_LIMIT,670207,0,0,11,26
5,8,3.26817e6,-1.0869786238959072,-0.8619484131774695,TIME_LIMIT,670227,0,0,6,5
5,8,3.268351e6,-1.0869786238959072,-0.8619484131774695,TIME_LIMIT,670245,0,0,11,8
5,8,3.26853e6,-1.086978394913583,-0.8619484131774695,TIME_LIMIT,670270,0,0,14,4
5,8,3.268678e6,-1.086978394913583,-0.8619484131774695,TIME_LIMIT,670296,0,0,14,11
5,8,3.268831e6,-1.086976428232838,-0.8619484131774695,TIME_LIMIT,670324,0,0,8,7
5,8,3.269054e6,-1.086976428232838,-0.8619484131774695,TIME_LIMIT,670354,0,0,6,11
5,8,3.269255e6,-1.086974693406494,-0.8619484131774695,TIME_LIMIT,670379,0,0,15,11
5,8,3.269462e6,-1.086974693406494,-0.8619484131774695,TIME_LIMIT,670401,0,0,16,33
5,8,3.269612e6,-1.0869725333435554,-0.8619484131774695,TIME_LIMIT,670438,0,0,9,5
5,8,3.26984e6,-1.0869725333435554,-0.8619484131774695,TIME_LIMIT,670459,0,0,10,12
5,8,3.270065e6,-1.0869692241520785,-0.8619484131774695,TIME_LIMIT,670496,0,0,14,9
5,8,3.270221e6,-1.0869692241520785,-0.8619484131774695,TIME_LIMIT,670520,0,0,11,19
5,8,3.270262e6,-1.086963219689264,-0.8619484131774695,TIME_LIMIT,670540,0,0,5,5
5,8,3.27031e6,-1.086963219689264,-0.8619484131774695,TIME_LIMIT,670559,0,0,18,16
5,8,3.270415e6,-1.0869629237478253,-0.8619484131774695,TIME_LIMIT,670587,0,0,8,3
5,8,3.270533e6,-1.0869629237478253,-0.8619484131774695,TIME_LIMIT,670610,0,0,15,12
5,8,3.27064e6,-1.0869606746359897,-0.8619484131774695,TIME_LIMIT,670635,0,0,10,7
5,8,3.270767e6,-1.0869606746359897,-0.8619484131774695,TIME_LIMIT,670655,0,0,12,13
5,8,3.270879e6,-1.0869500629284554,-0.8619484131774695,TIME_LIMIT,670687,0,0,12,6
5,8,3.271028e6,-1.0869500629284554,-0.8619484131774695,TIME_LIMIT,670710,0,0,18,13
5,8,3.271229e6,-1.0869492743397422,-0.8619484131774695,TIME_LIMIT,670747,0,0,11,7
5,8,3.271374e6,-1.0869492743397422,-0.8619484131774695,TIME_LIMIT,670773,0,0,17,12
5,8,3.271489e6,-1.0869465438456367,-0.8619484131774695,TIME_LIMIT,670799,0,0,8,2
5,8,3.271663e6,-1.0869465438456367,-0.8619484131774695,TIME_LIMIT,670826,0,0,14,12
5,8,3.271737e6,-1.0869450192686112,-0.8619484131774695,TIME_LIMIT,670846,0,0,5,7
5,8,3.271834e6,-1.0869450192686112,-0.8619484131774695,TIME_LIMIT,670865,0,0,14,2
5,8,3.271872e6,-1.086925685454386,-0.8619484131774695,TIME_LIMIT,670880,0,0,6,4
5,8,3.271984e6,-1.086925685454386,-0.8619484131774695,TIME_LIMIT,670905,0,0,8,17
5,8,3.272101e6,-1.0869237542605277,-0.8619484131774695,TIME_LIMIT,670935,0,0,10,9
5,8,3.272237e6,-1.0869237542605277,-0.8619484131774695,TIME_LIMIT,670957,0,0,14,27
5,8,3.27239e6,-1.086923144836429,-0.8619484131774695,TIME_LIMIT,670987,0,0,8,7
5,8,3.272613e6,-1.086923144836429,-0.8619484131774695,TIME_LIMIT,671008,0,0,11,15
5,8,3.27284e6,-1.0869216608119012,-0.8619484131774695,TIME_LIMIT,671039,0,0,13,14
5,8,3.272957e6,-1.0869216608119012,-0.8619484131774695,TIME_LIMIT,671062,0,0,5,6
5,8,3.273059e6,-1.0869158030161916,-0.8619484131774695,TIME_LIMIT,671085,0,0,8,5
5,8,3.273181e6,-1.0869158030161916,-0.8619484131774695,TIME_LIMIT,671109,0,0,7,15
5,8,3.27326e6,-1.086915046811097,-0.8619484131774695,TIME_LIMIT,671130,0,0,7,4
5,8,3.273461e6,-1.086915046811097,-0.8619484131774695,TIME_LIMIT,671152,0,0,12,11
5,8,3.273592e6,-1.0868958412058598,-0.8619484131774695,TIME_LIMIT,671176,0,0,13,8
5,8,3.273816e6,-1.0868958412058598,-0.8619484131774695,TIME_LIMIT,671202,0,0,11,25
5,8,3.273981e6,-1.0868808453275083,-0.8619484131774695,TIME_LIMIT,671225,0,0,8,4
5,8,3.274115e6,-1.0868808453275083,-0.8619484131774695,TIME_LIMIT,671251,0,0,12,6
5,8,3.274208e6,-1.0868792882159473,-0.8619484131774695,TIME_LIMIT,671267,0,0,11,3
5,8,3.274342e6,-1.0868792882159473,-0.8619484131774695,TIME_LIMIT,671296,0,0,17,11
5,8,3.27454e6,-1.0868727225386374,-0.8619484131774695,TIME_LIMIT,671315,0,0,9,14
5,8,3.27465e6,-1.0868727225386374,-0.8619484131774695,TIME_LIMIT,671340,0,0,19,11
5,8,3.274791e6,-1.0868680345664106,-0.8619484131774695,TIME_LIMIT,671370,0,0,9,7
5,8,3.275007e6,-1.0868680345664106,-0.8619484131774695,TIME_LIMIT,671395,0,0,19,19
5,8,3.27525e6,-1.0868647125109399,-0.8619484131774695,TIME_LIMIT,671435,0,0,10,8
5,8,3.275376e6,-1.0868647125109399,-0.8619484131774695,TIME_LIMIT,671463,0,0,14,10
5,8,3.275529e6,-1.0868584067677123,-0.8619484131774695,TIME_LIMIT,671483,0,0,6,5
5,8,3.275603e6,-1.0868584067677123,-0.8619484131774695,TIME_LIMIT,671501,0,0,8,13
5,8,3.275646e6,-1.086858326572497,-0.8619484131774695,TIME_LIMIT,671520,0,0,6,3
5,8,3.275861e6,-1.086858326572497,-0.8619484131774695,TIME_LIMIT,671546,0,0,14,12
5,8,3.276084e6,-1.0868549814677042,-0.8619484131774695,TIME_LIMIT,671574,0,0,14,12
5,8,3.27629e6,-1.0868549814677042,-0.8619484131774695,TIME_LIMIT,671602,0,0,14,8
5,8,3.276451e6,-1.0868430403594644,-0.8619484131774695,TIME_LIMIT,671624,0,0,10,13
5,8,3.276589e6,-1.0868430403594644,-0.8619484131774695,TIME_LIMIT,671647,0,0,17,12
5,8,3.276706e6,-1.0868347649800854,-0.8619484131774695,TIME_LIMIT,671677,0,0,15,10
5,8,3.276851e6,-1.0868347649800854,-0.8619484131774695,TIME_LIMIT,671713,0,0,12,13
5,8,3.27702e6,-1.0868328365657067,-0.8619484131774695,TIME_LIMIT,671733,0,0,11,16
5,8,3.277143e6,-1.0868328365657067,-0.8619484131774695,TIME_LIMIT,671753,0,0,9,4
5,8,3.27722e6,-1.0868313525628006,-0.8619484131774695,TIME_LIMIT,671776,0,0,4,5
5,8,3.277323e6,-1.0868313525628006,-0.8619484131774695,TIME_LIMIT,671794,0,0,7,12
5,8,3.277408e6,-1.0868283978656532,-0.8619484131774695,TIME_LIMIT,671813,0,0,10,5
5,8,3.277624e6,-1.0868283978656532,-0.8619484131774695,TIME_LIMIT,671840,0,0,15,12
5,8,3.27778e6,-1.0868277480454012,-0.8619484131774695,TIME_LIMIT,671871,0,0,7,7
5,8,3.278041e6,-1.0868277480454012,-0.8619484131774695,TIME_LIMIT,671900,0,0,9,16
5,8,3.278128e6,-1.0868216374311614,-0.8619484131774695,TIME_LIMIT,671915,0,0,6,8
5,8,3.278296e6,-1.0868216374311614,-0.8619484131774695,TIME_LIMIT,671939,0,0,20,11
5,8,3.278494e6,-1.0868182780952897,-0.8619484131774695,TIME_LIMIT,671963,0,0,7,3
5,8,3.278615e6,-1.0868182780952897,-0.8619484131774695,TIME_LIMIT,671983,0,0,10,11
5,8,3.278728e6,-1.0868118404133935,-0.8619484131774695,TIME_LIMIT,672011,0,0,4,8
5,8,3.278862e6,-1.0868118404133935,-0.8619484131774695,TIME_LIMIT,672034,0,0,12,16
5,8,3.278967e6,-1.0868100298734933,-0.8619484131774695,TIME_LIMIT,672055,0,0,7,6
5,8,3.279101e6,-1.0868100298734933,-0.8619484131774695,TIME_LIMIT,672079,0,0,14,12
5,8,3.279148e6,-1.08680858908922,-0.8619484131774695,TIME_LIMIT,672102,0,0,10,5
5,8,3.279253e6,-1.08680858908922,-0.8619484131774695,TIME_LIMIT,672127,0,0,11,6
5,8,3.279307e6,-1.0868082252700018,-0.8619484131774695,TIME_LIMIT,672146,0,0,11,1
5,8,3.279422e6,-1.0868082252700018,-0.8619484131774695,TIME_LIMIT,672172,0,0,15,16
5,8,3.279702e6,-1.0868062087959187,-0.8619484131774695,TIME_LIMIT,672208,0,0,9,9
5,8,3.279784e6,-1.0868062087959187,-0.8619484131774695,TIME_LIMIT,672224,0,0,9,1
5,8,3.279876e6,-1.0868046877819972,-0.8619484131774695,TIME_LIMIT,672245,0,0,4,7
5,8,3.279946e6,-1.0868046877819972,-0.8619484131774695,TIME_LIMIT,672262,0,0,5,10
5,8,3.280044e6,-1.0868032115408766,-0.8619484131774695,TIME_LIMIT,672284,0,0,5,4
5,8,3.280196e6,-1.0868032115408766,-0.8619484131774695,TIME_LIMIT,672310,0,0,11,9
5,8,3.280316e6,-1.0867996544364402,-0.8619484131774695,TIME_LIMIT,672335,0,0,4,9
5,8,3.28043e6,-1.0867996544364402,-0.8619484131774695,TIME_LIMIT,672357,0,0,12,11
5,8,3.280472e6,-1.0867942310849874,-0.8619484131774695,TIME_LIMIT,672378,0,0,9,3
5,8,3.280704e6,-1.0867942310849874,-0.8619484131774695,TIME_LIMIT,672409,0,0,24,15
5,8,3.280982e6,-1.0867927129634856,-0.8619484131774695,TIME_LIMIT,672438,0,0,8,14
5,8,3.281118e6,-1.0867927129634856,-0.8619484131774695,TIME_LIMIT,672463,0,0,12,14
5,8,3.281202e6,-1.0867920927026677,-0.8619484131774695,TIME_LIMIT,672480,0,0,6,12
5,8,3.281426e6,-1.0867920927026677,-0.8619484131774695,TIME_LIMIT,672512,0,0,15,20
5,8,3.281567e6,-1.0867917006200654,-0.8619484131774695,TIME_LIMIT,672537,0,0,8,12
5,8,3.281768e6,-1.0867917006200654,-0.8619484131774695,TIME_LIMIT,672567,0,0,17,16
5,8,3.281975e6,-1.0867899468674662,-0.8619484131774695,TIME_LIMIT,672593,0,0,14,5
5,8,3.282081e6,-1.0867899468674662,-0.8619484131774695,TIME_LIMIT,672623,0,0,12,15
5,8,3.282201e6,-1.0867878559125892,-0.8619484131774695,TIME_LIMIT,672645,0,0,8,10
5,8,3.282374e6,-1.0867878559125892,-0.8619484131774695,TIME_LIMIT,672675,0,0,10,22
5,8,3.282599e6,-1.0867806874872459,-0.8619484131774695,TIME_LIMIT,672711,0,0,13,12
5,8,3.282828e6,-1.0867806874872459,-0.8619484131774695,TIME_LIMIT,672743,0,0,8,25
5,8,3.282993e6,-1.0867783379085585,-0.8619484131774695,TIME_LIMIT,672779,0,0,13,11
5,8,3.283049e6,-1.0867783379085585,-0.8619484131774695,TIME_LIMIT,672799,0,0,16,13
5,8,3.283204e6,-1.0867781330461102,-0.8619484131774695,TIME_LIMIT,672829,0,0,12,13
5,8,3.283341e6,-1.0867781330461102,-0.8619484131774695,TIME_LIMIT,672849,0,0,6,10
5,8,3.283432e6,-1.08677671367797,-0.8619484131774695,TIME_LIMIT,672866,0,0,11,3
5,8,3.283591e6,-1.08677671367797,-0.8619484131774695,TIME_LIMIT,672888,0,0,12,9
5,8,3.283681e6,-1.0867762395746894,-0.8619484131774695,TIME_LIMIT,672899,0,0,5,5
5,8,3.283908e6,-1.0867762395746894,-0.8619484131774695,TIME_LIMIT,672925,0,0,15,23
5,8,3.28404e6,-1.0867750209357578,-0.8619484131774695,TIME_LIMIT,672951,0,0,9,10
5,8,3.284239e6,-1.0867750209357578,-0.8619484131774695,TIME_LIMIT,672982,0,0,12,21
5,8,3.284345e6,-1.0867671251334732,-0.8619484131774695,TIME_LIMIT,673023,0,0,9,4
5,8,3.284571e6,-1.0867671251334732,-0.8619484131774695,TIME_LIMIT,673048,0,0,20,18
5,8,3.284746e6,-1.0867636483640601,-0.8619484131774695,TIME_LIMIT,673079,0,0,17,4
5,8,3.284882e6,-1.0867636483640601,-0.8619484131774695,TIME_LIMIT,673103,0,0,9,10
5,8,3.285002e6,-1.0867565541914401,-0.8619484131774695,TIME_LIMIT,673127,0,0,7,9
5,8,3.285143e6,-1.0867565541914401,-0.8619484131774695,TIME_LIMIT,673153,0,0,13,11
5,8,3.285271e6,-1.086749395102097,-0.8619484131774695,TIME_LIMIT,673177,0,0,16,9
5,8,3.285497e6,-1.086749395102097,-0.8619484131774695,TIME_LIMIT,673203,0,0,15,16
5,8,3.28561e6,-1.0867473339825282,-0.8619484131774695,TIME_LIMIT,673231,0,0,8,4
5,8,3.285701e6,-1.0867473339825282,-0.8619484131774695,TIME_LIMIT,673253,0,0,5,13
5,8,3.285791e6,-1.086746785200468,-0.8619484131774695,TIME_LIMIT,673272,0,0,7,4
5,8,3.285915e6,-1.086746785200468,-0.8619484131774695,TIME_LIMIT,673297,0,0,8,14
5,8,3.286025e6,-1.0867356804302168,-0.8619484131774695,TIME_LIMIT,673322,0,0,9,11
5,8,3.286153e6,-1.0867356804302168,-0.8619484131774695,TIME_LIMIT,673346,0,0,15,20
5,8,3.286302e6,-1.0867336519294697,-0.8619484131774695,TIME_LIMIT,673369,0,0,8,1
5,8,3.286545e6,-1.0867336519294697,-0.8619484131774695,TIME_LIMIT,673399,0,0,19,19
5,8,3.286792e6,-1.0867272676541417,-0.8619484131774695,TIME_LIMIT,673425,0,0,9,6
5,8,3.287017e6,-1.0867272676541417,-0.8619484131774695,TIME_LIMIT,673445,0,0,16,22
5,8,3.287147e6,-1.0867271725790144,-0.8619484131774695,TIME_LIMIT,673470,0,0,9,5
5,8,3.287433e6,-1.0867271725790144,-0.8619484131774695,TIME_LIMIT,673491,0,0,20,14
5,8,3.287859e6,-1.0867235587502768,-0.8619484131774695,TIME_LIMIT,673516,0,0,10,9
5,8,3.288074e6,-1.0867235587502768,-0.8619484131774695,TIME_LIMIT,673544,0,0,14,14
5,8,3.288194e6,-1.086720898495046,-0.8619484131774695,TIME_LIMIT,673566,0,0,10,8
5,8,3.288291e6,-1.086720898495046,-0.8619484131774695,TIME_LIMIT,673583,0,0,11,20
5,8,3.288564e6,-1.0867194389357744,-0.8619484131774695,TIME_LIMIT,673607,0,0,11,5
5,8,3.28865e6,-1.0867194389357744,-0.8619484131774695,TIME_LIMIT,673619,0,0,3,7
5,8,3.288707e6,-1.0867186926081407,-0.8619484131774695,TIME_LIMIT,673640,0,0,8,3
5,8,3.288781e6,-1.0867186926081407,-0.8619484131774695,TIME_LIMIT,673652,0,0,6,2
5,8,3.288814e6,-1.0867133449850725,-0.8619484131774695,TIME_LIMIT,673657,0,0,2,3
5,8,3.289039e6,-1.0867133449850725,-0.8619484131774695,TIME_LIMIT,673681,0,0,20,20
5,8,3.289253e6,-1.08671237955134,-0.8619484131774695,TIME_LIMIT,673706,0,0,12,11
5,8,3.289372e6,-1.08671237955134,-0.8619484131774695,TIME_LIMIT,673734,0,0,8,11
5,8,3.289584e6,-1.0867112897023259,-0.8619484131774695,TIME_LIMIT,673774,0,0,14,10
5,8,3.289742e6,-1.0867112897023259,-0.8619484131774695,TIME_LIMIT,673794,0,0,7,13
5,8,3.289888e6,-1.0867103976120422,-0.8619484131774695,TIME_LIMIT,673819,0,0,8,5
5,8,3.289958e6,-1.0867103976120422,-0.8619484131774695,TIME_LIMIT,673837,0,0,15,10
5,8,3.290072e6,-1.0867062941160737,-0.8619484131774695,TIME_LIMIT,673866,0,0,10,7
5,8,3.290122e6,-1.0867062941160737,-0.8619484131774695,TIME_LIMIT,673882,0,0,4,2
5,8,3.290166e6,-1.0867026567583524,-0.8619484131774695,TIME_LIMIT,673897,0,0,8,6
5,8,3.290283e6,-1.0867026567583524,-0.8619484131774695,TIME_LIMIT,673914,0,0,3,2
5,8,3.290363e6,-1.086701569053786,-0.8619484131774695,TIME_LIMIT,673929,0,0,4,1
5,8,3.290571e6,-1.086701569053786,-0.8619484131774695,TIME_LIMIT,673953,0,0,9,20
5,8,3.290691e6,-1.086700206593104,-0.8619484131774695,TIME_LIMIT,673991,0,0,10,9
5,8,3.290742e6,-1.086700206593104,-0.8619484131774695,TIME_LIMIT,674011,0,0,13,16
5,8,3.290841e6,-1.086699438079211,-0.8619484131774695,TIME_LIMIT,674043,0,0,12,5
5,8,3.290898e6,-1.086699438079211,-0.8619484131774695,TIME_LIMIT,674059,0,0,8,9
5,8,3.290995e6,-1.086697770226073,-0.8619484131774695,TIME_LIMIT,674089,0,0,5,5
5,8,3.291107e6,-1.086697770226073,-0.8619484131774695,TIME_LIMIT,674110,0,0,8,7
5,8,3.291171e6,-1.0866960330570405,-0.8619484131774695,TIME_LIMIT,674124,0,0,7,4
5,8,3.291392e6,-1.0866960330570405,-0.8619484131774695,TIME_LIMIT,674152,0,0,25,19
5,8,3.2916e6,-1.0866950377764053,-0.8619484131774695,TIME_LIMIT,674192,0,0,16,9
5,8,3.291758e6,-1.0866950377764053,-0.8619484131774695,TIME_LIMIT,674221,0,0,11,11
5,8,3.291984e6,-1.0866940925250415,-0.8619484131774695,TIME_LIMIT,674249,0,0,11,11
5,8,3.292256e6,-1.0866940925250415,-0.8619484131774695,TIME_LIMIT,674281,0,0,8,10
5,8,3.292386e6,-1.086691262032707,-0.8619484131774695,TIME_LIMIT,674303,0,0,11,12
5,8,3.292448e6,-1.086691262032707,-0.8619484131774695,TIME_LIMIT,674325,0,0,7,8
5,8,3.292564e6,-1.086689313836036,-0.8619484131774695,TIME_LIMIT,674355,0,0,8,8
5,8,3.292681e6,-1.086689313836036,-0.8619484131774695,TIME_LIMIT,674372,0,0,16,23
5,8,3.292885e6,-1.086687349603693,-0.8619484131774695,TIME_LIMIT,674405,0,0,14,18
5,8,3.292986e6,-1.086687349603693,-0.8619484131774695,TIME_LIMIT,674426,0,0,21,11
5,8,3.293206e6,-1.0866732991176453,-0.8619484131774695,TIME_LIMIT,674461,0,0,7,7
5,8,3.293403e6,-1.0866732991176453,-0.8619484131774695,TIME_LIMIT,674493,0,0,19,20
5,8,3.29363e6,-1.0866702299781041,-0.8619484131774695,TIME_LIMIT,674530,0,0,7,7
5,8,3.293769e6,-1.0866702299781041,-0.8619484131774695,TIME_LIMIT,674548,0,0,9,12
5,8,3.293973e6,-1.0866675146496718,-0.8619484131774695,TIME_LIMIT,674578,0,0,4,9
5,8,3.294142e6,-1.0866675146496718,-0.8619484131774695,TIME_LIMIT,674608,0,0,19,24
5,8,3.294272e6,-1.0866627003595477,-0.8619484131774695,TIME_LIMIT,674633,0,0,13,15
5,8,3.294365e6,-1.0866627003595477,-0.8619484131774695,TIME_LIMIT,674653,0,0,11,13
5,8,3.294478e6,-1.0866598258142717,-0.8619484131774695,TIME_LIMIT,674679,0,0,5,3
5,8,3.294586e6,-1.0866598258142717,-0.8619484131774695,TIME_LIMIT,674698,0,0,12,8
5,8,3.294677e6,-1.0866551275544158,-0.8619484131774695,TIME_LIMIT,674726,0,0,9,3
5,8,3.294898e6,-1.0866551275544158,-0.8619484131774695,TIME_LIMIT,674753,0,0,9,9
5,8,3.295011e6,-1.0866546323765367,-0.8619484131774695,TIME_LIMIT,674776,0,0,11,5
5,8,3.295091e6,-1.0866546323765367,-0.8619484131774695,TIME_LIMIT,674794,0,0,18,16
5,8,3.295281e6,-1.0866518203337112,-0.8619484131774695,TIME_LIMIT,674831,0,0,15,9
5,8,3.295446e6,-1.0866518203337112,-0.8619484131774695,TIME_LIMIT,674859,0,0,11,14
5,8,3.295618e6,-1.0866431342496476,-0.8619484131774695,TIME_LIMIT,674878,0,0,8,1
5,8,3.295706e6,-1.0866431342496476,-0.8619484131774695,TIME_LIMIT,674897,0,0,6,7
5,8,3.295801e6,-1.086642293391486,-0.8619484131774695,TIME_LIMIT,674917,0,0,11,8
5,8,3.295907e6,-1.086642293391486,-0.8619484131774695,TIME_LIMIT,674940,0,0,18,14
5,8,3.296074e6,-1.0866403520647345,-0.8619484131774695,TIME_LIMIT,674968,0,0,5,3
5,8,3.296151e6,-1.0866403520647345,-0.8619484131774695,TIME_LIMIT,674987,0,0,19,13
5,8,3.296233e6,-1.0866401690715992,-0.8619484131774695,TIME_LIMIT,675018,0,0,7,6
5,8,3.296357e6,-1.0866401690715992,-0.8619484131774695,TIME_LIMIT,675038,0,0,13,4
5,8,3.296406e6,-1.0866362852170506,-0.8619484131774695,TIME_LIMIT,675052,0,0,5,4
5,8,3.296562e6,-1.0866362852170506,-0.8619484131774695,TIME_LIMIT,675077,0,0,13,18
5,8,3.296796e6,-1.0866356943826183,-0.8619484131774695,TIME_LIMIT,675112,0,0,12,6
5,8,3.296922e6,-1.0866356943826183,-0.8619484131774695,TIME_LIMIT,675135,0,0,13,12
5,8,3.297048e6,-1.0866354214428209,-0.8619484131774695,TIME_LIMIT,675158,0,0,12,3
5,8,3.297181e6,-1.0866354214428209,-0.8619484131774695,TIME_LIMIT,675186,0,0,16,22
5,8,3.29731e6,-1.086632545706422,-0.8619484131774695,TIME_LIMIT,675208,0,0,12,17
5,8,3.297483e6,-1.086632545706422,-0.8619484131774695,TIME_LIMIT,675232,0,0,9,12
5,8,3.297552e6,-1.0866320162889314,-0.8619484131774695,TIME_LIMIT,675251,0,0,7,5
5,8,3.297663e6,-1.0866320162889314,-0.8619484131774695,TIME_LIMIT,675273,0,0,23,9
5,8,3.29779e6,-1.086629103461272,-0.8619484131774695,TIME_LIMIT,675303,0,0,6,3
5,8,3.298015e6,-1.086629103461272,-0.8619484131774695,TIME_LIMIT,675338,0,0,20,21
5,8,3.298262e6,-1.0866285670546831,-0.8619484131774695,TIME_LIMIT,675368,0,0,14,6
5,8,3.2984e6,-1.0866285670546831,-0.8619484131774695,TIME_LIMIT,675391,0,0,8,13
5,8,3.298493e6,-1.0866285094470682,-0.8619484131774695,TIME_LIMIT,675416,0,0,11,4
5,8,3.298717e6,-1.0866285094470682,-0.8619484131774695,TIME_LIMIT,675445,0,0,17,14
5,8,3.298835e6,-1.0866256636489608,-0.8619484131774695,TIME_LIMIT,675479,0,0,9,9
5,8,3.29893e6,-1.0866256636489608,-0.8619484131774695,TIME_LIMIT,675497,0,0,11,4
5,8,3.299023e6,-1.0866236286721558,-0.8619484131774695,TIME_LIMIT,675514,0,0,9,3
5,8,3.299097e6,-1.0866236286721558,-0.8619484131774695,TIME_LIMIT,675535,0,0,7,7
5,8,3.29928e6,-1.086619623533781,-0.8619484131774695,TIME_LIMIT,675571,0,0,15,10
5,8,3.299504e6,-1.086619623533781,-0.8619484131774695,TIME_LIMIT,675601,0,0,19,24
5,8,3.299636e6,-1.0866184675576585,-0.8619484131774695,TIME_LIMIT,675632,0,0,23,16
5,8,3.299736e6,-1.0866184675576585,-0.8619484131774695,TIME_LIMIT,675661,0,0,16,13
5,8,3.299793e6,-1.0866182013338739,-0.8619484131774695,TIME_LIMIT,675682,0,0,15,17
5,8,3.299914e6,-1.0866182013338739,-0.8619484131774695,TIME_LIMIT,675702,0,0,12,7
5,8,3.299997e6,-1.0866162295859358,-0.8619484131774695,TIME_LIMIT,675720,0,0,8,4
5,8,3.300073e6,-1.0866162295859358,-0.8619484131774695,TIME_LIMIT,675746,0,0,14,11
5,8,3.300282e6,-1.0866153883946512,-0.8619484131774695,TIME_LIMIT,675776,0,0,14,17
5,8,3.30035e6,-1.0866153883946512,-0.8619484131774695,TIME_LIMIT,675801,0,0,14,8
5,8,3.300425e6,-1.0866102297433202,-0.8619484131774695,TIME_LIMIT,675818,0,0,6,7
5,8,3.30059e6,-1.0866102297433202,-0.8619484131774695,TIME_LIMIT,675845,0,0,9,14
5,8,3.300807e6,-1.086606369942583,-0.8619484131774695,TIME_LIMIT,675885,0,0,10,13
5,8,3.300939e6,-1.086606369942583,-0.8619484131774695,TIME_LIMIT,675909,0,0,12,17
5,8,3.301045e6,-1.0866060229362016,-0.8619484131774695,TIME_LIMIT,675937,0,0,17,6
5,8,3.30113e6,-1.0866060229362016,-0.8619484131774695,TIME_LIMIT,675957,0,0,9,16
5,8,3.301249e6,-1.0866056976899447,-0.8619484131774695,TIME_LIMIT,675987,0,0,5,8
5,8,3.301371e6,-1.0866056976899447,-0.8619484131774695,TIME_LIMIT,676008,0,0,13,11
5,8,3.301557e6,-1.0866005571659882,-0.8619484131774695,TIME_LIMIT,676038,0,0,16,18
5,8,3.301774e6,-1.0866005571659882,-0.8619484131774695,TIME_LIMIT,676070,0,0,18,20
5,8,3.301894e6,-1.0866001142083248,-0.8619484131774695,TIME_LIMIT,676089,0,0,6,10
5,8,3.301985e6,-1.0866001142083248,-0.8619484131774695,TIME_LIMIT,676109,0,0,11,25
5,8,3.302158e6,-1.0865963601590483,-0.8619484131774695,TIME_LIMIT,676146,0,0,10,10
5,8,3.302278e6,-1.0865963601590483,-0.8619484131774695,TIME_LIMIT,676173,0,0,20,7
5,8,3.302512e6,-1.0865961832225461,-0.8619484131774695,TIME_LIMIT,676205,0,0,13,9
5,8,3.302641e6,-1.0865961832225461,-0.8619484131774695,TIME_LIMIT,676225,0,0,13,12
5,8,3.30271e6,-1.0865932972924082,-0.8619484131774695,TIME_LIMIT,676245,0,0,16,7
5,8,3.302925e6,-1.0865932972924082,-0.8619484131774695,TIME_LIMIT,676266,0,0,12,8
5,8,3.303044e6,-1.086588482659909,-0.8619484131774695,TIME_LIMIT,676289,0,0,5,2
5,8,3.30318e6,-1.086588482659909,-0.8619484131774695,TIME_LIMIT,676311,0,0,18,9
5,8,3.303272e6,-1.0865829236426057,-0.8619484131774695,TIME_LIMIT,676330,0,0,6,5
5,8,3.303426e6,-1.0865829236426057,-0.8619484131774695,TIME_LIMIT,676351,0,0,13,23
5,8,3.303666e6,-1.0865828039475411,-0.8619484131774695,TIME_LIMIT,676389,0,0,18,10
5,8,3.303771e6,-1.0865828039475411,-0.8619484131774695,TIME_LIMIT,676410,0,0,11,8
5,8,3.303852e6,-1.0865779976453238,-0.8619484131774695,TIME_LIMIT,676428,0,0,5,4
5,8,3.304038e6,-1.0865779976453238,-0.8619484131774695,TIME_LIMIT,676451,0,0,7,15
5,8,3.304176e6,-1.0865735022073268,-0.8619484131774695,TIME_LIMIT,676476,0,0,6,4
5,8,3.304294e6,-1.0865735022073268,-0.8619484131774695,TIME_LIMIT,676503,0,0,9,15
5,8,3.304472e6,-1.0865664945823292,-0.8619484131774695,TIME_LIMIT,676518,0,0,6,9
5,8,3.304597e6,-1.0865664945823292,-0.8619484131774695,TIME_LIMIT,676538,0,0,9,10
5,8,3.30472e6,-1.08656638493105,-0.8619484131774695,TIME_LIMIT,676561,0,0,11,3
5,8,3.304921e6,-1.08656638493105,-0.8619484131774695,TIME_LIMIT,676591,0,0,11,11
5,8,3.305038e6,-1.0865655648701185,-0.8619484131774695,TIME_LIMIT,676618,0,0,14,15
5,8,3.305277e6,-1.0865655648701185,-0.8619484131774695,TIME_LIMIT,676634,0,0,16,15
5,8,3.305384e6,-1.0865649610206969,-0.8619484131774695,TIME_LIMIT,676655,0,0,11,6
5,8,3.305632e6,-1.0865649610206969,-0.8619484131774695,TIME_LIMIT,676678,0,0,12,10
5,8,3.305763e6,-1.086563970783792,-0.8619484131774695,TIME_LIMIT,676709,0,0,12,10
5,8,3.305868e6,-1.086563970783792,-0.8619484131774695,TIME_LIMIT,676730,0,0,14,9
5,8,3.305933e6,-1.0865541827169856,-0.8619484131774695,TIME_LIMIT,676755,0,0,4,6
5,8,3.306074e6,-1.0865541827169856,-0.8619484131774695,TIME_LIMIT,676780,0,0,10,14
5,8,3.306183e6,-1.086551299812235,-0.8619484131774695,TIME_LIMIT,676804,0,0,10,5
5,8,3.306318e6,-1.086551299812235,-0.8619484131774695,TIME_LIMIT,676826,0,0,8,10
5,8,3.306408e6,-1.0865510687656488,-0.8619484131774695,TIME_LIMIT,676855,0,0,14,7
5,8,3.306532e6,-1.0865510687656488,-0.8619484131774695,TIME_LIMIT,676874,0,0,8,1
5,8,3.306683e6,-1.0865482378585716,-0.8619484131774695,TIME_LIMIT,676902,0,0,7,7
5,8,3.306801e6,-1.0865482378585716,-0.8619484131774695,TIME_LIMIT,676921,0,0,9,10
5,8,3.306957e6,-1.086544248590159,-0.8619484131774695,TIME_LIMIT,676949,0,0,4,7
5,8,3.307015e6,-1.086544248590159,-0.8619484131774695,TIME_LIMIT,676972,0,0,9,8
5,8,3.307102e6,-1.08654185105258,-0.8619484131774695,TIME_LIMIT,676991,0,0,8,3
5,8,3.307367e6,-1.08654185105258,-0.8619484131774695,TIME_LIMIT,677016,0,0,13,13
5,8,3.307583e6,-1.086537567447873,-0.8619484131774695,TIME_LIMIT,677037,0,0,5,7
5,8,3.307641e6,-1.086537567447873,-0.8619484131774695,TIME_LIMIT,677059,0,0,12,7
5,8,3.307727e6,-1.0865350242233087,-0.8619484131774695,TIME_LIMIT,677071,0,0,6,3
5,8,3.307979e6,-1.0865350242233087,-0.8619484131774695,TIME_LIMIT,677099,0,0,14,12
5,8,3.308204e6,-1.0865331462377479,-0.8619484131774695,TIME_LIMIT,677133,0,0,10,6
5,8,3.308347e6,-1.0865331462377479,-0.8619484131774695,TIME_LIMIT,677155,0,0,9,6
5,8,3.308512e6,-1.086531003779887,-0.8619484131774695,TIME_LIMIT,677182,0,0,10,6
5,8,3.308618e6,-1.086531003779887,-0.8619484131774695,TIME_LIMIT,677202,0,0,15,19
5,8,3.308752e6,-1.0865216560478828,-0.8619484131774695,TIME_LIMIT,677233,0,0,10,14
5,8,3.308847e6,-1.0865216560478828,-0.8619484131774695,TIME_LIMIT,677253,0,0,13,8
5,8,3.30896e6,-1.086521611467369,-0.8619484131774695,TIME_LIMIT,677279,0,0,7,4
5,8,3.309157e6,-1.086521611467369,-0.8619484131774695,TIME_LIMIT,677304,0,0,14,14
5,8,3.309269e6,-1.0865160719163454,-0.8619484131774695,TIME_LIMIT,677328,0,0,12,6
5,8,3.309492e6,-1.0865160719163454,-0.8619484131774695,TIME_LIMIT,677350,0,0,16,31
5,8,3.30972e6,-1.086511633497079,-0.8619484131774695,TIME_LIMIT,677375,0,0,15,13
5,8,3.309855e6,-1.086511633497079,-0.8619484131774695,TIME_LIMIT,677397,0,0,14,15
5,8,3.309986e6,-1.0865028797746092,-0.8619484131774695,TIME_LIMIT,677424,0,0,9,13
5,8,3.310063e6,-1.0865028797746092,-0.8619484131774695,TIME_LIMIT,677441,0,0,9,7
5,8,3.310146e6,-1.086502740490636,-0.8619484131774695,TIME_LIMIT,677460,0,0,7,9
5,8,3.31025e6,-1.086502740490636,-0.8619484131774695,TIME_LIMIT,677481,0,0,17,5
5,8,3.310305e6,-1.0865017176425908,-0.8619484131774695,TIME_LIMIT,677510,0,0,7,3
5,8,3.310483e6,-1.0865017176425908,-0.8619484131774695,TIME_LIMIT,677529,0,0,14,5
5,8,3.310523e6,-1.0864980673998397,-0.8619484131774695,TIME_LIMIT,677547,0,0,6,2
5,8,3.310752e6,-1.0864980673998397,-0.8619484131774695,TIME_LIMIT,677565,0,0,19,13
5,8,3.310958e6,-1.0864958996235248,-0.8619484131774695,TIME_LIMIT,677597,0,0,10,13
5,8,3.311023e6,-1.0864958996235248,-0.8619484131774695,TIME_LIMIT,677620,0,0,15,9
5,8,3.31112e6,-1.086480580854992,-0.8619484131774695,TIME_LIMIT,677644,0,0,12,2
5,8,3.311342e6,-1.086480580854992,-0.8619484131774695,TIME_LIMIT,677666,0,0,14,16
5,8,3.31151e6,-1.0864747017246432,-0.8619484131774695,TIME_LIMIT,677693,0,0,8,5
5,8,3.311699e6,-1.0864747017246432,-0.8619484131774695,TIME_LIMIT,677720,0,0,19,16
5,8,3.311835e6,-1.0864734781401757,-0.8619484131774695,TIME_LIMIT,677741,0,0,19,11
5,8,3.311943e6,-1.0864734781401757,-0.8619484131774695,TIME_LIMIT,677767,0,0,9,7
5,8,3.312022e6,-1.0864734366935038,-0.8619484131774695,TIME_LIMIT,677791,0,0,1,12
5,8,3.312181e6,-1.0864734366935038,-0.8619484131774695,TIME_LIMIT,677821,0,0,14,27
5,8,3.312467e6,-1.0864706117455214,-0.8619484131774695,TIME_LIMIT,677854,0,0,17,7
5,8,3.312822e6,-1.0864706117455214,-0.8619484131774695,TIME_LIMIT,677879,0,0,10,16
5,8,3.312913e6,-1.0864656325093796,-0.8619484131774695,TIME_LIMIT,677903,0,0,14,4
5,8,3.313127e6,-1.0864656325093796,-0.8619484131774695,TIME_LIMIT,677926,0,0,20,21
5,8,3.313333e6,-1.0864610552650318,-0.8619484131774695,TIME_LIMIT,677958,0,0,15,10
5,8,3.313628e6,-1.0864610552650318,-0.8619484131774695,TIME_LIMIT,677976,0,0,13,9
5,8,3.313849e6,-1.0864597710564008,-0.8619484131774695,TIME_LIMIT,678011,0,0,9,7
5,8,3.314074e6,-1.0864597710564008,-0.8619484131774695,TIME_LIMIT,678034,0,0,13,21
5,8,3.314409e6,-1.086457881853259,-0.8619484131774695,TIME_LIMIT,678074,0,0,14,12
5,8,3.314546e6,-1.086457881853259,-0.8619484131774695,TIME_LIMIT,678096,0,0,13,17
5,8,3.314782e6,-1.0864399999590704,-0.8619484131774695,TIME_LIMIT,678133,0,0,17,10
5,8,3.314946e6,-1.0864399999590704,-0.8619484131774695,TIME_LIMIT,678169,0,0,7,20
5,8,3.315267e6,-1.0864394146080443,-0.8619484131774695,TIME_LIMIT,678202,0,0,14,8
5,8,3.315405e6,-1.0864394146080443,-0.8619484131774695,TIME_LIMIT,678220,0,0,6,9
5,8,3.315524e6,-1.086433491892422,-0.8619484131774695,TIME_LIMIT,678249,0,0,14,7
5,8,3.315637e6,-1.086433491892422,-0.8619484131774695,TIME_LIMIT,678274,0,0,9,11
5,8,3.315754e6,-1.0864287692418482,-0.8619484131774695,TIME_LIMIT,678298,0,0,9,4
5,8,3.315853e6,-1.0864287692418482,-0.8619484131774695,TIME_LIMIT,678320,0,0,15,11
5,8,3.315917e6,-1.0864220937032134,-0.8619484131774695,TIME_LIMIT,678348,0,0,13,7
5,8,3.316026e6,-1.0864220937032134,-0.8619484131774695,TIME_LIMIT,678371,0,0,12,9
5,8,3.316173e6,-1.0864198992359482,-0.8619484131774695,TIME_LIMIT,678403,0,0,12,6
5,8,3.316352e6,-1.0864198992359482,-0.8619484131774695,TIME_LIMIT,678428,0,0,18,8
5,8,3.316429e6,-1.0864198350294796,-0.8619484131774695,TIME_LIMIT,678443,0,0,11,3
5,8,3.316561e6,-1.0864198350294796,-0.8619484131774695,TIME_LIMIT,678467,0,0,16,34
5,8,3.316801e6,-1.0864176892780064,-0.8619484131774695,TIME_LIMIT,678497,0,0,8,10
5,8,3.316952e6,-1.0864176892780064,-0.8619484131774695,TIME_LIMIT,678521,0,0,7,14
5,8,3.317166e6,-1.0864167629938601,-0.8619484131774695,TIME_LIMIT,678558,0,0,14,7
5,8,3.317229e6,-1.0864167629938601,-0.8619484131774695,TIME_LIMIT,678574,0,0,11,8
5,8,3.317358e6,-1.0864153774601868,-0.8619484131774695,TIME_LIMIT,678597,0,0,9,7
5,8,3.317584e6,-1.0864153774601868,-0.8619484131774695,TIME_LIMIT,678622,0,0,18,23
5,8,3.317716e6,-1.0864144223997316,-0.8619484131774695,TIME_LIMIT,678658,0,0,13,6
5,8,3.317829e6,-1.0864144223997316,-0.8619484131774695,TIME_LIMIT,678671,0,0,7,9
5,8,3.3179e6,-1.086412069347372,-0.8619484131774695,TIME_LIMIT,678685,0,0,4,2
5,8,3.318134e6,-1.086412069347372,-0.8619484131774695,TIME_LIMIT,678713,0,0,12,8
5,8,3.31828e6,-1.086410496257752,-0.8619484131774695,TIME_LIMIT,678732,0,0,11,8
5,8,3.318421e6,-1.086410496257752,-0.8619484131774695,TIME_LIMIT,678750,0,0,11,22
5,8,3.318537e6,-1.0864102510646103,-0.8619484131774695,TIME_LIMIT,678781,0,0,6,3
5,8,3.318612e6,-1.0864102510646103,-0.8619484131774695,TIME_LIMIT,678802,0,0,14,7
5,8,3.318655e6,-1.0864047441588698,-0.8619484131774695,TIME_LIMIT,678819,0,0,5,4
5,8,3.31877e6,-1.0864047441588698,-0.8619484131774695,TIME_LIMIT,678843,0,0,12,11
5,8,3.318889e6,-1.0864032009316003,-0.8619484131774695,TIME_LIMIT,678876,0,0,17,8
5,8,3.318998e6,-1.0864032009316003,-0.8619484131774695,TIME_LIMIT,678897,0,0,9,10
5,8,3.319128e6,-1.0864003090758836,-0.8619484131774695,TIME_LIMIT,678930,0,0,9,5
5,8,3.319245e6,-1.0864003090758836,-0.8619484131774695,TIME_LIMIT,678953,0,0,15,7
5,8,3.31934e6,-1.0863929554318197,-0.8619484131774695,TIME_LIMIT,678975,0,0,10,6
5,8,3.319413e6,-1.0863929554318197,-0.8619484131774695,TIME_LIMIT,679001,0,0,13,11
5,8,3.319631e6,-1.0863921995796595,-0.8619484131774695,TIME_LIMIT,679032,0,0,12,7
5,8,3.319785e6,-1.0863921995796595,-0.8619484131774695,TIME_LIMIT,679067,0,0,14,6
5,8,3.320025e6,-1.0863909725972474,-0.8619484131774695,TIME_LIMIT,679096,0,0,12,18
5,8,3.320243e6,-1.0863909725972474,-0.8619484131774695,TIME_LIMIT,679118,0,0,9,10
5,8,3.32049e6,-1.0863882652598273,-0.8619484131774695,TIME_LIMIT,679156,0,0,3,8
5,8,3.320681e6,-1.0863882652598273,-0.8619484131774695,TIME_LIMIT,679187,0,0,8,13
5,8,3.320899e6,-1.0863830245625623,-0.8619484131774695,TIME_LIMIT,679211,0,0,12,17
5,8,3.320956e6,-1.0863830245625623,-0.8619484131774695,TIME_LIMIT,679232,0,0,4,7
5,8,3.321106e6,-1.0863813219974416,-0.8619484131774695,TIME_LIMIT,679258,0,0,11,8
5,8,3.321198e6,-1.0863813219974416,-0.8619484131774695,TIME_LIMIT,679277,0,0,13,11
5,8,3.321539e6,-1.0863798728259635,-0.8619484131774695,TIME_LIMIT,679301,0,0,10,9
5,8,3.321688e6,-1.0863798728259635,-0.8619484131774695,TIME_LIMIT,679328,0,0,13,8
5,8,3.321741e6,-1.0863771107254554,-0.8619484131774695,TIME_LIMIT,679346,0,0,8,6
5,8,3.321859e6,-1.0863771107254554,-0.8619484131774695,TIME_LIMIT,679368,0,0,19,21
5,8,3.321999e6,-1.0863746397391498,-0.8619484131774695,TIME_LIMIT,679404,0,0,11,8
5,8,3.322112e6,-1.0863746397391498,-0.8619484131774695,TIME_LIMIT,679423,0,0,8,2
5,8,3.322161e6,-1.0863745324002179,-0.8619484131774695,TIME_LIMIT,679441,0,0,8,3
5,8,3.322262e6,-1.0863745324002179,-0.8619484131774695,TIME_LIMIT,679461,0,0,11,18
5,8,3.322322e6,-1.0863705594804791,-0.8619484131774695,TIME_LIMIT,679490,0,0,14,7
5,8,3.32246e6,-1.0863705594804791,-0.8619484131774695,TIME_LIMIT,679519,0,0,12,9
5,8,3.322566e6,-1.0863700604042905,-0.8619484131774695,TIME_LIMIT,679542,0,0,6,4
5,8,3.322711e6,-1.0863700604042905,-0.8619484131774695,TIME_LIMIT,679570,0,0,19,8
5,8,3.322893e6,-1.0863648207635603,-0.8619484131774695,TIME_LIMIT,679597,0,0,22,17
5,8,3.323066e6,-1.0863648207635603,-0.8619484131774695,TIME_LIMIT,679621,0,0,14,12
5,8,3.323259e6,-1.0863646155399689,-0.8619484131774695,TIME_LIMIT,679657,0,0,10,6
5,8,3.323403e6,-1.0863646155399689,-0.8619484131774695,TIME_LIMIT,679684,0,0,17,19
5,8,3.323691e6,-1.0863611751296807,-0.8619484131774695,TIME_LIMIT,679715,0,0,14,6
5,8,3.323916e6,-1.0863611751296807,-0.8619484131774695,TIME_LIMIT,679738,0,0,22,35
5,8,3.324123e6,-1.0863594624475845,-0.8619484131774695,TIME_LIMIT,679764,0,0,9,6
5,8,3.324348e6,-1.0863594624475845,-0.8619484131774695,TIME_LIMIT,679789,0,0,16,15
5,8,3.324562e6,-1.0863540082720298,-0.8619484131774695,TIME_LIMIT,679824,0,0,19,18
5,8,3.324667e6,-1.0863540082720298,-0.8619484131774695,TIME_LIMIT,679841,0,0,11,12
5,8,3.324746e6,-1.0863512157607051,-0.8619484131774695,TIME_LIMIT,679867,0,0,8,3
5,8,3.324895e6,-1.0863512157607051,-0.8619484131774695,TIME_LIMIT,679887,0,0,13,18
5,8,3.325012e6,-1.0863490133823381,-0.8619484131774695,TIME_LIMIT,679913,0,0,7,5
5,8,3.325096e6,-1.0863490133823381,-0.8619484131774695,TIME_LIMIT,679932,0,0,7,5
5,8,3.325205e6,-1.0863477621809114,-0.8619484131774695,TIME_LIMIT,679952,0,0,6,5
5,8,3.325407e6,-1.0863477621809114,-0.8619484131774695,TIME_LIMIT,679987,0,0,21,18
5,8,3.32546e6,-1.0863450237226422,-0.8619484131774695,TIME_LIMIT,680012,0,0,9,8
5,8,3.325707e6,-1.0863450237226422,-0.8619484131774695,TIME_LIMIT,680041,0,0,14,17
5,8,3.325953e6,-1.0863377439937554,-0.8619484131774695,TIME_LIMIT,680068,0,0,14,10
5,8,3.326149e6,-1.0863377439937554,-0.8619484131774695,TIME_LIMIT,680092,0,0,9,14
5,8,3.326303e6,-1.08633181393291,-0.8619484131774695,TIME_LIMIT,680125,0,0,11,9
5,8,3.326422e6,-1.08633181393291,-0.8619484131774695,TIME_LIMIT,680151,0,0,3,6
5,8,3.326465e6,-1.0863302974034306,-0.8619484131774695,TIME_LIMIT,680167,0,0,6,4
5,8,3.326546e6,-1.0863302974034306,-0.8619484131774695,TIME_LIMIT,680185,0,0,8,1
5,8,3.32659e6,-1.0863263676084474,-0.8619484131774695,TIME_LIMIT,680194,0,0,3,7
5,8,3.326731e6,-1.0863263676084474,-0.8619484131774695,TIME_LIMIT,680221,0,0,11,8
5,8,3.326788e6,-1.0863234329764655,-0.8619484131774695,TIME_LIMIT,680237,0,0,6,9
5,8,3.326929e6,-1.0863234329764655,-0.8619484131774695,TIME_LIMIT,680264,0,0,12,13
5,8,3.327116e6,-1.08632174702209,-0.8619484131774695,TIME_LIMIT,680288,0,0,6,6
5,8,3.327192e6,-1.08632174702209,-0.8619484131774695,TIME_LIMIT,680311,0,0,12,7
5,8,3.327276e6,-1.0863203691618646,-0.8619484131774695,TIME_LIMIT,680333,0,0,9,4
5,8,3.327402e6,-1.0863203691618646,-0.8619484131774695,TIME_LIMIT,680360,0,0,13,16
5,8,3.32755e6,-1.0863170991375766,-0.8619484131774695,TIME_LIMIT,680390,0,0,16,8
5,8,3.327748e6,-1.0863170991375766,-0.8619484131774695,TIME_LIMIT,680414,0,0,21,14
5,8,3.327975e6,-1.086314389829139,-0.8619484131774695,TIME_LIMIT,680457,0,0,17,10
5,8,3.328226e6,-1.086314389829139,-0.8619484131774695,TIME_LIMIT,680480,0,0,14,5
5,8,3.328355e6,-1.0863110103958122,-0.8619484131774695,TIME_LIMIT,680499,0,0,11,4
5,8,3.328553e6,-1.0863110103958122,-0.8619484131774695,TIME_LIMIT,680522,0,0,11,7
5,8,3.328602e6,-1.086309533149009,-0.8619484131774695,TIME_LIMIT,680547,0,0,13,6
5,8,3.328744e6,-1.086309533149009,-0.8619484131774695,TIME_LIMIT,680566,0,0,13,8
5,8,3.328826e6,-1.0863089442139593,-0.8619484131774695,TIME_LIMIT,680586,0,0,9,5
5,8,3.328991e6,-1.0863089442139593,-0.8619484131774695,TIME_LIMIT,680612,0,0,11,14
5,8,3.329059e6,-1.0863067839705836,-0.8619484131774695,TIME_LIMIT,680631,0,0,9,10
5,8,3.329212e6,-1.0863067839705836,-0.8619484131774695,TIME_LIMIT,680657,0,0,13,10
5,8,3.329437e6,-1.0863025792957015,-0.8619484131774695,TIME_LIMIT,680687,0,0,15,21
5,8,3.329651e6,-1.0863025792957015,-0.8619484131774695,TIME_LIMIT,680711,0,0,15,19
5,8,3.329732e6,-1.0863025763909238,-0.8619484131774695,TIME_LIMIT,680739,0,0,6,2
5,8,3.329796e6,-1.0863025763909238,-0.8619484131774695,TIME_LIMIT,680758,0,0,11,15
5,8,3.329839e6,-1.086302430104979,-0.8619484131774695,TIME_LIMIT,680779,0,0,12,2
5,8,3.329953e6,-1.086302430104979,-0.8619484131774695,TIME_LIMIT,680800,0,0,13,14
5,8,3.330096e6,-1.0862993491289532,-0.8619484131774695,TIME_LIMIT,680831,0,0,13,7
5,8,3.330233e6,-1.0862993491289532,-0.8619484131774695,TIME_LIMIT,680853,0,0,13,11
5,8,3.33039e6,-1.0862949375464832,-0.8619484131774695,TIME_LIMIT,680884,0,0,10,4
5,8,3.330454e6,-1.0862949375464832,-0.8619484131774695,TIME_LIMIT,680900,0,0,7,6
5,8,3.330537e6,-1.0862937783455229,-0.8619484131774695,TIME_LIMIT,680922,0,0,7,5
5,8,3.330647e6,-1.0862937783455229,-0.8619484131774695,TIME_LIMIT,680942,0,0,13,5
5,8,3.330844e6,-1.0862926198499019,-0.8619484131774695,TIME_LIMIT,680974,0,0,14,5
5,8,3.331033e6,-1.0862926198499019,-0.8619484131774695,TIME_LIMIT,681002,0,0,21,14
5,8,3.331273e6,-1.08628814140453,-0.8619484131774695,TIME_LIMIT,681037,0,0,7,12
5,8,3.331576e6,-1.08628814140453,-0.8619484131774695,TIME_LIMIT,681062,0,0,9,3
5,8,3.331613e6,-1.086286246566925,-0.8619484131774695,TIME_LIMIT,681075,0,0,6,2
5,8,3.331732e6,-1.086286246566925,-0.8619484131774695,TIME_LIMIT,681096,0,0,8,8
5,8,3.331858e6,-1.086279912897177,-0.8619484131774695,TIME_LIMIT,681118,0,0,10,7
5,8,3.33202e6,-1.086279912897177,-0.8619484131774695,TIME_LIMIT,681142,0,0,14,11
5,8,3.33218e6,-1.0862775252324521,-0.8619484131774695,TIME_LIMIT,681172,0,0,5,5
5,8,3.332404e6,-1.0862775252324521,-0.8619484131774695,TIME_LIMIT,681192,0,0,12,20
5,8,3.332558e6,-1.0862709219737923,-0.8619484131774695,TIME_LIMIT,681230,0,0,14,7
5,8,3.332691e6,-1.0862709219737923,-0.8619484131774695,TIME_LIMIT,681252,0,0,17,13
5,8,3.332792e6,-1.0862687636744983,-0.8619484131774695,TIME_LIMIT,681283,0,0,8,7
5,8,3.332915e6,-1.0862687636744983,-0.8619484131774695,TIME_LIMIT,681310,0,0,8,4
5,8,3.333135e6,-1.086268032581629,-0.8619484131774695,TIME_LIMIT,681332,0,0,10,10
5,8,3.333175e6,-1.086268032581629,-0.8619484131774695,TIME_LIMIT,681353,0,0,10,6
5,8,3.333304e6,-1.0862636103159828,-0.8619484131774695,TIME_LIMIT,681371,0,0,5,4
5,8,3.333459e6,-1.0862636103159828,-0.8619484131774695,TIME_LIMIT,681388,0,0,11,19
5,8,3.333589e6,-1.0862622391832955,-0.8619484131774695,TIME_LIMIT,681408,0,0,10,8
5,8,3.333726e6,-1.0862622391832955,-0.8619484131774695,TIME_LIMIT,681431,0,0,12,12
5,8,3.333798e6,-1.0862605792691529,-0.8619484131774695,TIME_LIMIT,681450,0,0,8,14
5,8,3.333915e6,-1.0862605792691529,-0.8619484131774695,TIME_LIMIT,681475,0,0,9,7
5,8,3.333965e6,-1.0862592331803926,-0.8619484131774695,TIME_LIMIT,681491,0,0,9,7
5,8,3.334014e6,-1.0862592331803926,-0.8619484131774695,TIME_LIMIT,681504,0,0,13,15
5,8,3.334159e6,-1.0862580523661736,-0.8619484131774695,TIME_LIMIT,681529,0,0,11,6
5,8,3.334316e6,-1.0862580523661736,-0.8619484131774695,TIME_LIMIT,681559,0,0,24,13
5,8,3.334521e6,-1.086252501765375,-0.8619484131774695,TIME_LIMIT,681588,0,0,18,15
5,8,3.334615e6,-1.086252501765375,-0.8619484131774695,TIME_LIMIT,681604,0,0,9,3
5,8,3.334716e6,-1.0862507829212515,-0.8619484131774695,TIME_LIMIT,681620,0,0,5,10
5,8,3.334944e6,-1.0862507829212515,-0.8619484131774695,TIME_LIMIT,681648,0,0,12,20
5,8,3.335115e6,-1.086250507461402,-0.8619484131774695,TIME_LIMIT,681673,0,0,8,4
5,8,3.335169e6,-1.086250507461402,-0.8619484131774695,TIME_LIMIT,681690,0,0,6,6
5,8,3.335196e6,-1.0862380182571838,-0.8619484131774695,TIME_LIMIT,681699,0,0,2,0
5,8,3.335364e6,-1.0862380182571838,-0.8619484131774695,TIME_LIMIT,681719,0,0,13,7
5,8,3.335475e6,-1.0862377480841314,-0.8619484131774695,TIME_LIMIT,681742,0,0,4,3
5,8,3.335702e6,-1.0862377480841314,-0.8619484131774695,TIME_LIMIT,681770,0,0,11,11
5,8,3.335783e6,-1.0862230007292215,-0.8619484131774695,TIME_LIMIT,681785,0,0,11,6
5,8,3.335864e6,-1.0862230007292215,-0.8619484131774695,TIME_LIMIT,681805,0,0,9,2
5,8,3.335993e6,-1.0862218964518466,-0.8619484131774695,TIME_LIMIT,681828,0,0,7,3
5,8,3.336112e6,-1.0862218964518466,-0.8619484131774695,TIME_LIMIT,681847,0,0,10,7
5,8,3.336181e6,-1.086220644262507,-0.8619484131774695,TIME_LIMIT,681861,0,0,5,0
5,8,3.336373e6,-1.086220644262507,-0.8619484131774695,TIME_LIMIT,681892,0,0,16,31
5,8,3.336486e6,-1.0862181192036588,-0.8619484131774695,TIME_LIMIT,681928,0,0,15,13
5,8,3.336674e6,-1.0862181192036588,-0.8619484131774695,TIME_LIMIT,681952,0,0,13,13
5,8,3.336759e6,-1.0862137716176632,-0.8619484131774695,TIME_LIMIT,681981,0,0,10,9
5,8,3.336848e6,-1.0862137716176632,-0.8619484131774695,TIME_LIMIT,682000,0,0,18,11
5,8,3.336992e6,-1.086212482092032,-0.8619484131774695,TIME_LIMIT,682034,0,0,14,8
5,8,3.337097e6,-1.086212482092032,-0.8619484131774695,TIME_LIMIT,682055,0,0,8,15
5,8,3.337187e6,-1.086212297564046,-0.8619484131774695,TIME_LIMIT,682080,0,0,10,4
5,8,3.337412e6,-1.086212297564046,-0.8619484131774695,TIME_LIMIT,682109,0,0,11,28
5,8,3.33764e6,-1.0862101941007978,-0.8619484131774695,TIME_LIMIT,682151,0,0,10,4
5,8,3.337845e6,-1.0862101941007978,-0.8619484131774695,TIME_LIMIT,682178,0,0,18,20
5,8,3.338091e6,-1.0862074817519263,-0.8619484131774695,TIME_LIMIT,682216,0,0,12,9
5,8,3.338158e6,-1.0862074817519263,-0.8619484131774695,TIME_LIMIT,682228,0,0,14,9
5,8,3.338285e6,-1.0862023680323425,-0.8619484131774695,TIME_LIMIT,682257,0,0,12,5
5,8,3.338431e6,-1.0862023680323425,-0.8619484131774695,TIME_LIMIT,682281,0,0,18,24
5,8,3.338675e6,-1.086197492957767,-0.8619484131774695,TIME_LIMIT,682308,0,0,7,6
5,8,3.338843e6,-1.086197492957767,-0.8619484131774695,TIME_LIMIT,682335,0,0,8,18
5,8,3.339051e6,-1.08619585476619,-0.8619484131774695,TIME_LIMIT,682370,0,0,12,14
5,8,3.33914e6,-1.08619585476619,-0.8619484131774695,TIME_LIMIT,682391,0,0,14,12
5,8,3.339296e6,-1.0861683541272695,-0.8619484131774695,TIME_LIMIT,682429,0,0,13,8
5,8,3.33945e6,-1.0861683541272695,-0.8619484131774695,TIME_LIMIT,682444,0,0,7,9
5,8,3.339524e6,-1.0861635248658994,-0.8619484131774695,TIME_LIMIT,682460,0,0,3,1
5,8,3.339596e6,-1.0861635248658994,-0.8619484131774695,TIME_LIMIT,682479,0,0,13,12
5,8,3.339731e6,-1.0861605183529988,-0.8619484131774695,TIME_LIMIT,682497,0,0,10,2
5,8,3.339878e6,-1.0861605183529988,-0.8619484131774695,TIME_LIMIT,682524,0,0,10,15
5,8,3.34e6,-1.086156449114609,-0.8619484131774695,TIME_LIMIT,682543,0,0,10,7
5,8,3.340113e6,-1.086156449114609,-0.8619484131774695,TIME_LIMIT,682564,0,0,14,18
5,8,3.340288e6,-1.0861562953297597,-0.8619484131774695,TIME_LIMIT,682605,0,0,15,12
5,8,3.340504e6,-1.0861562953297597,-0.8619484131774695,TIME_LIMIT,682631,0,0,12,22
5,8,3.340664e6,-1.0861558599398846,-0.8619484131774695,TIME_LIMIT,682666,0,0,8,12
5,8,3.340826e6,-1.0861558599398846,-0.8619484131774695,TIME_LIMIT,682687,0,0,21,18
5,8,3.340969e6,-1.0861532399360216,-0.8619484131774695,TIME_LIMIT,682711,0,0,8,7
5,8,3.341197e6,-1.0861532399360216,-0.8619484131774695,TIME_LIMIT,682740,0,0,7,24
5,8,3.341424e6,-1.0861524449887336,-0.8619484131774695,TIME_LIMIT,682769,0,0,10,21
5,8,3.341534e6,-1.0861524449887336,-0.8619484131774695,TIME_LIMIT,682792,0,0,5,7
5,8,3.341582e6,-1.0861507795870353,-0.8619484131774695,TIME_LIMIT,682809,0,0,11,9
5,8,3.341789e6,-1.0861507795870353,-0.8619484131774695,TIME_LIMIT,682839,0,0,21,20
5,8,3.341921e6,-1.0861485353961373,-0.8619484131774695,TIME_LIMIT,682865,0,0,10,4
5,8,3.341999e6,-1.0861485353961373,-0.8619484131774695,TIME_LIMIT,682881,0,0,8,13
5,8,3.342128e6,-1.0861451599383172,-0.8619484131774695,TIME_LIMIT,682903,0,0,5,3
5,8,3.342229e6,-1.0861451599383172,-0.8619484131774695,TIME_LIMIT,682924,0,0,10,9
5,8,3.342289e6,-1.0861449242653474,-0.8619484131774695,TIME_LIMIT,682939,0,0,10,8
5,8,3.342504e6,-1.0861449242653474,-0.8619484131774695,TIME_LIMIT,682964,0,0,14,10
5,8,3.342713e6,-1.086143126900014,-0.8619484131774695,TIME_LIMIT,682989,0,0,20,14
5,8,3.342982e6,-1.086143126900014,-0.8619484131774695,TIME_LIMIT,683015,0,0,21,21
5,8,3.343111e6,-1.086142109959709,-0.8619484131774695,TIME_LIMIT,683048,0,0,6,7
5,8,3.343275e6,-1.086142109959709,-0.8619484131774695,TIME_LIMIT,683076,0,0,10,8
5,8,3.343334e6,-1.0861245893675295,-0.8619484131774695,TIME_LIMIT,683096,0,0,8,4
5,8,3.343433e6,-1.0861245893675295,-0.8619484131774695,TIME_LIMIT,683110,0,0,7,4
5,8,3.343465e6,-1.0861240563303096,-0.8619484131774695,TIME_LIMIT,683116,0,0,2,1
5,8,3.343573e6,-1.0861240563303096,-0.8619484131774695,TIME_LIMIT,683138,0,0,15,21
5,8,3.343766e6,-1.0861231830286044,-0.8619484131774695,TIME_LIMIT,683167,0,0,16,22
5,8,3.343936e6,-1.0861231830286044,-0.8619484131774695,TIME_LIMIT,683193,0,0,16,7
5,8,3.344049e6,-1.0861230151051193,-0.8619484131774695,TIME_LIMIT,683218,0,0,6,3
5,8,3.344231e6,-1.0861230151051193,-0.8619484131774695,TIME_LIMIT,683240,0,0,14,17
5,8,3.344456e6,-1.0861229606256515,-0.8619484131774695,TIME_LIMIT,683277,0,0,16,13
5,8,3.344659e6,-1.0861229606256515,-0.8619484131774695,TIME_LIMIT,683302,0,0,13,14
5,8,3.344783e6,-1.0861154280097662,-0.8619484131774695,TIME_LIMIT,683327,0,0,15,6
5,8,3.344986e6,-1.0861154280097662,-0.8619484131774695,TIME_LIMIT,683354,0,0,15,8
5,8,3.345146e6,-1.086111810913435,-0.8619484131774695,TIME_LIMIT,683375,0,0,10,8
5,8,3.345311e6,-1.086111810913435,-0.8619484131774695,TIME_LIMIT,683400,0,0,14,23
5,8,3.345397e6,-1.0861115655330025,-0.8619484131774695,TIME_LIMIT,683433,0,0,10,8
5,8,3.345432e6,-1.0861115655330025,-0.8619484131774695,TIME_LIMIT,683448,0,0,12,10
5,8,3.34554e6,-1.0861080452687815,-0.8619484131774695,TIME_LIMIT,683469,0,0,2,4
5,8,3.345708e6,-1.0861080452687815,-0.8619484131774695,TIME_LIMIT,683489,0,0,13,17
5,8,3.345801e6,-1.086102848310523,-0.8619484131774695,TIME_LIMIT,683519,0,0,6,6
5,8,3.346026e6,-1.086102848310523,-0.8619484131774695,TIME_LIMIT,683551,0,0,10,12
5,8,3.346131e6,-1.0861012887258703,-0.8619484131774695,TIME_LIMIT,683578,0,0,16,9
5,8,3.346278e6,-1.0861012887258703,-0.8619484131774695,TIME_LIMIT,683600,0,0,14,10
5,8,3.346423e6,-1.0861005208541212,-0.8619484131774695,TIME_LIMIT,683629,0,0,9,8
5,8,3.346551e6,-1.0861005208541212,-0.8619484131774695,TIME_LIMIT,683650,0,0,11,22
5,8,3.346734e6,-1.086099263962899,-0.8619484131774695,TIME_LIMIT,683689,0,0,18,7
5,8,3.346975e6,-1.086099263962899,-0.8619484131774695,TIME_LIMIT,683708,0,0,7,10
5,8,3.347134e6,-1.086097905119034,-0.8619484131774695,TIME_LIMIT,683735,0,0,13,9
5,8,3.347265e6,-1.086097905119034,-0.8619484131774695,TIME_LIMIT,683753,0,0,9,7
5,8,3.347355e6,-1.0860940938176338,-0.8619484131774695,TIME_LIMIT,683778,0,0,8,3
5,8,3.34753e6,-1.0860940938176338,-0.8619484131774695,TIME_LIMIT,683809,0,0,15,14
5,8,3.347696e6,-1.0860924706915753,-0.8619484131774695,TIME_LIMIT,683830,0,0,7,7
5,8,3.347877e6,-1.0860924706915753,-0.8619484131774695,TIME_LIMIT,683851,0,0,14,15
5,8,3.34806e6,-1.0860911663936945,-0.8619484131774695,TIME_LIMIT,683889,0,0,8,7
5,8,3.348229e6,-1.0860911663936945,-0.8619484131774695,TIME_LIMIT,683919,0,0,10,8
5,8,3.348387e6,-1.0860888650573668,-0.8619484131774695,TIME_LIMIT,683940,0,0,10,4
5,8,3.348484e6,-1.0860888650573668,-0.8619484131774695,TIME_LIMIT,683958,0,0,14,11
5,8,3.348555e6,-1.0860867532902612,-0.8619484131774695,TIME_LIMIT,683985,0,0,10,4
5,8,3.34878e6,-1.0860867532902612,-0.8619484131774695,TIME_LIMIT,684011,0,0,18,18
5,8,3.348988e6,-1.0860820663119815,-0.8619484131774695,TIME_LIMIT,684050,0,0,8,8
5,8,3.349086e6,-1.0860820663119815,-0.8619484131774695,TIME_LIMIT,684076,0,0,11,5
5,8,3.349192e6,-1.0860762978198943,-0.8619484131774695,TIME_LIMIT,684092,0,0,10,11
5,8,3.349323e6,-1.0860762978198943,-0.8619484131774695,TIME_LIMIT,684109,0,0,14,23
5,8,3.349443e6,-1.0860707235157374,-0.8619484131774695,TIME_LIMIT,684137,0,0,10,4
5,8,3.349598e6,-1.0860707235157374,-0.8619484131774695,TIME_LIMIT,684163,0,0,7,14
5,8,3.349746e6,-1.0860675712108785,-0.8619484131774695,TIME_LIMIT,684193,0,0,8,4
5,8,3.349887e6,-1.0860675712108785,-0.8619484131774695,TIME_LIMIT,684222,0,0,12,3
5,8,3.349996e6,-1.0860655965212271,-0.8619484131774695,TIME_LIMIT,684241,0,0,8,3
5,8,3.350092e6,-1.0860655965212271,-0.8619484131774695,TIME_LIMIT,684262,0,0,12,8
5,8,3.350138e6,-1.086064758070432,-0.8619484131774695,TIME_LIMIT,684279,0,0,12,3
5,8,3.35025e6,-1.086064758070432,-0.8619484131774695,TIME_LIMIT,684298,0,0,8,17
5,8,3.350319e6,-1.086062691890122,-0.8619484131774695,TIME_LIMIT,684324,0,0,6,4
5,8,3.350448e6,-1.086062691890122,-0.8619484131774695,TIME_LIMIT,684347,0,0,4,5
5,8,3.350509e6,-1.086055231753416,-0.8619484131774695,TIME_LIMIT,684367,0,0,3,3
5,8,3.350625e6,-1.086055231753416,-0.8619484131774695,TIME_LIMIT,684390,0,0,17,16
5,8,3.350776e6,-1.0860509722383098,-0.8619484131774695,TIME_LIMIT,684423,0,0,10,11
5,8,3.350891e6,-1.0860509722383098,-0.8619484131774695,TIME_LIMIT,684451,0,0,13,7
5,8,3.350991e6,-1.0860453462727195,-0.8619484131774695,TIME_LIMIT,684474,0,0,10,2
5,8,3.351128e6,-1.0860453462727195,-0.8619484131774695,TIME_LIMIT,684494,0,0,14,20
5,8,3.351349e6,-1.0860421233240733,-0.8619484131774695,TIME_LIMIT,684524,0,0,8,6
5,8,3.351387e6,-1.0860421233240733,-0.8619484131774695,TIME_LIMIT,684539,0,0,9,4
5,8,3.351478e6,-1.0860419307110585,-0.8619484131774695,TIME_LIMIT,684556,0,0,7,4
5,8,3.351654e6,-1.0860419307110585,-0.8619484131774695,TIME_LIMIT,684583,0,0,16,9
5,8,3.351899e6,-1.0860394598392802,-0.8619484131774695,TIME_LIMIT,684608,0,0,15,13
5,8,3.352123e6,-1.0860394598392802,-0.8619484131774695,TIME_LIMIT,684630,0,0,2,12
5,8,3.352231e6,-1.0860366341523076,-0.8619484131774695,TIME_LIMIT,684649,0,0,9,4
5,8,3.352472e6,-1.0860366341523076,-0.8619484131774695,TIME_LIMIT,684678,0,0,12,17
5,8,3.352624e6,-1.0860342528464484,-0.8619484131774695,TIME_LIMIT,684703,0,0,12,9
5,8,3.352872e6,-1.0860342528464484,-0.8619484131774695,TIME_LIMIT,684734,0,0,16,15
5,8,3.353063e6,-1.086023151175097,-0.8619484131774695,TIME_LIMIT,684763,0,0,15,7
5,8,3.353266e6,-1.086023151175097,-0.8619484131774695,TIME_LIMIT,684789,0,0,16,13
5,8,3.353407e6,-1.086018438684869,-0.8619484131774695,TIME_LIMIT,684828,0,0,17,14
5,8,3.35354e6,-1.086018438684869,-0.8619484131774695,TIME_LIMIT,684855,0,0,21,24
5,8,3.353714e6,-1.0860162713990698,-0.8619484131774695,TIME_LIMIT,684898,0,0,12,6
5,8,3.353811e6,-1.0860162713990698,-0.8619484131774695,TIME_LIMIT,684920,0,0,10,2
5,8,3.353868e6,-1.086016128922668,-0.8619484131774695,TIME_LIMIT,684941,0,0,14,2
5,8,3.353974e6,-1.086016128922668,-0.8619484131774695,TIME_LIMIT,684958,0,0,9,10
5,8,3.354126e6,-1.0860126787684403,-0.8619484131774695,TIME_LIMIT,684981,0,0,10,4
5,8,3.35423e6,-1.0860126787684403,-0.8619484131774695,TIME_LIMIT,684998,0,0,13,17
5,8,3.354344e6,-1.0860106765259152,-0.8619484131774695,TIME_LIMIT,685028,0,0,9,9
5,8,3.354485e6,-1.0860106765259152,-0.8619484131774695,TIME_LIMIT,685040,0,0,15,15
5,8,3.354628e6,-1.0860100941022033,-0.8619484131774695,TIME_LIMIT,685072,0,0,13,9
5,8,3.354852e6,-1.0860100941022033,-0.8619484131774695,TIME_LIMIT,685098,0,0,18,19
5,8,3.355078e6,-1.0860097788053906,-0.8619484131774695,TIME_LIMIT,685123,0,0,13,15
5,8,3.355242e6,-1.0860097788053906,-0.8619484131774695,TIME_LIMIT,685148,0,0,16,7
5,8,3.35533e6,-1.0860075470893698,-0.8619484131774695,TIME_LIMIT,685172,0,0,3,6
5,8,3.35564e6,-1.0860075470893698,-0.8619484131774695,TIME_LIMIT,685192,0,0,21,14
5,8,3.355784e6,-1.0860060183637008,-0.8619484131774695,TIME_LIMIT,685224,0,0,11,9
5,8,3.3559e6,-1.0860060183637008,-0.8619484131774695,TIME_LIMIT,685243,0,0,10,9
5,8,3.355938e6,-1.0860045372759541,-0.8619484131774695,TIME_LIMIT,685257,0,0,7,2
5,8,3.356036e6,-1.0860045372759541,-0.8619484131774695,TIME_LIMIT,685276,0,0,12,6
5,8,3.356179e6,-1.0860002753698823,-0.8619484131774695,TIME_LIMIT,685297,0,0,4,8
5,8,3.356381e6,-1.0860002753698823,-0.8619484131774695,TIME_LIMIT,685319,0,0,13,16
5,8,3.356519e6,-1.085992081724993,-0.8619484131774695,TIME_LIMIT,685344,0,0,9,6
5,8,3.35659e6,-1.085992081724993,-0.8619484131774695,TIME_LIMIT,685373,0,0,10,5
5,8,3.356773e6,-1.0859887258398424,-0.8619484131774695,TIME_LIMIT,685388,0,0,11,5
5,8,3.356993e6,-1.0859887258398424,-0.8619484131774695,TIME_LIMIT,685413,0,0,18,20
5,8,3.357219e6,-1.0859839600204884,-0.8619484131774695,TIME_LIMIT,685449,0,0,15,11
5,8,3.357329e6,-1.0859839600204884,-0.8619484131774695,TIME_LIMIT,685466,0,0,7,11
5,8,3.357415e6,-1.08598239971231,-0.8619484131774695,TIME_LIMIT,685489,0,0,7,7
5,8,3.357588e6,-1.08598239971231,-0.8619484131774695,TIME_LIMIT,685512,0,0,21,20
5,8,3.357795e6,-1.08598237747176,-0.8619484131774695,TIME_LIMIT,685549,0,0,12,6
5,8,3.358021e6,-1.08598237747176,-0.8619484131774695,TIME_LIMIT,685574,0,0,13,11
5,8,3.358239e6,-1.0859804970867761,-0.8619484131774695,TIME_LIMIT,685594,0,0,11,8
5,8,3.358349e6,-1.0859804970867761,-0.8619484131774695,TIME_LIMIT,685622,0,0,18,8
5,8,3.358551e6,-1.0859782712865957,-0.8619484131774695,TIME_LIMIT,685642,0,0,8,9
5,8,3.358597e6,-1.0859782712865957,-0.8619484131774695,TIME_LIMIT,685664,0,0,3,7
5,8,3.358642e6,-1.0859758931205412,-0.8619484131774695,TIME_LIMIT,685677,0,0,5,2
5,8,3.358734e6,-1.0859758931205412,-0.8619484131774695,TIME_LIMIT,685695,0,0,8,4
5,8,3.358793e6,-1.0859748411955372,-0.8619484131774695,TIME_LIMIT,685716,0,0,10,4
5,8,3.358924e6,-1.0859748411955372,-0.8619484131774695,TIME_LIMIT,685736,0,0,8,9
5,8,3.358956e6,-1.0859679831317846,-0.8619484131774695,TIME_LIMIT,685747,0,0,4,4
5,8,3.359114e6,-1.0859679831317846,-0.8619484131774695,TIME_LIMIT,685776,0,0,9,10
5,8,3.359307e6,-1.085966074321191,-0.8619484131774695,TIME_LIMIT,685804,0,0,13,15
5,8,3.359432e6,-1.085966074321191,-0.8619484131774695,TIME_LIMIT,685826,0,0,9,6
5,8,3.359573e6,-1.0859536535517131,-0.8619484131774695,TIME_LIMIT,685848,0,0,7,6
5,8,3.359865e6,-1.0859536535517131,-0.8619484131774695,TIME_LIMIT,685875,0,0,22,22
5,8,3.359967e6,-1.085953016833798,-0.8619484131774695,TIME_LIMIT,685898,0,0,12,4
5,8,3.360052e6,-1.085953016833798,-0.8619484131774695,TIME_LIMIT,685914,0,0,10,5
5,8,3.360243e6,-1.0859521229470432,-0.8619484131774695,TIME_LIMIT,685943,0,0,15,6
5,8,3.360395e6,-1.0859521229470432,-0.8619484131774695,TIME_LIMIT,685967,0,0,21,7
5,8,3.360587e6,-1.0859519725263953,-0.8619484131774695,TIME_LIMIT,686000,0,0,9,9
5,8,3.360714e6,-1.0859519725263953,-0.8619484131774695,TIME_LIMIT,686019,0,0,10,12
5,8,3.360771e6,-1.0859458625497962,-0.8619484131774695,TIME_LIMIT,686043,0,0,6,4
5,8,3.360881e6,-1.0859458625497962,-0.8619484131774695,TIME_LIMIT,686063,0,0,13,8
5,8,3.361087e6,-1.085941251569065,-0.8619484131774695,TIME_LIMIT,686094,0,0,2,3
5,8,3.361234e6,-1.085941251569065,-0.8619484131774695,TIME_LIMIT,686120,0,0,11,24
5,8,3.361378e6,-1.085934358697854,-0.8619484131774695,TIME_LIMIT,686146,0,0,6,13
5,8,3.361489e6,-1.085934358697854,-0.8619484131774695,TIME_LIMIT,686169,0,0,12,5
5,8,3.361561e6,-1.0859343336637908,-0.8619484131774695,TIME_LIMIT,686191,0,0,9,2
5,8,3.361651e6,-1.0859343336637908,-0.8619484131774695,TIME_LIMIT,686214,0,0,12,12
5,8,3.361744e6,-1.0859328075073154,-0.8619484131774695,TIME_LIMIT,686239,0,0,9,5
5,8,3.361798e6,-1.0859328075073154,-0.8619484131774695,TIME_LIMIT,686257,0,0,8,14
5,8,3.362022e6,-1.0859263728889972,-0.8619484131774695,TIME_LIMIT,686289,0,0,10,12
5,8,3.362193e6,-1.0859263728889972,-0.8619484131774695,TIME_LIMIT,686312,0,0,12,8
5,8,3.362344e6,-1.085924807475654,-0.8619484131774695,TIME_LIMIT,686334,0,0,15,10
5,8,3.362401e6,-1.085924807475654,-0.8619484131774695,TIME_LIMIT,686354,0,0,20,16
5,8,3.362624e6,-1.0859214576676617,-0.8619484131774695,TIME_LIMIT,686390,0,0,9,12
5,8,3.362783e6,-1.0859214576676617,-0.8619484131774695,TIME_LIMIT,686427,0,0,18,11
5,8,3.362873e6,-1.0859189753530052,-0.8619484131774695,TIME_LIMIT,686448,0,0,13,6
5,8,3.363087e6,-1.0859189753530052,-0.8619484131774695,TIME_LIMIT,686478,0,0,12,13
5,8,3.363181e6,-1.0859149281171097,-0.8619484131774695,TIME_LIMIT,686500,0,0,13,6
5,8,3.363404e6,-1.0859149281171097,-0.8619484131774695,TIME_LIMIT,686528,0,0,11,12
5,8,3.363644e6,-1.0859100177153458,-0.8619484131774695,TIME_LIMIT,686556,0,0,9,5
5,8,3.36373e6,-1.0859100177153458,-0.8619484131774695,TIME_LIMIT,686576,0,0,12,3
5,8,3.363819e6,-1.0859095182530618,-0.8619484131774695,TIME_LIMIT,686595,0,0,4,3
5,8,3.363925e6,-1.0859095182530618,-0.8619484131774695,TIME_LIMIT,686605,0,0,6,13
5,8,3.363961e6,-1.0859073931429397,-0.8619484131774695,TIME_LIMIT,686615,0,0,1,1
5,8,3.364186e6,-1.0859073931429397,-0.8619484131774695,TIME_LIMIT,686637,0,0,10,16
5,8,3.36429e6,-1.0859061055094674,-0.8619484131774695,TIME_LIMIT,686661,0,0,18,6
5,8,3.364513e6,-1.0859061055094674,-0.8619484131774695,TIME_LIMIT,686685,0,0,10,8
5,8,3.364563e6,-1.0859014055368839,-0.8619484131774695,TIME_LIMIT,686701,0,0,11,8
5,8,3.36461e6,-1.0859014055368839,-0.8619484131774695,TIME_LIMIT,686718,0,0,5,12
5,8,3.364849e6,-1.085900822092443,-0.8619484131774695,TIME_LIMIT,686741,0,0,6,4
5,8,3.365051e6,-1.085900822092443,-0.8619484131774695,TIME_LIMIT,686758,0,0,17,15
5,8,3.365185e6,-1.0858936037392688,-0.8619484131774695,TIME_LIMIT,686787,0,0,9,7
5,8,3.365392e6,-1.0858936037392688,-0.8619484131774695,TIME_LIMIT,686813,0,0,18,15
5,8,3.365616e6,-1.0858935154557117,-0.8619484131774695,TIME_LIMIT,686846,0,0,17,2
5,8,3.365698e6,-1.0858935154557117,-0.8619484131774695,TIME_LIMIT,686868,0,0,6,7
5,8,3.365844e6,-1.0858838326353921,-0.8619484131774695,TIME_LIMIT,686896,0,0,12,6
5,8,3.3659e6,-1.0858838326353921,-0.8619484131774695,TIME_LIMIT,686916,0,0,12,13
5,8,3.36598e6,-1.0858814411555402,-0.8619484131774695,TIME_LIMIT,686928,0,0,5,3
5,8,3.366085e6,-1.0858814411555402,-0.8619484131774695,TIME_LIMIT,686955,0,0,11,7
5,8,3.366206e6,-1.085881383478446,-0.8619484131774695,TIME_LIMIT,686976,0,0,9,9
5,8,3.366429e6,-1.085881383478446,-0.8619484131774695,TIME_LIMIT,687000,0,0,11,13
5,8,3.366564e6,-1.085880544044707,-0.8619484131774695,TIME_LIMIT,687035,0,0,18,7
5,8,3.366721e6,-1.085880544044707,-0.8619484131774695,TIME_LIMIT,687066,0,0,13,7
5,8,3.366938e6,-1.0858782997572636,-0.8619484131774695,TIME_LIMIT,687090,0,0,8,8
5,8,3.36707e6,-1.0858782997572636,-0.8619484131774695,TIME_LIMIT,687114,0,0,4,7
5,8,3.367148e6,-1.085876029915151,-0.8619484131774695,TIME_LIMIT,687136,0,0,4,5
5,8,3.367223e6,-1.085876029915151,-0.8619484131774695,TIME_LIMIT,687158,0,0,12,18
5,8,3.367341e6,-1.0858723765571807,-0.8619484131774695,TIME_LIMIT,687183,0,0,11,12
5,8,3.367643e6,-1.0858723765571807,-0.8619484131774695,TIME_LIMIT,687215,0,0,10,18
5,8,3.367813e6,-1.0858675403755624,-0.8619484131774695,TIME_LIMIT,687241,0,0,18,8
5,8,3.36792e6,-1.0858675403755624,-0.8619484131774695,TIME_LIMIT,687263,0,0,14,2
5,8,3.367972e6,-1.0858672853221707,-0.8619484131774695,TIME_LIMIT,687279,0,0,11,7
5,8,3.368151e6,-1.0858672853221707,-0.8619484131774695,TIME_LIMIT,687301,0,0,16,22
5,8,3.368492e6,-1.0858655586148909,-0.8619484131774695,TIME_LIMIT,687338,0,0,15,8
5,8,3.368637e6,-1.0858655586148909,-0.8619484131774695,TIME_LIMIT,687363,0,0,10,8
5,8,3.368741e6,-1.0858652653866372,-0.8619484131774695,TIME_LIMIT,687386,0,0,9,3
5,8,3.368882e6,-1.0858652653866372,-0.8619484131774695,TIME_LIMIT,687411,0,0,13,12
5,8,3.369041e6,-1.0858548199646427,-0.8619484131774695,TIME_LIMIT,687440,0,0,16,10
5,8,3.369223e6,-1.0858548199646427,-0.8619484131774695,TIME_LIMIT,687469,0,0,15,14
5,8,3.369342e6,-1.085851715895779,-0.8619484131774695,TIME_LIMIT,687497,0,0,15,4
5,8,3.36948e6,-1.085851715895779,-0.8619484131774695,TIME_LIMIT,687522,0,0,14,9
5,8,3.369659e6,-1.0858503251689475,-0.8619484131774695,TIME_LIMIT,687563,0,0,6,8
5,8,3.369837e6,-1.0858503251689475,-0.8619484131774695,TIME_LIMIT,687590,0,0,13,15
5,8,3.369984e6,-1.0858499419554097,-0.8619484131774695,TIME_LIMIT,687632,0,0,11,6
5,8,3.370224e6,-1.0858499419554097,-0.8619484131774695,TIME_LIMIT,687657,0,0,25,35
5,8,3.370472e6,-1.085849050049514,-0.8619484131774695,TIME_LIMIT,687699,0,0,10,9
5,8,3.370539e6,-1.085849050049514,-0.8619484131774695,TIME_LIMIT,687716,0,0,9,7
5,8,3.370676e6,-1.0858471087100359,-0.8619484131774695,TIME_LIMIT,687742,0,0,12,6
5,8,3.370803e6,-1.0858471087100359,-0.8619484131774695,TIME_LIMIT,687767,0,0,16,12
5,8,3.370962e6,-1.0858448338336484,-0.8619484131774695,TIME_LIMIT,687792,0,0,11,10
5,8,3.371063e6,-1.0858448338336484,-0.8619484131774695,TIME_LIMIT,687813,0,0,8,4
5,8,3.371203e6,-1.0858446318303288,-0.8619484131774695,TIME_LIMIT,687831,0,0,4,6
5,8,3.371367e6,-1.0858446318303288,-0.8619484131774695,TIME_LIMIT,687856,0,0,11,17
5,8,3.371703e6,-1.0858427603086165,-0.8619484131774695,TIME_LIMIT,687880,0,0,15,11
5,8,3.37185e6,-1.0858427603086165,-0.8619484131774695,TIME_LIMIT,687903,0,0,16,14
5,8,3.371952e6,-1.0858369390436615,-0.8619484131774695,TIME_LIMIT,687930,0,0,12,1
5,8,3.372059e6,-1.0858369390436615,-0.8619484131774695,TIME_LIMIT,687952,0,0,13,13
5,8,3.372154e6,-1.085831066916545,-0.8619484131774695,TIME_LIMIT,687979,0,0,11,3
5,8,3.372244e6,-1.085831066916545,-0.8619484131774695,TIME_LIMIT,688001,0,0,10,8
5,8,3.372357e6,-1.0858251808159791,-0.8619484131774695,TIME_LIMIT,688016,0,0,6,2
5,8,3.372581e6,-1.0858251808159791,-0.8619484131774695,TIME_LIMIT,688043,0,0,16,19
5,8,3.372709e6,-1.0858235017828697,-0.8619484131774695,TIME_LIMIT,688067,0,0,22,18
5,8,3.37286e6,-1.0858235017828697,-0.8619484131774695,TIME_LIMIT,688095,0,0,12,5
5,8,3.373112e6,-1.085814253220955,-0.8619484131774695,TIME_LIMIT,688120,0,0,10,5
5,8,3.37323e6,-1.085814253220955,-0.8619484131774695,TIME_LIMIT,688141,0,0,16,17
5,8,3.373441e6,-1.0858139676495069,-0.8619484131774695,TIME_LIMIT,688164,0,0,6,4
5,8,3.373578e6,-1.0858139676495069,-0.8619484131774695,TIME_LIMIT,688188,0,0,9,7
5,8,3.373677e6,-1.0858136224128758,-0.8619484131774695,TIME_LIMIT,688207,0,0,11,5
5,8,3.373756e6,-1.0858136224128758,-0.8619484131774695,TIME_LIMIT,688224,0,0,15,14
5,8,3.373969e6,-1.0858114544205564,-0.8619484131774695,TIME_LIMIT,688253,0,0,5,3
5,8,3.374128e6,-1.0858114544205564,-0.8619484131774695,TIME_LIMIT,688281,0,0,21,17
5,8,3.374366e6,-1.085809542551522,-0.8619484131774695,TIME_LIMIT,688316,0,0,13,13
5,8,3.374479e6,-1.085809542551522,-0.8619484131774695,TIME_LIMIT,688338,0,0,13,5
5,8,3.374523e6,-1.085806392049776,-0.8619484131774695,TIME_LIMIT,688358,0,0,7,3
5,8,3.374603e6,-1.085806392049776,-0.8619484131774695,TIME_LIMIT,688377,0,0,7,7
5,8,3.374682e6,-1.085805287809246,-0.8619484131774695,TIME_LIMIT,688400,0,0,6,2
5,8,3.374783e6,-1.085805287809246,-0.8619484131774695,TIME_LIMIT,688418,0,0,9,11
5,8,3.374914e6,-1.0858025887994391,-0.8619484131774695,TIME_LIMIT,688453,0,0,11,6
5,8,3.375045e6,-1.0858025887994391,-0.8619484131774695,TIME_LIMIT,688479,0,0,11,7
5,8,3.375245e6,-1.0857943972286104,-0.8619484131774695,TIME_LIMIT,688510,0,0,6,6
5,8,3.37539e6,-1.0857943972286104,-0.8619484131774695,TIME_LIMIT,688529,0,0,16,8
5,8,3.375507e6,-1.0857914377128282,-0.8619484131774695,TIME_LIMIT,688557,0,0,4,3
5,8,3.375568e6,-1.0857914377128282,-0.8619484131774695,TIME_LIMIT,688575,0,0,10,12
5,8,3.375748e6,-1.085786515525705,-0.8619484131774695,TIME_LIMIT,688605,0,0,8,7
5,8,3.375942e6,-1.085786515525705,-0.8619484131774695,TIME_LIMIT,688627,0,0,12,10
5,8,3.376148e6,-1.0857855112732784,-0.8619484131774695,TIME_LIMIT,688658,0,0,6,9
5,8,3.376288e6,-1.0857855112732784,-0.8619484131774695,TIME_LIMIT,688677,0,0,14,13
5,8,3.376346e6,-1.085783996215921,-0.8619484131774695,TIME_LIMIT,688701,0,0,12,0
5,8,3.376457e6,-1.085783996215921,-0.8619484131774695,TIME_LIMIT,688728,0,0,13,6
5,8,3.376627e6,-1.0857805054398528,-0.8619484131774695,TIME_LIMIT,688751,0,0,13,4
5,8,3.37682e6,-1.0857805054398528,-0.8619484131774695,TIME_LIMIT,688779,0,0,10,14
5,8,3.377044e6,-1.085780201257983,-0.8619484131774695,TIME_LIMIT,688810,0,0,16,14
5,8,3.377145e6,-1.085780201257983,-0.8619484131774695,TIME_LIMIT,688832,0,0,11,4
5,8,3.37718e6,-1.0857736541658465,-0.8619484131774695,TIME_LIMIT,688844,0,0,5,4
5,8,3.377289e6,-1.0857736541658465,-0.8619484131774695,TIME_LIMIT,688866,0,0,11,11
5,8,3.377379e6,-1.0857725681805943,-0.8619484131774695,TIME_LIMIT,688893,0,0,9,6
5,8,3.377465e6,-1.0857725681805943,-0.8619484131774695,TIME_LIMIT,688911,0,0,5,9
5,8,3.377556e6,-1.085771558257623,-0.8619484131774695,TIME_LIMIT,688929,0,0,7,3
5,8,3.377656e6,-1.085771558257623,-0.8619484131774695,TIME_LIMIT,688950,0,0,6,11
5,8,3.377781e6,-1.085770750992583,-0.8619484131774695,TIME_LIMIT,688977,0,0,11,6
5,8,3.377952e6,-1.085770750992583,-0.8619484131774695,TIME_LIMIT,689008,0,0,22,15
5,8,3.378125e6,-1.0857686793913772,-0.8619484131774695,TIME_LIMIT,689035,0,0,12,14
5,8,3.378357e6,-1.0857686793913772,-0.8619484131774695,TIME_LIMIT,689054,0,0,11,22
5,8,3.378524e6,-1.0857678100993657,-0.8619484131774695,TIME_LIMIT,689075,0,0,14,9
5,8,3.378621e6,-1.0857678100993657,-0.8619484131774695,TIME_LIMIT,689101,0,0,16,11
5,8,3.37873e6,-1.0857669901980807,-0.8619484131774695,TIME_LIMIT,689115,0,0,2,3
5,8,3.378897e6,-1.0857669901980807,-0.8619484131774695,TIME_LIMIT,689137,0,0,12,12
5,8,3.378991e6,-1.0857636488657567,-0.8619484131774695,TIME_LIMIT,689156,0,0,8,3
5,8,3.379216e6,-1.0857636488657567,-0.8619484131774695,TIME_LIMIT,689183,0,0,13,12
5,8,3.37944e6,-1.0857613253682166,-0.8619484131774695,TIME_LIMIT,689214,0,0,4,16
5,8,3.379516e6,-1.0857613253682166,-0.8619484131774695,TIME_LIMIT,689236,0,0,7,10
5,8,3.379734e6,-1.0857613047461556,-0.8619484131774695,TIME_LIMIT,689257,0,0,7,6
5,8,3.379958e6,-1.0857613047461556,-0.8619484131774695,TIME_LIMIT,689284,0,0,15,22
5,8,3.380182e6,-1.0857581071506435,-0.8619484131774695,TIME_LIMIT,689322,0,0,7,9
5,8,3.380404e6,-1.0857581071506435,-0.8619484131774695,TIME_LIMIT,689339,0,0,19,17
5,8,3.380467e6,-1.085751958735595,-0.8619484131774695,TIME_LIMIT,689372,0,0,8,4
5,8,3.380561e6,-1.085751958735595,-0.8619484131774695,TIME_LIMIT,689390,0,0,10,7
5,8,3.380756e6,-1.0857514744381418,-0.8619484131774695,TIME_LIMIT,689422,0,0,15,6
5,8,3.380835e6,-1.0857514744381418,-0.8619484131774695,TIME_LIMIT,689439,0,0,9,10
5,8,3.380933e6,-1.0857463405505317,-0.8619484131774695,TIME_LIMIT,689459,0,0,6,5
5,8,3.38102e6,-1.0857463405505317,-0.8619484131774695,TIME_LIMIT,689478,0,0,10,6
5,8,3.381081e6,-1.0857448301580477,-0.8619484131774695,TIME_LIMIT,689497,0,0,10,2
5,8,3.381152e6,-1.0857448301580477,-0.8619484131774695,TIME_LIMIT,689517,0,0,7,14
5,8,3.381222e6,-1.0857381850607404,-0.8619484131774695,TIME_LIMIT,689531,0,0,5,2
5,8,3.381414e6,-1.0857381850607404,-0.8619484131774695,TIME_LIMIT,689557,0,0,21,13
5,8,3.38165e6,-1.0857287256144086,-0.8619484131774695,TIME_LIMIT,689596,0,0,21,22
5,8,3.38177e6,-1.0857287256144086,-0.8619484131774695,TIME_LIMIT,689616,0,0,16,16
5,8,3.381858e6,-1.085726809096442,-0.8619484131774695,TIME_LIMIT,689640,0,0,10,7
5,8,3.381964e6,-1.085726809096442,-0.8619484131774695,TIME_LIMIT,689659,0,0,17,7
5,8,3.382028e6,-1.0857259832603932,-0.8619484131774695,TIME_LIMIT,689675,0,0,7,2
5,8,3.382182e6,-1.0857259832603932,-0.8619484131774695,TIME_LIMIT,689698,0,0,14,9
5,8,3.382282e6,-1.0857243277292041,-0.8619484131774695,TIME_LIMIT,689719,0,0,12,10
5,8,3.382373e6,-1.0857243277292041,-0.8619484131774695,TIME_LIMIT,689737,0,0,10,6
5,8,3.382428e6,-1.085723098557248,-0.8619484131774695,TIME_LIMIT,689754,0,0,10,4
5,8,3.382627e6,-1.085723098557248,-0.8619484131774695,TIME_LIMIT,689780,0,0,16,13
5,8,3.382685e6,-1.085723076566814,-0.8619484131774695,TIME_LIMIT,689802,0,0,6,5
5,8,3.382912e6,-1.085723076566814,-0.8619484131774695,TIME_LIMIT,689829,0,0,12,18
5,8,3.383145e6,-1.085722355817249,-0.8619484131774695,TIME_LIMIT,689865,0,0,14,14
5,8,3.383334e6,-1.085722355817249,-0.8619484131774695,TIME_LIMIT,689893,0,0,11,9
5,8,3.383418e6,-1.0857210633801417,-0.8619484131774695,TIME_LIMIT,689914,0,0,6,6
5,8,3.383516e6,-1.0857210633801417,-0.8619484131774695,TIME_LIMIT,689932,0,0,7,5
5,8,3.383555e6,-1.0857206876896537,-0.8619484131774695,TIME_LIMIT,689943,0,0,3,2
5,8,3.383661e6,-1.0857206876896537,-0.8619484131774695,TIME_LIMIT,689961,0,0,7,8
5,8,3.38377e6,-1.0857202539228872,-0.8619484131774695,TIME_LIMIT,689985,0,0,14,2
5,8,3.383812e6,-1.0857202539228872,-0.8619484131774695,TIME_LIMIT,690004,0,0,8,4
5,8,3.38391e6,-1.085719826354517,-0.8619484131774695,TIME_LIMIT,690022,0,0,5,2
5,8,3.384e6,-1.085719826354517,-0.8619484131774695,TIME_LIMIT,690046,0,0,10,10
5,8,3.384109e6,-1.085717766196321,-0.8619484131774695,TIME_LIMIT,690073,0,0,5,4
5,8,3.384309e6,-1.085717766196321,-0.8619484131774695,TIME_LIMIT,690109,0,0,14,12
5,8,3.384526e6,-1.0857168794753895,-0.8619484131774695,TIME_LIMIT,690138,0,0,21,16
5,8,3.384634e6,-1.0857168794753895,-0.8619484131774695,TIME_LIMIT,690163,0,0,19,12
5,8,3.384898e6,-1.0857149619279187,-0.8619484131774695,TIME_LIMIT,690199,0,0,9,8
5,8,3.385023e6,-1.0857149619279187,-0.8619484131774695,TIME_LIMIT,690213,0,0,10,22
5,8,3.385163e6,-1.0857140009636257,-0.8619484131774695,TIME_LIMIT,690247,0,0,8,8
5,8,3.385529e6,-1.0857140009636257,-0.8619484131774695,TIME_LIMIT,690270,0,0,16,10
5,8,3.385609e6,-1.085710354424144,-0.8619484131774695,TIME_LIMIT,690285,0,0,8,3
5,8,3.38565e6,-1.085710354424144,-0.8619484131774695,TIME_LIMIT,690303,0,0,6,7
5,8,3.385817e6,-1.0857095657526243,-0.8619484131774695,TIME_LIMIT,690320,0,0,10,5
5,8,3.386016e6,-1.0857095657526243,-0.8619484131774695,TIME_LIMIT,690344,0,0,15,13
5,8,3.386236e6,-1.0857087654632933,-0.8619484131774695,TIME_LIMIT,690376,0,0,12,8
5,8,3.386325e6,-1.0857087654632933,-0.8619484131774695,TIME_LIMIT,690397,0,0,7,6
5,8,3.386405e6,-1.0857052497746347,-0.8619484131774695,TIME_LIMIT,690413,0,0,6,6
5,8,3.386514e6,-1.0857052497746347,-0.8619484131774695,TIME_LIMIT,690438,0,0,18,21
5,8,3.386688e6,-1.085699502865607,-0.8619484131774695,TIME_LIMIT,690470,0,0,7,10
5,8,3.386825e6,-1.085699502865607,-0.8619484131774695,TIME_LIMIT,690490,0,0,7,6
5,8,3.386889e6,-1.0856938576923612,-0.8619484131774695,TIME_LIMIT,690512,0,0,10,3
5,8,3.387011e6,-1.0856938576923612,-0.8619484131774695,TIME_LIMIT,690536,0,0,18,17
5,8,3.387162e6,-1.0856926742495396,-0.8619484131774695,TIME_LIMIT,690564,0,0,8,7
5,8,3.387283e6,-1.0856926742495396,-0.8619484131774695,TIME_LIMIT,690591,0,0,14,15
5,8,3.387352e6,-1.085692558581105,-0.8619484131774695,TIME_LIMIT,690616,0,0,10,4
5,8,3.387575e6,-1.085692558581105,-0.8619484131774695,TIME_LIMIT,690636,0,0,18,13
5,8,3.387712e6,-1.0856911198757653,-0.8619484131774695,TIME_LIMIT,690665,0,0,7,5
5,8,3.387779e6,-1.0856911198757653,-0.8619484131774695,TIME_LIMIT,690683,0,0,10,7
5,8,3.387968e6,-1.0856888197980803,-0.8619484131774695,TIME_LIMIT,690708,0,0,8,1
5,8,3.388162e6,-1.0856888197980803,-0.8619484131774695,TIME_LIMIT,690732,0,0,17,19
5,8,3.388277e6,-1.0856829570251236,-0.8619484131774695,TIME_LIMIT,690755,0,0,4,11
5,8,3.38839e6,-1.0856829570251236,-0.8619484131774695,TIME_LIMIT,690780,0,0,16,12
5,8,3.388484e6,-1.085681492796532,-0.8619484131774695,TIME_LIMIT,690799,0,0,5,1
5,8,3.388525e6,-1.085681492796532,-0.8619484131774695,TIME_LIMIT,690816,0,0,6,11
5,8,3.388557e6,-1.0856799735661677,-0.8619484131774695,TIME_LIMIT,690834,0,0,8,4
5,8,3.388684e6,-1.0856799735661677,-0.8619484131774695,TIME_LIMIT,690856,0,0,19,29
5,8,3.388809e6,-1.0856771506215581,-0.8619484131774695,TIME_LIMIT,690897,0,0,18,14
5,8,3.388964e6,-1.0856771506215581,-0.8619484131774695,TIME_LIMIT,690921,0,0,11,13
5,8,3.389114e6,-1.0856757503176406,-0.8619484131774695,TIME_LIMIT,690953,0,0,13,7
5,8,3.389281e6,-1.0856757503176406,-0.8619484131774695,TIME_LIMIT,690978,0,0,17,22
5,8,3.389483e6,-1.0856757008333116,-0.8619484131774695,TIME_LIMIT,691011,0,0,17,6
5,8,3.389701e6,-1.0856757008333116,-0.8619484131774695,TIME_LIMIT,691045,0,0,18,13
5,8,3.389932e6,-1.0856748165060741,-0.8619484131774695,TIME_LIMIT,691070,0,0,18,7
5,8,3.390159e6,-1.0856748165060741,-0.8619484131774695,TIME_LIMIT,691092,0,0,12,2
5,8,3.390265e6,-1.085674567381215,-0.8619484131774695,TIME_LIMIT,691110,0,0,6,6
5,8,3.390375e6,-1.085674567381215,-0.8619484131774695,TIME_LIMIT,691129,0,0,13,10
5,8,3.390434e6,-1.0856743671807374,-0.8619484131774695,TIME_LIMIT,691153,0,0,11,6
5,8,3.39055e6,-1.0856743671807374,-0.8619484131774695,TIME_LIMIT,691182,0,0,10,9
5,8,3.390755e6,-1.085667094943691,-0.8619484131774695,TIME_LIMIT,691199,0,0,12,8
5,8,3.39088e6,-1.085667094943691,-0.8619484131774695,TIME_LIMIT,691229,0,0,19,15
5,8,3.390971e6,-1.085664976740297,-0.8619484131774695,TIME_LIMIT,691251,0,0,10,12
5,8,3.391177e6,-1.085664976740297,-0.8619484131774695,TIME_LIMIT,691274,0,0,10,14
5,8,3.391358e6,-1.085664546946615,-0.8619484131774695,TIME_LIMIT,691304,0,0,9,7
5,8,3.391582e6,-1.085664546946615,-0.8619484131774695,TIME_LIMIT,691321,0,0,17,11
5,8,3.391669e6,-1.0856636161744264,-0.8619484131774695,TIME_LIMIT,691352,0,0,17,5
5,8,3.391775e6,-1.0856636161744264,-0.8619484131774695,TIME_LIMIT,691370,0,0,12,11
5,8,3.391826e6,-1.0856609475672012,-0.8619484131774695,TIME_LIMIT,691396,0,0,11,4
5,8,3.392019e6,-1.0856609475672012,-0.8619484131774695,TIME_LIMIT,691425,0,0,7,9
5,8,3.392172e6,-1.0856592728176575,-0.8619484131774695,TIME_LIMIT,691447,0,0,12,10
5,8,3.392249e6,-1.0856592728176575,-0.8619484131774695,TIME_LIMIT,691475,0,0,8,9
5,8,3.392372e6,-1.0856529856964574,-0.8619484131774695,TIME_LIMIT,691495,0,0,6,1
5,8,3.392448e6,-1.0856529856964574,-0.8619484131774695,TIME_LIMIT,691522,0,0,13,18
5,8,3.392623e6,-1.08565237241037,-0.8619484131774695,TIME_LIMIT,691556,0,0,11,10
5,8,3.392716e6,-1.08565237241037,-0.8619484131774695,TIME_LIMIT,691575,0,0,12,7
5,8,3.392865e6,-1.085647841245519,-0.8619484131774695,TIME_LIMIT,691599,0,0,10,4
5,8,3.392974e6,-1.085647841245519,-0.8619484131774695,TIME_LIMIT,691620,0,0,5,5
5,8,3.393047e6,-1.0856453824710421,-0.8619484131774695,TIME_LIMIT,691631,0,0,10,4
5,8,3.393183e6,-1.0856453824710421,-0.8619484131774695,TIME_LIMIT,691652,0,0,11,11
5,8,3.393275e6,-1.0856453738598524,-0.8619484131774695,TIME_LIMIT,691674,0,0,13,9
5,8,3.393497e6,-1.0856453738598524,-0.8619484131774695,TIME_LIMIT,691704,0,0,17,22
5,8,3.393701e6,-1.0856452240076186,-0.8619484131774695,TIME_LIMIT,691732,0,0,12,10
5,8,3.393928e6,-1.0856452240076186,-0.8619484131774695,TIME_LIMIT,691763,0,0,14,15
5,8,3.394048e6,-1.0856418488016055,-0.8619484131774695,TIME_LIMIT,691785,0,0,10,2
5,8,3.394123e6,-1.0856418488016055,-0.8619484131774695,TIME_LIMIT,691808,0,0,9,9
5,8,3.394209e6,-1.085639587035406,-0.8619484131774695,TIME_LIMIT,691819,0,0,2,5
5,8,3.394357e6,-1.085639587035406,-0.8619484131774695,TIME_LIMIT,691844,0,0,15,8
5,8,3.394403e6,-1.0856364355624102,-0.8619484131774695,TIME_LIMIT,691862,0,0,11,3
5,8,3.394506e6,-1.0856364355624102,-0.8619484131774695,TIME_LIMIT,691881,0,0,4,7
5,8,3.394567e6,-1.0856330872431954,-0.8619484131774695,TIME_LIMIT,691893,0,0,4,2
5,8,3.394684e6,-1.0856330872431954,-0.8619484131774695,TIME_LIMIT,691912,0,0,15,9
5,8,3.39476e6,-1.0856315807860706,-0.8619484131774695,TIME_LIMIT,691936,0,0,11,4
5,8,3.394897e6,-1.0856315807860706,-0.8619484131774695,TIME_LIMIT,691957,0,0,11,4
5,8,3.394998e6,-1.0856227805899454,-0.8619484131774695,TIME_LIMIT,691978,0,0,3,8
5,8,3.3951e6,-1.0856227805899454,-0.8619484131774695,TIME_LIMIT,691993,0,0,13,11
5,8,3.39522e6,-1.085622708231774,-0.8619484131774695,TIME_LIMIT,692014,0,0,6,4
5,8,3.395394e6,-1.085622708231774,-0.8619484131774695,TIME_LIMIT,692040,0,0,12,8
5,8,3.395631e6,-1.08561703895875,-0.8619484131774695,TIME_LIMIT,692067,0,0,18,8
5,8,3.395823e6,-1.08561703895875,-0.8619484131774695,TIME_LIMIT,692094,0,0,10,11
5,8,3.39591e6,-1.0856160438675413,-0.8619484131774695,TIME_LIMIT,692122,0,0,10,7
5,8,3.395975e6,-1.0856160438675413,-0.8619484131774695,TIME_LIMIT,692141,0,0,8,5
5,8,3.396177e6,-1.0856144541814647,-0.8619484131774695,TIME_LIMIT,692163,0,0,7,9
5,8,3.396402e6,-1.0856144541814647,-0.8619484131774695,TIME_LIMIT,692197,0,0,16,12
5,8,3.396524e6,-1.0856140987264895,-0.8619484131774695,TIME_LIMIT,692222,0,0,6,11
5,8,3.396642e6,-1.0856140987264895,-0.8619484131774695,TIME_LIMIT,692238,0,0,10,1
5,8,3.396692e6,-1.0856136677923365,-0.8619484131774695,TIME_LIMIT,692255,0,0,5,1
5,8,3.39681e6,-1.0856136677923365,-0.8619484131774695,TIME_LIMIT,692281,0,0,17,20
5,8,3.396925e6,-1.0856071628366015,-0.8619484131774695,TIME_LIMIT,692309,0,0,18,18
5,8,3.397107e6,-1.0856071628366015,-0.8619484131774695,TIME_LIMIT,692340,0,0,11,15
5,8,3.397265e6,-1.0856036261533113,-0.8619484131774695,TIME_LIMIT,692375,0,0,19,7
5,8,3.397355e6,-1.0856036261533113,-0.8619484131774695,TIME_LIMIT,692389,0,0,5,4
5,8,3.397401e6,-1.0855994793539487,-0.8619484131774695,TIME_LIMIT,692403,0,0,6,2
5,8,3.397548e6,-1.0855994793539487,-0.8619484131774695,TIME_LIMIT,692428,0,0,11,15
5,8,3.39768e6,-1.0855960486869192,-0.8619484131774695,TIME_LIMIT,692459,0,0,15,5
5,8,3.397833e6,-1.0855960486869192,-0.8619484131774695,TIME_LIMIT,692482,0,0,11,28
5,8,3.39807e6,-1.085594777799062,-0.8619484131774695,TIME_LIMIT,692511,0,0,9,6
5,8,3.398153e6,-1.085594777799062,-0.8619484131774695,TIME_LIMIT,692529,0,0,12,7
5,8,3.398302e6,-1.085587773877265,-0.8619484131774695,TIME_LIMIT,692563,0,0,8,9
5,8,3.398525e6,-1.085587773877265,-0.8619484131774695,TIME_LIMIT,692588,0,0,9,8
5,8,3.398618e6,-1.0855847790816036,-0.8619484131774695,TIME_LIMIT,692612,0,0,9,12
5,8,3.398667e6,-1.0855847790816036,-0.8619484131774695,TIME_LIMIT,692631,0,0,6,1
5,8,3.398776e6,-1.085582359297296,-0.8619484131774695,TIME_LIMIT,692643,0,0,6,5
5,8,3.398999e6,-1.085582359297296,-0.8619484131774695,TIME_LIMIT,692670,0,0,18,11
5,8,3.399059e6,-1.0855803861768771,-0.8619484131774695,TIME_LIMIT,692687,0,0,13,5
5,8,3.399136e6,-1.0855803861768771,-0.8619484131774695,TIME_LIMIT,692705,0,0,9,11
5,8,3.399184e6,-1.085576979591253,-0.8619484131774695,TIME_LIMIT,692727,0,0,6,5
5,8,3.399374e6,-1.085576979591253,-0.8619484131774695,TIME_LIMIT,692754,0,0,15,14
5,8,3.399563e6,-1.085576044684512,-0.8619484131774695,TIME_LIMIT,692784,0,0,16,12
5,8,3.399654e6,-1.085576044684512,-0.8619484131774695,TIME_LIMIT,692805,0,0,13,7
5,8,3.39973e6,-1.085566151933632,-0.8619484131774695,TIME_LIMIT,692826,0,0,5,6
5,8,3.399944e6,-1.085566151933632,-0.8619484131774695,TIME_LIMIT,692854,0,0,20,14
5,8,3.400168e6,-1.0855653296099474,-0.8619484131774695,TIME_LIMIT,692877,0,0,8,3
5,8,3.40027e6,-1.0855653296099474,-0.8619484131774695,TIME_LIMIT,692892,0,0,9,9
5,8,3.400455e6,-1.0855625795572712,-0.8619484131774695,TIME_LIMIT,692921,0,0,2,4
5,8,3.400645e6,-1.0855625795572712,-0.8619484131774695,TIME_LIMIT,692949,0,0,13,18
5,8,3.400789e6,-1.0855615183374816,-0.8619484131774695,TIME_LIMIT,692989,0,0,10,9
5,8,3.400891e6,-1.0855615183374816,-0.8619484131774695,TIME_LIMIT,693014,0,0,21,17
5,8,3.401052e6,-1.0855585000446188,-0.8619484131774695,TIME_LIMIT,693053,0,0,14,6
5,8,3.401135e6,-1.0855585000446188,-0.8619484131774695,TIME_LIMIT,693077,0,0,17,7
5,8,3.401198e6,-1.0855575920940075,-0.8619484131774695,TIME_LIMIT,693089,0,0,7,4
5,8,3.401325e6,-1.0855575920940075,-0.8619484131774695,TIME_LIMIT,693118,0,0,13,8
5,8,3.401431e6,-1.0855525183595072,-0.8619484131774695,TIME_LIMIT,693141,0,0,16,9
5,8,3.401521e6,-1.0855525183595072,-0.8619484131774695,TIME_LIMIT,693162,0,0,9,16
5,8,3.401623e6,-1.0855517078780492,-0.8619484131774695,TIME_LIMIT,693179,0,0,9,9
5,8,3.401733e6,-1.0855517078780492,-0.8619484131774695,TIME_LIMIT,693197,0,0,5,5
5,8,3.401771e6,-1.0855502324964743,-0.8619484131774695,TIME_LIMIT,693209,0,0,5,0
5,8,3.401898e6,-1.0855502324964743,-0.8619484131774695,TIME_LIMIT,693227,0,0,8,12
5,8,3.402028e6,-1.0855499406808378,-0.8619484131774695,TIME_LIMIT,693254,0,0,11,2
5,8,3.402247e6,-1.0855499406808378,-0.8619484131774695,TIME_LIMIT,693285,0,0,7,19
5,8,3.402473e6,-1.0855461770906036,-0.8619484131774695,TIME_LIMIT,693307,0,0,8,6
5,8,3.40268e6,-1.0855461770906036,-0.8619484131774695,TIME_LIMIT,693333,0,0,19,17
5,8,3.402829e6,-1.08554312119964,-0.8619484131774695,TIME_LIMIT,693352,0,0,9,10
5,8,3.402969e6,-1.08554312119964,-0.8619484131774695,TIME_LIMIT,693372,0,0,11,10
5,8,3.403067e6,-1.0855430955211873,-0.8619484131774695,TIME_LIMIT,693398,0,0,7,4
5,8,3.403093e6,-1.0855430955211873,-0.8619484131774695,TIME_LIMIT,693404,0,0,1,0
5,8,3.403117e6,-1.0855406460552866,-0.8619484131774695,TIME_LIMIT,693409,0,0,1,1
5,8,3.403228e6,-1.0855406460552866,-0.8619484131774695,TIME_LIMIT,693435,0,0,10,14
5,8,3.403322e6,-1.0855351426801492,-0.8619484131774695,TIME_LIMIT,693457,0,0,10,10
5,8,3.403383e6,-1.0855351426801492,-0.8619484131774695,TIME_LIMIT,693476,0,0,11,14
5,8,3.403534e6,-1.0855344494447903,-0.8619484131774695,TIME_LIMIT,693496,0,0,5,6
5,8,3.403606e6,-1.0855344494447903,-0.8619484131774695,TIME_LIMIT,693516,0,0,9,9
5,8,3.403747e6,-1.0855323559657553,-0.8619484131774695,TIME_LIMIT,693542,0,0,11,5
5,8,3.403874e6,-1.0855323559657553,-0.8619484131774695,TIME_LIMIT,693570,0,0,14,5
5,8,3.40392e6,-1.0855182242894874,-0.8619484131774695,TIME_LIMIT,693588,0,0,6,9
5,8,3.404145e6,-1.0855182242894874,-0.8619484131774695,TIME_LIMIT,693611,0,0,10,13
5,8,3.404367e6,-1.085513040396624,-0.8619484131774695,TIME_LIMIT,693644,0,0,10,10
5,8,3.404441e6,-1.085513040396624,-0.8619484131774695,TIME_LIMIT,693665,0,0,10,20
5,8,3.404646e6,-1.085509367629923,-0.8619484131774695,TIME_LIMIT,693705,0,0,14,14
5,8,3.404868e6,-1.085509367629923,-0.8619484131774695,TIME_LIMIT,693732,0,0,11,20
5,8,3.405092e6,-1.0855085568464247,-0.8619484131774695,TIME_LIMIT,693771,0,0,16,13
5,8,3.40523e6,-1.0855085568464247,-0.8619484131774695,TIME_LIMIT,693802,0,0,18,12
5,8,3.405309e6,-1.0855084064612068,-0.8619484131774695,TIME_LIMIT,693830,0,0,3,8
5,8,3.405489e6,-1.0855084064612068,-0.8619484131774695,TIME_LIMIT,693850,0,0,11,16
5,8,3.405712e6,-1.0855079077927012,-0.8619484131774695,TIME_LIMIT,693879,0,0,10,9
5,8,3.405856e6,-1.0855079077927012,-0.8619484131774695,TIME_LIMIT,693903,0,0,20,11
5,8,3.405933e6,-1.0855049829871226,-0.8619484131774695,TIME_LIMIT,693933,0,0,14,8
5,8,3.406014e6,-1.0855049829871226,-0.8619484131774695,TIME_LIMIT,693954,0,0,17,10
5,8,3.406199e6,-1.0855049759765492,-0.8619484131774695,TIME_LIMIT,693988,0,0,12,12
5,8,3.406366e6,-1.0855049759765492,-0.8619484131774695,TIME_LIMIT,694019,0,0,12,20
5,8,3.406519e6,-1.085499774539778,-0.8619484131774695,TIME_LIMIT,694053,0,0,11,6
5,8,3.406642e6,-1.085499774539778,-0.8619484131774695,TIME_LIMIT,694076,0,0,6,9
5,8,3.406777e6,-1.0854953361434987,-0.8619484131774695,TIME_LIMIT,694099,0,0,7,4
5,8,3.406864e6,-1.0854953361434987,-0.8619484131774695,TIME_LIMIT,694121,0,0,10,12
5,8,3.406955e6,-1.0854941606404052,-0.8619484131774695,TIME_LIMIT,694137,0,0,6,8
5,8,3.407105e6,-1.0854941606404052,-0.8619484131774695,TIME_LIMIT,694168,0,0,20,8
5,8,3.407234e6,-1.0854882756772346,-0.8619484131774695,TIME_LIMIT,694192,0,0,15,17
5,8,3.4073e6,-1.0854882756772346,-0.8619484131774695,TIME_LIMIT,694210,0,0,4,5
5,8,3.407416e6,-1.0854870565838712,-0.8619484131774695,TIME_LIMIT,694232,0,0,7,1
5,8,3.407545e6,-1.0854870565838712,-0.8619484131774695,TIME_LIMIT,694259,0,0,15,13
5,8,3.407758e6,-1.0854867195917082,-0.8619484131774695,TIME_LIMIT,694291,0,0,21,8
5,8,3.408054e6,-1.0854867195917082,-0.8619484131774695,TIME_LIMIT,694311,0,0,12,16
5,8,3.408284e6,-1.085486617575671,-0.8619484131774695,TIME_LIMIT,694350,0,0,15,9
5,8,3.408332e6,-1.085486617575671,-0.8619484131774695,TIME_LIMIT,694369,0,0,11,8
5,8,3.408381e6,-1.0854802510455137,-0.8619484131774695,TIME_LIMIT,694390,0,0,2,3
5,8,3.408498e6,-1.0854802510455137,-0.8619484131774695,TIME_LIMIT,694417,0,0,16,17
5,8,3.408634e6,-1.0854800193171288,-0.8619484131774695,TIME_LIMIT,694456,0,0,10,16
5,8,3.40883e6,-1.0854800193171288,-0.8619484131774695,TIME_LIMIT,694476,0,0,12,25
5,8,3.408966e6,-1.0854781440554508,-0.8619484131774695,TIME_LIMIT,694504,0,0,12,5
5,8,3.409139e6,-1.0854781440554508,-0.8619484131774695,TIME_LIMIT,694529,0,0,20,13
5,8,3.409366e6,-1.085473043200959,-0.8619484131774695,TIME_LIMIT,694564,0,0,9,4
5,8,3.409546e6,-1.085473043200959,-0.8619484131774695,TIME_LIMIT,694595,0,0,16,21
5,8,3.409606e6,-1.0854693776654718,-0.8619484131774695,TIME_LIMIT,694622,0,0,14,2
5,8,3.40983e6,-1.0854693776654718,-0.8619484131774695,TIME_LIMIT,694641,0,0,12,17
5,8,3.410051e6,-1.0854636674537412,-0.8619484131774695,TIME_LIMIT,694680,0,0,9,12
5,8,3.410143e6,-1.0854636674537412,-0.8619484131774695,TIME_LIMIT,694703,0,0,4,11
5,8,3.410221e6,-1.0854613161147837,-0.8619484131774695,TIME_LIMIT,694720,0,0,7,10
5,8,3.410337e6,-1.0854613161147837,-0.8619484131774695,TIME_LIMIT,694751,0,0,4,19
5,8,3.410551e6,-1.0854585527513143,-0.8619484131774695,TIME_LIMIT,694781,0,0,13,16
5,8,3.410721e6,-1.0854585527513143,-0.8619484131774695,TIME_LIMIT,694800,0,0,12,13
5,8,3.410868e6,-1.0854548136544695,-0.8619484131774695,TIME_LIMIT,694825,0,0,15,9
5,8,3.410984e6,-1.0854548136544695,-0.8619484131774695,TIME_LIMIT,694844,0,0,11,7
5,8,3.411055e6,-1.0854547493669748,-0.8619484131774695,TIME_LIMIT,694858,0,0,6,5
5,8,3.411172e6,-1.0854547493669748,-0.8619484131774695,TIME_LIMIT,694886,0,0,9,10
5,8,3.411313e6,-1.0854475592649782,-0.8619484131774695,TIME_LIMIT,694914,0,0,15,7
5,8,3.411428e6,-1.0854475592649782,-0.8619484131774695,TIME_LIMIT,694936,0,0,6,5
5,8,3.411503e6,-1.085447157619484,-0.8619484131774695,TIME_LIMIT,694951,0,0,5,5
5,8,3.411635e6,-1.085447157619484,-0.8619484131774695,TIME_LIMIT,694970,0,0,8,15
5,8,3.411785e6,-1.0854463781361852,-0.8619484131774695,TIME_LIMIT,694998,0,0,11,6
5,8,3.411938e6,-1.0854463781361852,-0.8619484131774695,TIME_LIMIT,695028,0,0,27,41
5,8,3.412146e6,-1.0854456603331657,-0.8619484131774695,TIME_LIMIT,695071,0,0,7,13
5,8,3.412243e6,-1.0854456603331657,-0.8619484131774695,TIME_LIMIT,695101,0,0,18,9
5,8,3.412465e6,-1.085444445875385,-0.8619484131774695,TIME_LIMIT,695128,0,0,13,8
5,8,3.412622e6,-1.085444445875385,-0.8619484131774695,TIME_LIMIT,695151,0,0,19,13
5,8,3.412758e6,-1.0854417369088698,-0.8619484131774695,TIME_LIMIT,695183,0,0,15,5
5,8,3.412862e6,-1.0854417369088698,-0.8619484131774695,TIME_LIMIT,695204,0,0,15,12
5,8,3.41299e6,-1.0854374381880407,-0.8619484131774695,TIME_LIMIT,695234,0,0,10,6
5,8,3.413041e6,-1.0854374381880407,-0.8619484131774695,TIME_LIMIT,695252,0,0,9,3
5,8,3.413075e6,-1.0854365820335554,-0.8619484131774695,TIME_LIMIT,695266,0,0,5,4
5,8,3.413207e6,-1.0854365820335554,-0.8619484131774695,TIME_LIMIT,695296,0,0,24,12
5,8,3.413379e6,-1.0854354833611117,-0.8619484131774695,TIME_LIMIT,695332,0,0,16,8
5,8,3.41341e6,-1.0854354833611117,-0.8619484131774695,TIME_LIMIT,695345,0,0,4,3
5,8,3.413438e6,-1.0854335758434286,-0.8619484131774695,TIME_LIMIT,695353,0,0,3,2
5,8,3.413542e6,-1.0854335758434286,-0.8619484131774695,TIME_LIMIT,695371,0,0,11,16
5,8,3.413654e6,-1.085427587759994,-0.8619484131774695,TIME_LIMIT,695398,0,0,7,12
5,8,3.413862e6,-1.085427587759994,-0.8619484131774695,TIME_LIMIT,695417,0,0,10,13
5,8,3.413922e6,-1.0854268558710647,-0.8619484131774695,TIME_LIMIT,695437,0,0,10,4
5,8,3.414061e6,-1.0854268558710647,-0.8619484131774695,TIME_LIMIT,695460,0,0,11,5
5,8,3.414092e6,-1.0854265551365383,-0.8619484131774695,TIME_LIMIT,695471,0,0,4,1
5,8,3.414191e6,-1.0854265551365383,-0.8619484131774695,TIME_LIMIT,695487,0,0,9,7
5,8,3.414241e6,-1.0854264350044733,-0.8619484131774695,TIME_LIMIT,695506,0,0,6,1
5,8,3.414348e6,-1.0854264350044733,-0.8619484131774695,TIME_LIMIT,695529,0,0,12,16
5,8,3.414412e6,-1.085424452153789,-0.8619484131774695,TIME_LIMIT,695558,0,0,12,7
5,8,3.414595e6,-1.085424452153789,-0.8619484131774695,TIME_LIMIT,695588,0,0,16,8
5,8,3.41472e6,-1.0854242044016327,-0.8619484131774695,TIME_LIMIT,695609,0,0,14,7
5,8,3.414944e6,-1.0854242044016327,-0.8619484131774695,TIME_LIMIT,695637,0,0,6,17
5,8,3.415167e6,-1.0854203078539744,-0.8619484131774695,TIME_LIMIT,695662,0,0,20,13
5,8,3.415428e6,-1.0854203078539744,-0.8619484131774695,TIME_LIMIT,695681,0,0,12,8
5,8,3.415611e6,-1.0854162277678516,-0.8619484131774695,TIME_LIMIT,695701,0,0,8,5
5,8,3.415831e6,-1.0854162277678516,-0.8619484131774695,TIME_LIMIT,695733,0,0,15,19
5,8,3.416106e6,-1.0854161304010446,-0.8619484131774695,TIME_LIMIT,695761,0,0,11,7
5,8,3.416271e6,-1.0854161304010446,-0.8619484131774695,TIME_LIMIT,695784,0,0,11,11
5,8,3.41637e6,-1.0854104989575544,-0.8619484131774695,TIME_LIMIT,695807,0,0,11,4
5,8,3.416456e6,-1.0854104989575544,-0.8619484131774695,TIME_LIMIT,695825,0,0,9,7
5,8,3.416546e6,-1.085409502441118,-0.8619484131774695,TIME_LIMIT,695839,0,0,5,7
5,8,3.416605e6,-1.085409502441118,-0.8619484131774695,TIME_LIMIT,695861,0,0,10,9
5,8,3.416698e6,-1.085406807098892,-0.8619484131774695,TIME_LIMIT,695887,0,0,6,9
5,8,3.416796e6,-1.085406807098892,-0.8619484131774695,TIME_LIMIT,695910,0,0,11,6
5,8,3.41689e6,-1.0854048730609924,-0.8619484131774695,TIME_LIMIT,695932,0,0,15,12
5,8,3.416963e6,-1.0854048730609924,-0.8619484131774695,TIME_LIMIT,695957,0,0,10,4
5,8,3.417059e6,-1.0854012707523681,-0.8619484131774695,TIME_LIMIT,695975,0,0,10,4
5,8,3.417151e6,-1.0854012707523681,-0.8619484131774695,TIME_LIMIT,695995,0,0,11,8
5,8,3.417225e6,-1.085397221294531,-0.8619484131774695,TIME_LIMIT,696007,0,0,5,3
5,8,3.417448e6,-1.085397221294531,-0.8619484131774695,TIME_LIMIT,696034,0,0,16,21
5,8,3.417614e6,-1.0853931622162134,-0.8619484131774695,TIME_LIMIT,696072,0,0,7,17
5,8,3.417781e6,-1.0853931622162134,-0.8619484131774695,TIME_LIMIT,696095,0,0,14,22
5,8,3.417878e6,-1.0853907766010749,-0.8619484131774695,TIME_LIMIT,696127,0,0,16,7
5,8,3.417998e6,-1.0853907766010749,-0.8619484131774695,TIME_LIMIT,696149,0,0,10,6
5,8,3.41805e6,-1.0853894761249954,-0.8619484131774695,TIME_LIMIT,696163,0,0,6,2
5,8,3.418158e6,-1.0853894761249954,-0.8619484131774695,TIME_LIMIT,696181,0,0,13,11
5,8,3.418285e6,-1.0853851126293335,-0.8619484131774695,TIME_LIMIT,696206,0,0,13,2
5,8,3.418389e6,-1.0853851126293335,-0.8619484131774695,TIME_LIMIT,696225,0,0,16,20
5,8,3.418554e6,-1.085382984263182,-0.8619484131774695,TIME_LIMIT,696258,0,0,13,4
5,8,3.418649e6,-1.085382984263182,-0.8619484131774695,TIME_LIMIT,696276,0,0,18,9
5,8,3.418809e6,-1.0853826481420379,-0.8619484131774695,TIME_LIMIT,696308,0,0,16,8
5,8,3.418957e6,-1.0853826481420379,-0.8619484131774695,TIME_LIMIT,696329,0,0,13,19
5,8,3.419077e6,-1.0853821240477375,-0.8619484131774695,TIME_LIMIT,696362,0,0,12,6
5,8,3.419168e6,-1.0853821240477375,-0.8619484131774695,TIME_LIMIT,696381,0,0,4,0
5,8,3.419199e6,-1.0853791008038554,-0.8619484131774695,TIME_LIMIT,696393,0,0,5,2
5,8,3.419248e6,-1.0853791008038554,-0.8619484131774695,TIME_LIMIT,696407,0,0,6,5
5,8,3.419294e6,-1.0853789043187732,-0.8619484131774695,TIME_LIMIT,696417,0,0,2,2
5,8,3.419473e6,-1.0853789043187732,-0.8619484131774695,TIME_LIMIT,696440,0,0,11,13
5,8,3.419609e6,-1.0853761448293497,-0.8619484131774695,TIME_LIMIT,696473,0,0,7,9
5,8,3.41985e6,-1.0853761448293497,-0.8619484131774695,TIME_LIMIT,696499,0,0,21,24
5,8,3.420068e6,-1.0853758213288187,-0.8619484131774695,TIME_LIMIT,696531,0,0,15,9
5,8,3.420242e6,-1.0853758213288187,-0.8619484131774695,TIME_LIMIT,696555,0,0,17,21
5,8,3.420444e6,-1.0853702989179175,-0.8619484131774695,TIME_LIMIT,696594,0,0,17,4
5,8,3.420558e6,-1.0853702989179175,-0.8619484131774695,TIME_LIMIT,696617,0,0,17,24
5,8,3.420635e6,-1.0853626971828991,-0.8619484131774695,TIME_LIMIT,696650,0,0,15,9
5,8,3.420778e6,-1.0853626971828991,-0.8619484131774695,TIME_LIMIT,696672,0,0,14,13
5,8,3.420878e6,-1.085357106688264,-0.8619484131774695,TIME_LIMIT,696697,0,0,8,4
5,8,3.42094e6,-1.085357106688264,-0.8619484131774695,TIME_LIMIT,696715,0,0,7,6
5,8,3.420992e6,-1.085348900639147,-0.8619484131774695,TIME_LIMIT,696735,0,0,7,3
5,8,3.421101e6,-1.085348900639147,-0.8619484131774695,TIME_LIMIT,696757,0,0,14,27
5,8,3.421345e6,-1.0853487200365253,-0.8619484131774695,TIME_LIMIT,696789,0,0,8,8
5,8,3.421449e6,-1.0853487200365253,-0.8619484131774695,TIME_LIMIT,696819,0,0,17,9
5,8,3.421609e6,-1.0853441887180588,-0.8619484131774695,TIME_LIMIT,696845,0,0,11,6
5,8,3.421735e6,-1.0853441887180588,-0.8619484131774695,TIME_LIMIT,696869,0,0,20,16
5,8,3.421961e6,-1.0853431883292377,-0.8619484131774695,TIME_LIMIT,696899,0,0,15,9
5,8,3.422182e6,-1.0853431883292377,-0.8619484131774695,TIME_LIMIT,696929,0,0,8,8
5,8,3.42231e6,-1.0853398493925397,-0.8619484131774695,TIME_LIMIT,696955,0,0,8,4
5,8,3.422532e6,-1.0853398493925397,-0.8619484131774695,TIME_LIMIT,696980,0,0,15,10
5,8,3.422757e6,-1.085339625960455,-0.8619484131774695,TIME_LIMIT,697010,0,0,9,6
5,8,3.42288e6,-1.085339625960455,-0.8619484131774695,TIME_LIMIT,697039,0,0,12,12
5,8,3.423078e6,-1.0853382342959366,-0.8619484131774695,TIME_LIMIT,697066,0,0,9,9
5,8,3.423249e6,-1.0853382342959366,-0.8619484131774695,TIME_LIMIT,697094,0,0,8,14
5,8,3.423465e6,-1.0853378012109944,-0.8619484131774695,TIME_LIMIT,697126,0,0,14,5
5,8,3.423595e6,-1.0853378012109944,-0.8619484131774695,TIME_LIMIT,697150,0,0,14,16
5,8,3.423761e6,-1.0853258078962216,-0.8619484131774695,TIME_LIMIT,697185,0,0,7,13
5,8,3.423891e6,-1.0853258078962216,-0.8619484131774695,TIME_LIMIT,697214,0,0,9,13
5,8,3.423972e6,-1.0853197628595326,-0.8619484131774695,TIME_LIMIT,697240,0,0,5,4
5,8,3.42409e6,-1.0853197628595326,-0.8619484131774695,TIME_LIMIT,697266,0,0,16,16
5,8,3.424251e6,-1.0853150632320683,-0.8619484131774695,TIME_LIMIT,697301,0,0,10,8
5,8,3.424505e6,-1.0853150632320683,-0.8619484131774695,TIME_LIMIT,697326,0,0,18,6
5,8,3.424621e6,-1.0853144036610187,-0.8619484131774695,TIME_LIMIT,697344,0,0,14,5
5,8,3.424662e6,-1.0853144036610187,-0.8619484131774695,TIME_LIMIT,697360,0,0,6,10
5,8,3.4247e6,-1.085310228864211,-0.8619484131774695,TIME_LIMIT,697374,0,0,6,1
5,8,3.424869e6,-1.085310228864211,-0.8619484131774695,TIME_LIMIT,697395,0,0,16,22
5,8,3.425024e6,-1.0853068818275395,-0.8619484131774695,TIME_LIMIT,697429,0,0,5,9
5,8,3.425131e6,-1.0853068818275395,-0.8619484131774695,TIME_LIMIT,697449,0,0,16,16
5,8,3.425345e6,-1.085306721554233,-0.8619484131774695,TIME_LIMIT,697482,0,0,12,11
5,8,3.425554e6,-1.085306721554233,-0.8619484131774695,TIME_LIMIT,697496,0,0,6,9
5,8,3.425616e6,-1.0853026635513445,-0.8619484131774695,TIME_LIMIT,697513,0,0,5,2
5,8,3.425821e6,-1.0853026635513445,-0.8619484131774695,TIME_LIMIT,697544,0,0,21,19
5,8,3.425969e6,-1.0853020270524896,-0.8619484131774695,TIME_LIMIT,697567,0,0,16,11
5,8,3.42606e6,-1.0853020270524896,-0.8619484131774695,TIME_LIMIT,697590,0,0,6,8
5,8,3.426122e6,-1.0853016452778221,-0.8619484131774695,TIME_LIMIT,697606,0,0,7,2
5,8,3.42618e6,-1.0853016452778221,-0.8619484131774695,TIME_LIMIT,697624,0,0,11,2
5,8,3.426277e6,-1.0853013687222406,-0.8619484131774695,TIME_LIMIT,697641,0,0,3,3
5,8,3.426375e6,-1.0853013687222406,-0.8619484131774695,TIME_LIMIT,697663,0,0,9,13
5,8,3.426547e6,-1.0852979717314055,-0.8619484131774695,TIME_LIMIT,697688,0,0,4,3
5,8,3.42677e6,-1.0852979717314055,-0.8619484131774695,TIME_LIMIT,697708,0,0,12,21
5,8,3.426953e6,-1.0852792376806255,-0.8619484131774695,TIME_LIMIT,697745,0,0,3,11
5,8,3.427158e6,-1.0852792376806255,-0.8619484131774695,TIME_LIMIT,697769,0,0,10,10
5,8,3.427213e6,-1.0852766078684446,-0.8619484131774695,TIME_LIMIT,697780,0,0,1,2
5,8,3.427354e6,-1.0852766078684446,-0.8619484131774695,TIME_LIMIT,697804,0,0,20,26
5,8,3.427465e6,-1.0852760468126277,-0.8619484131774695,TIME_LIMIT,697827,0,0,14,12
5,8,3.427603e6,-1.0852760468126277,-0.8619484131774695,TIME_LIMIT,697851,0,0,14,11
5,8,3.427756e6,-1.0852740553964337,-0.8619484131774695,TIME_LIMIT,697883,0,0,8,7
5,8,3.428011e6,-1.0852740553964337,-0.8619484131774695,TIME_LIMIT,697906,0,0,17,28
5,8,3.428232e6,-1.0852670141443586,-0.8619484131774695,TIME_LIMIT,697940,0,0,20,10
5,8,3.428388e6,-1.0852670141443586,-0.8619484131774695,TIME_LIMIT,697962,0,0,19,19
5,8,3.428577e6,-1.0852615650574124,-0.8619484131774695,TIME_LIMIT,697997,0,0,11,11
5,8,3.428811e6,-1.0852615650574124,-0.8619484131774695,TIME_LIMIT,698021,0,0,8,10
5,8,3.429049e6,-1.0852612756523057,-0.8619484131774695,TIME_LIMIT,698048,0,0,9,14
5,8,3.429108e6,-1.0852612756523057,-0.8619484131774695,TIME_LIMIT,698069,0,0,8,8
5,8,3.429199e6,-1.0852601752416453,-0.8619484131774695,TIME_LIMIT,698091,0,0,6,7
5,8,3.429335e6,-1.0852601752416453,-0.8619484131774695,TIME_LIMIT,698115,0,0,17,10
5,8,3.429398e6,-1.0852574366860432,-0.8619484131774695,TIME_LIMIT,698141,0,0,10,6
5,8,3.42957e6,-1.0852574366860432,-0.8619484131774695,TIME_LIMIT,698163,0,0,21,13
5,8,3.429647e6,-1.0852533566748261,-0.8619484131774695,TIME_LIMIT,698192,0,0,7,2
5,8,3.429793e6,-1.0852533566748261,-0.8619484131774695,TIME_LIMIT,698218,0,0,15,17
5,8,3.429992e6,-1.0852524219187498,-0.8619484131774695,TIME_LIMIT,698251,0,0,9,8
5,8,3.430074e6,-1.0852524219187498,-0.8619484131774695,TIME_LIMIT,698274,0,0,9,6
5,8,3.430128e6,-1.08524755875025,-0.8619484131774695,TIME_LIMIT,698293,0,0,4,6
5,8,3.430169e6,-1.08524755875025,-0.8619484131774695,TIME_LIMIT,698302,0,0,5,1
5,8,3.4302e6,-1.085246352878738,-0.8619484131774695,TIME_LIMIT,698311,0,0,3,0
5,8,3.430311e6,-1.085246352878738,-0.8619484131774695,TIME_LIMIT,698329,0,0,15,8
5,8,3.430401e6,-1.0852458711420947,-0.8619484131774695,TIME_LIMIT,698350,0,0,12,7
5,8,3.430624e6,-1.0852458711420947,-0.8619484131774695,TIME_LIMIT,698376,0,0,13,17
5,8,3.430837e6,-1.0852451884685306,-0.8619484131774695,TIME_LIMIT,698414,0,0,17,10
5,8,3.430953e6,-1.0852451884685306,-0.8619484131774695,TIME_LIMIT,698433,0,0,12,18
5,8,3.431058e6,-1.0852427361259422,-0.8619484131774695,TIME_LIMIT,698455,0,0,14,13
5,8,3.431182e6,-1.0852427361259422,-0.8619484131774695,TIME_LIMIT,698478,0,0,15,8
5,8,3.431268e6,-1.0852417295715593,-0.8619484131774695,TIME_LIMIT,698498,0,0,10,2
5,8,3.431322e6,-1.0852417295715593,-0.8619484131774695,TIME_LIMIT,698519,0,0,20,25
5,8,3.431517e6,-1.0852415553186794,-0.8619484131774695,TIME_LIMIT,698556,0,0,9,7
5,8,3.431649e6,-1.0852415553186794,-0.8619484131774695,TIME_LIMIT,698579,0,0,16,28
5,8,3.431845e6,-1.0852393024011144,-0.8619484131774695,TIME_LIMIT,698618,0,0,20,11
5,8,3.431945e6,-1.0852393024011144,-0.8619484131774695,TIME_LIMIT,698639,0,0,8,8
5,8,3.432054e6,-1.0852392432531737,-0.8619484131774695,TIME_LIMIT,698658,0,0,6,4
5,8,3.432278e6,-1.0852392432531737,-0.8619484131774695,TIME_LIMIT,698689,0,0,6,9
5,8,3.432481e6,-1.085234134551091,-0.8619484131774695,TIME_LIMIT,698710,0,0,13,10
5,8,3.432624e6,-1.085234134551091,-0.8619484131774695,TIME_LIMIT,698740,0,0,17,19
5,8,3.432779e6,-1.085226630873464,-0.8619484131774695,TIME_LIMIT,698765,0,0,8,12
5,8,3.432948e6,-1.085226630873464,-0.8619484131774695,TIME_LIMIT,698790,0,0,9,9
5,8,3.433061e6,-1.085223010906331,-0.8619484131774695,TIME_LIMIT,698818,0,0,13,12
5,8,3.433191e6,-1.085223010906331,-0.8619484131774695,TIME_LIMIT,698849,0,0,18,26
5,8,3.433417e6,-1.0852213929903325,-0.8619484131774695,TIME_LIMIT,698891,0,0,12,18
5,8,3.433604e6,-1.0852213929903325,-0.8619484131774695,TIME_LIMIT,698921,0,0,10,15
5,8,3.433747e6,-1.0852177461287917,-0.8619484131774695,TIME_LIMIT,698951,0,0,8,8
5,8,3.433895e6,-1.0852177461287917,-0.8619484131774695,TIME_LIMIT,698973,0,0,12,8
5,8,3.434078e6,-1.0852162352614032,-0.8619484131774695,TIME_LIMIT,699006,0,0,13,2
5,8,3.434276e6,-1.0852162352614032,-0.8619484131774695,TIME_LIMIT,699030,0,0,19,18
5,8,3.434375e6,-1.0852047523924706,-0.8619484131774695,TIME_LIMIT,699058,0,0,5,3
5,8,3.434428e6,-1.0852047523924706,-0.8619484131774695,TIME_LIMIT,699074,0,0,3,3
5,8,3.434499e6,-1.0852009085195617,-0.8619484131774695,TIME_LIMIT,699092,0,0,4,5
5,8,3.434614e6,-1.0852009085195617,-0.8619484131774695,TIME_LIMIT,699110,0,0,12,10
5,8,3.434704e6,-1.085198557714254,-0.8619484131774695,TIME_LIMIT,699134,0,0,7,8
5,8,3.43499e6,-1.085198557714254,-0.8619484131774695,TIME_LIMIT,699160,0,0,8,6
5,8,3.435056e6,-1.0851984318532841,-0.8619484131774695,TIME_LIMIT,699188,0,0,16,3
5,8,3.43516e6,-1.0851984318532841,-0.8619484131774695,TIME_LIMIT,699210,0,0,13,5
5,8,3.435265e6,-1.0851942651380944,-0.8619484131774695,TIME_LIMIT,699236,0,0,15,4
5,8,3.435332e6,-1.0851942651380944,-0.8619484131774695,TIME_LIMIT,699257,0,0,6,11
5,8,3.43543e6,-1.0851893712963974,-0.8619484131774695,TIME_LIMIT,699278,0,0,9,4
5,8,3.435521e6,-1.0851893712963974,-0.8619484131774695,TIME_LIMIT,699307,0,0,14,6
5,8,3.435626e6,-1.0851876157273517,-0.8619484131774695,TIME_LIMIT,699327,0,0,9,1
5,8,3.435734e6,-1.0851876157273517,-0.8619484131774695,TIME_LIMIT,699351,0,0,12,12
5,8,3.435788e6,-1.085184902420004,-0.8619484131774695,TIME_LIMIT,699377,0,0,12,5
5,8,3.435947e6,-1.085184902420004,-0.8619484131774695,TIME_LIMIT,699404,0,0,11,15
5,8,3.436299e6,-1.0851799330564154,-0.8619484131774695,TIME_LIMIT,699425,0,0,9,11
5,8,3.436487e6,-1.0851799330564154,-0.8619484131774695,TIME_LIMIT,699451,0,0,18,16
5,8,3.436711e6,-1.0851779478038936,-0.8619484131774695,TIME_LIMIT,699489,0,0,19,10
5,8,3.436888e6,-1.0851779478038936,-0.8619484131774695,TIME_LIMIT,699514,0,0,11,18
5,8,3.437027e6,-1.0851778280090354,-0.8619484131774695,TIME_LIMIT,699543,0,0,14,8
5,8,3.437241e6,-1.0851778280090354,-0.8619484131774695,TIME_LIMIT,699571,0,0,10,10
5,8,3.437494e6,-1.08517746265177,-0.8619484131774695,TIME_LIMIT,699597,0,0,16,11
5,8,3.43764e6,-1.08517746265177,-0.8619484131774695,TIME_LIMIT,699617,0,0,15,9
5,8,3.437854e6,-1.0851749893250897,-0.8619484131774695,TIME_LIMIT,699649,0,0,13,4
5,8,3.437966e6,-1.0851749893250897,-0.8619484131774695,TIME_LIMIT,699665,0,0,13,21
5,8,3.43826e6,-1.0851749176733876,-0.8619484131774695,TIME_LIMIT,699702,0,0,14,9
5,8,3.438364e6,-1.0851749176733876,-0.8619484131774695,TIME_LIMIT,699727,0,0,4,11
5,8,3.438482e6,-1.0851737227393077,-0.8619484131774695,TIME_LIMIT,699749,0,0,15,7
5,8,3.438538e6,-1.0851737227393077,-0.8619484131774695,TIME_LIMIT,699768,0,0,10,22
5,8,3.438669e6,-1.0851705564287515,-0.8619484131774695,TIME_LIMIT,699791,0,0,5,8
5,8,3.438748e6,-1.0851705564287515,-0.8619484131774695,TIME_LIMIT,699817,0,0,9,8
5,8,3.438844e6,-1.0851697897624226,-0.8619484131774695,TIME_LIMIT,699840,0,0,5,3
5,8,3.438905e6,-1.0851697897624226,-0.8619484131774695,TIME_LIMIT,699860,0,0,12,7
5,8,3.438997e6,-1.085168846689524,-0.8619484131774695,TIME_LIMIT,699875,0,0,4,7
5,8,3.439224e6,-1.085168846689524,-0.8619484131774695,TIME_LIMIT,699898,0,0,12,18
5,8,3.439422e6,-1.085166660195764,-0.8619484131774695,TIME_LIMIT,699937,0,0,15,5
5,8,3.439547e6,-1.085166660195764,-0.8619484131774695,TIME_LIMIT,699957,0,0,6,10
5,8,3.439716e6,-1.0851632031841405,-0.8619484131774695,TIME_LIMIT,699991,0,0,14,5
5,8,3.439871e6,-1.0851632031841405,-0.8619484131774695,TIME_LIMIT,700019,0,0,17,16
5,8,3.440072e6,-1.0851609138639466,-0.8619484131774695,TIME_LIMIT,700048,0,0,21,11
5,8,3.440169e6,-1.0851609138639466,-0.8619484131774695,TIME_LIMIT,700063,0,0,16,8
5,8,3.440295e6,-1.0851561666193024,-0.8619484131774695,TIME_LIMIT,700091,0,0,4,3
5,8,3.440406e6,-1.0851561666193024,-0.8619484131774695,TIME_LIMIT,700109,0,0,9,7
5,8,3.440456e6,-1.0851525461522527,-0.8619484131774695,TIME_LIMIT,700132,0,0,1,4
5,8,3.440609e6,-1.0851525461522527,-0.8619484131774695,TIME_LIMIT,700155,0,0,10,8
5,8,3.440691e6,-1.0851524392375413,-0.8619484131774695,TIME_LIMIT,700170,0,0,7,9
5,8,3.440827e6,-1.0851524392375413,-0.8619484131774695,TIME_LIMIT,700193,0,0,7,7
5,8,3.440869e6,-1.0851499661217592,-0.8619484131774695,TIME_LIMIT,700209,0,0,7,3
5,8,3.440996e6,-1.0851499661217592,-0.8619484131774695,TIME_LIMIT,700234,0,0,18,10
5,8,3.441068e6,-1.085146036069578,-0.8619484131774695,TIME_LIMIT,700256,0,0,10,8
5,8,3.441152e6,-1.085146036069578,-0.8619484131774695,TIME_LIMIT,700276,0,0,9,8
5,8,3.441231e6,-1.0851443982635491,-0.8619484131774695,TIME_LIMIT,700295,0,0,6,3
5,8,3.441323e6,-1.0851443982635491,-0.8619484131774695,TIME_LIMIT,700314,0,0,13,7
5,8,3.441437e6,-1.08514275742387,-0.8619484131774695,TIME_LIMIT,700341,0,0,5,9
5,8,3.441547e6,-1.08514275742387,-0.8619484131774695,TIME_LIMIT,700365,0,0,11,13
5,8,3.441724e6,-1.0851378938736684,-0.8619484131774695,TIME_LIMIT,700389,0,0,12,9
5,8,3.441834e6,-1.0851378938736684,-0.8619484131774695,TIME_LIMIT,700408,0,0,11,16
5,8,3.441968e6,-1.0851378630547313,-0.8619484131774695,TIME_LIMIT,700442,0,0,11,7
5,8,3.442082e6,-1.0851378630547313,-0.8619484131774695,TIME_LIMIT,700465,0,0,7,13
5,8,3.442191e6,-1.0851369866756744,-0.8619484131774695,TIME_LIMIT,700475,0,0,8,10
5,8,3.442359e6,-1.0851369866756744,-0.8619484131774695,TIME_LIMIT,700491,0,0,13,14
5,8,3.442493e6,-1.0851362422188624,-0.8619484131774695,TIME_LIMIT,700513,0,0,9,3
5,8,3.442644e6,-1.0851362422188624,-0.8619484131774695,TIME_LIMIT,700540,0,0,10,10
5,8,3.442831e6,-1.0851343220421934,-0.8619484131774695,TIME_LIMIT,700562,0,0,11,5
5,8,3.443061e6,-1.0851343220421934,-0.8619484131774695,TIME_LIMIT,700582,0,0,10,9
5,8,3.44313e6,-1.0851317424399882,-0.8619484131774695,TIME_LIMIT,700597,0,0,7,3
5,8,3.443287e6,-1.0851317424399882,-0.8619484131774695,TIME_LIMIT,700619,0,0,8,19
5,8,3.44345e6,-1.0851308369200412,-0.8619484131774695,TIME_LIMIT,700646,0,0,8,8
5,8,3.443592e6,-1.0851308369200412,-0.8619484131774695,TIME_LIMIT,700667,0,0,14,10
5,8,3.443737e6,-1.085122043363024,-0.8619484131774695,TIME_LIMIT,700695,0,0,8,1
5,8,3.443865e6,-1.085122043363024,-0.8619484131774695,TIME_LIMIT,700716,0,0,6,8
5,8,3.443963e6,-1.0851191616543954,-0.8619484131774695,TIME_LIMIT,700740,0,0,5,4
5,8,3.444157e6,-1.0851191616543954,-0.8619484131774695,TIME_LIMIT,700757,0,0,6,9
5,8,3.444213e6,-1.0851176423003088,-0.8619484131774695,TIME_LIMIT,700779,0,0,7,4
5,8,3.444307e6,-1.0851176423003088,-0.8619484131774695,TIME_LIMIT,700798,0,0,11,4
5,8,3.444378e6,-1.0851154341070486,-0.8619484131774695,TIME_LIMIT,700815,0,0,3,3
5,8,3.444442e6,-1.0851154341070486,-0.8619484131774695,TIME_LIMIT,700833,0,0,12,8
5,8,3.444554e6,-1.08511340677961,-0.8619484131774695,TIME_LIMIT,700855,0,0,5,0
5,8,3.444662e6,-1.08511340677961,-0.8619484131774695,TIME_LIMIT,700877,0,0,10,9
5,8,3.444762e6,-1.0851103958239467,-0.8619484131774695,TIME_LIMIT,700901,0,0,13,7
5,8,3.444969e6,-1.0851103958239467,-0.8619484131774695,TIME_LIMIT,700928,0,0,13,18
5,8,3.445138e6,-1.085106479533847,-0.8619484131774695,TIME_LIMIT,700965,0,0,10,6
5,8,3.44528e6,-1.085106479533847,-0.8619484131774695,TIME_LIMIT,700986,0,0,19,29
5,8,3.445408e6,-1.0850975242612204,-0.8619484131774695,TIME_LIMIT,701008,0,0,9,6
5,8,3.445488e6,-1.0850975242612204,-0.8619484131774695,TIME_LIMIT,701025,0,0,9,10
5,8,3.445559e6,-1.0850958681010232,-0.8619484131774695,TIME_LIMIT,701040,0,0,4,4
5,8,3.445631e6,-1.0850958681010232,-0.8619484131774695,TIME_LIMIT,701065,0,0,13,9
5,8,3.44583e6,-1.0850955471729746,-0.8619484131774695,TIME_LIMIT,701088,0,0,1,10
5,8,3.44602e6,-1.0850955471729746,-0.8619484131774695,TIME_LIMIT,701113,0,0,15,13
5,8,3.446145e6,-1.0850861763902984,-0.8619484131774695,TIME_LIMIT,701138,0,0,14,11
5,8,3.44636e6,-1.0850861763902984,-0.8619484131774695,TIME_LIMIT,701164,0,0,22,38
5,8,3.446553e6,-1.0850850145457138,-0.8619484131774695,TIME_LIMIT,701202,0,0,14,9
5,8,3.446635e6,-1.0850850145457138,-0.8619484131774695,TIME_LIMIT,701229,0,0,19,7
5,8,3.446736e6,-1.0850824717092544,-0.8619484131774695,TIME_LIMIT,701245,0,0,11,15
5,8,3.446876e6,-1.0850824717092544,-0.8619484131774695,TIME_LIMIT,701273,0,0,16,14
5,8,3.447071e6,-1.0850793353975412,-0.8619484131774695,TIME_LIMIT,701310,0,0,13,7
5,8,3.447202e6,-1.0850793353975412,-0.8619484131774695,TIME_LIMIT,701336,0,0,30,18
5,8,3.447411e6,-1.0850776175370236,-0.8619484131774695,TIME_LIMIT,701371,0,0,10,13
5,8,3.447512e6,-1.0850776175370236,-0.8619484131774695,TIME_LIMIT,701390,0,0,4,7
5,8,3.447584e6,-1.085076630120062,-0.8619484131774695,TIME_LIMIT,701409,0,0,10,13
5,8,3.447767e6,-1.085076630120062,-0.8619484131774695,TIME_LIMIT,701432,0,0,12,23
5,8,3.447897e6,-1.085068061861627,-0.8619484131774695,TIME_LIMIT,701461,0,0,8,8
5,8,3.44812e6,-1.085068061861627,-0.8619484131774695,TIME_LIMIT,701485,0,0,9,9
5,8,3.448281e6,-1.0850669193568705,-0.8619484131774695,TIME_LIMIT,701508,0,0,14,10
5,8,3.448408e6,-1.0850669193568705,-0.8619484131774695,TIME_LIMIT,701533,0,0,10,18
5,8,3.448489e6,-1.0850669147298804,-0.8619484131774695,TIME_LIMIT,701560,0,0,18,7
5,8,3.448722e6,-1.0850669147298804,-0.8619484131774695,TIME_LIMIT,701587,0,0,8,14
5,8,3.44906e6,-1.0850629897780637,-0.8619484131774695,TIME_LIMIT,701619,0,0,13,6
5,8,3.449192e6,-1.0850629897780637,-0.8619484131774695,TIME_LIMIT,701639,0,0,1,6
5,8,3.449282e6,-1.0850626098392628,-0.8619484131774695,TIME_LIMIT,701658,0,0,1,6
5,8,3.449508e6,-1.0850626098392628,-0.8619484131774695,TIME_LIMIT,701681,0,0,18,31
5,8,3.449732e6,-1.0850538607700526,-0.8619484131774695,TIME_LIMIT,701724,0,0,16,14
5,8,3.449956e6,-1.0850538607700526,-0.8619484131774695,TIME_LIMIT,701751,0,0,5,15
5,8,3.450086e6,-1.085040881068104,-0.8619484131774695,TIME_LIMIT,701781,0,0,10,8
5,8,3.450195e6,-1.085040881068104,-0.8619484131774695,TIME_LIMIT,701799,0,0,6,10
5,8,3.450343e6,-1.0850403595750828,-0.8619484131774695,TIME_LIMIT,701830,0,0,5,8
5,8,3.450683e6,-1.0850403595750828,-0.8619484131774695,TIME_LIMIT,701854,0,0,11,18
5,8,3.450792e6,-1.0850346075441526,-0.8619484131774695,TIME_LIMIT,701881,0,0,15,6
5,8,3.45094e6,-1.0850346075441526,-0.8619484131774695,TIME_LIMIT,701911,0,0,21,15
5,8,3.451057e6,-1.0850332034711663,-0.8619484131774695,TIME_LIMIT,701937,0,0,16,13
5,8,3.451177e6,-1.0850332034711663,-0.8619484131774695,TIME_LIMIT,701967,0,0,16,17
5,8,3.451323e6,-1.0850315334125564,-0.8619484131774695,TIME_LIMIT,701993,0,0,16,17
5,8,3.451453e6,-1.0850315334125564,-0.8619484131774695,TIME_LIMIT,702012,0,0,14,7
5,8,3.451625e6,-1.0850302770173892,-0.8619484131774695,TIME_LIMIT,702049,0,0,15,14
5,8,3.451746e6,-1.0850302770173892,-0.8619484131774695,TIME_LIMIT,702073,0,0,10,12
5,8,3.451859e6,-1.085029764329572,-0.8619484131774695,TIME_LIMIT,702094,0,0,12,9
5,8,3.45209e6,-1.085029764329572,-0.8619484131774695,TIME_LIMIT,702120,0,0,16,11
5,8,3.452322e6,-1.0850241043501723,-0.8619484131774695,TIME_LIMIT,702142,0,0,12,21
5,8,3.452427e6,-1.0850241043501723,-0.8619484131774695,TIME_LIMIT,702167,0,0,12,14
5,8,3.452564e6,-1.0850217681272816,-0.8619484131774695,TIME_LIMIT,702197,0,0,8,7
5,8,3.452746e6,-1.0850217681272816,-0.8619484131774695,TIME_LIMIT,702219,0,0,13,9
5,8,3.452847e6,-1.085020519490882,-0.8619484131774695,TIME_LIMIT,702251,0,0,12,3
5,8,3.452995e6,-1.085020519490882,-0.8619484131774695,TIME_LIMIT,702276,0,0,8,10
5,8,3.453215e6,-1.0850188461120316,-0.8619484131774695,TIME_LIMIT,702310,0,0,9,9
5,8,3.453438e6,-1.0850188461120316,-0.8619484131774695,TIME_LIMIT,702343,0,0,18,25
5,8,3.453644e6,-1.0850179825263357,-0.8619484131774695,TIME_LIMIT,702369,0,0,17,29
5,8,3.453853e6,-1.0850179825263357,-0.8619484131774695,TIME_LIMIT,702404,0,0,13,16
5,8,3.453914e6,-1.0850173571938633,-0.8619484131774695,TIME_LIMIT,702423,0,0,6,5
5,8,3.45399e6,-1.0850173571938633,-0.8619484131774695,TIME_LIMIT,702443,0,0,11,8
5,8,3.454076e6,-1.085017300843346,-0.8619484131774695,TIME_LIMIT,702466,0,0,10,3
5,8,3.454299e6,-1.085017300843346,-0.8619484131774695,TIME_LIMIT,702488,0,0,19,13
5,8,3.454522e6,-1.0850164228287815,-0.8619484131774695,TIME_LIMIT,702525,0,0,17,6
5,8,3.454602e6,-1.0850164228287815,-0.8619484131774695,TIME_LIMIT,702546,0,0,8,4
5,8,3.454684e6,-1.085014983252413,-0.8619484131774695,TIME_LIMIT,702560,0,0,5,6
5,8,3.454837e6,-1.085014983252413,-0.8619484131774695,TIME_LIMIT,702579,0,0,7,13
5,8,3.455058e6,-1.0850128033879785,-0.8619484131774695,TIME_LIMIT,702616,0,0,11,14
5,8,3.455262e6,-1.0850128033879785,-0.8619484131774695,TIME_LIMIT,702647,0,0,11,7
5,8,3.455499e6,-1.0850105485300539,-0.8619484131774695,TIME_LIMIT,702671,0,0,13,6
5,8,3.455589e6,-1.0850105485300539,-0.8619484131774695,TIME_LIMIT,702689,0,0,3,6
5,8,3.455673e6,-1.0850071787146693,-0.8619484131774695,TIME_LIMIT,702707,0,0,7,1
5,8,3.455783e6,-1.0850071787146693,-0.8619484131774695,TIME_LIMIT,702723,0,0,12,14
5,8,3.455976e6,-1.0850006658371856,-0.8619484131774695,TIME_LIMIT,702757,0,0,7,6
5,8,3.456067e6,-1.0850006658371856,-0.8619484131774695,TIME_LIMIT,702777,0,0,21,11
5,8,3.456191e6,-1.0850002632405678,-0.8619484131774695,TIME_LIMIT,702812,0,0,16,6
5,8,3.456343e6,-1.0850002632405678,-0.8619484131774695,TIME_LIMIT,702837,0,0,8,10
5,8,3.456472e6,-1.0849990286333009,-0.8619484131774695,TIME_LIMIT,702865,0,0,9,10
5,8,3.456557e6,-1.0849990286333009,-0.8619484131774695,TIME_LIMIT,702883,0,0,11,8
5,8,3.456588e6,-1.0849938446848508,-0.8619484131774695,TIME_LIMIT,702896,0,0,2,2
5,8,3.45669e6,-1.0849938446848508,-0.8619484131774695,TIME_LIMIT,702918,0,0,15,19
5,8,3.456913e6,-1.0849902442522377,-0.8619484131774695,TIME_LIMIT,702947,0,0,5,4
5,8,3.457085e6,-1.0849902442522377,-0.8619484131774695,TIME_LIMIT,702967,0,0,14,9
5,8,3.457212e6,-1.084989420353212,-0.8619484131774695,TIME_LIMIT,703001,0,0,10,7
5,8,3.457304e6,-1.084989420353212,-0.8619484131774695,TIME_LIMIT,703018,0,0,9,5
5,8,3.457395e6,-1.0849805998276012,-0.8619484131774695,TIME_LIMIT,703037,0,0,7,3
5,8,3.457557e6,-1.0849805998276012,-0.8619484131774695,TIME_LIMIT,703065,0,0,11,10
5,8,3.457665e6,-1.0849796942084757,-0.8619484131774695,TIME_LIMIT,703082,0,0,9,10
5,8,3.457797e6,-1.0849796942084757,-0.8619484131774695,TIME_LIMIT,703100,0,0,8,10
5,8,3.457929e6,-1.0849777903648623,-0.8619484131774695,TIME_LIMIT,703129,0,0,11,6
5,8,3.457988e6,-1.0849777903648623,-0.8619484131774695,TIME_LIMIT,703147,0,0,6,5
5,8,3.458091e6,-1.0849755353925261,-0.8619484131774695,TIME_LIMIT,703172,0,0,3,7
5,8,3.45821e6,-1.0849755353925261,-0.8619484131774695,TIME_LIMIT,703194,0,0,5,15
5,8,3.458293e6,-1.0849754424783593,-0.8619484131774695,TIME_LIMIT,703223,0,0,7,7
5,8,3.458459e6,-1.0849754424783593,-0.8619484131774695,TIME_LIMIT,703249,0,0,15,17
5,8,3.458673e6,-1.0849749991526503,-0.8619484131774695,TIME_LIMIT,703284,0,0,14,11
5,8,3.458805e6,-1.0849749991526503,-0.8619484131774695,TIME_LIMIT,703302,0,0,11,6
5,8,3.458887e6,-1.0849689694440126,-0.8619484131774695,TIME_LIMIT,703322,0,0,9,2
5,8,3.459047e6,-1.0849689694440126,-0.8619484131774695,TIME_LIMIT,703352,0,0,10,12
5,8,3.459143e6,-1.084967428414941,-0.8619484131774695,TIME_LIMIT,703369,0,0,15,4
5,8,3.459251e6,-1.084967428414941,-0.8619484131774695,TIME_LIMIT,703394,0,0,16,27
5,8,3.459474e6,-1.084966897295114,-0.8619484131774695,TIME_LIMIT,703433,0,0,5,6
5,8,3.459603e6,-1.084966897295114,-0.8619484131774695,TIME_LIMIT,703453,0,0,16,15
5,8,3.45977e6,-1.0849665353955738,-0.8619484131774695,TIME_LIMIT,703481,0,0,12,4
5,8,3.459916e6,-1.0849665353955738,-0.8619484131774695,TIME_LIMIT,703507,0,0,15,9
5,8,3.459996e6,-1.0849462331738051,-0.8619484131774695,TIME_LIMIT,703525,0,0,12,5
5,8,3.460076e6,-1.0849462331738051,-0.8619484131774695,TIME_LIMIT,703545,0,0,17,16
5,8,3.460174e6,-1.0849376497383045,-0.8619484131774695,TIME_LIMIT,703575,0,0,12,6
5,8,3.460266e6,-1.0849376497383045,-0.8619484131774695,TIME_LIMIT,703592,0,0,8,8
5,8,3.460339e6,-1.0849277622685936,-0.8619484131774695,TIME_LIMIT,703611,0,0,5,5
5,8,3.46053e6,-1.0849277622685936,-0.8619484131774695,TIME_LIMIT,703630,0,0,20,31
5,8,3.460755e6,-1.0849272924891167,-0.8619484131774695,TIME_LIMIT,703665,0,0,12,6
5,8,3.46089e6,-1.0849272924891167,-0.8619484131774695,TIME_LIMIT,703687,0,0,13,5
5,8,3.460964e6,-1.0849263561654534,-0.8619484131774695,TIME_LIMIT,703706,0,0,8,1
5,8,3.461009e6,-1.0849263561654534,-0.8619484131774695,TIME_LIMIT,703720,0,0,9,5
5,8,3.461085e6,-1.0849246573558253,-0.8619484131774695,TIME_LIMIT,703733,0,0,6,4
5,8,3.461276e6,-1.0849246573558253,-0.8619484131774695,TIME_LIMIT,703762,0,0,16,31
5,8,3.461512e6,-1.0849234782005792,-0.8619484131774695,TIME_LIMIT,703791,0,0,7,5
5,8,3.461734e6,-1.0849234782005792,-0.8619484131774695,TIME_LIMIT,703819,0,0,23,27
5,8,3.461882e6,-1.0849217289061066,-0.8619484131774695,TIME_LIMIT,703857,0,0,9,6
5,8,3.462071e6,-1.0849217289061066,-0.8619484131774695,TIME_LIMIT,703876,0,0,22,28
5,8,3.462266e6,-1.0849208902702276,-0.8619484131774695,TIME_LIMIT,703916,0,0,22,7
5,8,3.462389e6,-1.0849208902702276,-0.8619484131774695,TIME_LIMIT,703939,0,0,12,6
5,8,3.462574e6,-1.0849056197285893,-0.8619484131774695,TIME_LIMIT,703961,0,0,15,9
5,8,3.462639e6,-1.0849056197285893,-0.8619484131774695,TIME_LIMIT,703984,0,0,7,7
5,8,3.462766e6,-1.084902799339257,-0.8619484131774695,TIME_LIMIT,704000,0,0,13,2
5,8,3.463052e6,-1.084902799339257,-0.8619484131774695,TIME_LIMIT,704032,0,0,6,10
5,8,3.463338e6,-1.0848994408184909,-0.8619484131774695,TIME_LIMIT,704057,0,0,17,10
5,8,3.463471e6,-1.0848994408184909,-0.8619484131774695,TIME_LIMIT,704076,0,0,8,15
5,8,3.463606e6,-1.0848993504268685,-0.8619484131774695,TIME_LIMIT,704113,0,0,14,9
5,8,3.46383e6,-1.0848993504268685,-0.8619484131774695,TIME_LIMIT,704141,0,0,21,12
5,8,3.464034e6,-1.0848992414681762,-0.8619484131774695,TIME_LIMIT,704170,0,0,15,11
5,8,3.464185e6,-1.0848992414681762,-0.8619484131774695,TIME_LIMIT,704191,0,0,12,11
5,8,3.46424e6,-1.084891762591603,-0.8619484131774695,TIME_LIMIT,704215,0,0,9,7
5,8,3.464317e6,-1.084891762591603,-0.8619484131774695,TIME_LIMIT,704228,0,0,5,1
5,8,3.464362e6,-1.0848916260794694,-0.8619484131774695,TIME_LIMIT,704238,0,0,5,1
5,8,3.464428e6,-1.0848916260794694,-0.8619484131774695,TIME_LIMIT,704258,0,0,14,16
5,8,3.464586e6,-1.0848906040870312,-0.8619484131774695,TIME_LIMIT,704280,0,0,8,4
5,8,3.464725e6,-1.0848906040870312,-0.8619484131774695,TIME_LIMIT,704303,0,0,13,10
5,8,3.46493e6,-1.0848888519096682,-0.8619484131774695,TIME_LIMIT,704340,0,0,13,4
5,8,3.465111e6,-1.0848888519096682,-0.8619484131774695,TIME_LIMIT,704362,0,0,13,7
5,8,3.465224e6,-1.0848886326290197,-0.8619484131774695,TIME_LIMIT,704388,0,0,9,6
5,8,3.465453e6,-1.0848886326290197,-0.8619484131774695,TIME_LIMIT,704417,0,0,20,19
5,8,3.465658e6,-1.0848729107514061,-0.8619484131774695,TIME_LIMIT,704453,0,0,12,11
5,8,3.465875e6,-1.0848729107514061,-0.8619484131774695,TIME_LIMIT,704487,0,0,17,21
5,8,3.466073e6,-1.0848710721393804,-0.8619484131774695,TIME_LIMIT,704517,0,0,17,14
5,8,3.466318e6,-1.0848710721393804,-0.8619484131774695,TIME_LIMIT,704545,0,0,17,18
5,8,3.466507e6,-1.084870464980774,-0.8619484131774695,TIME_LIMIT,704573,0,0,14,9
5,8,3.46675e6,-1.084870464980774,-0.8619484131774695,TIME_LIMIT,704596,0,0,11,8
5,8,3.466848e6,-1.084869778275745,-0.8619484131774695,TIME_LIMIT,704618,0,0,7,5
5,8,3.466964e6,-1.084869778275745,-0.8619484131774695,TIME_LIMIT,704643,0,0,17,11
5,8,3.467063e6,-1.0848647643488332,-0.8619484131774695,TIME_LIMIT,704661,0,0,7,10
5,8,3.467287e6,-1.0848647643488332,-0.8619484131774695,TIME_LIMIT,704683,0,0,13,18
5,8,3.46741e6,-1.084863209099875,-0.8619484131774695,TIME_LIMIT,704717,0,0,11,11
5,8,3.467469e6,-1.084863209099875,-0.8619484131774695,TIME_LIMIT,704741,0,0,11,16
5,8,3.467648e6,-1.0848626272230557,-0.8619484131774695,TIME_LIMIT,704767,0,0,2,9
5,8,3.467806e6,-1.0848626272230557,-0.8619484131774695,TIME_LIMIT,704797,0,0,14,12
5,8,3.467917e6,-1.084862089717706,-0.8619484131774695,TIME_LIMIT,704818,0,0,9,6
5,8,3.468072e6,-1.084862089717706,-0.8619484131774695,TIME_LIMIT,704843,0,0,12,3
5,8,3.46811e6,-1.0848600471342826,-0.8619484131774695,TIME_LIMIT,704861,0,0,6,6
5,8,3.468331e6,-1.0848600471342826,-0.8619484131774695,TIME_LIMIT,704892,0,0,14,14
5,8,3.468535e6,-1.084857747273974,-0.8619484131774695,TIME_LIMIT,704921,0,0,14,11
5,8,3.468611e6,-1.084857747273974,-0.8619484131774695,TIME_LIMIT,704938,0,0,16,13
5,8,3.468747e6,-1.0848554163464925,-0.8619484131774695,TIME_LIMIT,704974,0,0,15,10
5,8,3.468793e6,-1.0848554163464925,-0.8619484131774695,TIME_LIMIT,704990,0,0,7,6
5,8,3.468867e6,-1.0848536589812223,-0.8619484131774695,TIME_LIMIT,705006,0,0,7,4
5,8,3.468946e6,-1.0848536589812223,-0.8619484131774695,TIME_LIMIT,705027,0,0,9,6
5,8,3.469051e6,-1.0848533551533843,-0.8619484131774695,TIME_LIMIT,705050,0,0,9,3
5,8,3.469173e6,-1.0848533551533843,-0.8619484131774695,TIME_LIMIT,705078,0,0,12,19
5,8,3.469381e6,-1.0848495962379483,-0.8619484131774695,TIME_LIMIT,705109,0,0,13,13
5,8,3.469513e6,-1.0848495962379483,-0.8619484131774695,TIME_LIMIT,705132,0,0,12,5
5,8,3.469671e6,-1.0848418685933288,-0.8619484131774695,TIME_LIMIT,705153,0,0,15,8
5,8,3.469883e6,-1.0848418685933288,-0.8619484131774695,TIME_LIMIT,705174,0,0,11,26
5,8,3.470088e6,-1.0848404104832219,-0.8619484131774695,TIME_LIMIT,705211,0,0,9,12
5,8,3.470341e6,-1.0848404104832219,-0.8619484131774695,TIME_LIMIT,705240,0,0,10,11
5,8,3.470585e6,-1.084838734355274,-0.8619484131774695,TIME_LIMIT,705262,0,0,15,15
5,8,3.470726e6,-1.084838734355274,-0.8619484131774695,TIME_LIMIT,705280,0,0,13,12
5,8,3.470913e6,-1.084837224862662,-0.8619484131774695,TIME_LIMIT,705314,0,0,4,7
5,8,3.471078e6,-1.084837224862662,-0.8619484131774695,TIME_LIMIT,705340,0,0,13,7
5,8,3.471134e6,-1.0848335863595389,-0.8619484131774695,TIME_LIMIT,705359,0,0,3,4
5,8,3.471216e6,-1.0848335863595389,-0.8619484131774695,TIME_LIMIT,705377,0,0,7,5
5,8,3.471293e6,-1.0848273248203564,-0.8619484131774695,TIME_LIMIT,705402,0,0,9,6
5,8,3.471478e6,-1.0848273248203564,-0.8619484131774695,TIME_LIMIT,705432,0,0,24,23
5,8,3.471727e6,-1.0848271391982367,-0.8619484131774695,TIME_LIMIT,705467,0,0,14,12
5,8,3.471812e6,-1.0848271391982367,-0.8619484131774695,TIME_LIMIT,705488,0,0,10,5
5,8,3.471888e6,-1.0848261680859617,-0.8619484131774695,TIME_LIMIT,705507,0,0,6,2
5,8,3.471938e6,-1.0848261680859617,-0.8619484131774695,TIME_LIMIT,705528,0,0,16,9
5,8,3.472035e6,-1.0848245610289315,-0.8619484131774695,TIME_LIMIT,705551,0,0,4,3
5,8,3.472118e6,-1.0848245610289315,-0.8619484131774695,TIME_LIMIT,705574,0,0,15,15
5,8,3.472228e6,-1.0848208189779458,-0.8619484131774695,TIME_LIMIT,705604,0,0,4,7
5,8,3.47243e6,-1.0848208189779458,-0.8619484131774695,TIME_LIMIT,705630,0,0,12,8
5,8,3.472525e6,-1.0848202739272614,-0.8619484131774695,TIME_LIMIT,705650,0,0,6,7
5,8,3.472633e6,-1.0848202739272614,-0.8619484131774695,TIME_LIMIT,705667,0,0,12,7
5,8,3.472802e6,-1.0848168238322802,-0.8619484131774695,TIME_LIMIT,705689,0,0,11,2
5,8,3.472937e6,-1.0848168238322802,-0.8619484131774695,TIME_LIMIT,705710,0,0,8,26
5,8,3.473083e6,-1.0848129669461484,-0.8619484131774695,TIME_LIMIT,705739,0,0,19,12
5,8,3.473213e6,-1.0848129669461484,-0.8619484131774695,TIME_LIMIT,705762,0,0,13,9
5,8,3.473315e6,-1.08480963092656,-0.8619484131774695,TIME_LIMIT,705781,0,0,10,8
5,8,3.47359e6,-1.08480963092656,-0.8619484131774695,TIME_LIMIT,705807,0,0,18,19
5,8,3.47371e6,-1.0848078165889052,-0.8619484131774695,TIME_LIMIT,705835,0,0,3,5
5,8,3.473765e6,-1.0848078165889052,-0.8619484131774695,TIME_LIMIT,705852,0,0,11,5
5,8,3.473867e6,-1.084803767417599,-0.8619484131774695,TIME_LIMIT,705875,0,0,15,4
5,8,3.473993e6,-1.084803767417599,-0.8619484131774695,TIME_LIMIT,705895,0,0,15,16
5,8,3.47414e6,-1.0847942375422084,-0.8619484131774695,TIME_LIMIT,705923,0,0,7,5
5,8,3.474213e6,-1.0847942375422084,-0.8619484131774695,TIME_LIMIT,705938,0,0,12,10
5,8,3.474266e6,-1.0847917141643375,-0.8619484131774695,TIME_LIMIT,705958,0,0,6,1
5,8,3.474436e6,-1.0847917141643375,-0.8619484131774695,TIME_LIMIT,705980,0,0,19,13
5,8,3.474627e6,-1.0847886223103056,-0.8619484131774695,TIME_LIMIT,706010,0,0,12,6
5,8,3.474849e6,-1.0847886223103056,-0.8619484131774695,TIME_LIMIT,706031,0,0,14,21
5,8,3.475028e6,-1.0847836680832739,-0.8619484131774695,TIME_LIMIT,706068,0,0,17,8
5,8,3.475275e6,-1.0847836680832739,-0.8619484131774695,TIME_LIMIT,706101,0,0,24,21
5,8,3.475408e6,-1.0847790243970894,-0.8619484131774695,TIME_LIMIT,706130,0,0,9,9
5,8,3.475543e6,-1.0847790243970894,-0.8619484131774695,TIME_LIMIT,706154,0,0,5,11
5,8,3.475694e6,-1.0847760839831921,-0.8619484131774695,TIME_LIMIT,706173,0,0,13,3
5,8,3.47587e6,-1.0847760839831921,-0.8619484131774695,TIME_LIMIT,706198,0,0,12,9
5,8,3.475985e6,-1.0847724207711034,-0.8619484131774695,TIME_LIMIT,706221,0,0,9,2
5,8,3.476046e6,-1.0847724207711034,-0.8619484131774695,TIME_LIMIT,706242,0,0,15,16
5,8,3.476201e6,-1.0847709690920893,-0.8619484131774695,TIME_LIMIT,706276,0,0,7,9
5,8,3.476418e6,-1.0847709690920893,-0.8619484131774695,TIME_LIMIT,706296,0,0,5,13
5,8,3.476466e6,-1.0847684113062768,-0.8619484131774695,TIME_LIMIT,706312,0,0,7,1
5,8,3.476617e6,-1.0847684113062768,-0.8619484131774695,TIME_LIMIT,706338,0,0,8,11
5,8,3.47673e6,-1.084764858849652,-0.8619484131774695,TIME_LIMIT,706360,0,0,18,8
5,8,3.476822e6,-1.084764858849652,-0.8619484131774695,TIME_LIMIT,706381,0,0,14,6
5,8,3.476864e6,-1.0847618690204865,-0.8619484131774695,TIME_LIMIT,706397,0,0,7,6
5,8,3.476943e6,-1.0847618690204865,-0.8619484131774695,TIME_LIMIT,706419,0,0,12,5
5,8,3.47702e6,-1.0847613606983568,-0.8619484131774695,TIME_LIMIT,706435,0,0,6,2
5,8,3.477242e6,-1.0847613606983568,-0.8619484131774695,TIME_LIMIT,706461,0,0,18,19
5,8,3.477342e6,-1.0847606623647372,-0.8619484131774695,TIME_LIMIT,706483,0,0,10,9
5,8,3.477495e6,-1.0847606623647372,-0.8619484131774695,TIME_LIMIT,706507,0,0,9,3
5,8,3.477571e6,-1.0847595088119686,-0.8619484131774695,TIME_LIMIT,706523,0,0,7,2
5,8,3.477802e6,-1.0847595088119686,-0.8619484131774695,TIME_LIMIT,706553,0,0,17,6
5,8,3.47792e6,-1.0847584884619619,-0.8619484131774695,TIME_LIMIT,706579,0,0,11,7
5,8,3.478001e6,-1.0847584884619619,-0.8619484131774695,TIME_LIMIT,706599,0,0,14,11
5,8,3.478058e6,-1.0847565510814334,-0.8619484131774695,TIME_LIMIT,706619,0,0,9,7
5,8,3.478159e6,-1.0847565510814334,-0.8619484131774695,TIME_LIMIT,706629,0,0,10,9
5,8,3.47831e6,-1.0847533252212211,-0.8619484131774695,TIME_LIMIT,706650,0,0,7,4
5,8,3.478461e6,-1.0847533252212211,-0.8619484131774695,TIME_LIMIT,706677,0,0,15,16
5,8,3.478596e6,-1.084750906678958,-0.8619484131774695,TIME_LIMIT,706698,0,0,10,8
5,8,3.478781e6,-1.084750906678958,-0.8619484131774695,TIME_LIMIT,706725,0,0,9,15
5,8,3.47897e6,-1.0847505169038127,-0.8619484131774695,TIME_LIMIT,706748,0,0,12,4
5,8,3.479067e6,-1.0847505169038127,-0.8619484131774695,TIME_LIMIT,706767,0,0,8,9
5,8,3.479161e6,-1.084746322316619,-0.8619484131774695,TIME_LIMIT,706791,0,0,5,3
5,8,3.479384e6,-1.084746322316619,-0.8619484131774695,TIME_LIMIT,706818,0,0,16,14
5,8,3.479609e6,-1.0847462920687514,-0.8619484131774695,TIME_LIMIT,706853,0,0,12,12
5,8,3.479836e6,-1.0847462920687514,-0.8619484131774695,TIME_LIMIT,706879,0,0,11,14
5,8,3.479924e6,-1.0847423773173723,-0.8619484131774695,TIME_LIMIT,706900,0,0,7,4
5,8,3.480307e6,-1.0847423773173723,-0.8619484131774695,TIME_LIMIT,706930,0,0,15,14
5,8,3.480424e6,-1.0847411546309695,-0.8619484131774695,TIME_LIMIT,706949,0,0,6,2
5,8,3.480643e6,-1.0847411546309695,-0.8619484131774695,TIME_LIMIT,706974,0,0,23,15
5,8,3.480729e6,-1.0847394148787988,-0.8619484131774695,TIME_LIMIT,707013,0,0,5,13
5,8,3.480832e6,-1.0847394148787988,-0.8619484131774695,TIME_LIMIT,707035,0,0,11,20
5,8,3.481011e6,-1.084733377523905,-0.8619484131774695,TIME_LIMIT,707069,0,0,13,10
5,8,3.48113e6,-1.084733377523905,-0.8619484131774695,TIME_LIMIT,707092,0,0,13,11
5,8,3.481215e6,-1.084733063350913,-0.8619484131774695,TIME_LIMIT,707110,0,0,13,5
5,8,3.481355e6,-1.084733063350913,-0.8619484131774695,TIME_LIMIT,707137,0,0,7,6
5,8,3.481491e6,-1.0847297789854466,-0.8619484131774695,TIME_LIMIT,707157,0,0,3,6
5,8,3.481602e6,-1.0847297789854466,-0.8619484131774695,TIME_LIMIT,707181,0,0,13,12
5,8,3.481664e6,-1.0847165747091747,-0.8619484131774695,TIME_LIMIT,707197,0,0,5,6
5,8,3.481745e6,-1.0847165747091747,-0.8619484131774695,TIME_LIMIT,707216,0,0,7,15
5,8,3.481804e6,-1.0847158941689679,-0.8619484131774695,TIME_LIMIT,707236,0,0,8,2
5,8,3.481933e6,-1.0847158941689679,-0.8619484131774695,TIME_LIMIT,707261,0,0,8,10
5,8,3.482014e6,-1.084708429990551,-0.8619484131774695,TIME_LIMIT,707285,0,0,6,1
5,8,3.482072e6,-1.084708429990551,-0.8619484131774695,TIME_LIMIT,707304,0,0,14,11
5,8,3.482415e6,-1.084703874665851,-0.8619484131774695,TIME_LIMIT,707340,0,0,10,6
5,8,3.482607e6,-1.084703874665851,-0.8619484131774695,TIME_LIMIT,707368,0,0,9,8
5,8,3.482846e6,-1.084701878471865,-0.8619484131774695,TIME_LIMIT,707396,0,0,14,11
5,8,3.483036e6,-1.084701878471865,-0.8619484131774695,TIME_LIMIT,707421,0,0,20,19
5,8,3.48323e6,-1.0846953734550735,-0.8619484131774695,TIME_LIMIT,707446,0,0,18,13
5,8,3.483386e6,-1.0846953734550735,-0.8619484131774695,TIME_LIMIT,707468,0,0,18,15
5,8,3.483576e6,-1.0846886876539124,-0.8619484131774695,TIME_LIMIT,707499,0,0,21,6
5,8,3.483816e6,-1.0846886876539124,-0.8619484131774695,TIME_LIMIT,707522,0,0,18,14
5,8,3.484036e6,-1.0846874834059936,-0.8619484131774695,TIME_LIMIT,707553,0,0,14,14
5,8,3.48425e6,-1.0846874834059936,-0.8619484131774695,TIME_LIMIT,707590,0,0,19,17
5,8,3.484369e6,-1.0846805284904626,-0.8619484131774695,TIME_LIMIT,707613,0,0,16,18
5,8,3.48451e6,-1.0846805284904626,-0.8619484131774695,TIME_LIMIT,707640,0,0,10,8
5,8,3.484632e6,-1.084678193786266,-0.8619484131774695,TIME_LIMIT,707655,0,0,9,9
5,8,3.484735e6,-1.084678193786266,-0.8619484131774695,TIME_LIMIT,707677,0,0,12,11
5,8,3.484866e6,-1.0846738957365776,-0.8619484131774695,TIME_LIMIT,707699,0,0,10,2
5,8,3.485046e6,-1.0846738957365776,-0.8619484131774695,TIME_LIMIT,707718,0,0,9,8
5,8,3.485136e6,-1.084672469515069,-0.8619484131774695,TIME_LIMIT,707741,0,0,7,4
5,8,3.485326e6,-1.084672469515069,-0.8619484131774695,TIME_LIMIT,707770,0,0,16,15
5,8,3.485484e6,-1.0846654241760962,-0.8619484131774695,TIME_LIMIT,707794,0,0,21,13
5,8,3.485578e6,-1.0846654241760962,-0.8619484131774695,TIME_LIMIT,707814,0,0,18,20
5,8,3.485694e6,-1.0846544807029506,-0.8619484131774695,TIME_LIMIT,707840,0,0,7,12
5,8,3.485806e6,-1.0846544807029506,-0.8619484131774695,TIME_LIMIT,707865,0,0,9,4
5,8,3.485883e6,-1.0846532584854278,-0.8619484131774695,TIME_LIMIT,707888,0,0,8,15
5,8,3.486099e6,-1.0846532584854278,-0.8619484131774695,TIME_LIMIT,707920,0,0,25,12
5,8,3.486239e6,-1.0846528338088626,-0.8619484131774695,TIME_LIMIT,707940,0,0,5,10
5,8,3.486338e6,-1.0846528338088626,-0.8619484131774695,TIME_LIMIT,707965,0,0,10,4
5,8,3.486438e6,-1.0846520639860358,-0.8619484131774695,TIME_LIMIT,707979,0,0,10,3
5,8,3.486613e6,-1.0846520639860358,-0.8619484131774695,TIME_LIMIT,708003,0,0,9,10
5,8,3.486809e6,-1.0846493947359725,-0.8619484131774695,TIME_LIMIT,708028,0,0,6,5
5,8,3.486863e6,-1.0846493947359725,-0.8619484131774695,TIME_LIMIT,708045,0,0,7,10
5,8,3.486985e6,-1.0846457306266228,-0.8619484131774695,TIME_LIMIT,708068,0,0,6,4
5,8,3.487091e6,-1.0846457306266228,-0.8619484131774695,TIME_LIMIT,708087,0,0,14,14
5,8,3.487192e6,-1.0846443980799494,-0.8619484131774695,TIME_LIMIT,708106,0,0,5,4
5,8,3.487318e6,-1.0846443980799494,-0.8619484131774695,TIME_LIMIT,708136,0,0,9,10
5,8,3.487507e6,-1.0846425096904708,-0.8619484131774695,TIME_LIMIT,708166,0,0,9,9
5,8,3.487684e6,-1.0846425096904708,-0.8619484131774695,TIME_LIMIT,708198,0,0,7,12
5,8,3.487792e6,-1.0846408757701114,-0.8619484131774695,TIME_LIMIT,708216,0,0,13,17
5,8,3.487915e6,-1.0846408757701114,-0.8619484131774695,TIME_LIMIT,708237,0,0,9,7
5,8,3.488034e6,-1.0846389391911746,-0.8619484131774695,TIME_LIMIT,708257,0,0,4,9
5,8,3.488203e6,-1.0846389391911746,-0.8619484131774695,TIME_LIMIT,708278,0,0,11,11
5,8,3.488534e6,-1.0846372748587652,-0.8619484131774695,TIME_LIMIT,708300,0,0,8,5
5,8,3.488643e6,-1.0846372748587652,-0.8619484131774695,TIME_LIMIT,708326,0,0,10,3
5,8,3.488737e6,-1.0846342132230897,-0.8619484131774695,TIME_LIMIT,708344,0,0,5,6
5,8,3.488798e6,-1.0846342132230897,-0.8619484131774695,TIME_LIMIT,708357,0,0,6,5
5,8,3.488826e6,-1.0846338236152797,-0.8619484131774695,TIME_LIMIT,708359,0,0,1,0
5,8,3.488959e6,-1.0846338236152797,-0.8619484131774695,TIME_LIMIT,708385,0,0,14,22
5,8,3.489021e6,-1.084629126870519,-0.8619484131774695,TIME_LIMIT,708413,0,0,14,3
5,8,3.489142e6,-1.084629126870519,-0.8619484131774695,TIME_LIMIT,708433,0,0,18,21
5,8,3.48936e6,-1.0846269270385316,-0.8619484131774695,TIME_LIMIT,708470,0,0,9,8
5,8,3.489562e6,-1.0846269270385316,-0.8619484131774695,TIME_LIMIT,708500,0,0,9,8
5,8,3.489683e6,-1.0846266558959525,-0.8619484131774695,TIME_LIMIT,708511,0,0,7,4
5,8,3.489865e6,-1.0846266558959525,-0.8619484131774695,TIME_LIMIT,708537,0,0,19,9
5,8,3.489976e6,-1.0846262535240738,-0.8619484131774695,TIME_LIMIT,708561,0,0,12,12
5,8,3.490085e6,-1.0846262535240738,-0.8619484131774695,TIME_LIMIT,708581,0,0,16,13
5,8,3.490172e6,-1.0846164666782983,-0.8619484131774695,TIME_LIMIT,708606,0,0,9,6
5,8,3.49031e6,-1.0846164666782983,-0.8619484131774695,TIME_LIMIT,708621,0,0,11,16
5,8,3.490446e6,-1.084611676163556,-0.8619484131774695,TIME_LIMIT,708646,0,0,5,3
5,8,3.490579e6,-1.084611676163556,-0.8619484131774695,TIME_LIMIT,708666,0,0,4,9
5,8,3.490624e6,-1.0846086032603535,-0.8619484131774695,TIME_LIMIT,708684,0,0,10,6
5,8,3.490723e6,-1.0846086032603535,-0.8619484131774695,TIME_LIMIT,708710,0,0,5,7
5,8,3.490879e6,-1.0846075259902883,-0.8619484131774695,TIME_LIMIT,708732,0,0,8,4
5,8,3.491042e6,-1.0846075259902883,-0.8619484131774695,TIME_LIMIT,708760,0,0,16,9
5,8,3.491346e6,-1.0845955387395678,-0.8619484131774695,TIME_LIMIT,708785,0,0,10,3
5,8,3.49142e6,-1.0845955387395678,-0.8619484131774695,TIME_LIMIT,708805,0,0,14,12
5,8,3.491532e6,-1.0845949934336305,-0.8619484131774695,TIME_LIMIT,708829,0,0,12,6
5,8,3.491666e6,-1.0845949934336305,-0.8619484131774695,TIME_LIMIT,708849,0,0,17,13
5,8,3.491932e6,-1.0845889035386,-0.8619484131774695,TIME_LIMIT,708889,0,0,11,20
5,8,3.492084e6,-1.0845889035386,-0.8619484131774695,TIME_LIMIT,708921,0,0,6,11
5,8,3.492125e6,-1.084583123353073,-0.8619484131774695,TIME_LIMIT,708941,0,0,4,3
5,8,3.492301e6,-1.084583123353073,-0.8619484131774695,TIME_LIMIT,708965,0,0,11,5
5,8,3.492374e6,-1.0845805537378672,-0.8619484131774695,TIME_LIMIT,708986,0,0,11,8
5,8,3.492475e6,-1.0845805537378672,-0.8619484131774695,TIME_LIMIT,709009,0,0,10,8
5,8,3.492555e6,-1.084579155994404,-0.8619484131774695,TIME_LIMIT,709031,0,0,8,4
5,8,3.49263e6,-1.084579155994404,-0.8619484131774695,TIME_LIMIT,709059,0,0,9,18
5,8,3.492761e6,-1.0845776126026343,-0.8619484131774695,TIME_LIMIT,709094,0,0,7,7
5,8,3.492857e6,-1.0845776126026343,-0.8619484131774695,TIME_LIMIT,709109,0,0,15,13
5,8,3.493071e6,-1.084576938219048,-0.8619484131774695,TIME_LIMIT,709144,0,0,11,6
5,8,3.493173e6,-1.084576938219048,-0.8619484131774695,TIME_LIMIT,709165,0,0,12,13
5,8,3.493245e6,-1.084561373370664,-0.8619484131774695,TIME_LIMIT,709190,0,0,10,5
5,8,3.493426e6,-1.084561373370664,-0.8619484131774695,TIME_LIMIT,709216,0,0,17,14
5,8,3.493496e6,-1.0845599071209162,-0.8619484131774695,TIME_LIMIT,709253,0,0,16,8
5,8,3.493616e6,-1.0845599071209162,-0.8619484131774695,TIME_LIMIT,709276,0,0,10,10
5,8,3.493722e6,-1.0845596796824122,-0.8619484131774695,TIME_LIMIT,709301,0,0,5,5
5,8,3.493807e6,-1.0845596796824122,-0.8619484131774695,TIME_LIMIT,709319,0,0,2,5
5,8,3.493862e6,-1.084559214293427,-0.8619484131774695,TIME_LIMIT,709337,0,0,4,3
5,8,3.494048e6,-1.084559214293427,-0.8619484131774695,TIME_LIMIT,709363,0,0,11,6
5,8,3.494106e6,-1.0845586522727968,-0.8619484131774695,TIME_LIMIT,709381,0,0,2,1
5,8,3.49433e6,-1.0845586522727968,-0.8619484131774695,TIME_LIMIT,709405,0,0,14,14
5,8,3.494523e6,-1.0845580604680332,-0.8619484131774695,TIME_LIMIT,709432,0,0,12,6
5,8,3.494645e6,-1.0845580604680332,-0.8619484131774695,TIME_LIMIT,709452,0,0,12,16
5,8,3.494733e6,-1.084555835549843,-0.8619484131774695,TIME_LIMIT,709477,0,0,6,8
5,8,3.494852e6,-1.084555835549843,-0.8619484131774695,TIME_LIMIT,709499,0,0,8,7
5,8,3.494952e6,-1.0845542171165217,-0.8619484131774695,TIME_LIMIT,709521,0,0,11,9
5,8,3.49512e6,-1.0845542171165217,-0.8619484131774695,TIME_LIMIT,709546,0,0,11,14
5,8,3.495274e6,-1.0845519035029518,-0.8619484131774695,TIME_LIMIT,709562,0,0,8,2
5,8,3.495419e6,-1.0845519035029518,-0.8619484131774695,TIME_LIMIT,709590,0,0,15,10
5,8,3.495566e6,-1.0845501113642866,-0.8619484131774695,TIME_LIMIT,709609,0,0,16,11
5,8,3.495706e6,-1.0845501113642866,-0.8619484131774695,TIME_LIMIT,709630,0,0,13,9
5,8,3.49578e6,-1.0845453145378197,-0.8619484131774695,TIME_LIMIT,709649,0,0,6,3
5,8,3.495912e6,-1.0845453145378197,-0.8619484131774695,TIME_LIMIT,709675,0,0,12,12
5,8,3.496097e6,-1.084539857743955,-0.8619484131774695,TIME_LIMIT,709705,0,0,11,9
5,8,3.496209e6,-1.084539857743955,-0.8619484131774695,TIME_LIMIT,709727,0,0,12,10
5,8,3.496333e6,-1.084537701585865,-0.8619484131774695,TIME_LIMIT,709758,0,0,15,7
5,8,3.496435e6,-1.084537701585865,-0.8619484131774695,TIME_LIMIT,709778,0,0,9,7
5,8,3.496469e6,-1.0845356747337123,-0.8619484131774695,TIME_LIMIT,709795,0,0,5,2
5,8,3.496613e6,-1.0845356747337123,-0.8619484131774695,TIME_LIMIT,709820,0,0,20,23
5,8,3.496809e6,-1.0845338222134626,-0.8619484131774695,TIME_LIMIT,709855,0,0,12,11
5,8,3.496891e6,-1.0845338222134626,-0.8619484131774695,TIME_LIMIT,709873,0,0,18,26
5,8,3.497065e6,-1.0845316483992538,-0.8619484131774695,TIME_LIMIT,709912,0,0,14,16
5,8,3.49713e6,-1.0845316483992538,-0.8619484131774695,TIME_LIMIT,709930,0,0,11,8
5,8,3.497234e6,-1.0845303302842997,-0.8619484131774695,TIME_LIMIT,709955,0,0,6,1
5,8,3.497387e6,-1.0845303302842997,-0.8619484131774695,TIME_LIMIT,709988,0,0,15,5
5,8,3.497625e6,-1.0845292765088794,-0.8619484131774695,TIME_LIMIT,710009,0,0,10,11
5,8,3.497763e6,-1.0845292765088794,-0.8619484131774695,TIME_LIMIT,710025,0,0,18,18
5,8,3.497838e6,-1.0845237378808354,-0.8619484131774695,TIME_LIMIT,710051,0,0,5,5
5,8,3.498041e6,-1.0845237378808354,-0.8619484131774695,TIME_LIMIT,710074,0,0,17,13
5,8,3.498225e6,-1.0845143191589304,-0.8619484131774695,TIME_LIMIT,710114,0,0,13,6
5,8,3.498319e6,-1.0845143191589304,-0.8619484131774695,TIME_LIMIT,710137,0,0,13,15
5,8,3.498493e6,-1.0845118247222978,-0.8619484131774695,TIME_LIMIT,710166,0,0,8,9
5,8,3.4986e6,-1.0845118247222978,-0.8619484131774695,TIME_LIMIT,710193,0,0,19,9
5,8,3.498771e6,-1.0845076488155527,-0.8619484131774695,TIME_LIMIT,710221,0,0,8,6
5,8,3.4989e6,-1.0845076488155527,-0.8619484131774695,TIME_LIMIT,710248,0,0,13,18
5,8,3.499003e6,-1.0845074721240338,-0.8619484131774695,TIME_LIMIT,710275,0,0,13,6
5,8,3.499117e6,-1.0845074721240338,-0.8619484131774695,TIME_LIMIT,710289,0,0,9,6
5,8,3.499155e6,-1.0845028948193622,-0.8619484131774695,TIME_LIMIT,710305,0,0,6,2
5,8,3.499225e6,-1.0845028948193622,-0.8619484131774695,TIME_LIMIT,710321,0,0,7,4
5,8,3.4993e6,-1.084496740018607,-0.8619484131774695,TIME_LIMIT,710336,0,0,3,0
5,8,3.499406e6,-1.084496740018607,-0.8619484131774695,TIME_LIMIT,710360,0,0,15,17
5,8,3.499547e6,-1.08449547956274,-0.8619484131774695,TIME_LIMIT,710390,0,0,8,11
5,8,3.49966e6,-1.08449547956274,-0.8619484131774695,TIME_LIMIT,710414,0,0,20,8
5,8,3.499747e6,-1.0844878953737043,-0.8619484131774695,TIME_LIMIT,710440,0,0,9,7
5,8,3.499856e6,-1.0844878953737043,-0.8619484131774695,TIME_LIMIT,710462,0,0,15,10
5,8,3.499997e6,-1.0844842490970659,-0.8619484131774695,TIME_LIMIT,710483,0,0,4,3
5,8,3.500178e6,-1.0844842490970659,-0.8619484131774695,TIME_LIMIT,710519,0,0,19,22
5,8,3.500394e6,-1.0844831703103956,-0.8619484131774695,TIME_LIMIT,710555,0,0,8,10
5,8,3.500521e6,-1.0844831703103956,-0.8619484131774695,TIME_LIMIT,710569,0,0,6,4
5,8,3.500616e6,-1.0844821542642236,-0.8619484131774695,TIME_LIMIT,710599,0,0,3,4
5,8,3.500686e6,-1.0844821542642236,-0.8619484131774695,TIME_LIMIT,710618,0,0,11,7
5,8,3.500764e6,-1.0844789009485503,-0.8619484131774695,TIME_LIMIT,710640,0,0,10,6
5,8,3.501013e6,-1.0844789009485503,-0.8619484131774695,TIME_LIMIT,710666,0,0,13,16
5,8,3.501117e6,-1.0844787081075005,-0.8619484131774695,TIME_LIMIT,710688,0,0,9,4
5,8,3.501181e6,-1.0844787081075005,-0.8619484131774695,TIME_LIMIT,710712,0,0,9,8
5,8,3.501269e6,-1.084470485996761,-0.8619484131774695,TIME_LIMIT,710731,0,0,1,2
5,8,3.501448e6,-1.084470485996761,-0.8619484131774695,TIME_LIMIT,710755,0,0,9,8
5,8,3.501514e6,-1.0844676147646004,-0.8619484131774695,TIME_LIMIT,710773,0,0,9,0
5,8,3.50165e6,-1.0844676147646004,-0.8619484131774695,TIME_LIMIT,710797,0,0,14,9
5,8,3.501776e6,-1.0844668145526306,-0.8619484131774695,TIME_LIMIT,710816,0,0,7,12
5,8,3.501982e6,-1.0844668145526306,-0.8619484131774695,TIME_LIMIT,710838,0,0,15,21
5,8,3.502203e6,-1.084464696357195,-0.8619484131774695,TIME_LIMIT,710876,0,0,14,13
5,8,3.502308e6,-1.084464696357195,-0.8619484131774695,TIME_LIMIT,710899,0,0,9,13
5,8,3.502451e6,-1.0844585023368225,-0.8619484131774695,TIME_LIMIT,710923,0,0,12,6
5,8,3.502581e6,-1.0844585023368225,-0.8619484131774695,TIME_LIMIT,710950,0,0,22,13
5,8,3.50267e6,-1.0844499559530374,-0.8619484131774695,TIME_LIMIT,710971,0,0,11,4
5,8,3.502894e6,-1.0844499559530374,-0.8619484131774695,TIME_LIMIT,711002,0,0,21,11
5,8,3.503072e6,-1.0844440678801548,-0.8619484131774695,TIME_LIMIT,711034,0,0,11,9
5,8,3.50329e6,-1.0844440678801548,-0.8619484131774695,TIME_LIMIT,711060,0,0,15,18
5,8,3.503484e6,-1.0844429052999436,-0.8619484131774695,TIME_LIMIT,711097,0,0,11,5
5,8,3.503653e6,-1.0844429052999436,-0.8619484131774695,TIME_LIMIT,711121,0,0,14,9
5,8,3.503747e6,-1.0844399662426771,-0.8619484131774695,TIME_LIMIT,711141,0,0,13,1
5,8,3.503974e6,-1.0844399662426771,-0.8619484131774695,TIME_LIMIT,711170,0,0,8,23
5,8,3.504111e6,-1.08442968423617,-0.8619484131774695,TIME_LIMIT,711204,0,0,9,12
5,8,3.504244e6,-1.08442968423617,-0.8619484131774695,TIME_LIMIT,711230,0,0,19,16
5,8,3.504362e6,-1.0844203563039077,-0.8619484131774695,TIME_LIMIT,711252,0,0,16,4
5,8,3.504453e6,-1.0844203563039077,-0.8619484131774695,TIME_LIMIT,711273,0,0,11,7
5,8,3.504579e6,-1.0844186314131443,-0.8619484131774695,TIME_LIMIT,711295,0,0,5,3
5,8,3.504714e6,-1.0844186314131443,-0.8619484131774695,TIME_LIMIT,711323,0,0,16,4
5,8,3.504777e6,-1.0844160503844513,-0.8619484131774695,TIME_LIMIT,711343,0,0,19,9
5,8,3.504897e6,-1.0844160503844513,-0.8619484131774695,TIME_LIMIT,711361,0,0,8,11
5,8,3.505015e6,-1.084410953436634,-0.8619484131774695,TIME_LIMIT,711395,0,0,2,9
5,8,3.505092e6,-1.084410953436634,-0.8619484131774695,TIME_LIMIT,711417,0,0,14,11
5,8,3.505202e6,-1.0844096334354223,-0.8619484131774695,TIME_LIMIT,711443,0,0,12,8
5,8,3.505504e6,-1.0844096334354223,-0.8619484131774695,TIME_LIMIT,711471,0,0,13,27
5,8,3.505625e6,-1.0844047718229668,-0.8619484131774695,TIME_LIMIT,711499,0,0,15,7
5,8,3.50584e6,-1.0844047718229668,-0.8619484131774695,TIME_LIMIT,711525,0,0,14,13
5,8,3.505976e6,-1.084404110441529,-0.8619484131774695,TIME_LIMIT,711564,0,0,7,7
5,8,3.506145e6,-1.084404110441529,-0.8619484131774695,TIME_LIMIT,711587,0,0,14,13
5,8,3.506271e6,-1.08439295369891,-0.8619484131774695,TIME_LIMIT,711615,0,0,9,10
5,8,3.506325e6,-1.08439295369891,-0.8619484131774695,TIME_LIMIT,711633,0,0,12,6
5,8,3.506385e6,-1.0843922727530044,-0.8619484131774695,TIME_LIMIT,711654,0,0,6,5
5,8,3.506512e6,-1.0843922727530044,-0.8619484131774695,TIME_LIMIT,711675,0,0,17,17
5,8,3.50675e6,-1.0843894602596924,-0.8619484131774695,TIME_LIMIT,711711,0,0,9,7
5,8,3.506847e6,-1.0843894602596924,-0.8619484131774695,TIME_LIMIT,711734,0,0,12,4
5,8,3.506912e6,-1.0843889415232626,-0.8619484131774695,TIME_LIMIT,711748,0,0,2,4
5,8,3.506966e6,-1.0843889415232626,-0.8619484131774695,TIME_LIMIT,711770,0,0,17,12
5,8,3.507192e6,-1.0843866247051956,-0.8619484131774695,TIME_LIMIT,711795,0,0,14,12
5,8,3.507347e6,-1.0843866247051956,-0.8619484131774695,TIME_LIMIT,711817,0,0,10,9
5,8,3.507465e6,-1.0843865485186914,-0.8619484131774695,TIME_LIMIT,711839,0,0,4,4
5,8,3.50769e6,-1.0843865485186914,-0.8619484131774695,TIME_LIMIT,711870,0,0,19,25
5,8,3.507915e6,-1.0843861638392363,-0.8619484131774695,TIME_LIMIT,711906,0,0,10,9
5,8,3.508078e6,-1.0843861638392363,-0.8619484131774695,TIME_LIMIT,711929,0,0,20,13
5,8,3.508162e6,-1.0843770303437594,-0.8619484131774695,TIME_LIMIT,711962,0,0,6,6
5,8,3.508387e6,-1.0843770303437594,-0.8619484131774695,TIME_LIMIT,711997,0,0,12,14
5,8,3.508489e6,-1.0843717054564141,-0.8619484131774695,TIME_LIMIT,712022,0,0,4,8
5,8,3.508624e6,-1.0843717054564141,-0.8619484131774695,TIME_LIMIT,712042,0,0,15,21
5,8,3.508859e6,-1.084371036553358,-0.8619484131774695,TIME_LIMIT,712075,0,0,13,8
5,8,3.509102e6,-1.084371036553358,-0.8619484131774695,TIME_LIMIT,712099,0,0,14,9
5,8,3.509217e6,-1.084362761660437,-0.8619484131774695,TIME_LIMIT,712118,0,0,9,4
5,8,3.509299e6,-1.084362761660437,-0.8619484131774695,TIME_LIMIT,712141,0,0,14,14
5,8,3.509388e6,-1.0843624648025423,-0.8619484131774695,TIME_LIMIT,712157,0,0,7,4
5,8,3.509551e6,-1.0843624648025423,-0.8619484131774695,TIME_LIMIT,712183,0,0,9,11
5,8,3.50968e6,-1.0843575000798598,-0.8619484131774695,TIME_LIMIT,712211,0,0,7,3
5,8,3.509842e6,-1.0843575000798598,-0.8619484131774695,TIME_LIMIT,712229,0,0,17,12
5,8,3.509989e6,-1.0843554462470415,-0.8619484131774695,TIME_LIMIT,712264,0,0,13,9
5,8,3.510142e6,-1.0843554462470415,-0.8619484131774695,TIME_LIMIT,712282,0,0,14,7
5,8,3.510218e6,-1.0843502533071026,-0.8619484131774695,TIME_LIMIT,712307,0,0,12,4
5,8,3.510339e6,-1.0843502533071026,-0.8619484131774695,TIME_LIMIT,712335,0,0,13,15
5,8,3.510532e6,-1.0843468893451351,-0.8619484131774695,TIME_LIMIT,712369,0,0,15,12
5,8,3.51066e6,-1.0843468893451351,-0.8619484131774695,TIME_LIMIT,712391,0,0,5,5
5,8,3.510858e6,-1.0843406970091243,-0.8619484131774695,TIME_LIMIT,712407,0,0,13,4
5,8,3.510953e6,-1.0843406970091243,-0.8619484131774695,TIME_LIMIT,712429,0,0,11,23
5,8,3.511151e6,-1.0843401635884504,-0.8619484131774695,TIME_LIMIT,712462,0,0,6,8
5,8,3.511375e6,-1.0843401635884504,-0.8619484131774695,TIME_LIMIT,712492,0,0,24,12
5,8,3.511579e6,-1.084334663312768,-0.8619484131774695,TIME_LIMIT,712511,0,0,12,9
5,8,3.511638e6,-1.084334663312768,-0.8619484131774695,TIME_LIMIT,712531,0,0,11,6
5,8,3.511754e6,-1.0843337253820824,-0.8619484131774695,TIME_LIMIT,712549,0,0,5,1
5,8,3.51186e6,-1.0843337253820824,-0.8619484131774695,TIME_LIMIT,712573,0,0,8,17
5,8,3.511985e6,-1.0843336442808216,-0.8619484131774695,TIME_LIMIT,712611,0,0,7,10
5,8,3.512189e6,-1.0843336442808216,-0.8619484131774695,TIME_LIMIT,712642,0,0,17,12
5,8,3.512334e6,-1.0843289554448514,-0.8619484131774695,TIME_LIMIT,712667,0,0,6,7
5,8,3.512504e6,-1.0843289554448514,-0.8619484131774695,TIME_LIMIT,712688,0,0,3,8
5,8,3.512539e6,-1.0843187181697416,-0.8619484131774695,TIME_LIMIT,712699,0,0,4,1
5,8,3.512625e6,-1.0843187181697416,-0.8619484131774695,TIME_LIMIT,712719,0,0,19,12
5,8,3.512838e6,-1.0843178233784827,-0.8619484131774695,TIME_LIMIT,712751,0,0,14,6
5,8,3.512937e6,-1.0843178233784827,-0.8619484131774695,TIME_LIMIT,712776,0,0,13,17
5,8,3.513005e6,-1.0843145064915714,-0.8619484131774695,TIME_LIMIT,712805,0,0,14,14
5,8,3.513097e6,-1.0843145064915714,-0.8619484131774695,TIME_LIMIT,712827,0,0,14,10
5,8,3.513208e6,-1.0843130234217213,-0.8619484131774695,TIME_LIMIT,712846,0,0,9,7
5,8,3.513278e6,-1.0843130234217213,-0.8619484131774695,TIME_LIMIT,712868,0,0,13,10
5,8,3.513411e6,-1.0843116898036769,-0.8619484131774695,TIME_LIMIT,712897,0,0,13,11
5,8,3.513505e6,-1.0843116898036769,-0.8619484131774695,TIME_LIMIT,712921,0,0,12,8
5,8,3.513719e6,-1.0843091536382765,-0.8619484131774695,TIME_LIMIT,712943,0,0,10,7
5,8,3.513864e6,-1.0843091536382765,-0.8619484131774695,TIME_LIMIT,712968,0,0,10,8
5,8,3.513975e6,-1.084304453604002,-0.8619484131774695,TIME_LIMIT,712991,0,0,8,6
5,8,3.514026e6,-1.084304453604002,-0.8619484131774695,TIME_LIMIT,713003,0,0,5,5
5,8,3.514124e6,-1.0843039927408253,-0.8619484131774695,TIME_LIMIT,713022,0,0,5,3
5,8,3.514194e6,-1.0843039927408253,-0.8619484131774695,TIME_LIMIT,713040,0,0,9,7
5,8,3.514287e6,-1.0843030105222442,-0.8619484131774695,TIME_LIMIT,713057,0,0,9,7
5,8,3.514413e6,-1.0843030105222442,-0.8619484131774695,TIME_LIMIT,713074,0,0,8,3
5,8,3.514452e6,-1.0843028807020567,-0.8619484131774695,TIME_LIMIT,713093,0,0,5,3
5,8,3.514589e6,-1.0843028807020567,-0.8619484131774695,TIME_LIMIT,713117,0,0,10,12
5,8,3.514692e6,-1.0842972313772354,-0.8619484131774695,TIME_LIMIT,713138,0,0,7,4
5,8,3.514927e6,-1.0842972313772354,-0.8619484131774695,TIME_LIMIT,713163,0,0,6,14
5,8,3.515395e6,-1.0842955058241024,-0.8619484131774695,TIME_LIMIT,713184,0,0,11,11
5,8,3.515537e6,-1.0842955058241024,-0.8619484131774695,TIME_LIMIT,713204,0,0,9,11
5,8,3.515624e6,-1.0842954755697205,-0.8619484131774695,TIME_LIMIT,713226,0,0,11,2
5,8,3.515827e6,-1.0842954755697205,-0.8619484131774695,TIME_LIMIT,713254,0,0,17,20
5,8,3.516052e6,-1.084295028072051,-0.8619484131774695,TIME_LIMIT,713280,0,0,10,12
5,8,3.516189e6,-1.084295028072051,-0.8619484131774695,TIME_LIMIT,713302,0,0,10,12
5,8,3.516242e6,-1.0842945961689663,-0.8619484131774695,TIME_LIMIT,713318,0,0,7,1
5,8,3.516385e6,-1.0842945961689663,-0.8619484131774695,TIME_LIMIT,713338,0,0,10,7
5,8,3.516455e6,-1.0842934378526112,-0.8619484131774695,TIME_LIMIT,713356,0,0,7,1
5,8,3.516678e6,-1.0842934378526112,-0.8619484131774695,TIME_LIMIT,713383,0,0,19,11
5,8,3.516884e6,-1.084281166902597,-0.8619484131774695,TIME_LIMIT,713415,0,0,16,8
5,8,3.517007e6,-1.084281166902597,-0.8619484131774695,TIME_LIMIT,713438,0,0,9,11
5,8,3.517119e6,-1.08427227502774,-0.8619484131774695,TIME_LIMIT,713462,0,0,13,9
5,8,3.517237e6,-1.08427227502774,-0.8619484131774695,TIME_LIMIT,713489,0,0,15,15
5,8,3.517385e6,-1.0842715716309455,-0.8619484131774695,TIME_LIMIT,713518,0,0,18,12
5,8,3.517432e6,-1.0842715716309455,-0.8619484131774695,TIME_LIMIT,713537,0,0,8,5
5,8,3.51758e6,-1.0842693836447603,-0.8619484131774695,TIME_LIMIT,713554,0,0,4,4
5,8,3.517738e6,-1.0842693836447603,-0.8619484131774695,TIME_LIMIT,713580,0,0,7,19
5,8,3.517832e6,-1.0842687156212567,-0.8619484131774695,TIME_LIMIT,713604,0,0,5,4
5,8,3.517981e6,-1.0842687156212567,-0.8619484131774695,TIME_LIMIT,713636,0,0,14,17
5,8,3.518205e6,-1.0842668507722157,-0.8619484131774695,TIME_LIMIT,713665,0,0,22,9
5,8,3.518345e6,-1.0842668507722157,-0.8619484131774695,TIME_LIMIT,713694,0,0,17,10
5,8,3.518453e6,-1.0842652040101017,-0.8619484131774695,TIME_LIMIT,713722,0,0,11,8
5,8,3.518683e6,-1.0842652040101017,-0.8619484131774695,TIME_LIMIT,713749,0,0,13,12
5,8,3.518836e6,-1.08426369787523,-0.8619484131774695,TIME_LIMIT,713779,0,0,17,5
5,8,3.518975e6,-1.08426369787523,-0.8619484131774695,TIME_LIMIT,713799,0,0,9,8
5,8,3.519057e6,-1.084262061919529,-0.8619484131774695,TIME_LIMIT,713819,0,0,6,5
5,8,3.519196e6,-1.084262061919529,-0.8619484131774695,TIME_LIMIT,713846,0,0,7,23
5,8,3.519321e6,-1.0842562674155078,-0.8619484131774695,TIME_LIMIT,713881,0,0,12,12
5,8,3.519454e6,-1.0842562674155078,-0.8619484131774695,TIME_LIMIT,713908,0,0,5,13
5,8,3.519595e6,-1.0842512597562013,-0.8619484131774695,TIME_LIMIT,713940,0,0,15,9
5,8,3.519691e6,-1.0842512597562013,-0.8619484131774695,TIME_LIMIT,713962,0,0,12,12
5,8,3.519795e6,-1.0842483842065445,-0.8619484131774695,TIME_LIMIT,713982,0,0,11,4
5,8,3.519913e6,-1.0842483842065445,-0.8619484131774695,TIME_LIMIT,714005,0,0,10,7
5,8,3.519982e6,-1.0842471536024614,-0.8619484131774695,TIME_LIMIT,714023,0,0,12,2
5,8,3.520153e6,-1.0842471536024614,-0.8619484131774695,TIME_LIMIT,714045,0,0,10,16
5,8,3.520258e6,-1.0842446507852332,-0.8619484131774695,TIME_LIMIT,714066,0,0,13,8
5,8,3.520347e6,-1.0842446507852332,-0.8619484131774695,TIME_LIMIT,714079,0,0,5,6
5,8,3.520472e6,-1.084242020295108,-0.8619484131774695,TIME_LIMIT,714099,0,0,8,2
5,8,3.520648e6,-1.084242020295108,-0.8619484131774695,TIME_LIMIT,714118,0,0,9,9
5,8,3.520795e6,-1.084240781359829,-0.8619484131774695,TIME_LIMIT,714141,0,0,6,2
5,8,3.520869e6,-1.084240781359829,-0.8619484131774695,TIME_LIMIT,714162,0,0,13,7
5,8,3.520994e6,-1.0842400462210204,-0.8619484131774695,TIME_LIMIT,714185,0,0,10,9
5,8,3.521218e6,-1.0842400462210204,-0.8619484131774695,TIME_LIMIT,714201,0,0,14,9
5,8,3.521324e6,-1.0842357863183927,-0.8619484131774695,TIME_LIMIT,714231,0,0,11,7
5,8,3.521546e6,-1.0842357863183927,-0.8619484131774695,TIME_LIMIT,714258,0,0,17,18
5,8,3.521687e6,-1.0842356884161415,-0.8619484131774695,TIME_LIMIT,714284,0,0,11,15
5,8,3.521827e6,-1.0842356884161415,-0.8619484131774695,TIME_LIMIT,714309,0,0,4,17
5,8,3.521944e6,-1.0842297589752674,-0.8619484131774695,TIME_LIMIT,714334,0,0,12,2
5,8,3.522175e6,-1.0842297589752674,-0.8619484131774695,TIME_LIMIT,714363,0,0,14,17
5,8,3.522437e6,-1.084228211789974,-0.8619484131774695,TIME_LIMIT,714386,0,0,10,4
5,8,3.522553e6,-1.084228211789974,-0.8619484131774695,TIME_LIMIT,714406,0,0,15,15
5,8,3.522627e6,-1.0842230238792687,-0.8619484131774695,TIME_LIMIT,714436,0,0,10,10
5,8,3.522738e6,-1.0842230238792687,-0.8619484131774695,TIME_LIMIT,714462,0,0,8,9
5,8,3.522792e6,-1.0842220201767099,-0.8619484131774695,TIME_LIMIT,714487,0,0,12,12
5,8,3.522894e6,-1.0842220201767099,-0.8619484131774695,TIME_LIMIT,714505,0,0,12,11
5,8,3.523073e6,-1.0842204123986612,-0.8619484131774695,TIME_LIMIT,714523,0,0,7,3
5,8,3.523246e6,-1.0842204123986612,-0.8619484131774695,TIME_LIMIT,714551,0,0,16,9
5,8,3.523331e6,-1.0842170233169603,-0.8619484131774695,TIME_LIMIT,714585,0,0,11,6
5,8,3.523468e6,-1.0842170233169603,-0.8619484131774695,TIME_LIMIT,714615,0,0,20,21
5,8,3.523638e6,-1.0842109774219675,-0.8619484131774695,TIME_LIMIT,714632,0,0,10,8
5,8,3.523759e6,-1.0842109774219675,-0.8619484131774695,TIME_LIMIT,714650,0,0,10,15
5,8,3.524039e6,-1.084208750348986,-0.8619484131774695,TIME_LIMIT,714675,0,0,8,4
5,8,3.524147e6,-1.084208750348986,-0.8619484131774695,TIME_LIMIT,714699,0,0,12,10
5,8,3.524438e6,-1.0842025544598408,-0.8619484131774695,TIME_LIMIT,714715,0,0,5,12
5,8,3.524665e6,-1.0842025544598408,-0.8619484131774695,TIME_LIMIT,714736,0,0,17,30
5,8,3.52489e6,-1.0842014489958065,-0.8619484131774695,TIME_LIMIT,714775,0,0,13,12
5,8,3.525096e6,-1.0842014489958065,-0.8619484131774695,TIME_LIMIT,714803,0,0,20,16
5,8,3.525238e6,-1.0842010404000078,-0.8619484131774695,TIME_LIMIT,714825,0,0,7,16
5,8,3.525341e6,-1.0842010404000078,-0.8619484131774695,TIME_LIMIT,714854,0,0,11,11
5,8,3.525466e6,-1.0842005438630493,-0.8619484131774695,TIME_LIMIT,714878,0,0,17,13
5,8,3.525639e6,-1.0842005438630493,-0.8619484131774695,TIME_LIMIT,714908,0,0,9,18
5,8,3.525834e6,-1.0841971245206907,-0.8619484131774695,TIME_LIMIT,714929,0,0,13,12
5,8,3.526136e6,-1.0841971245206907,-0.8619484131774695,TIME_LIMIT,714957,0,0,13,17
5,8,3.526283e6,-1.0841920858621423,-0.8619484131774695,TIME_LIMIT,714980,0,0,18,10
5,8,3.526484e6,-1.0841920858621423,-0.8619484131774695,TIME_LIMIT,714996,0,0,6,9
5,8,3.526605e6,-1.0841868443834755,-0.8619484131774695,TIME_LIMIT,715022,0,0,6,2
5,8,3.526708e6,-1.0841868443834755,-0.8619484131774695,TIME_LIMIT,715044,0,0,8,9
5,8,3.526848e6,-1.0841853144365885,-0.8619484131774695,TIME_LIMIT,715059,0,0,10,13
5,8,3.527076e6,-1.0841853144365885,-0.8619484131774695,TIME_LIMIT,715086,0,0,15,15
5,8,3.527254e6,-1.0841848787136694,-0.8619484131774695,TIME_LIMIT,715121,0,0,14,7
5,8,3.527323e6,-1.0841848787136694,-0.8619484131774695,TIME_LIMIT,715148,0,0,18,22
5,8,3.527516e6,-1.0841816520863579,-0.8619484131774695,TIME_LIMIT,715185,0,0,11,9
5,8,3.527591e6,-1.0841816520863579,-0.8619484131774695,TIME_LIMIT,715203,0,0,12,7
5,8,3.527826e6,-1.0841809927276675,-0.8619484131774695,TIME_LIMIT,715226,0,0,12,3
5,8,3.528051e6,-1.0841809927276675,-0.8619484131774695,TIME_LIMIT,715250,0,0,14,19
5,8,3.528238e6,-1.0841796982388123,-0.8619484131774695,TIME_LIMIT,715288,0,0,11,4
5,8,3.528344e6,-1.0841796982388123,-0.8619484131774695,TIME_LIMIT,715303,0,0,5,2
5,8,3.528387e6,-1.0841736199104781,-0.8619484131774695,TIME_LIMIT,715319,0,0,4,2
5,8,3.528506e6,-1.0841736199104781,-0.8619484131774695,TIME_LIMIT,715344,0,0,3,12
5,8,3.528606e6,-1.0841724443824476,-0.8619484131774695,TIME_LIMIT,715365,0,0,9,7
5,8,3.528823e6,-1.0841724443824476,-0.8619484131774695,TIME_LIMIT,715385,0,0,18,14
5,8,3.529045e6,-1.084170055043506,-0.8619484131774695,TIME_LIMIT,715415,0,0,12,6
5,8,3.529293e6,-1.084170055043506,-0.8619484131774695,TIME_LIMIT,715438,0,0,16,26
5,8,3.529538e6,-1.0841660681166396,-0.8619484131774695,TIME_LIMIT,715472,0,0,6,13
5,8,3.529783e6,-1.0841660681166396,-0.8619484131774695,TIME_LIMIT,715498,0,0,15,17
5,8,3.529879e6,-1.0841651535108652,-0.8619484131774695,TIME_LIMIT,715521,0,0,15,5
5,8,3.529998e6,-1.0841651535108652,-0.8619484131774695,TIME_LIMIT,715547,0,0,11,7
5,8,3.530214e6,-1.0841569896914516,-0.8619484131774695,TIME_LIMIT,715567,0,0,14,10
5,8,3.530333e6,-1.0841569896914516,-0.8619484131774695,TIME_LIMIT,715589,0,0,14,7
5,8,3.530406e6,-1.0841553415542982,-0.8619484131774695,TIME_LIMIT,715607,0,0,9,5
5,8,3.53066e6,-1.0841553415542982,-0.8619484131774695,TIME_LIMIT,715637,0,0,23,21
5,8,3.530836e6,-1.084145752251269,-0.8619484131774695,TIME_LIMIT,715668,0,0,13,4
5,8,3.531085e6,-1.084145752251269,-0.8619484131774695,TIME_LIMIT,715695,0,0,26,25
5,8,3.531331e6,-1.0841397735785556,-0.8619484131774695,TIME_LIMIT,715731,0,0,17,10
5,8,3.531476e6,-1.0841397735785556,-0.8619484131774695,TIME_LIMIT,715749,0,0,4,6
5,8,3.53155e6,-1.08413977281842,-0.8619484131774695,TIME_LIMIT,715766,0,0,10,2
5,8,3.531797e6,-1.08413977281842,-0.8619484131774695,TIME_LIMIT,715787,0,0,10,8
5,8,3.531977e6,-1.084139713444975,-0.8619484131774695,TIME_LIMIT,715819,0,0,19,5
5,8,3.532144e6,-1.084139713444975,-0.8619484131774695,TIME_LIMIT,715848,0,0,21,17
5,8,3.53241e6,-1.0841388541260841,-0.8619484131774695,TIME_LIMIT,715882,0,0,12,6
5,8,3.532637e6,-1.0841388541260841,-0.8619484131774695,TIME_LIMIT,715904,0,0,18,12
5,8,3.532813e6,-1.0841379786096912,-0.8619484131774695,TIME_LIMIT,715946,0,0,14,12
5,8,3.532955e6,-1.0841379786096912,-0.8619484131774695,TIME_LIMIT,715974,0,0,15,10
5,8,3.533053e6,-1.0841323324830767,-0.8619484131774695,TIME_LIMIT,715995,0,0,10,9
5,8,3.533113e6,-1.0841323324830767,-0.8619484131774695,TIME_LIMIT,716016,0,0,18,6
5,8,3.533277e6,-1.084129862927333,-0.8619484131774695,TIME_LIMIT,716038,0,0,16,10
5,8,3.533363e6,-1.084129862927333,-0.8619484131774695,TIME_LIMIT,716060,0,0,2,3
5,8,3.533393e6,-1.0841293463686807,-0.8619484131774695,TIME_LIMIT,716072,0,0,4,3
5,8,3.533523e6,-1.0841293463686807,-0.8619484131774695,TIME_LIMIT,716092,0,0,11,6
5,8,3.533749e6,-1.0841271039375158,-0.8619484131774695,TIME_LIMIT,716117,0,0,9,5
5,8,3.533811e6,-1.0841271039375158,-0.8619484131774695,TIME_LIMIT,716133,0,0,6,13
5,8,3.533913e6,-1.0841269855109115,-0.8619484131774695,TIME_LIMIT,716159,0,0,8,6
5,8,3.534098e6,-1.0841269855109115,-0.8619484131774695,TIME_LIMIT,716182,0,0,11,14
5,8,3.534183e6,-1.0841212416398025,-0.8619484131774695,TIME_LIMIT,716202,0,0,13,4
5,8,3.534302e6,-1.0841212416398025,-0.8619484131774695,TIME_LIMIT,716214,0,0,8,5
5,8,3.534351e6,-1.0841186303565027,-0.8619484131774695,TIME_LIMIT,716231,0,0,5,3
5,8,3.53446e6,-1.0841186303565027,-0.8619484131774695,TIME_LIMIT,716257,0,0,7,18
5,8,3.534609e6,-1.0841157579483216,-0.8619484131774695,TIME_LIMIT,716284,0,0,15,5
5,8,3.534669e6,-1.0841157579483216,-0.8619484131774695,TIME_LIMIT,716304,0,0,10,11
5,8,3.534774e6,-1.0841143468526155,-0.8619484131774695,TIME_LIMIT,716330,0,0,10,3
5,8,3.534965e6,-1.0841143468526155,-0.8619484131774695,TIME_LIMIT,716356,0,0,10,8
5,8,3.535038e6,-1.0841137818430406,-0.8619484131774695,TIME_LIMIT,716380,0,0,5,4
5,8,3.53522e6,-1.0841137818430406,-0.8619484131774695,TIME_LIMIT,716407,0,0,12,8
5,8,3.535336e6,-1.084111305184582,-0.8619484131774695,TIME_LIMIT,716427,0,0,11,4
5,8,3.535453e6,-1.084111305184582,-0.8619484131774695,TIME_LIMIT,716456,0,0,13,14
5,8,3.53557e6,-1.0841064921016033,-0.8619484131774695,TIME_LIMIT,716482,0,0,8,10
5,8,3.535792e6,-1.0841064921016033,-0.8619484131774695,TIME_LIMIT,716513,0,0,19,7
5,8,3.535999e6,-1.0841062455574528,-0.8619484131774695,TIME_LIMIT,716538,0,0,11,13
5,8,3.53613e6,-1.0841062455574528,-0.8619484131774695,TIME_LIMIT,716554,0,0,9,16
5,8,3.536199e6,-1.0841015486822276,-0.8619484131774695,TIME_LIMIT,716576,0,0,9,5
5,8,3.536284e6,-1.0841015486822276,-0.8619484131774695,TIME_LIMIT,716592,0,0,10,8
5,8,3.536349e6,-1.0841009688947083,-0.8619484131774695,TIME_LIMIT,716610,0,0,4,2
5,8,3.536574e6,-1.0841009688947083,-0.8619484131774695,TIME_LIMIT,716641,0,0,19,20
5,8,3.536716e6,-1.0840972445567336,-0.8619484131774695,TIME_LIMIT,716674,0,0,8,7
5,8,3.536954e6,-1.0840972445567336,-0.8619484131774695,TIME_LIMIT,716699,0,0,10,20
5,8,3.537154e6,-1.084089464219569,-0.8619484131774695,TIME_LIMIT,716734,0,0,11,12
5,8,3.537279e6,-1.084089464219569,-0.8619484131774695,TIME_LIMIT,716757,0,0,20,15
5,8,3.537445e6,-1.084089067480987,-0.8619484131774695,TIME_LIMIT,716792,0,0,12,11
5,8,3.537672e6,-1.084089067480987,-0.8619484131774695,TIME_LIMIT,716816,0,0,15,10
5,8,3.537767e6,-1.0840887767012977,-0.8619484131774695,TIME_LIMIT,716838,0,0,6,10
5,8,3.53796e6,-1.0840887767012977,-0.8619484131774695,TIME_LIMIT,716872,0,0,9,21
5,8,3.538131e6,-1.0840887124762382,-0.8619484131774695,TIME_LIMIT,716907,0,0,11,12
5,8,3.538236e6,-1.0840887124762382,-0.8619484131774695,TIME_LIMIT,716931,0,0,17,7
5,8,3.538361e6,-1.0840878138838466,-0.8619484131774695,TIME_LIMIT,716959,0,0,8,4
5,8,3.538429e6,-1.0840878138838466,-0.8619484131774695,TIME_LIMIT,716981,0,0,14,13
5,8,3.538563e6,-1.0840822087675501,-0.8619484131774695,TIME_LIMIT,717009,0,0,11,5
5,8,3.538699e6,-1.0840822087675501,-0.8619484131774695,TIME_LIMIT,717040,0,0,17,17
5,8,3.538914e6,-1.0840821612878715,-0.8619484131774695,TIME_LIMIT,717080,0,0,9,8
5,8,3.538985e6,-1.0840821612878715,-0.8619484131774695,TIME_LIMIT,717102,0,0,9,10
5,8,3.539091e6,-1.0840807592293449,-0.8619484131774695,TIME_LIMIT,717129,0,0,10,5
5,8,3.539185e6,-1.0840807592293449,-0.8619484131774695,TIME_LIMIT,717147,0,0,6,13
5,8,3.539229e6,-1.0840771566125111,-0.8619484131774695,TIME_LIMIT,717165,0,0,7,1
5,8,3.539455e6,-1.0840771566125111,-0.8619484131774695,TIME_LIMIT,717190,0,0,21,28
5,8,3.539843e6,-1.084076512479537,-0.8619484131774695,TIME_LIMIT,717232,0,0,16,16
5,8,3.539951e6,-1.084076512479537,-0.8619484131774695,TIME_LIMIT,717251,0,0,10,3
5,8,3.540022e6,-1.0840751252752518,-0.8619484131774695,TIME_LIMIT,717268,0,0,8,3
5,8,3.540201e6,-1.0840751252752518,-0.8619484131774695,TIME_LIMIT,717299,0,0,9,21
5,8,3.540307e6,-1.0840742303736224,-0.8619484131774695,TIME_LIMIT,717328,0,0,13,5
5,8,3.540399e6,-1.0840742303736224,-0.8619484131774695,TIME_LIMIT,717347,0,0,10,6
5,8,3.540477e6,-1.0840706767975175,-0.8619484131774695,TIME_LIMIT,717369,0,0,5,5
5,8,3.540522e6,-1.0840706767975175,-0.8619484131774695,TIME_LIMIT,717384,0,0,8,6
5,8,3.540608e6,-1.0840665598750943,-0.8619484131774695,TIME_LIMIT,717400,0,0,8,3
5,8,3.540697e6,-1.0840665598750943,-0.8619484131774695,TIME_LIMIT,717419,0,0,12,7
5,8,3.540778e6,-1.084064191888654,-0.8619484131774695,TIME_LIMIT,717441,0,0,10,2
5,8,3.540947e6,-1.084064191888654,-0.8619484131774695,TIME_LIMIT,717465,0,0,13,26
5,8,3.541101e6,-1.0840635458300958,-0.8619484131774695,TIME_LIMIT,717495,0,0,19,5
5,8,3.541306e6,-1.0840635458300958,-0.8619484131774695,TIME_LIMIT,717514,0,0,10,2
5,8,3.541409e6,-1.0840635215214063,-0.8619484131774695,TIME_LIMIT,717537,0,0,4,2
5,8,3.541657e6,-1.0840635215214063,-0.8619484131774695,TIME_LIMIT,717566,0,0,25,28
5,8,3.541903e6,-1.0840618884628563,-0.8619484131774695,TIME_LIMIT,717603,0,0,16,7
5,8,3.542027e6,-1.0840618884628563,-0.8619484131774695,TIME_LIMIT,717626,0,0,6,8
5,8,3.542112e6,-1.0840570047296003,-0.8619484131774695,TIME_LIMIT,717654,0,0,9,4
5,8,3.54222e6,-1.0840570047296003,-0.8619484131774695,TIME_LIMIT,717668,0,0,12,13
5,8,3.542358e6,-1.0840544584798861,-0.8619484131774695,TIME_LIMIT,717702,0,0,9,8
5,8,3.542472e6,-1.0840544584798861,-0.8619484131774695,TIME_LIMIT,717726,0,0,7,5
5,8,3.542527e6,-1.084051896688377,-0.8619484131774695,TIME_LIMIT,717748,0,0,6,5
5,8,3.542668e6,-1.084051896688377,-0.8619484131774695,TIME_LIMIT,717774,0,0,20,27
5,8,3.542888e6,-1.084049445259003,-0.8619484131774695,TIME_LIMIT,717810,0,0,5,15
5,8,3.54302e6,-1.084049445259003,-0.8619484131774695,TIME_LIMIT,717829,0,0,15,6
5,8,3.543148e6,-1.0840483479516898,-0.8619484131774695,TIME_LIMIT,717849,0,0,13,8
5,8,3.543341e6,-1.0840483479516898,-0.8619484131774695,TIME_LIMIT,717873,0,0,10,23
5,8,3.543569e6,-1.0840453582156249,-0.8619484131774695,TIME_LIMIT,717911,0,0,16,14
5,8,3.54379e6,-1.0840453582156249,-0.8619484131774695,TIME_LIMIT,717934,0,0,9,18
5,8,3.543919e6,-1.0840428179359942,-0.8619484131774695,TIME_LIMIT,717969,0,0,15,11
5,8,3.544144e6,-1.0840428179359942,-0.8619484131774695,TIME_LIMIT,718000,0,0,16,7
5,8,3.544219e6,-1.0840360657654924,-0.8619484131774695,TIME_LIMIT,718016,0,0,11,5
5,8,3.544572e6,-1.0840360657654924,-0.8619484131774695,TIME_LIMIT,718041,0,0,9,20
5,8,3.544787e6,-1.084035823543637,-0.8619484131774695,TIME_LIMIT,718066,0,0,10,8
5,8,3.544937e6,-1.084035823543637,-0.8619484131774695,TIME_LIMIT,718080,0,0,5,6
5,8,3.544981e6,-1.0840351437666562,-0.8619484131774695,TIME_LIMIT,718092,0,0,4,1
5,8,3.545041e6,-1.0840351437666562,-0.8619484131774695,TIME_LIMIT,718115,0,0,11,7
5,8,3.545184e6,-1.084031502136923,-0.8619484131774695,TIME_LIMIT,718138,0,0,10,19
5,8,3.545353e6,-1.084031502136923,-0.8619484131774695,TIME_LIMIT,718166,0,0,8,18
5,8,3.545559e6,-1.0840286781550474,-0.8619484131774695,TIME_LIMIT,718198,0,0,5,7
5,8,3.545725e6,-1.0840286781550474,-0.8619484131774695,TIME_LIMIT,718222,0,0,9,8
5,8,3.545974e6,-1.0840270923193502,-0.8619484131774695,TIME_LIMIT,718258,0,0,16,11
5,8,3.54617e6,-1.0840270923193502,-0.8619484131774695,TIME_LIMIT,718279,0,0,15,19
5,8,3.54631e6,-1.0840265696373996,-0.8619484131774695,TIME_LIMIT,718312,0,0,6,5
5,8,3.546419e6,-1.0840265696373996,-0.8619484131774695,TIME_LIMIT,718329,0,0,10,11
5,8,3.546507e6,-1.084023085988865,-0.8619484131774695,TIME_LIMIT,718351,0,0,10,2
5,8,3.546661e6,-1.084023085988865,-0.8619484131774695,TIME_LIMIT,718365,0,0,6,6
5,8,3.546726e6,-1.0840187982612548,-0.8619484131774695,TIME_LIMIT,718380,0,0,5,3
5,8,3.546827e6,-1.0840187982612548,-0.8619484131774695,TIME_LIMIT,718401,0,0,11,11
5,8,3.546985e6,-1.0840181710459005,-0.8619484131774695,TIME_LIMIT,718430,0,0,8,7
5,8,3.547265e6,-1.0840181710459005,-0.8619484131774695,TIME_LIMIT,718450,0,0,14,12
5,8,3.547398e6,-1.0840168607463192,-0.8619484131774695,TIME_LIMIT,718488,0,0,8,10
5,8,3.54762e6,-1.0840168607463192,-0.8619484131774695,TIME_LIMIT,718512,0,0,11,11
5,8,3.547761e6,-1.084012938014297,-0.8619484131774695,TIME_LIMIT,718531,0,0,9,7
5,8,3.547999e6,-1.084012938014297,-0.8619484131774695,TIME_LIMIT,718558,0,0,19,12
5,8,3.548132e6,-1.0840119765539595,-0.8619484131774695,TIME_LIMIT,718577,0,0,9,4
5,8,3.548314e6,-1.0840119765539595,-0.8619484131774695,TIME_LIMIT,718604,0,0,12,25
5,8,3.548639e6,-1.0840114960502827,-0.8619484131774695,TIME_LIMIT,718629,0,0,9,13
5,8,3.548719e6,-1.0840114960502827,-0.8619484131774695,TIME_LIMIT,718650,0,0,12,7
5,8,3.54889e6,-1.084002009703578,-0.8619484131774695,TIME_LIMIT,718675,0,0,10,6
5,8,3.549034e6,-1.084002009703578,-0.8619484131774695,TIME_LIMIT,718697,0,0,14,6
5,8,3.549293e6,-1.0840011875416007,-0.8619484131774695,TIME_LIMIT,718731,0,0,4,9
5,8,3.549416e6,-1.0840011875416007,-0.8619484131774695,TIME_LIMIT,718755,0,0,13,7
5,8,3.549472e6,-1.083996975213803,-0.8619484131774695,TIME_LIMIT,718773,0,0,13,9
5,8,3.549635e6,-1.083996975213803,-0.8619484131774695,TIME_LIMIT,718800,0,0,15,18
5,8,3.54986e6,-1.0839968084330573,-0.8619484131774695,TIME_LIMIT,718825,0,0,18,14
5,8,3.550099e6,-1.0839968084330573,-0.8619484131774695,TIME_LIMIT,718860,0,0,14,17
5,8,3.550189e6,-1.0839908451323703,-0.8619484131774695,TIME_LIMIT,718880,0,0,9,8
5,8,3.550436e6,-1.0839908451323703,-0.8619484131774695,TIME_LIMIT,718905,0,0,13,15
5,8,3.550539e6,-1.0839903630264773,-0.8619484131774695,TIME_LIMIT,718925,0,0,9,6
5,8,3.550666e6,-1.0839903630264773,-0.8619484131774695,TIME_LIMIT,718947,0,0,10,14
5,8,3.550821e6,-1.0839881641225242,-0.8619484131774695,TIME_LIMIT,718981,0,0,7,4
5,8,3.551045e6,-1.0839881641225242,-0.8619484131774695,TIME_LIMIT,719006,0,0,21,16
5,8,3.551253e6,-1.0839861978829222,-0.8619484131774695,TIME_LIMIT,719025,0,0,14,21
5,8,3.551391e6,-1.0839861978829222,-0.8619484131774695,TIME_LIMIT,719045,0,0,8,13
5,8,3.551519e6,-1.0839806521280835,-0.8619484131774695,TIME_LIMIT,719078,0,0,6,7
5,8,3.551643e6,-1.0839806521280835,-0.8619484131774695,TIME_LIMIT,719103,0,0,15,13
5,8,3.551748e6,-1.0839754878367391,-0.8619484131774695,TIME_LIMIT,719122,0,0,11,9
5,8,3.551835e6,-1.0839754878367391,-0.8619484131774695,TIME_LIMIT,719138,0,0,8,12
5,8,3.55206e6,-1.0839680418800548,-0.8619484131774695,TIME_LIMIT,719166,0,0,8,8
5,8,3.552287e6,-1.0839680418800548,-0.8619484131774695,TIME_LIMIT,719187,0,0,13,14
5,8,3.552369e6,-1.083958058854203,-0.8619484131774695,TIME_LIMIT,719212,0,0,10,9
5,8,3.552545e6,-1.083958058854203,-0.8619484131774695,TIME_LIMIT,719240,0,0,15,10
5,8,3.552767e6,-1.0839574533655068,-0.8619484131774695,TIME_LIMIT,719268,0,0,8,14
5,8,3.552958e6,-1.0839574533655068,-0.8619484131774695,TIME_LIMIT,719290,0,0,5,13
5,8,3.55305e6,-1.0839553318115833,-0.8619484131774695,TIME_LIMIT,719310,0,0,8,14
5,8,3.553169e6,-1.0839553318115833,-0.8619484131774695,TIME_LIMIT,719328,0,0,9,10
5,8,3.553207e6,-1.0839424707578835,-0.8619484131774695,TIME_LIMIT,719342,0,0,4,7
5,8,3.553366e6,-1.0839424707578835,-0.8619484131774695,TIME_LIMIT,719370,0,0,19,13
5,8,3.553499e6,-1.0839398969816063,-0.8619484131774695,TIME_LIMIT,719398,0,0,18,9
5,8,3.553644e6,-1.0839398969816063,-0.8619484131774695,TIME_LIMIT,719410,0,0,9,17
5,8,3.553776e6,-1.0839380294919996,-0.8619484131774695,TIME_LIMIT,719441,0,0,1,9
5,8,3.553865e6,-1.0839380294919996,-0.8619484131774695,TIME_LIMIT,719471,0,0,5,14
5,8,3.553973e6,-1.0839377022126397,-0.8619484131774695,TIME_LIMIT,719491,0,0,14,10
5,8,3.554089e6,-1.0839377022126397,-0.8619484131774695,TIME_LIMIT,719502,0,0,9,8
5,8,3.554252e6,-1.083930642237803,-0.8619484131774695,TIME_LIMIT,719528,0,0,10,6
5,8,3.554424e6,-1.083930642237803,-0.8619484131774695,TIME_LIMIT,719555,0,0,10,5
5,8,3.55454e6,-1.0839297281197346,-0.8619484131774695,TIME_LIMIT,719576,0,0,10,9
5,8,3.554764e6,-1.0839297281197346,-0.8619484131774695,TIME_LIMIT,719597,0,0,16,17
5,8,3.554971e6,-1.083927873250274,-0.8619484131774695,TIME_LIMIT,719631,0,0,16,15
5,8,3.555084e6,-1.083927873250274,-0.8619484131774695,TIME_LIMIT,719656,0,0,19,8
5,8,3.555333e6,-1.083924123497883,-0.8619484131774695,TIME_LIMIT,719681,0,0,18,10
5,8,3.555565e6,-1.083924123497883,-0.8619484131774695,TIME_LIMIT,719703,0,0,11,14
5,8,3.555661e6,-1.0839229692542216,-0.8619484131774695,TIME_LIMIT,719726,0,0,11,1
5,8,3.555739e6,-1.0839229692542216,-0.8619484131774695,TIME_LIMIT,719746,0,0,10,22
5,8,3.555908e6,-1.0839207136412075,-0.8619484131774695,TIME_LIMIT,719780,0,0,9,7
5,8,3.556028e6,-1.0839207136412075,-0.8619484131774695,TIME_LIMIT,719801,0,0,12,18
5,8,3.556143e6,-1.0839197305827832,-0.8619484131774695,TIME_LIMIT,719830,0,0,9,5
5,8,3.556277e6,-1.0839197305827832,-0.8619484131774695,TIME_LIMIT,719857,0,0,15,16
5,8,3.556365e6,-1.083910107208681,-0.8619484131774695,TIME_LIMIT,719881,0,0,9,5
5,8,3.556511e6,-1.083910107208681,-0.8619484131774695,TIME_LIMIT,719900,0,0,16,9
5,8,3.556632e6,-1.083909176915916,-0.8619484131774695,TIME_LIMIT,719920,0,0,4,4
5,8,3.556858e6,-1.083909176915916,-0.8619484131774695,TIME_LIMIT,719950,0,0,16,17
5,8,3.557215e6,-1.083907450768561,-0.8619484131774695,TIME_LIMIT,719975,0,0,18,15
5,8,3.55744e6,-1.083907450768561,-0.8619484131774695,TIME_LIMIT,720008,0,0,16,37
5,8,3.55762e6,-1.0839045944733137,-0.8619484131774695,TIME_LIMIT,720038,0,0,10,17
5,8,3.557805e6,-1.0839045944733137,-0.8619484131774695,TIME_LIMIT,720063,0,0,4,14
5,8,3.557914e6,-1.0839043722992665,-0.8619484131774695,TIME_LIMIT,720089,0,0,11,3
5,8,3.558177e6,-1.0839043722992665,-0.8619484131774695,TIME_LIMIT,720115,0,0,16,29
5,8,3.558369e6,-1.0839041690596392,-0.8619484131774695,TIME_LIMIT,720141,0,0,10,6
5,8,3.558456e6,-1.0839041690596392,-0.8619484131774695,TIME_LIMIT,720160,0,0,9,7
5,8,3.558595e6,-1.083901622135928,-0.8619484131774695,TIME_LIMIT,720176,0,0,7,4
5,8,3.55868e6,-1.083901622135928,-0.8619484131774695,TIME_LIMIT,720191,0,0,8,16
5,8,3.558803e6,-1.0839000164533408,-0.8619484131774695,TIME_LIMIT,720216,0,0,5,5
5,8,3.558892e6,-1.0839000164533408,-0.8619484131774695,TIME_LIMIT,720237,0,0,11,16
5,8,3.55898e6,-1.0838892525797683,-0.8619484131774695,TIME_LIMIT,720265,0,0,11,4
5,8,3.559064e6,-1.0838892525797683,-0.8619484131774695,TIME_LIMIT,720280,0,0,12,10
5,8,3.559201e6,-1.0838886805265604,-0.8619484131774695,TIME_LIMIT,720302,0,0,5,3
5,8,3.559379e6,-1.0838886805265604,-0.8619484131774695,TIME_LIMIT,720328,0,0,6,9
5,8,3.559533e6,-1.083888156359434,-0.8619484131774695,TIME_LIMIT,720363,0,0,6,12
5,8,3.559715e6,-1.083888156359434,-0.8619484131774695,TIME_LIMIT,720385,0,0,22,13
5,8,3.559903e6,-1.0838861091570415,-0.8619484131774695,TIME_LIMIT,720421,0,0,11,4
5,8,3.560115e6,-1.0838861091570415,-0.8619484131774695,TIME_LIMIT,720436,0,0,6,17
5,8,3.560393e6,-1.0838836092001962,-0.8619484131774695,TIME_LIMIT,720469,0,0,15,10
5,8,3.560467e6,-1.0838836092001962,-0.8619484131774695,TIME_LIMIT,720487,0,0,7,10
5,8,3.560499e6,-1.0838805166129875,-0.8619484131774695,TIME_LIMIT,720504,0,0,4,2
5,8,3.560609e6,-1.0838805166129875,-0.8619484131774695,TIME_LIMIT,720523,0,0,8,4
5,8,3.560648e6,-1.0838757233339456,-0.8619484131774695,TIME_LIMIT,720529,0,0,2,5
5,8,3.560788e6,-1.0838757233339456,-0.8619484131774695,TIME_LIMIT,720554,0,0,17,12
5,8,3.560968e6,-1.083871662689618,-0.8619484131774695,TIME_LIMIT,720571,0,0,7,6
5,8,3.561049e6,-1.083871662689618,-0.8619484131774695,TIME_LIMIT,720597,0,0,11,9
5,8,3.561136e6,-1.0838665145299777,-0.8619484131774695,TIME_LIMIT,720614,0,0,6,10
5,8,3.561272e6,-1.0838665145299777,-0.8619484131774695,TIME_LIMIT,720633,0,0,13,11
5,8,3.561393e6,-1.0838597475707212,-0.8619484131774695,TIME_LIMIT,720661,0,0,15,1
5,8,3.561561e6,-1.0838597475707212,-0.8619484131774695,TIME_LIMIT,720694,0,0,19,11
5,8,3.5618e6,-1.0838572462014224,-0.8619484131774695,TIME_LIMIT,720718,0,0,17,14
5,8,3.562002e6,-1.0838572462014224,-0.8619484131774695,TIME_LIMIT,720742,0,0,18,18
5,8,3.562186e6,-1.0838557890223028,-0.8619484131774695,TIME_LIMIT,720776,0,0,15,8
5,8,3.562379e6,-1.0838557890223028,-0.8619484131774695,TIME_LIMIT,720800,0,0,20,17
5,8,3.56248e6,-1.083853352132592,-0.8619484131774695,TIME_LIMIT,720828,0,0,12,6
5,8,3.562623e6,-1.083853352132592,-0.8619484131774695,TIME_LIMIT,720849,0,0,9,9
5,8,3.562691e6,-1.0838457918947042,-0.8619484131774695,TIME_LIMIT,720858,0,0,5,3
5,8,3.562756e6,-1.0838457918947042,-0.8619484131774695,TIME_LIMIT,720869,0,0,10,11
5,8,3.562796e6,-1.0838415899139293,-0.8619484131774695,TIME_LIMIT,720885,0,0,5,3
5,8,3.563024e6,-1.0838415899139293,-0.8619484131774695,TIME_LIMIT,720913,0,0,15,12
5,8,3.563183e6,-1.0838386166107306,-0.8619484131774695,TIME_LIMIT,720945,0,0,19,10
5,8,3.563357e6,-1.0838386166107306,-0.8619484131774695,TIME_LIMIT,720972,0,0,17,5
5,8,3.563516e6,-1.0838304562297179,-0.8619484131774695,TIME_LIMIT,720989,0,0,7,10
5,8,3.563694e6,-1.0838304562297179,-0.8619484131774695,TIME_LIMIT,721019,0,0,13,11
5,8,3.563968e6,-1.0838299318265467,-0.8619484131774695,TIME_LIMIT,721044,0,0,9,15
5,8,3.564099e6,-1.0838299318265467,-0.8619484131774695,TIME_LIMIT,721069,0,0,9,8
5,8,3.564241e6,-1.0838219609976365,-0.8619484131774695,TIME_LIMIT,721090,0,0,9,3
5,8,3.564329e6,-1.0838219609976365,-0.8619484131774695,TIME_LIMIT,721106,0,0,8,8
5,8,3.564375e6,-1.0838210381856965,-0.8619484131774695,TIME_LIMIT,721114,0,0,3,5
5,8,3.564601e6,-1.0838210381856965,-0.8619484131774695,TIME_LIMIT,721139,0,0,17,16
5,8,3.56476e6,-1.08381641459184,-0.8619484131774695,TIME_LIMIT,721159,0,0,4,5
5,8,3.564976e6,-1.08381641459184,-0.8619484131774695,TIME_LIMIT,721184,0,0,18,16
5,8,3.565176e6,-1.0838091630149573,-0.8619484131774695,TIME_LIMIT,721224,0,0,10,11
5,8,3.565398e6,-1.0838091630149573,-0.8619484131774695,TIME_LIMIT,721252,0,0,19,17
5,8,3.56555e6,-1.0838081694797324,-0.8619484131774695,TIME_LIMIT,721276,0,0,14,11
5,8,3.565641e6,-1.0838081694797324,-0.8619484131774695,TIME_LIMIT,721296,0,0,12,6
5,8,3.565679e6,-1.0838074322420974,-0.8619484131774695,TIME_LIMIT,721313,0,0,7,2
5,8,3.565753e6,-1.0838074322420974,-0.8619484131774695,TIME_LIMIT,721339,0,0,17,3
5,8,3.565883e6,-1.0838058142943319,-0.8619484131774695,TIME_LIMIT,721356,0,0,11,5
5,8,3.566103e6,-1.0838058142943319,-0.8619484131774695,TIME_LIMIT,721383,0,0,19,14
5,8,3.566237e6,-1.0838024544608222,-0.8619484131774695,TIME_LIMIT,721413,0,0,13,8
5,8,3.566288e6,-1.0838024544608222,-0.8619484131774695,TIME_LIMIT,721432,0,0,11,4
5,8,3.566496e6,-1.083799248272912,-0.8619484131774695,TIME_LIMIT,721447,0,0,6,2
5,8,3.566662e6,-1.083799248272912,-0.8619484131774695,TIME_LIMIT,721482,0,0,11,14
5,8,3.566762e6,-1.0837980819832032,-0.8619484131774695,TIME_LIMIT,721504,0,0,14,7
5,8,3.566805e6,-1.0837980819832032,-0.8619484131774695,TIME_LIMIT,721519,0,0,7,3
5,8,3.566939e6,-1.0837980272940553,-0.8619484131774695,TIME_LIMIT,721543,0,0,7,7
5,8,3.566993e6,-1.0837980272940553,-0.8619484131774695,TIME_LIMIT,721565,0,0,8,8
5,8,3.567116e6,-1.0837906624927642,-0.8619484131774695,TIME_LIMIT,721591,0,0,11,6
5,8,3.567214e6,-1.0837906624927642,-0.8619484131774695,TIME_LIMIT,721610,0,0,12,8
5,8,3.567321e6,-1.083788771957522,-0.8619484131774695,TIME_LIMIT,721629,0,0,10,5
5,8,3.567457e6,-1.083788771957522,-0.8619484131774695,TIME_LIMIT,721651,0,0,12,8
5,8,3.567581e6,-1.0837848262408918,-0.8619484131774695,TIME_LIMIT,721684,0,0,13,7
5,8,3.567719e6,-1.0837848262408918,-0.8619484131774695,TIME_LIMIT,721707,0,0,6,9
5,8,3.56785e6,-1.0837820410430923,-0.8619484131774695,TIME_LIMIT,721730,0,0,9,4
5,8,3.567936e6,-1.0837820410430923,-0.8619484131774695,TIME_LIMIT,721752,0,0,7,10
5,8,3.568049e6,-1.083781862908285,-0.8619484131774695,TIME_LIMIT,721764,0,0,8,2
5,8,3.568194e6,-1.083781862908285,-0.8619484131774695,TIME_LIMIT,721788,0,0,14,9
5,8,3.568264e6,-1.0837818375106636,-0.8619484131774695,TIME_LIMIT,721805,0,0,9,7
5,8,3.568359e6,-1.0837818375106636,-0.8619484131774695,TIME_LIMIT,721826,0,0,16,18
5,8,3.56848e6,-1.083778487227149,-0.8619484131774695,TIME_LIMIT,721850,0,0,11,6
5,8,3.56858e6,-1.083778487227149,-0.8619484131774695,TIME_LIMIT,721875,0,0,11,14
5,8,3.568734e6,-1.0837774793898163,-0.8619484131774695,TIME_LIMIT,721888,0,0,5,4
5,8,3.568795e6,-1.0837774793898163,-0.8619484131774695,TIME_LIMIT,721899,0,0,4,5
5,8,3.568824e6,-1.0837738539594333,-0.8619484131774695,TIME_LIMIT,721901,0,0,1,0
5,8,3.569029e6,-1.0837738539594333,-0.8619484131774695,TIME_LIMIT,721927,0,0,22,22
5,8,3.569237e6,-1.083772109200622,-0.8619484131774695,TIME_LIMIT,721964,0,0,16,11
5,8,3.569339e6,-1.083772109200622,-0.8619484131774695,TIME_LIMIT,721982,0,0,15,19
5,8,3.569396e6,-1.083769641832386,-0.8619484131774695,TIME_LIMIT,722004,0,0,7,1
5,8,3.569468e6,-1.083769641832386,-0.8619484131774695,TIME_LIMIT,722031,0,0,14,7
5,8,3.569575e6,-1.0837678077099058,-0.8619484131774695,TIME_LIMIT,722048,0,0,6,4
5,8,3.569674e6,-1.0837678077099058,-0.8619484131774695,TIME_LIMIT,722064,0,0,10,6
5,8,3.569832e6,-1.0837663626939191,-0.8619484131774695,TIME_LIMIT,722100,0,0,11,11
5,8,3.570006e6,-1.0837663626939191,-0.8619484131774695,TIME_LIMIT,722125,0,0,17,14
5,8,3.570191e6,-1.0837642964754375,-0.8619484131774695,TIME_LIMIT,722160,0,0,12,6
5,8,3.570336e6,-1.0837642964754375,-0.8619484131774695,TIME_LIMIT,722180,0,0,9,5
5,8,3.570386e6,-1.0837630808521235,-0.8619484131774695,TIME_LIMIT,722195,0,0,6,1
5,8,3.570531e6,-1.0837630808521235,-0.8619484131774695,TIME_LIMIT,722222,0,0,16,9
5,8,3.570673e6,-1.083762441062719,-0.8619484131774695,TIME_LIMIT,722237,0,0,14,7
5,8,3.570834e6,-1.083762441062719,-0.8619484131774695,TIME_LIMIT,722265,0,0,11,4
5,8,3.571058e6,-1.0837604585384835,-0.8619484131774695,TIME_LIMIT,722285,0,0,17,8
5,8,3.571156e6,-1.0837604585384835,-0.8619484131774695,TIME_LIMIT,722307,0,0,8,4
5,8,3.571212e6,-1.0837575794318133,-0.8619484131774695,TIME_LIMIT,722321,0,0,6,8
5,8,3.571463e6,-1.0837575794318133,-0.8619484131774695,TIME_LIMIT,722344,0,0,9,7
5,8,3.571713e6,-1.083754100278608,-0.8619484131774695,TIME_LIMIT,722373,0,0,12,8
5,8,3.571841e6,-1.083754100278608,-0.8619484131774695,TIME_LIMIT,722396,0,0,9,12
5,8,3.57199e6,-1.0837522487085876,-0.8619484131774695,TIME_LIMIT,722421,0,0,11,6
5,8,3.572115e6,-1.0837522487085876,-0.8619484131774695,TIME_LIMIT,722439,0,0,17,11
5,8,3.572236e6,-1.0837485242318554,-0.8619484131774695,TIME_LIMIT,722465,0,0,7,3
5,8,3.572416e6,-1.0837485242318554,-0.8619484131774695,TIME_LIMIT,722485,0,0,7,3
5,8,3.572466e6,-1.0837463351283319,-0.8619484131774695,TIME_LIMIT,722507,0,0,10,4
5,8,3.572603e6,-1.0837463351283319,-0.8619484131774695,TIME_LIMIT,722527,0,0,13,15
5,8,3.57274e6,-1.0837386605148354,-0.8619484131774695,TIME_LIMIT,722553,0,0,9,7
5,8,3.572966e6,-1.0837386605148354,-0.8619484131774695,TIME_LIMIT,722581,0,0,9,16
5,8,3.573082e6,-1.0837300431953936,-0.8619484131774695,TIME_LIMIT,722604,0,0,11,5
5,8,3.573182e6,-1.0837300431953936,-0.8619484131774695,TIME_LIMIT,722630,0,0,11,8
5,8,3.573369e6,-1.0837268442908523,-0.8619484131774695,TIME_LIMIT,722659,0,0,12,11
5,8,3.573493e6,-1.0837268442908523,-0.8619484131774695,TIME_LIMIT,722688,0,0,14,10
5,8,3.57365e6,-1.0837215594551948,-0.8619484131774695,TIME_LIMIT,722708,0,0,11,13
5,8,3.573735e6,-1.0837215594551948,-0.8619484131774695,TIME_LIMIT,722719,0,0,7,8
5,8,3.573783e6,-1.0837212546811743,-0.8619484131774695,TIME_LIMIT,722736,0,0,4,3
5,8,3.573927e6,-1.0837212546811743,-0.8619484131774695,TIME_LIMIT,722768,0,0,15,12
5,8,3.574112e6,-1.0837201361646036,-0.8619484131774695,TIME_LIMIT,722795,0,0,7,6
5,8,3.574288e6,-1.0837201361646036,-0.8619484131774695,TIME_LIMIT,722825,0,0,14,18
5,8,3.574511e6,-1.0837184064892198,-0.8619484131774695,TIME_LIMIT,722860,0,0,10,11
5,8,3.574594e6,-1.0837184064892198,-0.8619484131774695,TIME_LIMIT,722878,0,0,7,6
5,8,3.574623e6,-1.0837123422700905,-0.8619484131774695,TIME_LIMIT,722887,0,0,2,3
5,8,3.574744e6,-1.0837123422700905,-0.8619484131774695,TIME_LIMIT,722911,0,0,16,4
5,8,3.574796e6,-1.0837107841528943,-0.8619484131774695,TIME_LIMIT,722927,0,0,12,5
5,8,3.575026e6,-1.0837107841528943,-0.8619484131774695,TIME_LIMIT,722957,0,0,21,14
5,8,3.575249e6,-1.0837081693012185,-0.8619484131774695,TIME_LIMIT,722983,0,0,17,11
5,8,3.575367e6,-1.0837081693012185,-0.8619484131774695,TIME_LIMIT,723006,0,0,13,8
5,8,3.575545e6,-1.0837063616482612,-0.8619484131774695,TIME_LIMIT,723029,0,0,13,9
5,8,3.575634e6,-1.0837063616482612,-0.8619484131774695,TIME_LIMIT,723056,0,0,25,25
5,8,3.575863e6,-1.0837015757326325,-0.8619484131774695,TIME_LIMIT,723095,0,0,9,6
5,8,3.575941e6,-1.0837015757326325,-0.8619484131774695,TIME_LIMIT,723116,0,0,11,11
5,8,3.576028e6,-1.0836943906136534,-0.8619484131774695,TIME_LIMIT,723141,0,0,7,3
5,8,3.576136e6,-1.0836943906136534,-0.8619484131774695,TIME_LIMIT,723164,0,0,15,7
5,8,3.576179e6,-1.083694313655044,-0.8619484131774695,TIME_LIMIT,723181,0,0,5,4
5,8,3.576289e6,-1.083694313655044,-0.8619484131774695,TIME_LIMIT,723206,0,0,11,5
5,8,3.576404e6,-1.0836847413108937,-0.8619484131774695,TIME_LIMIT,723226,0,0,6,6
5,8,3.576571e6,-1.0836847413108937,-0.8619484131774695,TIME_LIMIT,723253,0,0,23,16
5,8,3.576717e6,-1.0836835042082216,-0.8619484131774695,TIME_LIMIT,723278,0,0,6,10
5,8,3.576863e6,-1.0836835042082216,-0.8619484131774695,TIME_LIMIT,723295,0,0,16,24
5,8,3.576991e6,-1.0836834108886513,-0.8619484131774695,TIME_LIMIT,723326,0,0,12,6
5,8,3.577106e6,-1.0836834108886513,-0.8619484131774695,TIME_LIMIT,723344,0,0,9,7
5,8,3.577155e6,-1.0836817506958574,-0.8619484131774695,TIME_LIMIT,723364,0,0,6,5
5,8,3.577264e6,-1.0836817506958574,-0.8619484131774695,TIME_LIMIT,723390,0,0,11,14
5,8,3.577355e6,-1.0836809252658641,-0.8619484131774695,TIME_LIMIT,723411,0,0,15,10
5,8,3.577546e6,-1.0836809252658641,-0.8619484131774695,TIME_LIMIT,723438,0,0,11,8
5,8,3.57776e6,-1.0836797457967722,-0.8619484131774695,TIME_LIMIT,723457,0,0,7,7
5,8,3.577907e6,-1.0836797457967722,-0.8619484131774695,TIME_LIMIT,723481,0,0,13,8
5,8,3.577968e6,-1.0836792654998546,-0.8619484131774695,TIME_LIMIT,723496,0,0,5,5
5,8,3.578066e6,-1.0836792654998546,-0.8619484131774695,TIME_LIMIT,723514,0,0,8,5
5,8,3.578197e6,-1.0836763948489028,-0.8619484131774695,TIME_LIMIT,723540,0,0,7,4
5,8,3.578281e6,-1.0836763948489028,-0.8619484131774695,TIME_LIMIT,723554,0,0,10,5
5,8,3.578356e6,-1.0836760057394161,-0.8619484131774695,TIME_LIMIT,723585,0,0,9,5
5,8,3.578466e6,-1.0836760057394161,-0.8619484131774695,TIME_LIMIT,723613,0,0,11,13
5,8,3.578575e6,-1.0836750840785394,-0.8619484131774695,TIME_LIMIT,723638,0,0,8,3
5,8,3.578671e6,-1.0836750840785394,-0.8619484131774695,TIME_LIMIT,723658,0,0,10,10
5,8,3.578766e6,-1.0836651190590783,-0.8619484131774695,TIME_LIMIT,723682,0,0,14,2
5,8,3.578993e6,-1.0836651190590783,-0.8619484131774695,TIME_LIMIT,723705,0,0,11,18
5,8,3.579146e6,-1.0836607449494409,-0.8619484131774695,TIME_LIMIT,723735,0,0,18,5
5,8,3.57924e6,-1.0836607449494409,-0.8619484131774695,TIME_LIMIT,723752,0,0,7,10
5,8,3.579321e6,-1.0836600925834792,-0.8619484131774695,TIME_LIMIT,723775,0,0,7,4
5,8,3.579515e6,-1.0836600925834792,-0.8619484131774695,TIME_LIMIT,723800,0,0,9,18
5,8,3.579621e6,-1.0836585115449848,-0.8619484131774695,TIME_LIMIT,723825,0,0,11,10
5,8,3.57978e6,-1.0836585115449848,-0.8619484131774695,TIME_LIMIT,723844,0,0,19,11
5,8,3.580005e6,-1.0836533244626911,-0.8619484131774695,TIME_LIMIT,723878,0,0,16,10
5,8,3.580134e6,-1.0836533244626911,-0.8619484131774695,TIME_LIMIT,723904,0,0,9,6
5,8,3.580258e6,-1.0836510994589768,-0.8619484131774695,TIME_LIMIT,723920,0,0,6,6
5,8,3.580415e6,-1.0836510994589768,-0.8619484131774695,TIME_LIMIT,723950,0,0,20,16
5,8,3.580641e6,-1.0836491033012385,-0.8619484131774695,TIME_LIMIT,723979,0,0,11,10
5,8,3.580715e6,-1.0836491033012385,-0.8619484131774695,TIME_LIMIT,724001,0,0,14,7
5,8,3.580843e6,-1.0836463044639042,-0.8619484131774695,TIME_LIMIT,724015,0,0,5,4
5,8,3.581019e6,-1.0836463044639042,-0.8619484131774695,TIME_LIMIT,724045,0,0,16,14
5,8,3.581134e6,-1.0836432253261583,-0.8619484131774695,TIME_LIMIT,724071,0,0,15,10
5,8,3.581184e6,-1.0836432253261583,-0.8619484131774695,TIME_LIMIT,724086,0,0,9,9
5,8,3.581344e6,-1.0836420915047356,-0.8619484131774695,TIME_LIMIT,724107,0,0,8,4
5,8,3.581547e6,-1.0836420915047356,-0.8619484131774695,TIME_LIMIT,724137,0,0,16,11
5,8,3.581626e6,-1.083635221898227,-0.8619484131774695,TIME_LIMIT,724166,0,0,4,11
5,8,3.581832e6,-1.083635221898227,-0.8619484131774695,TIME_LIMIT,724196,0,0,11,10
5,8,3.581967e6,-1.0836328565799886,-0.8619484131774695,TIME_LIMIT,724222,0,0,14,9
5,8,3.582129e6,-1.0836328565799886,-0.8619484131774695,TIME_LIMIT,724246,0,0,18,19
5,8,3.582287e6,-1.0836299492363612,-0.8619484131774695,TIME_LIMIT,724268,0,0,12,3
5,8,3.58241e6,-1.0836299492363612,-0.8619484131774695,TIME_LIMIT,724293,0,0,12,4
5,8,3.582636e6,-1.0836288298356513,-0.8619484131774695,TIME_LIMIT,724323,0,0,11,9
5,8,3.582827e6,-1.0836288298356513,-0.8619484131774695,TIME_LIMIT,724343,0,0,20,22
5,8,3.582922e6,-1.0836254001012855,-0.8619484131774695,TIME_LIMIT,724377,0,0,6,7
5,8,3.583118e6,-1.0836254001012855,-0.8619484131774695,TIME_LIMIT,724392,0,0,6,11
5,8,3.583344e6,-1.0836246570923795,-0.8619484131774695,TIME_LIMIT,724419,0,0,10,8
5,8,3.583465e6,-1.0836246570923795,-0.8619484131774695,TIME_LIMIT,724442,0,0,11,13
5,8,3.583585e6,-1.0836230888247003,-0.8619484131774695,TIME_LIMIT,724470,0,0,5,4
5,8,3.583808e6,-1.0836230888247003,-0.8619484131774695,TIME_LIMIT,724491,0,0,18,44
5,8,3.584035e6,-1.0836223239376856,-0.8619484131774695,TIME_LIMIT,724530,0,0,19,9
5,8,3.584136e6,-1.0836223239376856,-0.8619484131774695,TIME_LIMIT,724553,0,0,10,14
5,8,3.584233e6,-1.0836180946464231,-0.8619484131774695,TIME_LIMIT,724579,0,0,14,5
5,8,3.58435e6,-1.0836180946464231,-0.8619484131774695,TIME_LIMIT,724602,0,0,10,15
5,8,3.58446e6,-1.0836133063290272,-0.8619484131774695,TIME_LIMIT,724622,0,0,12,7
5,8,3.584686e6,-1.0836133063290272,-0.8619484131774695,TIME_LIMIT,724643,0,0,10,15
5,8,3.584897e6,-1.083606171863937,-0.8619484131774695,TIME_LIMIT,724675,0,0,5,6
5,8,3.585131e6,-1.083606171863937,-0.8619484131774695,TIME_LIMIT,724696,0,0,13,12
5,8,3.58538e6,-1.0836058110252837,-0.8619484131774695,TIME_LIMIT,724717,0,0,19,11
5,8,3.585494e6,-1.0836058110252837,-0.8619484131774695,TIME_LIMIT,724747,0,0,16,11
5,8,3.5856e6,-1.0836057686566665,-0.8619484131774695,TIME_LIMIT,724768,0,0,12,6
5,8,3.585808e6,-1.0836057686566665,-0.8619484131774695,TIME_LIMIT,724786,0,0,17,32
5,8,3.58596e6,-1.0836029189493392,-0.8619484131774695,TIME_LIMIT,724819,0,0,8,4
5,8,3.586187e6,-1.0836029189493392,-0.8619484131774695,TIME_LIMIT,724845,0,0,9,9
5,8,3.586241e6,-1.0836002449411295,-0.8619484131774695,TIME_LIMIT,724858,0,0,6,6
5,8,3.586375e6,-1.0836002449411295,-0.8619484131774695,TIME_LIMIT,724887,0,0,14,15
5,8,3.58658e6,-1.0835939852366514,-0.8619484131774695,TIME_LIMIT,724920,0,0,9,9
5,8,3.586683e6,-1.0835939852366514,-0.8619484131774695,TIME_LIMIT,724935,0,0,5,5
5,8,3.586711e6,-1.0835935329211521,-0.8619484131774695,TIME_LIMIT,724946,0,0,1,1
5,8,3.586796e6,-1.0835935329211521,-0.8619484131774695,TIME_LIMIT,724971,0,0,14,12
5,8,3.586881e6,-1.0835934734095498,-0.8619484131774695,TIME_LIMIT,724993,0,0,11,7
5,8,3.58703e6,-1.0835934734095498,-0.8619484131774695,TIME_LIMIT,725019,0,0,13,16
5,8,3.587126e6,-1.0835908680697686,-0.8619484131774695,TIME_LIMIT,725044,0,0,4,6
5,8,3.587321e6,-1.0835908680697686,-0.8619484131774695,TIME_LIMIT,725066,0,0,19,33
5,8,3.587551e6,-1.083590528099851,-0.8619484131774695,TIME_LIMIT,725102,0,0,9,9
5,8,3.587729e6,-1.083590528099851,-0.8619484131774695,TIME_LIMIT,725127,0,0,16,21
5,8,3.587857e6,-1.0835864956146002,-0.8619484131774695,TIME_LIMIT,725158,0,0,14,8
5,8,3.588086e6,-1.0835864956146002,-0.8619484131774695,TIME_LIMIT,725185,0,0,15,13
5,8,3.588287e6,-1.0835850043877109,-0.8619484131774695,TIME_LIMIT,725207,0,0,10,13
5,8,3.58835e6,-1.0835850043877109,-0.8619484131774695,TIME_LIMIT,725227,0,0,12,1
5,8,3.588509e6,-1.0835848619696846,-0.8619484131774695,TIME_LIMIT,725246,0,0,7,5
5,8,3.588676e6,-1.0835848619696846,-0.8619484131774695,TIME_LIMIT,725275,0,0,16,16
5,8,3.588849e6,-1.0835830482064044,-0.8619484131774695,TIME_LIMIT,725303,0,0,12,11
5,8,3.588976e6,-1.0835830482064044,-0.8619484131774695,TIME_LIMIT,725320,0,0,13,28
5,8,3.589132e6,-1.083580010404059,-0.8619484131774695,TIME_LIMIT,725346,0,0,9,8
5,8,3.589359e6,-1.083580010404059,-0.8619484131774695,TIME_LIMIT,725370,0,0,10,8
5,8,3.58953e6,-1.0835794740776135,-0.8619484131774695,TIME_LIMIT,725398,0,0,11,5
5,8,3.589773e6,-1.0835794740776135,-0.8619484131774695,TIME_LIMIT,725427,0,0,10,8
5,8,3.590018e6,-1.0835778010058177,-0.8619484131774695,TIME_LIMIT,725460,0,0,16,10
5,8,3.590131e6,-1.0835778010058177,-0.8619484131774695,TIME_LIMIT,725484,0,0,8,8
5,8,3.590237e6,-1.0835768524544809,-0.8619484131774695,TIME_LIMIT,725505,0,0,6,6
5,8,3.590445e6,-1.0835768524544809,-0.8619484131774695,TIME_LIMIT,725539,0,0,9,16
5,8,3.590569e6,-1.0835746775029242,-0.8619484131774695,TIME_LIMIT,725555,0,0,11,7
5,8,3.590651e6,-1.0835746775029242,-0.8619484131774695,TIME_LIMIT,725579,0,0,12,16
5,8,3.590841e6,-1.083572690117465,-0.8619484131774695,TIME_LIMIT,725607,0,0,7,3
5,8,3.590986e6,-1.083572690117465,-0.8619484131774695,TIME_LIMIT,725632,0,0,10,18
5,8,3.591219e6,-1.0835721147656643,-0.8619484131774695,TIME_LIMIT,725670,0,0,10,13
5,8,3.591314e6,-1.0835721147656643,-0.8619484131774695,TIME_LIMIT,725690,0,0,8,5
5,8,3.591375e6,-1.0835705262358988,-0.8619484131774695,TIME_LIMIT,725704,0,0,4,2
5,8,3.591475e6,-1.0835705262358988,-0.8619484131774695,TIME_LIMIT,725719,0,0,6,9
5,8,3.591579e6,-1.0835689554324746,-0.8619484131774695,TIME_LIMIT,725738,0,0,5,3
5,8,3.591623e6,-1.0835689554324746,-0.8619484131774695,TIME_LIMIT,725756,0,0,10,16
5,8,3.59167e6,-1.083560914028396,-0.8619484131774695,TIME_LIMIT,725771,0,0,6,4
5,8,3.591828e6,-1.083560914028396,-0.8619484131774695,TIME_LIMIT,725794,0,0,13,10
5,8,3.591902e6,-1.0835567333084173,-0.8619484131774695,TIME_LIMIT,725813,0,0,4,8
5,8,3.592008e6,-1.0835567333084173,-0.8619484131774695,TIME_LIMIT,725827,0,0,3,11
5,8,3.592089e6,-1.0835514893446836,-0.8619484131774695,TIME_LIMIT,725847,0,0,3,6
5,8,3.592195e6,-1.0835514893446836,-0.8619484131774695,TIME_LIMIT,725868,0,0,16,22
5,8,3.592347e6,-1.0835487276044868,-0.8619484131774695,TIME_LIMIT,725902,0,0,6,9
5,8,3.592563e6,-1.0835487276044868,-0.8619484131774695,TIME_LIMIT,725932,0,0,18,16
5,8,3.592781e6,-1.083547888765076,-0.8619484131774695,TIME_LIMIT,725955,0,0,11,5
5,8,3.592902e6,-1.083547888765076,-0.8619484131774695,TIME_LIMIT,725973,0,0,10,16
5,8,3.593132e6,-1.0835469009608278,-0.8619484131774695,TIME_LIMIT,726007,0,0,11,8
5,8,3.593239e6,-1.0835469009608278,-0.8619484131774695,TIME_LIMIT,726028,0,0,8,9
5,8,3.593317e6,-1.0835394885832597,-0.8619484131774695,TIME_LIMIT,726059,0,0,11,9
5,8,3.593588e6,-1.0835394885832597,-0.8619484131774695,TIME_LIMIT,726085,0,0,15,29
5,8,3.593728e6,-1.083536320438959,-0.8619484131774695,TIME_LIMIT,726118,0,0,12,7
5,8,3.593844e6,-1.083536320438959,-0.8619484131774695,TIME_LIMIT,726133,0,0,15,15
5,8,3.593957e6,-1.0835356859136098,-0.8619484131774695,TIME_LIMIT,726160,0,0,11,7
5,8,3.594127e6,-1.0835356859136098,-0.8619484131774695,TIME_LIMIT,726183,0,0,17,7
5,8,3.594191e6,-1.0835338307003084,-0.8619484131774695,TIME_LIMIT,726197,0,0,6,4
5,8,3.594349e6,-1.0835338307003084,-0.8619484131774695,TIME_LIMIT,726226,0,0,18,13
5,8,3.594574e6,-1.083533410740684,-0.8619484131774695,TIME_LIMIT,726255,0,0,12,3
5,8,3.594695e6,-1.083533410740684,-0.8619484131774695,TIME_LIMIT,726284,0,0,10,12
5,8,3.594913e6,-1.083531871945909,-0.8619484131774695,TIME_LIMIT,726309,0,0,17,9
5,8,3.594973e6,-1.083531871945909,-0.8619484131774695,TIME_LIMIT,726331,0,0,8,12
5,8,3.595162e6,-1.0835269329054578,-0.8619484131774695,TIME_LIMIT,726368,0,0,15,13
5,8,3.59528e6,-1.0835269329054578,-0.8619484131774695,TIME_LIMIT,726389,0,0,18,16
5,8,3.595453e6,-1.0835217026138273,-0.8619484131774695,TIME_LIMIT,726427,0,0,14,8
5,8,3.595673e6,-1.0835217026138273,-0.8619484131774695,TIME_LIMIT,726452,0,0,16,19
5,8,3.595801e6,-1.0835174676670007,-0.8619484131774695,TIME_LIMIT,726477,0,0,15,12
5,8,3.595997e6,-1.0835174676670007,-0.8619484131774695,TIME_LIMIT,726506,0,0,15,23
5,8,3.59616e6,-1.0835054113731668,-0.8619484131774695,TIME_LIMIT,726523,0,0,14,10
5,8,3.596203e6,-1.0835054113731668,-0.8619484131774695,TIME_LIMIT,726539,0,0,8,8
5,8,3.596314e6,-1.0834957795617872,-0.8619484131774695,TIME_LIMIT,726558,0,0,6,4
5,8,3.596502e6,-1.0834957795617872,-0.8619484131774695,TIME_LIMIT,726582,0,0,8,7
5,8,3.596596e6,-1.08348451573245,-0.8619484131774695,TIME_LIMIT,726598,0,0,14,11
5,8,3.596765e6,-1.08348451573245,-0.8619484131774695,TIME_LIMIT,726620,0,0,16,15
5,8,3.596985e6,-1.0834831175497763,-0.8619484131774695,TIME_LIMIT,726654,0,0,16,8
5,8,3.597211e6,-1.0834831175497763,-0.8619484131774695,TIME_LIMIT,726682,0,0,10,10
5,8,3.597378e6,-1.083482379452926,-0.8619484131774695,TIME_LIMIT,726716,0,0,12,6
5,8,3.597511e6,-1.083482379452926,-0.8619484131774695,TIME_LIMIT,726732,0,0,6,6
5,8,3.597661e6,-1.0834806077798906,-0.8619484131774695,TIME_LIMIT,726756,0,0,9,9
5,8,3.597756e6,-1.0834806077798906,-0.8619484131774695,TIME_LIMIT,726773,0,0,12,12
5,8,3.597898e6,-1.0834792670435676,-0.8619484131774695,TIME_LIMIT,726809,0,0,15,9
5,8,3.598072e6,-1.0834792670435676,-0.8619484131774695,TIME_LIMIT,726836,0,0,11,6
5,8,3.598176e6,-1.0834771264905954,-0.8619484131774695,TIME_LIMIT,726860,0,0,7,6
5,8,3.598368e6,-1.0834771264905954,-0.8619484131774695,TIME_LIMIT,726882,0,0,14,8
5,8,3.598488e6,-1.083476208349163,-0.8619484131774695,TIME_LIMIT,726899,0,0,11,4
5,8,3.598726e6,-1.083476208349163,-0.8619484131774695,TIME_LIMIT,726924,0,0,18,16
5,8,3.598943e6,-1.0834753834426754,-0.8619484131774695,TIME_LIMIT,726953,0,0,13,7
5,8,3.599079e6,-1.0834753834426754,-0.8619484131774695,TIME_LIMIT,726967,0,0,10,6
5,8,3.599143e6,-1.0834670558997828,-0.8619484131774695,TIME_LIMIT,726991,0,0,8,6
5,8,3.599191e6,-1.0834670558997828,-0.8619484131774695,TIME_LIMIT,727008,0,0,7,8
5,8,3.599228e6,-1.0834637672648952,-0.8619484131774695,TIME_LIMIT,727024,0,0,7,4
5,8,3.59933e6,-1.0834637672648952,-0.8619484131774695,TIME_LIMIT,727045,0,0,9,9
5,8,3.599373e6,-1.0834635379523347,-0.8619484131774695,TIME_LIMIT,727061,0,0,7,0
5,8,3.59955e6,-1.0834635379523347,-0.8619484131774695,TIME_LIMIT,727094,0,0,27,5
5,8,3.599649e6,-1.0834621154101147,-0.8619484131774695,TIME_LIMIT,727113,0,0,12,15
5,8,3.59978e6,-1.0834621154101147,-0.8619484131774695,TIME_LIMIT,727139,0,0,17,17
5,8,3.599867e6,-1.0834559699333741,-0.8619484131774695,TIME_LIMIT,727160,0,0,13,5
5,8,3.599922e6,-1.0834559699333741,-0.8619484131774695,TIME_LIMIT,727175,0,0,10,17
5,8,3.600005e6,-1.0834554785608073,-0.8619484131774695,TIME_LIMIT,727196,0,0,7,4
